# Created at Thu Mar 27 09:06:53 GMT+01:00 2025 in Burnaby Canada 
1735635450244391 996.764160 
1735635490236683 996.773926 
1735635530237256 996.774902 
1735635570244287 996.772949 
1735635610244808 996.769531 
1735635650235120 996.773926 
1735635690238402 996.757813 
1735635730244443 996.751953 
1735635770244547 996.753174 
1735635810222620 996.747803 
1735635850238974 996.759277 
1735635890243558 996.753662 
1735635930244391 996.757324 
1735635970237308 996.756836 
1735636010238402 996.751221 
1735636050245068 996.753418 
1735636090235641 996.756348 
1735636130223193 996.754883 
1735636170244652 996.756592 
1735636210244443 996.757568 
1735636250235329 996.765137 
1735636290238245 996.762207 
1735636330244912 996.758301 
1735636370244183 996.750488 
1735636410222464 996.748779 
1735636450241943 996.743164 
1735636490245172 996.742676 
1735636530244860 996.744141 
1735636570238245 996.738037 
1735636610239235 996.743652 
1735636650245172 996.739502 
1735636690244652 996.743652 
1735636730244599 996.758301 
1735636770238766 996.757813 
1735636810245172 996.758545 
1735636850235849 996.766113 
1735636890239287 996.766602 
1735636930244547 996.790527 
1735636970244912 996.805664 
1735637010235068 996.815430 
1735637050241683 996.825928 
1735637090243974 996.827148 
1735637130244287 996.822510 
1735637170294547 996.789795 
1735637210239756 996.754883 
1735637250245120 996.735107 
1735637290245068 996.773926 
1735637330245277 996.795410 
1735637370244339 996.793945 
1735637410243766 996.782471 
1735637450235589 996.795654 
1735637490239235 996.779541 
1735637530237724 996.761230 
1735637570244495 996.734619 
1735637610235589 996.715820 
1735637650238349 996.728760 
1735637690244756 996.766602 
1735637730244287 996.773682 
1735637770223506 996.766602 
1735637810238662 996.788330 
1735637850244495 996.849365 
1735637890244183 996.906006 
1735637930238402 996.963623 
1735637970243818 996.980957 
1735638010244704 996.936768 
1735638050235068 996.804199 
1735638090238506 996.678955 
1735638130238714 996.616455 
1735638170244547 996.593994 
1735638210235120 996.600830 
1735638250243870 996.618164 
1735638290245068 996.643311 
1735638330245068 996.662842 
1735638370222516 996.689209 
1735638410240381 996.708984 
1735638450245172 996.717285 
1735638490244547 996.748535 
1735638530223766 996.798340 
1735638570238610 996.832031 
1735638610241839 996.854004 
1735638650244183 996.852295 
1735638690245485 996.835449 
1735638730235954 996.786621 
1735638770244704 996.768555 
1735638810244495 996.783447 
1735638850245120 996.790771 
1735638890235902 996.777832 
1735638930245849 996.919678 
1735638970245120 997.023193 
1735639010244599 996.960205 
1735639050225589 996.899170 
1735639090245485 996.839600 
1735639130244912 996.790527 
1735639170244808 996.745117 
1735639210244912 996.683105 
1735639250223974 996.646240 
1735639290244547 996.818359 
1735639330235016 997.117188 
1735639370275433 997.376953 
1735639410244808 997.543701 
1735639450245277 997.463867 
1735639490235329 997.293945 
1735639530247256 997.137451 
1735639570245745 996.967285 
1735639610245016 996.911865 
1735639650237360 996.866211 
1735639690241683 996.896484 
1735639730244860 996.954834 
1735639770243506 997.084473 
1735639810245068 997.058838 
1735639850241943 996.988770 
1735639890245016 996.901367 
1735639930245641 996.723877 
1735639970238610 996.501221 
1735640010238193 996.404541 
1735640050245329 996.448730 
1735640090235381 996.582031 
1735640130244235 996.680176 
1735640170244756 996.824219 
1735640210244756 996.971436 
1735640250235589 997.103516 
1735640290239131 997.218750 
1735640330244756 997.222168 
1735640370245016 997.248047 
1735640410244808 997.213867 
1735640450241474 997.291260 
1735640490245224 997.322021 
1735640530245120 997.108398 
1735640570239391 996.893799 
1735640610240902 996.886230 
1735640650245172 996.890137 
1735640690235641 996.816895 
1735640730244704 996.867920 
1735640770244808 996.903809 
1735640810245120 996.874023 
1735640850235641 996.785156 
1735640890238245 996.757813 
1735640930302308 996.768799 
1735640970244964 996.774414 
1735641010223349 996.761719 
1735641050241318 996.756836 
1735641090244391 996.697754 
1735641130244964 996.608398 
1735641170236787 996.562012 
1735641210237933 996.562012 
1735641250245120 996.499756 
1735641290235120 996.508301 
1735641330244079 996.551270 
1735641370244079 996.583740 
1735641410244391 996.620361 
1735641450235120 996.665039 
1735641490236422 996.710205 
1735641530241683 996.753906 
1735641570244912 996.740479 
1735641610223870 996.718262 
1735641650244756 996.726074 
1735641690244912 996.730713 
1735641730242724 996.728760 
1735641770237724 996.822266 
1735641810228089 996.952393 
1735641850244599 997.004150 
1735641890245224 997.034668 
1735641930244860 997.072754 
1735641970244287 997.100586 
1735642010244287 997.150146 
1735642050235902 997.190918 
1735642090244756 997.236328 
1735642130244495 997.228027 
1735642170244808 997.182861 
1735642210235120 997.136963 
1735642250241735 997.003662 
1735642290245172 996.775391 
1735642330245068 996.601074 
1735642370239599 996.560059 
1735642410239079 996.531982 
1735642450244027 996.497803 
1735642490244495 996.467285 
1735642530238349 996.474365 
1735642570244131 996.529541 
1735642610244287 996.607666 
1735642650235120 996.708984 
1735642690239131 996.819580 
1735642730244599 996.876953 
1735642770244547 996.930420 
1735642810236110 996.981689 
1735642850242099 996.897705 
1735642890244808 996.757813 
1735642930245381 996.684326 
1735642970224495 996.733643 
1735643010239391 996.804199 
1735643050244183 996.845947 
1735643090244391 996.905029 
1735643130244704 996.985596 
1735643170245433 997.041748 
1735643210244912 997.080322 
1735643250235641 997.095459 
1735643290237724 997.087891 
1735643330243922 997.085205 
1735643370244756 997.042236 
1735643410235641 996.900391 
1735643450241058 996.687500 
1735643490244964 996.519043 
1735643530240641 996.478027 
1735643570223297 996.453125 
1735643610239287 996.418701 
1735643650244756 996.444580 
1735643690245120 996.489746 
1735643730244964 996.530273 
1735643770239287 996.597168 
1735643810243974 996.698730 
1735643850249756 996.793457 
1735643890240433 996.864746 
1735643930239339 996.945801 
1735643970244287 996.950439 
1735644010235902 996.820801 
1735644050244808 996.741699 
1735644090244131 996.795654 
1735644130244912 996.809570 
1735644170235329 996.862549 
1735644210239027 996.958008 
1735644250245120 997.043457 
1735644290244912 997.102539 
1735644330244808 997.143799 
1735644370244860 997.168213 
1735644410244339 997.163818 
1735644450244912 997.133301 
1735644490395120 997.076416 
1735644530244860 996.870361 
1735644570244860 996.595459 
1735644610235641 996.482910 
1735644650244964 996.481201 
1735644690245068 996.466064 
1735644730242464 996.477051 
1735644770235641 996.487061 
1735644810239235 996.486084 
1735644850244652 996.477539 
1735644890244756 996.493896 
1735644930222724 996.593750 
1735644970245120 996.734375 
1735645010244652 996.855957 
1735645050244860 996.971924 
1735645090239079 997.025146 
1735645130244235 996.918701 
1735645170244912 996.755127 
1735645210236006 996.730713 
1735645250244808 996.828857 
1735645290243662 996.853760 
1735645330244547 996.888184 
1735645370235641 996.971191 
1735645410241162 997.047852 
1735645450243974 997.090332 
1735645490245329 997.092041 
1735645530224235 997.117676 
1735645570332308 997.149658 
1735645610244912 997.177002 
1735645650245068 997.120605 
1735645690241058 996.891602 
1735645730243454 996.600098 
1735645770244808 996.448730 
1735645810241370 996.449951 
1735645850244547 996.429443 
1735645890245172 996.390625 
1735645930245120 996.398438 
1735645970235641 996.400146 
1735646010238037 996.421875 
1735646050244027 996.508057 
1735646090244808 996.630127 
1735646130236110 996.783203 
1735646170242464 996.900879 
1735646210244912 996.983154 
1735646250244860 996.932129 
1735646290238922 996.780273 
1735646330240172 996.765869 
1735646370238037 996.812256 
1735646410243558 996.852051 
1735646450244079 996.914795 
1735646490244652 997.011475 
1735646530244547 997.100098 
1735646570235329 997.135498 
1735646610331995 997.140381 
1735646650241579 997.136963 
1735646690244599 997.148682 
1735646730235120 997.101563 
1735646770223506 996.988770 
1735646810244027 996.732910 
1735646850244339 996.528564 
1735646890240797 996.483398 
1735646930245016 996.446777 
1735646970244443 996.400391 
1735647010245120 996.405518 
1735647050244912 996.440918 
1735647090244652 996.434814 
1735647130245433 996.486084 
1735647170235641 996.590332 
1735647210239027 996.708008 
1735647250243610 996.842041 
1735647290245120 996.958252 
1735647330235589 997.022705 
1735647370241839 996.914307 
1735647410244808 996.802246 
1735647450244495 996.895996 
1735647490223141 996.904297 
1735647530238297 996.948730 
1735647570244287 997.054199 
1735647610244652 997.121338 
1735647650244599 997.148193 
1735647690245120 997.147949 
1735647730244964 997.145264 
1735647770235849 997.145264 
1735647810344704 997.095459 
1735647850244756 996.877930 
1735647890244808 996.584961 
1735647930235589 996.464355 
1735647970240537 996.440430 
1735648010245381 996.384766 
1735648050245224 996.357666 
1735648090237204 996.378662 
1735648130239495 996.397461 
1735648170244547 996.403076 
1735648210245120 996.482666 
1735648250244808 996.624268 
1735648290237360 996.776855 
1735648330244652 996.898926 
1735648370243766 996.966797 
1735648410335797 996.991699 
1735648450238662 996.852295 
1735648490244756 996.788330 
1735648530235745 996.868164 
1735648570244860 996.917725 
1735648610244912 996.941406 
1735648650245120 997.017334 
1735648690235902 997.100830 
1735648730238922 997.149414 
1735648770244547 997.157715 
1735648810244079 997.182373 
1735648850222829 997.188232 
1735648890223818 997.151367 
1735648930244547 997.089355 
1735648970244808 996.833496 
1735649010238402 996.558838 
1735649050238245 996.462158 
1735649090237204 996.459229 
1735649130235589 996.404297 
1735649170245016 996.375977 
1735649210245641 996.381104 
1735649250244860 996.368408 
1735649290235902 996.426514 
1735649330239183 996.555420 
1735649370244756 996.693359 
1735649410244495 996.840820 
1735649450223714 996.981201 
1735649490238818 997.007813 
1735649530223974 996.857178 
1735649570245172 996.736084 
1735649610241943 996.794678 
1735649650241839 996.854248 
1735649690243870 996.893066 
1735649730236058 996.950684 
1735649770244131 997.026367 
1735649810245016 997.099121 
1735649850244652 997.110840 
1735649890235641 997.121826 
1735649930241058 997.125488 
1735649970244704 997.127930 
1735650010244443 997.099854 
1735650050228402 996.986816 
1735650090238037 996.698242 
1735650130244079 996.427490 
1735650170244131 996.380127 
1735650210239599 996.433594 
1735650250244287 996.412354 
1735650290243714 996.417725 
1735650330244183 996.436768 
1735650370243870 996.443115 
1735650410244027 996.498047 
1735650450244287 996.598389 
1735650490236943 996.722900 
1735650530238245 996.827393 
1735650570223089 996.934082 
1735650610244339 997.026123 
1735650650234860 996.909668 
1735650690223037 996.758301 
1735650730235797 996.824951 
1735650770244339 996.913574 
1735650810289339 996.920654 
1735650850244235 997.008789 
1735650890244131 997.049072 
1735650930244131 997.086182 
1735650970244704 997.099854 
1735651010244912 997.114502 
1735651050244912 997.088135 
1735651090235902 997.021729 
1735651130286006 996.762451 
1735651170236995 996.561035 
1735651210244756 996.484131 
1735651250235120 996.422607 
1735651290237360 996.385254 
1735651330244183 996.412354 
1735651370241214 996.445313 
1735651410224547 996.445068 
1735651450240433 996.500488 
1735651490244079 996.616211 
1735651530238193 996.745117 
1735651570244652 996.898682 
1735651610240641 997.013672 
1735651650244860 997.064697 
1735651690235641 996.976563 
1735651730356787 996.785889 
1735651770237724 996.780518 
1735651810244391 996.885254 
1735651850235902 996.919189 
1735651890397464 996.953857 
1735651930245172 997.030273 
1735651970244547 997.114014 
1735652010221735 997.151123 
1735652050245016 997.168457 
1735652090244652 997.140137 
1735652130244599 997.147949 
1735652170244808 997.105469 
1735652210238089 997.028320 
1735652250245068 996.762207 
1735652290248766 996.541504 
1735652330258922 996.493652 
1735652370244391 996.485840 
1735652410245016 996.449463 
1735652450235589 996.436523 
1735652490244808 996.445557 
1735652530244808 996.428711 
1735652570244860 996.460938 
1735652610235902 996.567871 
1735652650238558 996.725586 
1735652690244287 996.877686 
1735652730244391 997.022461 
1735652770244652 997.027832 
1735652810223922 996.865967 
1735652850244756 996.716064 
1735652890244756 996.740723 
1735652930249547 996.818848 
1735652970238297 996.855469 
1735653010244808 996.908203 
1735653050235849 997.006836 
1735653090244547 997.072021 
1735653130244860 997.107666 
1735653170245224 997.119385 
1735653210236631 997.125732 
1735653250238870 997.149658 
1735653290244756 997.100342 
1735653330244912 996.951172 
1735653370223818 996.679199 
1735653410238922 996.515381 
1735653450245068 996.510254 
1735653490244860 996.462158 
1735653530240172 996.406494 
1735653570244183 996.405762 
1735653610244704 996.395264 
1735653650237204 996.392090 
1735653690245016 996.467285 
1735653730245433 996.599121 
1735653770245016 996.740967 
1735653810235641 996.862549 
1735653850238558 996.939453 
1735653890244756 997.026367 
1735653930244599 996.911133 
1735653970231579 996.813232 
1735654010239079 996.875000 
1735654050244599 996.916992 
1735654090244391 996.945313 
1735654130238766 997.003418 
1735654170239599 997.110352 
1735654210245381 997.261475 
1735654250236162 997.268555 
1735654290245277 997.267578 
1735654330244599 997.264648 
1735654370239079 997.174316 
1735654410235068 996.860840 
1735654450237152 996.623047 
1735654490238506 996.536621 
1735654530245172 996.467773 
1735654570236110 996.400391 
1735654610363506 996.371826 
1735654650244339 996.378418 
1735654690244704 996.363037 
1735654730238766 996.379639 
1735654770238089 996.480469 
1735654810237829 996.617188 
1735654850245120 996.751465 
1735654890244495 996.895264 
1735654930244912 996.964355 
1735654970245172 996.839844 
1735655010235641 996.690186 
1735655050237620 996.697021 
1735655090317360 996.798340 
1735655130245068 996.827393 
1735655170235641 996.864258 
1735655210241631 996.957031 
1735655250244704 997.075928 
1735655290245485 997.156006 
1735655330296995 997.192383 
1735655370246266 997.219482 
1735655410244131 997.252930 
1735655450245172 997.242188 
1735655490244808 997.157715 
1735655530238766 996.995117 
1735655570244547 996.696777 
1735655610235589 996.545654 
1735655650237672 996.537354 
1735655690238506 996.489258 
1735655730244599 996.461426 
1735655770235068 996.471191 
1735655810236787 996.449951 
1735655850244495 996.437500 
1735655890244547 996.526123 
1735655930237985 996.642578 
1735655970245329 996.761475 
1735656010245745 996.922363 
1735656050244860 996.998047 
1735656090246579 996.866455 
1735656130244756 996.693359 
1735656170245120 996.735107 
1735656210235589 996.836426 
1735656250269287 996.864502 
1735656290238610 996.903076 
1735656330243297 996.995605 
1735656370235589 997.098877 
1735656410238974 997.153076 
1735656450244131 997.171875 
1735656490244339 997.183105 
1735656530232985 997.192383 
1735656570238818 997.153564 
1735656610244287 997.044434 
1735656650243506 996.758301 
1735656690244704 996.528320 
1735656730246006 996.491699 
1735656770244339 996.482910 
1735656810244235 996.444824 
1735656850321006 996.455811 
1735656890252464 996.470459 
1735656930244860 996.477295 
1735656970235329 996.522217 
1735657010244756 996.608398 
1735657050244860 996.728516 
1735657090245120 996.854248 
1735657130235589 996.956787 
1735657170238662 997.018555 
1735657210245224 996.865234 
1735657250244599 996.704346 
1735657290244964 996.744629 
1735657330239079 996.822021 
1735657370244391 996.866699 
1735657410245172 996.952148 
1735657450240224 997.065674 
1735657490238818 997.162598 
1735657530238245 997.219482 
1735657570235068 997.220215 
1735657610243974 997.200195 
1735657650245068 997.071777 
1735657690245277 996.942871 
1735657730235068 996.687988 
1735657770244339 996.507568 
1735657810244756 996.499756 
1735657850245172 996.485596 
1735657890224235 996.449463 
1735657930236006 996.438965 
1735657970245016 996.432617 
1735658010245120 996.411865 
1735658050241214 996.454590 
1735658090241527 996.566650 
1735658130244808 996.690918 
1735658170236422 996.811523 
1735658210244756 996.899658 
1735658250244443 996.845459 
1735658290244808 996.696289 
1735658330239131 996.719727 
1735658370245172 996.823242 
1735658410245745 996.885254 
1735658450244339 996.936279 
1735658490223349 997.016846 
1735658530245537 997.154541 
1735658570244912 997.253174 
1735658610244652 997.260742 
1735658650238349 997.220703 
1735658690238870 997.205566 
1735658730245381 997.199463 
1735658770243714 997.054932 
1735658810244495 996.775391 
1735658850244391 996.601318 
1735658890244287 996.600586 
1735658930236995 996.576904 
1735658970237777 996.471924 
1735659010243974 996.395508 
1735659050243974 996.399902 
1735659090235589 996.443359 
1735659130374027 996.530518 
1735659170244235 996.627197 
1735659210245381 996.747314 
1735659250238245 996.905762 
1735659290237360 997.012939 
1735659330241422 996.919189 
1735659370243454 996.765137 
1735659410243818 996.776367 
1735659450243766 996.841553 
1735659490245120 996.866699 
1735659530236422 996.905762 
1735659570237672 996.980225 
1735659610245120 997.072266 
1735659650245068 997.123535 
1735659690235329 997.153809 
1735659730238037 997.168213 
1735659770245016 997.163086 
1735659810244547 997.141602 
1735659850238402 997.025391 
1735659890238558 996.746094 
1735659930245433 996.546631 
1735659970244599 996.508057 
1735660010244756 996.488525 
1735660050244808 996.455566 
1735660090244860 996.431152 
1735660130237516 996.411621 
1735660170241683 996.400879 
1735660210267933 996.454834 
1735660250244808 996.596436 
1735660290235641 996.752441 
1735660330238818 996.868652 
1735660370244339 996.955078 
1735660410245120 996.901855 
1735660450223245 996.778320 
1735660490238870 996.780273 
1735660530244652 996.859375 
1735660570245068 996.882568 
1735660610244808 996.911865 
1735660650238558 996.966309 
1735660690245068 997.071045 
1735660730236162 997.147949 
1735660770251891 997.194336 
1735660810243818 997.208008 
1735660850244339 997.235840 
1735660890235120 997.274414 
1735660930238558 997.191895 
1735660970244027 996.918945 
1735661010245381 996.640869 
1735661050235902 996.513428 
1735661090237308 996.469727 
1735661130244652 996.482178 
1735661170245277 996.505371 
1735661210244808 996.477783 
1735661250237047 996.454590 
1735661290245068 996.539307 
1735661330245120 996.681396 
1735661370238870 996.855469 
1735661410237672 996.975098 
1735661450245329 997.043457 
1735661490235641 996.914795 
1735661530355954 996.769287 
1735661570243818 996.839111 
1735661610245120 996.943359 
1735661650235641 996.968750 
1735661690238037 997.022705 
1735661730244808 997.116455 
1735661770245068 997.201660 
1735661810223558 997.221191 
1735661850241579 997.198975 
1735661890245016 997.189453 
1735661930242204 997.195313 
1735661970239287 997.150635 
1735662010237777 997.016846 
1735662050245068 996.709229 
1735662090235589 996.474609 
1735662130245068 996.434082 
1735662170245485 996.380371 
1735662210245172 996.322021 
1735662250235641 996.322266 
1735662290240224 996.343506 
1735662330245381 996.375000 
1735662370244860 996.466064 
1735662410224391 996.584473 
1735662450238714 996.725342 
1735662490244860 996.882568 
1735662530244547 996.986084 
1735662570239860 997.052246 
1735662610241527 996.927979 
1735662650244808 996.780029 
1735662690235902 996.824463 
1735662730244860 996.862305 
1735662770245016 996.847412 
1735662810244964 996.875977 
1735662850235902 996.958984 
1735662890238662 997.016602 
1735662930241266 997.025635 
1735662970239079 997.048828 
1735663010236683 997.085449 
1735663050238506 997.076904 
1735663090245485 997.004150 
1735663130245016 996.748291 
1735663170238245 996.634033 
1735663210245224 996.593018 
1735663250244287 996.540771 
1735663290244860 996.490479 
1735663330244756 996.455811 
1735663370245433 996.438477 
1735663410245433 996.439453 
1735663450236110 996.499268 
1735663490239808 996.599609 
1735663530244756 996.713135 
1735663570245329 996.840088 
1735663610235589 996.964600 
1735663650379443 996.939453 
1735663690244495 996.793945 
1735663730241527 996.809082 
1735663770305745 996.899658 
1735663810238193 996.937256 
1735663850244027 996.987549 
1735663890244391 997.061035 
1735663930244547 997.144531 
1735663970244495 997.193604 
1735664010245016 997.187500 
1735664050235329 997.175781 
1735664090239079 997.183594 
1735664130238089 997.120605 
1735664170245224 997.055176 
1735664210235589 996.832764 
1735664250239027 996.646973 
1735664290243974 996.573486 
1735664330241266 996.527832 
1735664370225016 996.442627 
1735664410239027 996.404053 
1735664450243610 996.395020 
1735664490244235 996.445557 
1735664530244287 996.570068 
1735664570244860 996.687744 
1735664610244808 996.812012 
1735664650235381 996.909668 
1735664690222724 996.947021 
1735664730243818 996.781982 
1735664770244339 996.694092 
1735664810235589 996.786377 
1735664850223141 996.833496 
1735664890245172 996.872559 
1735664930241735 996.939941 
1735664970222204 997.058838 
1735665010241318 997.161621 
1735665050245329 997.194336 
1735665090245693 997.208740 
1735665130244235 997.219238 
1735665170223714 997.201416 
1735665210245172 997.127686 
1735665250248766 996.982910 
1735665290397620 996.668457 
1735665330238506 996.478516 
1735665370243610 996.457275 
1735665410235641 996.428467 
1735665450244495 996.381592 
1735665490245120 996.390137 
1735665530237099 996.400879 
1735665570236422 996.404297 
1735665610237360 996.463623 
1735665650244235 996.562012 
1735665690245485 996.697998 
1735665730244652 996.854004 
1735665770238714 996.926270 
1735665810244391 996.925049 
1735665850244131 996.757324 
1735665890239235 996.657715 
1735665930244339 996.724854 
1735665970243454 996.770264 
1735666010235068 996.794922 
1735666050244235 996.858154 
1735666090244599 996.977051 
1735666130242152 997.070801 
1735666170234808 997.128906 
1735666210238558 997.150146 
1735666250245381 997.186768 
1735666290245433 997.207031 
1735666330223870 997.179443 
1735666370237204 997.040771 
1735666410245381 996.792725 
1735666450245068 996.685303 
1735666490239704 996.657471 
1735666530239079 996.602051 
1735666570245485 996.555664 
1735666610236110 996.536621 
1735666650244339 996.489990 
1735666690244547 996.479492 
1735666730238662 996.567871 
1735666770235902 996.697266 
1735666810245120 996.835938 
1735666850244652 996.949463 
1735666890244599 996.998047 
1735666930223558 996.954590 
1735666970324183 996.759277 
1735667010244860 996.762207 
1735667050245068 996.860840 
1735667090241631 996.887207 
1735667130239027 996.940430 
1735667170244652 997.048584 
1735667210235381 997.155518 
1735667250244964 997.203613 
1735667290244652 997.208008 
1735667330245433 997.180664 
1735667370235902 997.158447 
1735667410239079 997.150391 
1735667450237777 996.931641 
1735667490244860 996.689209 
1735667530235381 996.603516 
1735667570238506 996.554688 
1735667610245120 996.476563 
1735667650245172 996.435303 
1735667690238506 996.438232 
1735667730245016 996.439941 
1735667770244860 996.459961 
1735667810245172 996.563721 
1735667850244808 996.698975 
1735667890245172 996.918213 
1735667930245068 997.025635 
1735667970237308 996.938232 
1735668010238610 996.788086 
1735668050244756 996.845947 
1735668090244547 996.890137 
1735668130235381 996.914063 
1735668170397881 996.950928 
1735668210244964 997.048096 
1735668250244599 997.149414 
1735668290326214 997.193604 
1735668330238349 997.187256 
1735668370244027 997.161133 
1735668410244339 997.131348 
1735668450244131 997.054443 
1735668490245172 996.861816 
1735668530244756 996.619141 
1735668570236370 996.511230 
1735668610236527 996.456055 
1735668650236735 996.429443 
1735668690244495 996.424072 
1735668730222412 996.451660 
1735668770237516 996.462646 
1735668810244391 996.471191 
1735668850245172 996.550049 
1735668890224495 996.666748 
1735668930239599 996.799805 
1735668970244235 996.936768 
1735669010245224 997.025879 
1735669050244547 996.914307 
1735669090245172 996.785156 
1735669130244860 996.848633 
1735669170236527 996.931641 
1735669210240224 996.981445 
1735669250301683 997.058350 
1735669290244391 997.162109 
1735669330235120 997.251953 
1735669370238349 997.301514 
1735669410245172 997.314209 
1735669450244808 997.314697 
1735669490237047 997.284912 
1735669530355172 997.229980 
1735669570239599 996.996094 
1735669610244912 996.661621 
1735669650244599 996.483398 
1735669690238714 996.469727 
1735669730244443 996.424072 
1735669770244808 996.364258 
1735669810251527 996.346680 
1735669850244391 996.334473 
1735669890243558 996.344238 
1735669930234547 996.445313 
1735669970244131 996.593750 
1735670010244443 996.754150 
1735670050245016 996.881836 
1735670090235641 996.944824 
1735670130239027 996.886475 
1735670170245120 996.718018 
1735670210244808 996.743896 
1735670250244547 996.847656 
1735670290238818 996.891846 
1735670330243818 996.925781 
1735670370244339 997.015869 
1735670410448454 997.124512 
1735670450238297 997.174072 
1735670490244652 997.154297 
1735670530237464 997.144043 
1735670570244912 997.156494 
1735670610244183 997.083740 
1735670650243818 997.000977 
1735670690235641 996.793457 
1735670730263610 996.541992 
1735670770244079 996.483154 
1735670810245172 996.502686 
1735670850223089 996.449219 
1735670890241527 996.420654 
1735670930244652 996.411133 
1735670970243870 996.416260 
1735671010237933 996.525391 
1735671050321735 996.649170 
1735671090244808 996.770752 
1735671130235381 996.861816 
1735671170244547 996.904785 
1735671210244079 996.890625 
1735671250244495 996.773926 
1735671290235120 996.767822 
1735671330239912 996.882813 
1735671370244599 996.870850 
1735671410244027 996.929443 
1735671450223089 997.052490 
1735671490376683 997.156006 
1735671530236058 997.177490 
1735671570244287 997.204346 
1735671610239525 997.214355 
1735671650240150 997.219727 
1735671690245566 996.981934 
1735671730242441 996.700439 
1735671770243848 996.599609 
1735671810244681 996.569336 
1735671850244681 996.502441 
1735671890235931 996.421143 
1735671930223119 996.377441 
1735671970239056 996.387939 
1735672010244421 996.421143 
1735672050234889 996.503174 
1735672090242077 996.636475 
1735672130245254 996.770752 
1735672170245462 996.882324 
1735672210238952 996.959961 
1735672250236348 996.937988 
1735672290245827 996.749512 
1735672330245046 996.741211 
1735672370245410 996.907471 
1735672410245254 996.959717 
1735672450245462 996.988037 
1735672490235983 997.059814 
1735672530245150 997.157959 
1735672570245410 997.233643 
1735672610245514 997.249512 
1735672650236244 997.246094 
1735672690238952 997.267334 
1735672730244212 997.272705 
1735672770245514 997.177490 
1735672810240723 996.874268 
1735672850239160 996.642822 
1735672890244108 996.563965 
1735672930245202 996.491699 
1735672970245254 996.401855 
1735673010244733 996.366455 
1735673050244785 996.381836 
1735673090236191 996.397461 
1735673130238066 996.444824 
1735673170237285 996.547363 
1735673210244889 996.712891 
1735673250234889 996.895020 
1735673290238171 997.061279 
1735673330245150 997.103516 
1735673370241973 996.877197 
1735673410223691 996.736328 
1735673450237962 996.805664 
1735673490245358 996.855225 
1735673530244994 996.901367 
1735673570245150 996.979980 
1735673610245410 997.105957 
1735673650244994 997.203613 
1735673690235931 997.233643 
1735673730306452 997.229736 
1735673770237598 997.217529 
1735673810245098 997.174805 
1735673850236244 997.120850 
1735673890240827 996.901855 
1735673930245410 996.677979 
1735673970245462 996.601563 
1735674010236764 996.579102 
1735674050246244 996.505127 
1735674090245514 996.438232 
1735674130245775 996.421875 
1735674170247077 996.432373 
1735674210239108 996.510986 
1735674250244577 996.633545 
1735674290245254 996.736572 
1735674330314316 996.854004 
1735674370239212 996.974609 
1735674410237858 996.990234 
1735674450235150 996.813721 
1735674490244421 996.693604 
1735674530245254 996.775391 
1735674570245150 996.858643 
1735674610235931 996.909668 
1735674650237129 996.973389 
1735674690245410 997.045654 
1735674730245202 997.124023 
1735674770245410 997.131348 
1735674810239681 997.184570 
1735674850245671 997.212646 
1735674890244369 997.127930 
1735674930238327 996.842773 
1735674970240254 996.596680 
1735675010245202 996.526855 
1735675050237025 996.488281 
1735675090244889 996.426270 
1735675130245514 996.399902 
1735675170245150 996.396729 
1735675210236764 996.404053 
1735675250239369 996.466797 
1735675290244941 996.608398 
1735675330245879 996.771729 
1735675370224785 996.894775 
1735675410238327 996.983643 
1735675450245566 996.973145 
1735675490245514 996.791992 
1735675530239889 996.719727 
1735675570245827 996.828857 
1735675610245410 996.898193 
1735675650236244 996.941895 
1735675690245306 997.017334 
1735675730245150 997.112305 
1735675770245150 997.186279 
1735675810235723 997.206787 
1735675850238900 997.226807 
1735675890244525 997.257568 
1735675930177337 997.240967 
1735675970223327 997.130615 
1735676010241921 996.845459 
1735676050244369 996.591797 
1735676090244785 996.515137 
1735676130260983 996.448486 
1735676170297650 996.395752 
1735676210244056 996.371338 
1735676250244629 996.378906 
1735676290244421 996.390869 
1735676330245410 996.458984 
1735676370245202 996.575439 
1735676410235723 996.695801 
1735676450242025 996.850342 
1735676490245462 996.987549 
1735676530245306 996.984863 
1735676570235931 996.814697 
1735676610237389 996.796875 
1735676650245150 996.881592 
1735676690244994 996.902100 
1735676730274577 996.909424 
1735676770239369 996.984375 
1735676810245723 997.122070 
1735676850244889 997.205811 
1735676890245254 997.241943 
1735676930245619 997.245361 
1735676970245410 997.249512 
1735677010235983 997.213623 
1735677050238379 997.096191 
1735677090245514 996.805420 
1735677130245358 996.593262 
1735677170236504 996.545166 
1735677210239733 996.499268 
1735677250245462 996.463623 
1735677290245202 996.444824 
1735677330241139 996.401611 
1735677370247546 996.352783 
1735677410239421 996.385986 
1735677450244681 996.517090 
1735677490245254 996.681152 
1735677530239316 996.832764 
1735677570244994 996.939209 
1735677610236660 996.961426 
1735677650420827 996.839600 
1735677690239837 996.767822 
1735677730245254 996.892090 
1735677770235202 996.968750 
1735677810237389 997.005859 
1735677850246035 997.055664 
1735677890244994 997.136963 
1735677930223327 997.215332 
1735677970239264 997.250244 
1735678010245514 997.257080 
1735678050245306 997.255615 
1735678090244994 997.187256 
1735678130224108 996.769531 
1735678170245462 996.556396 
1735678210235723 996.536133 
1735678250241087 996.461914 
1735678290313848 996.375977 
1735678330245306 996.351318 
1735678370235983 996.367676 
1735678410245254 996.378174 
1735678450244889 996.459717 
1735678490245202 996.588867 
1735678530236452 996.722412 
1735678570244629 996.857422 
1735678610245358 996.937744 
1735678650245514 996.960205 
1735678690244941 996.783203 
1735678730242025 996.686035 
1735678770245619 996.790771 
1735678810245358 996.829834 
1735678850239577 996.856934 
1735678890245671 996.937744 
1735678930245671 997.058838 
1735678970235931 997.170410 
1735679010245306 997.218018 
1735679050245410 997.216309 
1735679090245410 997.229980 
1735679130235983 997.228516 
1735679170238379 997.195313 
1735679210245254 996.942871 
1735679250245150 996.672607 
1735679290245150 996.569580 
1735679330238223 996.546875 
1735679370245202 996.505859 
1735679410245723 996.480713 
1735679450238900 996.481201 
1735679490237806 996.481934 
1735679530245202 996.535645 
1735679570235983 996.635986 
1735679610244160 996.738281 
1735679650245514 996.833740 
1735679690245410 996.891602 
1735679730235931 996.911133 
1735679770239681 996.834229 
1735679810245462 996.693359 
1735679850245514 996.737793 
1735679890223379 996.868408 
1735679930241869 996.896729 
1735679970244733 996.931641 
1735680010245202 997.012207 
1735680050237441 997.106689 
1735680090241973 997.165039 
1735680130244316 997.179932 
1735680170235723 997.210938 
1735680210245514 997.230957 
1735680250245358 997.188721 
1735680290244941 997.015137 
1735680330236244 996.703369 
1735680370239160 996.566162 
1735680410244369 996.560059 
1735680450244629 996.513916 
1735680490233796 996.468018 
1735680530242129 996.455811 
1735680570245358 996.437744 
1735680610245098 996.445557 
1735680650238066 996.520996 
1735680690237754 996.653076 
1735680730244577 996.819824 
1735680770244889 996.964355 
1735680810245202 997.035400 
1735680850244681 996.900391 
1735680890244994 996.747314 
1735680930234889 996.759033 
1735680970239264 996.800537 
1735681010245202 996.815186 
1735681050244733 996.869385 
1735681090235931 996.971191 
1735681130241400 997.067139 
1735681170245358 997.103271 
1735681210244421 997.136719 
1735681250286608 997.167969 
1735681290239681 997.230469 
1735681330245566 997.241455 
1735681370244369 997.024170 
1735681410244994 996.695068 
1735681450245566 996.546875 
1735681490244994 996.453857 
1735681530236504 996.424561 
1735681570244577 996.432129 
1735681610244681 996.446777 
1735681650244889 996.471191 
1735681690236244 996.542725 
1735681730240254 996.666016 
1735681770245462 996.792725 
1735681810244941 996.920410 
1735681850309577 997.003418 
1735681890245150 996.910889 
1735681930245150 996.760254 
1735681970244889 996.810547 
1735682010244994 996.926270 
1735682050244629 996.968018 
1735682090244629 997.014404 
1735682130235931 997.105469 
1735682170239733 997.213135 
1735682210239369 997.268799 
1735682250245514 997.275146 
1735682290235931 997.257568 
1735682330241608 997.241943 
1735682370245306 997.174072 
1735682410245619 996.905273 
1735682450223171 996.660889 
1735682490243483 996.578857 
1735682530245671 996.539063 
1735682570245254 996.463867 
1735682610244577 996.416748 
1735682650241556 996.415527 
1735682690245775 996.431152 
1735682730239837 996.469482 
1735682770237650 996.577148 
1735682810239056 996.696777 
1735682850245150 996.832031 
1735682890236191 996.972900 
1735682930245202 997.009521 
1735682970244316 996.849609 
1735683010244629 996.730225 
1735683050236452 996.816406 
1735683090241712 996.902832 
1735683130245150 996.940430 
1735683170244785 997.012695 
1735683210244212 997.110352 
1735683250244108 997.196777 
1735683290245098 997.238037 
1735683330244941 997.253174 
1735683370239785 997.288818 
1735683410223848 997.270752 
1735683450245514 997.169434 
1735683490235150 996.858887 
1735683530241764 996.595215 
1735683570245410 996.530518 
1735683610245254 996.516602 
1735683650236244 996.491943 
1735683690239941 996.478271 
1735683730244681 996.444824 
1735683770244108 996.404785 
1735683810223223 996.420166 
1735683850245619 996.508789 
1735683890245358 996.644043 
1735683930245462 996.779297 
1735683970239316 996.905029 
1735684010237858 996.994873 
1735684050245723 996.909668 
1735684090235983 996.753174 
1735684130245671 996.768799 
1735684170245514 996.879395 
1735684210245254 996.908936 
1735684250236191 996.964600 
1735684290237858 997.048584 
1735684330244941 997.147217 
1735684370245150 997.219482 
1735684410224837 997.262695 
1735684450242285 997.281250 
1735684490245254 997.308838 
1735684530242077 997.262695 
1735684570238952 996.988037 
1735684610242337 996.659668 
1735684650245462 996.528320 
1735684690236504 996.476563 
1735684730244889 996.403320 
1735684770244941 996.344482 
1735684810245410 996.356201 
1735684850236191 996.404541 
1735684890238014 996.573730 
1735684930238535 996.678711 
1735684970244941 996.785645 
1735685010235983 996.924561 
1735685050242129 996.981934 
1735685090245514 996.822021 
1735685130242077 996.717041 
1735685170238483 996.757324 
1735685210239212 996.816895 
1735685250244994 996.867432 
1735685290244785 996.960205 
1735685330245306 997.074951 
1735685370245410 997.167236 
1735685410244994 997.203613 
1735685450236244 997.215576 
1735685490237910 997.248047 
1735685530224316 997.278564 
1735685570230775 997.200684 
1735685610235723 997.031494 
1735685650241816 996.722656 
1735685690245410 996.551758 
1735685730242233 996.538086 
1735685770353848 996.497803 
1735685810239525 996.447266 
1735685850244473 996.452637 
1735685890245254 996.435059 
1735685930245150 996.438477 
1735685970245723 996.510742 
1735686010244941 996.615479 
1735686050236244 996.753906 
1735686090239681 996.875000 
1735686130238587 996.979736 
1735686170245410 996.964355 
1735686210235931 996.804688 
1735686250242285 996.760010 
1735686290245723 996.848633 
1735686330243691 996.905029 
1735686370223848 996.949463 
1735686410239473 997.046631 
1735686450244473 997.177490 
1735686490244160 997.266113 
1735686530223952 997.304443 
1735686570236400 997.304443 
1735686610245254 997.296387 
1735686650235983 997.270020 
1735686690240254 997.133545 
1735686730238848 996.806641 
1735686770245150 996.590332 
1735686810235671 996.527344 
1735686850242233 996.440918 
1735686890244837 996.345459 
1735686930245150 996.326660 
1735686970229681 996.346191 
1735687010239108 996.392822 
1735687050244525 996.509277 
1735687090244629 996.643555 
1735687130245254 996.771484 
1735687170249004 996.884033 
1735687210245254 996.967041 
1735687250245462 996.887939 
1735687290239108 996.741699 
1735687330241191 996.757813 
1735687370249629 996.835205 
1735687410235983 996.868652 
1735687450245150 996.923828 
1735687490245202 996.983887 
1735687530241816 997.085938 
1735687570235202 997.157471 
1735687610238483 997.193115 
1735687650245306 997.233643 
1735687690244837 997.261475 
1735687730245462 997.234619 
1735687770242181 997.090332 
1735687810245619 996.769531 
1735687850245619 996.578857 
1735687890239525 996.511230 
1735687930241556 996.455322 
1735687970245098 996.385742 
1735688010235410 996.369873 
1735688050244421 996.396484 
1735688090245879 996.415527 
1735688130241556 996.503418 
1735688170236139 996.632080 
1735688210239733 996.750732 
1735688250245723 996.871826 
1735688290245462 996.952881 
1735688330222546 996.791260 
1735688370241660 996.711426 
1735688410245358 996.799072 
1735688450244941 996.853516 
1735688490239629 996.909180 
1735688530241921 997.001953 
1735688570242077 997.107422 
1735688610235931 997.201660 
1735688650244473 997.246094 
1735688690245410 997.264404 
1735688730244941 997.285645 
1735688770236191 997.231445 
1735688810239733 997.143311 
1735688850244629 996.916260 
1735688890245150 996.608154 
1735688930223431 996.483887 
1735688970241348 996.486816 
1735689010245514 996.440186 
1735689050245566 996.400391 
1735689090238691 996.411377 
1735689130263275 996.418457 
1735689170245150 996.438477 
1735689210241712 996.538574 
1735689250245098 996.681885 
1735689290244681 996.824219 
1735689330245254 996.939941 
1735689370235983 996.984375 
1735689410244473 996.931396 
1735689450244108 996.748535 
1735689490244681 996.760010 
1735689530238900 996.868896 
1735689570242077 996.896729 
1735689610245150 996.929688 
1735689650245358 997.022217 
1735689690239056 997.132080 
1735689730240566 997.188965 
1735689770244994 997.213135 
1735689810244837 997.254150 
1735689850244941 997.294434 
1735689890245514 997.264160 
1735689930244889 997.168701 
1735689970235983 996.917480 
1735690010240775 996.651611 
1735690050245514 996.535889 
1735690090245150 996.502197 
1735690130236504 996.463623 
1735690170246764 996.423096 
1735690210245566 996.394287 
1735690250245150 996.361572 
1735690290240566 996.391846 
1735690330245514 996.520264 
1735690370244837 996.655273 
1735690410245150 996.786377 
1735690450244785 996.911377 
1735690490245098 996.975098 
1735690530245358 996.901611 
1735690570236244 996.732178 
1735690610238119 996.724854 
1735690650238223 996.780518 
1735690690245410 996.818848 
1735690730235983 996.863037 
1735690770242181 996.947021 
1735690810245410 997.033691 
1735690850245514 997.095947 
1735690890225150 997.107422 
1735690930238639 997.140137 
1735690970245098 997.189453 
1735691010245619 997.223389 
1735691050244994 997.167236 
1735691090245202 996.915283 
1735691130245150 996.681396 
1735691170235983 996.599365 
1735691210316869 996.549805 
1735691250237494 996.490479 
1735691290244733 996.442383 
1735691330236504 996.423096 
1735691370241973 996.408691 
1735691410245254 996.445068 
1735691450245462 996.546143 
1735691490239577 996.669922 
1735691530238275 996.820313 
1735691570245150 996.965088 
1735691610245410 996.973389 
1735691650244994 996.799316 
1735691690242441 996.716553 
1735691730244889 996.755859 
1735691770245358 996.864014 
1735691810239316 996.954590 
1735691850245358 997.089355 
1735691890246035 997.187012 
1735691930235671 997.242676 
1735691970245566 997.287842 
1735692010245150 997.328369 
1735692050245566 997.291992 
1735692090235723 997.168213 
1735692130239733 996.906982 
1735692170245150 996.665527 
1735692210245202 996.577637 
1735692250246608 996.509277 
1735692290242494 996.443604 
1735692330245619 996.409424 
1735692370245150 996.409180 
1735692410239316 996.419434 
1735692450241816 996.492920 
1735692490241921 996.644287 
1735692530236191 996.797607 
1735692570244785 996.909180 
1735692610245358 996.964111 
1735692650245046 997.002686 
1735692690236244 996.827637 
1735692730238535 996.702148 
1735692770245202 996.793457 
1735692810244889 996.825195 
1735692850224004 996.850342 
1735692890242546 996.905518 
1735692930245098 997.020264 
1735692970245410 997.127930 
1735693010237389 997.173340 
1735693050241973 997.184814 
1735693090224212 997.156250 
1735693130236504 997.145752 
1735693170245202 997.083252 
1735693210245358 996.828613 
1735693250245358 996.675049 
1735693290236191 996.614502 
1735693330305671 996.526123 
1735693370239785 996.428467 
1735693410245410 996.369629 
1735693450224160 996.372559 
1735693490259316 996.428711 
1735693530238744 996.529053 
1735693570245775 996.653076 
1735693610237962 996.760498 
1735693650246035 996.837646 
1735693690245358 996.923340 
1735693730244473 997.012451 
1735693770245358 996.925293 
1735693810244889 996.776611 
1735693850244681 996.761230 
1735693890235983 996.847168 
1735693930239369 996.879395 
1735693970289733 996.909424 
1735694010244941 996.980957 
1735694050236191 997.114746 
1735694090239473 997.199951 
1735694130245514 997.228027 
1735694170244941 997.246582 
1735694210239525 997.269043 
1735694250241452 997.221191 
1735694290245150 997.110596 
1735694330244473 996.836914 
1735694370245254 996.586914 
1735694410244629 996.510010 
1735694450245046 996.458984 
1735694490236452 996.401611 
1735694530236764 996.395264 
1735694570239369 996.386230 
1735694610245410 996.373047 
1735694650236191 996.427979 
1735694690239056 996.557129 
1735694730245462 996.687012 
1735694770244837 996.799316 
1735694810240358 996.900391 
1735694850239525 997.007568 
1735694890245098 996.975586 
1735694930245671 996.799561 
1735694970244994 996.772705 
1735695010245566 996.885986 
1735695050244316 996.934326 
1735695090237181 996.989014 
1735695130238431 997.062256 
1735695170236973 997.174072 
1735695210243796 997.259277 
1735695250235671 997.266357 
1735695290242806 997.260742 
1735695330245098 997.194092 
1735695370244525 997.048340 
1735695410223431 996.736816 
1735695450321244 996.547852 
1735695490245306 996.500488 
1735695530245098 996.420410 
1735695570244212 996.382568 
1735695610238275 996.397461 
1735695650245254 996.419434 
1735695690237494 996.450928 
1735695730281504 996.562744 
1735695770238066 996.684814 
1735695810244629 996.818359 
1735695850235462 996.913574 
1735695890245306 996.968018 
1735695930245254 996.835205 
1735695970244994 996.737305 
1735696010236712 996.833496 
1735696050245514 996.887939 
1735696090245254 996.904785 
1735696130245306 996.966797 
1735696170245410 997.061768 
1735696210242077 997.151611 
1735696250245462 997.186768 
1735696290245046 997.187988 
1735696330367181 997.205566 
1735696370239160 997.244873 
1735696410245931 997.136475 
1735696450235983 996.810303 
1735696490245150 996.615723 
1735696530244889 996.574707 
1735696570245410 996.484375 
1735696610236244 996.379883 
1735696650238431 996.348633 
1735696690245098 996.381104 
1735696730245462 996.411377 
1735696770223848 996.506104 
1735696810350566 996.617188 
1735696850245358 996.762451 
1735696890245098 996.916504 
1735696930238900 997.013428 
1735696970361035 997.013672 
1735697010244369 996.863525 
1735697050235931 996.819336 
1735697090245150 996.856934 
1735697130244421 996.872559 
1735697170245254 996.915039 
1735697210235723 997.009033 
1735697250272233 997.141113 
1735697290245723 997.232666 
1735697330245150 997.238525 
1735697370225046 997.206055 
1735697410239525 997.148193 
1735697450245566 997.005127 
1735697490245566 996.719482 
1735697530310619 996.568848 
1735697570239369 996.549072 
1735697610244264 996.517822 
1735697650235410 996.489746 
1735697690245098 996.467285 
1735697730246139 996.481201 
1735697770245566 996.556152 
1735697810235671 996.656494 
1735697850237754 996.740234 
1735697890245358 996.834717 
1735697930245462 996.902344 
1735697970234785 996.960205 
1735698010242337 996.835938 
1735698050245410 996.701416 
1735698090245514 996.708496 
1735698130238796 996.753662 
1735698170243379 996.791992 
1735698210244108 996.852295 
1735698250244994 996.949951 
1735698290245098 997.069336 
1735698330245410 997.153320 
1735698370244837 997.197998 
1735698410235671 997.208252 
1735698450244681 997.160400 
1735698490245202 997.101563 
1735698530245514 996.877197 
1735698570235983 996.663574 
1735745401777674 996.822510 
1735745441777154 996.814453 
1735745481779393 996.819580 
1735745521779549 996.823486 
1735745561778924 996.824951 
1735745601778820 996.827148 
1735745641769862 996.830322 
1735745681773508 996.844238 
1735745721777622 996.840820 
1735745761778924 996.838623 
1735745801770435 996.831299 
1735745841779237 996.831787 
1735745881779445 996.830078 
1735745921779133 996.828857 
1735745961819966 996.824707 
1735746001777570 996.816406 
1735746041777049 996.826172 
1735746081778768 996.837158 
