# Created at Fri Mar 14 10:50:30 GMT+01:00 2025 in Burnaby Canada 
153268747106117 311.000000 
153269247053117 312.000000 
153269786985117 313.000000 
153270286931117 314.000000 
153270826864117 315.000000 
153271306807117 316.000000 
153271826742117 317.000000 
153272326689117 318.000000 
153272826626117 319.000000 
153273306569117 320.000000 
153273826504117 321.000000 
153274326442117 322.000000 
153274846386117 323.000000 
153275326325117 324.000000 
153275846264117 325.000000 
153276326203117 326.000000 
153276846148117 327.000000 
153277346086117 328.000000 
153277866028117 329.000000 
153278365965117 330.000000 
153278885904117 331.000000 
153279365843117 332.000000 
153279885789117 333.000000 
153280385726117 334.000000 
153280885673117 335.000000 
153281365612117 336.000000 
153281885548117 337.000000 
153282345494117 338.000000 
153282845431117 339.000000 
153283325379117 340.000000 
153283825317117 341.000000 
153284305259117 342.000000 
153284805196117 343.000000 
153285285147117 344.000000 
153285785084117 345.000000 
153286265027117 346.000000 
153286764964117 347.000000 
153287244909117 348.000000 
153287764849117 349.000000 
153288244788117 350.000000 
153288784731117 351.000000 
153289224674117 352.000000 
153289784608117 353.000000 
153290264548117 354.000000 
153290804488117 355.000000 
153291304425117 356.000000 
153291824364117 357.000000 
153292304303117 358.000000 
153292824249117 359.000000 
153293324186117 360.000000 
153293844131117 361.000000 
153294324070117 362.000000 
153294824011117 363.000000 
153295323948117 364.000000 
153295823886117 365.000000 
153296303834117 366.000000 
153296823769117 367.000000 
153297303711117 368.000000 
153297803649117 369.000000 
153298303596117 370.000000 
153298823532117 371.000000 
153299343476117 372.000000 
153299883407117 373.000000 
153300363352117 374.000000 
153300903283117 375.000000 
153301383232117 376.000000 
153301903167117 377.000000 
153302403108117 378.000000 
153302923043117 379.000000 
153303422989117 380.000000 
153303962922117 381.000000 
153304462865117 382.000000 
153305002802117 383.000000 
153305482079805 384.000000 
153306022014805 385.000000 
153306501955805 386.000000 
153307061894805 387.000000 
153307561831805 388.000000 
153308101766805 389.000000 
153308581707805 390.000000 
153309101650805 391.000000 
153309601588805 392.000000 
153310141530805 393.000000 
153310641467805 394.000000 
153311181402805 395.000000 
153311681339805 396.000000 
153312261276805 397.000000 
153312741215805 398.000000 
153313321146805 399.000000 
153313821083805 400.000000 
153314361027805 401.000000 
153314880960805 402.000000 
153315440901805 403.000000 
153315940838805 404.000000 
153316500771805 405.000000 
153317020704805 406.000000 
153317580645805 407.000000 
153318080582805 408.000000 
153318640515805 409.000000 
153319160450805 410.000000 
153319720390805 411.000000 
153320220327805 412.000000 
153320800264805 413.000000 
153321320197805 414.000000 
153322080107805 415.000000 
153322560046805 416.000000 
153323219973805 417.000000 
