# Created at Thu Mar 27 09:29:59 GMT+01:00 2025 in Burnaby Canada 
2506404816969 999.213867 
2506504804935 999.218750 
2506604792901 999.219971 
2506704780867 999.213867 
2506804768733 999.209961 
2506904756733 999.210693 
2507004744966 999.206055 
2507104733199 999.216309 
2507204721399 999.218994 
2507304709599 999.213867 
2507404697832 999.216797 
2507504686065 999.209473 
2507604674265 999.207520 
2507704662465 999.213623 
2507804650465 999.215332 
2507904638365 999.219727 
2508004626398 999.226807 
2508104614631 999.232422 
2508204602864 999.238037 
2508304591064 999.242920 
2508404579264 999.238770 
2508504567497 999.236328 
2508604555730 999.244385 
2508704543930 999.255615 
2508804532130 999.250244 
2508904520230 999.261963 
2509004508330 999.253906 
2509104496496 999.260254 
2509204484729 999.260010 
2509304472929 999.261963 
2509404461129 999.265137 
2509504449362 999.265869 
2509604437595 999.258789 
2509704425795 999.260742 
2509804413995 999.262939 
2509904402095 999.257080 
2510004389961 999.258301 
2510104377827 999.262939 
2510204366027 999.269043 
2510304354227 999.263428 
2510404342393 999.256592 
2510504330559 999.251465 
2510604318725 999.255859 
2510704306925 999.251953 
2510804295091 999.261475 
2510904283257 999.265381 
2511004271290 999.255371 
2511104259156 999.264404 
2511204247022 999.253662 
2511304235022 999.243652 
2511404223022 999.244873 
2511504210988 999.251465 
2511604198954 999.255615 
2511704186954 999.252441 
2511804174954 999.260010 
2511904162920 999.256836 
2512004150886 999.260010 
2512104138819 999.258545 
2512204126685 999.257324 
2512304114751 999.260742 
2512404102984 999.265625 
2512504091184 999.260986 
2512604079384 999.260742 
2512704067617 999.257324 
2512804055850 999.258545 
2512904044050 999.259033 
2513004032250 999.253418 
2513104020450 999.257568 
2513204008350 999.258545 
2513303996250 999.251709 
2513403984383 999.250000 
2513503972616 999.246094 
2513603960849 999.248535 
2513703949049 999.251465 
2513803937249 999.251465 
2513903925482 999.249756 
2514003913715 999.242676 
2514103901915 999.237305 
2514203890115 999.245361 
2514303878215 999.244385 
2514403866315 999.242432 
2514503854548 999.242432 
2514603842781 999.237305 
2514703830981 999.234619 
2514803819181 999.239502 
2514903807414 999.238037 
2515003795647 999.238037 
2515103783847 999.229248 
2515203772047 999.234619 
2515303760080 999.234131 
2515403747946 999.225098 
2515503735846 999.229736 
2515603724046 999.220947 
2515703712212 999.226074 
2515803700378 999.234131 
2515903688544 999.239258 
2516003676744 999.231689 
2516103664944 999.230225 
2516203653110 999.224609 
2516303641276 999.235596 
2516403629242 999.244629 
2516503617108 999.249268 
2516603605008 999.245605 
2516703593008 999.246826 
2516803581008 999.255371 
2516903568974 999.256836 
2517003556974 999.254883 
2517103544974 999.252930 
2517203532974 999.249268 
2517303520940 999.240967 
2517403508906 999.236328 
2517503496772 999.235596 
2517603484638 999.237061 
2517703472771 999.231689 
2517803461004 999.241699 
2517903449204 999.236572 
2518002652403 999.239014 
2518102640636 999.245850 
2518202628869 999.248291 
2518302617069 999.243408 
2518402605269 999.243408 
2518502593469 999.237793 
2518602581369 999.240967 
2518702569269 999.236084 
2518802557435 999.244629 
2518902545668 999.244385 
2519002533868 999.247559 
2519102522068 999.248047 
2519202510301 999.246582 
2519302498534 999.246582 
2519402486734 999.242188 
2519502474934 999.236572 
2519602463100 999.242432 
2519702451200 999.243408 
2519802439300 999.242432 
2519902427533 999.240234 
2520002415733 999.236572 
2520102403933 999.236816 
2520202392133 999.237061 
2520302380366 999.234863 
2520402368599 999.242432 
2520502356799 999.238525 
2520602344999 999.243896 
2520702332965 999.240479 
2520802320831 999.232666 
2520902308897 999.242188 
2521002297097 999.242920 
2521102285263 999.247314 
2521202273429 999.234131 
2521302261595 999.234619 
2521402249795 999.232178 
2521502237961 999.234619 
2521602226127 999.233643 
2521702214293 999.243896 
2521802202226 999.236816 
2521902190092 999.244141 
2522002178092 999.247559 
2522102166092 999.233154 
2522202154058 999.226563 
2522302142024 999.232422 
2522402130024 999.232910 
2522502118024 999.236816 
2522602106024 999.235352 
2522702093990 999.232910 
2522802081990 999.231201 
2522902069856 999.236816 
2523002057722 999.229492 
2523102045888 999.234619 
2523202034121 999.229004 
2523302022321 999.226318 
2523402010521 999.228516 
2523501998754 999.233154 
2523601986987 999.236572 
2523701975187 999.241943 
2523801963387 999.244629 
2523901951420 999.241211 
2524001939320 999.242432 
2524101927220 999.249512 
2524201915453 999.243896 
2524301903686 999.247314 
2524401891886 999.242432 
2524501880086 999.239258 
2524601868319 999.242432 
2524701856552 999.242920 
2524801844752 999.245850 
2524901832952 999.251709 
2525001821052 999.247314 
2525101809152 999.252686 
2525201797285 999.259766 
2525301785518 999.258789 
2525401773718 999.258057 
2525501761918 999.250732 
2525601750151 999.249268 
2525701738384 999.252441 
2525801726584 999.246582 
2525901714784 999.249756 
2526001702984 999.244873 
2526101690917 999.245361 
2526201678783 999.249023 
2526301666883 999.258789 
2526401655083 999.255615 
2526501643249 999.254883 
2526601631415 999.253906 
2526701619581 999.258545 
2526801607781 999.253906 
2526901595947 999.250244 
2527001584113 999.242920 
2527101572279 999.244873 
2527201560145 999.250244 
2527301548011 999.250244 
2527401536011 999.251709 
2527501524011 999.255371 
2527601511977 999.251709 
2527701499943 999.250488 
2527801487943 999.248779 
2527901475943 999.253418 
2528001463909 999.253418 
2528101451875 999.243164 
2528201439841 999.246094 
2528301427707 999.243652 
2528401415707 999.249756 
2528501403940 999.250488 
2528601392140 999.258545 
2528701380340 999.258545 
2528801368540 999.264404 
2528901356840 999.253906 
2529001345073 999.247070 
2529101333273 999.242920 
2529201321473 999.245605 
2529301309473 999.250977 
2529401297439 999.254150 
2529501285472 999.254150 
2529601273705 999.248779 
2529701261938 999.249268 
2529801250138 999.243896 
2529901238404 999.241699 
2530001226637 999.242188 
2530101214870 999.251709 
2530201203070 999.250244 
2530301191270 999.248047 
2530401179436 999.253906 
2530501167536 999.248779 
2530601155702 999.237549 
2530701143935 999.239746 
2530801132135 999.250000 
2530901120401 999.252441 
2531001108634 999.266846 
2531101096867 999.261963 
2531201085067 999.260010 
2531301073267 999.261963 
2531401061433 999.252197 
2531501049299 999.252930 
2531601037165 999.259521 
2531701025365 999.257080 
2531801013565 999.257813 
2531901001731 999.260498 
2532000989897 999.252686 
2532100978063 999.254395 
2532200966263 999.254639 
2532300954429 999.248535 
2532400942595 999.240723 
2532500930628 999.242432 
2532600918494 999.245605 
2532700906360 999.244629 
2532800894360 999.246582 
2532900882360 999.246094 
2533000870326 999.247803 
2533100858292 999.256348 
2533200846292 999.253662 
2533300834292 999.256836 
2533400822258 999.253906 
2533500810224 999.245605 
2533600798157 999.250244 
2533700786023 999.251221 
2533800774089 999.251465 
2533900762322 999.251709 
2534000750522 999.254395 
2534100738722 999.261963 
2534200726955 999.258301 
2534300715188 999.260010 
2534400703388 999.261230 
2534500691588 999.262695 
2534600679821 999.249268 
2534700667721 999.250732 
2534800655621 999.250000 
2534900643721 999.247559 
2535000631954 999.250244 
2535100620187 999.255371 
2535200608387 999.249512 
2535300596587 999.245605 
2535400584820 999.252441 
2535500573053 999.254150 
2535600561253 999.260254 
2535700549453 999.270752 
2535800537553 999.265869 
2535900525653 999.264893 
2536000513886 999.266602 
2536100502119 999.260742 
2536200490319 999.255371 
2536300478519 999.256104 
2536400466752 999.261963 
2536500454985 999.259033 
2536600443185 999.257568 
2536700431385 999.257568 
2536800419418 999.255371 
2536900407284 999.253906 
2537000395184 999.255615 
2537100383384 999.256592 
2537200371550 999.249756 
2537300359716 999.242188 
2537400347882 999.233643 
2537500336082 999.242188 
2537600324248 999.240723 
2537700312414 999.234375 
2537800300580 999.239746 
2537900288580 999.246582 
2538000276446 999.254883 
2538100264346 999.258789 
2538200252346 999.253906 
2538300240346 999.252197 
2538400228312 999.250488 
2538500216278 999.251221 
2538600204278 999.257324 
2538700192278 999.254639 
2538800180244 999.260498 
2538900168210 999.252441 
2539000156076 999.251953 
2539100143942 999.251465 
2539200132075 999.245117 
2539300120275 999.244629 
2539400108441 999.245117 
2539500096607 999.237549 
2539600084773 999.240234 
2539700072973 999.240234 
2539800061139 999.228271 
2539900049305 999.233398 
2540000037438 999.243164 
2540100025304 999.244873 
2540200013170 999.250244 
2540300001170 999.246338 
2540399989170 999.245361 
2540499977136 999.247314 
2540599965102 999.245361 
2540699953102 999.247070 
2540799941102 999.247559 
2540899929068 999.249023 
2540999917034 999.250244 
2541099905000 999.249268 
2541199892866 999.248535 
2541299880866 999.245117 
2541399869099 999.247559 
2541499857332 999.249756 
2541599845532 999.251953 
2541699833732 999.244629 
2541799821965 999.247314 
2541899810198 999.246582 
2541999798398 999.238281 
2542099786598 999.252686 
2542199774564 999.242432 
2542299762464 999.246338 
2542399750497 999.248779 
2542499738730 999.240479 
2542599726963 999.240723 
2542699715163 999.242188 
2542799703363 999.247803 
2542899691596 999.248291 
2542999679829 999.258057 
2543099668029 999.261475 
2543199656229 999.261230 
2543299644329 999.270996 
2543399632429 999.274658 
2543499620662 999.270020 
2543599608895 999.261719 
2543699597095 999.258301 
2543799585295 999.253418 
2543899573528 999.253418 
2543999561761 999.250977 
2544099549961 999.250977 
2544199538161 999.252686 
2544299526261 999.247070 
2544399514127 999.261230 
2544499501993 999.266602 
2544599490159 999.269287 
2544699478392 999.263428 
2544799466592 999.264404 
2544899454792 999.260498 
2544999443025 999.249023 
2545099431258 999.252197 
2545199419458 999.255859 
2545299407658 999.257324 
2545399395758 999.250488 
2545499383658 999.253906 
2545599371558 999.248779 
2545699359791 999.246826 
2545799348024 999.247070 
2545899336224 999.258789 
2545999324424 999.250732 
2546099312657 999.254639 
2546199300890 999.259033 
2546299289090 999.263428 
2546399277290 999.260986 
2546499265390 999.254150 
2546599253490 999.262939 
2546699241623 999.256836 
2546799229856 999.253418 
2546899218056 999.246826 
2546999206256 999.239746 
2547099194456 999.245605 
2547199182689 999.242188 
2547299170889 999.238281 
2547399159089 999.242432 
2547499147289 999.250488 
2547599135222 999.241699 
2547699123088 999.242188 
2547799111188 999.242188 
2547899099388 999.244141 
2547999087554 999.253418 
2548099075720 999.264893 
2548199063886 999.263672 
2548299052086 999.259033 
2548399040252 999.247314 
2548499028418 999.247070 
2548599016584 999.249023 
2548699004450 999.254883 
2548798992316 999.258789 
2548898980349 999.265137 
2548998968349 999.268066 
2549098956315 999.266602 
2549198944281 999.257568 
2549298932281 999.263672 
2549398920281 999.263184 
2549498908247 999.257568 
2549598896213 999.263184 
2549698884179 999.264160 
2549798872045 999.259766 
2549898859945 999.253662 
2549998848178 999.254150 
2550098836411 999.253906 
2550198824611 999.247803 
2550298812811 999.243652 
2550398801044 999.244629 
2550498789277 999.241699 
2550598777477 999.241943 
2550698765677 999.243408 
2550798753677 999.240479 
2550898741577 999.237305 
2550998729610 999.249268 
2551098717843 999.251709 
2551198706076 999.256348 
2551298694276 999.260498 
2551398682476 999.261230 
2551498670709 999.248779 
2551598658942 999.250977 
2551698647142 999.253662 
2551798635342 999.257568 
2551898623408 999.260498 
2551998611508 999.257813 
2552098599674 999.255615 
2552198587907 999.258789 
2552298576107 999.261719 
2552398564307 999.253906 
2552498552540 999.251709 
2552598540773 999.251221 
2552698528973 999.256836 
2552798517173 999.268555 
2552898505373 999.260742 
2552998493239 999.266113 
2553098481105 999.261963 
2553198469305 999.260010 
2553298457505 999.262207 
2553398445671 999.266357 
2553498433837 999.261719 
2553598422003 999.252441 
2553698410203 999.252197 
2553798398369 999.246094 
2553898386535 999.250000 
2553998374601 999.249512 
2554098362467 999.251465 
2554198350333 999.244385 
2554298338333 999.253174 
2554398326333 999.255859 
2554498314299 999.257080 
2554598302265 999.260254 
2554698290265 999.258301 
2554798278265 999.256104 
2554898266231 999.259521 
2554998254197 999.262695 
2555098242130 999.254150 
2555198230063 999.252441 
2555298218129 999.251465 
2555398206329 999.251709 
2555498194495 999.257568 
2555598182661 999.259277 
2555698170894 999.264648 
2555798159094 999.263184 
2555898147260 999.270508 
2555998135426 999.263672 
2556098123592 999.259521 
2556198111525 999.264893 
2556298099391 999.265625 
2556398087391 999.260010 
2556498075391 999.257568 
2556598063391 999.256592 
2556698051424 999.260742 
2556798039424 999.262695 
2556898027424 999.252686 
2556998015390 999.254639 
2557098003356 999.255371 
2557197991422 999.261963 
2557297979288 999.257568 
2557397967154 999.251221 
2557497955387 999.255859 
2557597943620 999.247314 
2557697931886 999.257080 
2557797920086 999.253906 
2557897908319 999.250488 
2557997896552 999.253174 
2558097884752 999.260254 
2558197872952 999.262939 
2558297860985 999.257568 
2558397848885 999.261230 
2558497836818 999.261963 
2558597825051 999.257324 
2558697813284 999.259033 
2558797801484 999.255371 
2558897789684 999.255859 
2558997777917 999.251953 
2559097766150 999.260254 
2559197754350 999.262939 
2559297742550 999.260254 
2559397730650 999.263428 
2559497718750 999.260498 
2559597706883 999.267822 
2559697695116 999.271973 
2559797683316 999.264404 
2559897671516 999.267334 
2559997659716 999.272705 
2560097647949 999.274902 
2560197636149 999.273438 
2560297624349 999.276123 
2560397612549 999.273926 
2560497600415 999.279053 
2560597588281 999.275635 
2560697576381 999.282715 
2560797564614 999.287842 
2560897552814 999.277344 
2560997541014 999.264648 
2561097529247 999.274902 
2561197517480 999.279053 
2561297505680 999.279785 
2561397493880 999.273438 
2561497482080 999.275635 
2561597469980 999.264893 
2561697457880 999.265137 
2561797446046 999.264404 
2561897434279 999.264648 
2561997422479 999.270996 
2562097410679 999.260254 
2562197398879 999.254395 
2562297387112 999.256348 
2562397375312 999.258057 
2562497363512 999.257324 
2562597351678 999.257324 
2562697339778 999.264404 
2562797327878 999.264893 
2562897316111 999.257813 
2562997304344 999.260742 
2563097292544 999.257568 
2563197280744 999.259277 
2563297268977 999.263916 
2563397257210 999.266846 
2563497245410 999.259277 
2563597233610 999.258301 
2563697221610 999.258789 
2563797209476 999.262451 
2563897197476 999.260742 
2563997185676 999.264404 
2564097173842 999.260254 
2564197162008 999.258545 
2564297150174 999.261719 
2564397138374 999.263428 
2564497126540 999.270508 
2564597114706 999.272949 
2564697102872 999.268066 
2564797090805 999.256836 
2564897078671 999.254150 
2564997066671 999.253174 
2565097054671 999.262207 
2565197042671 999.264648 
2565297030637 999.261475 
2565397018637 999.265625 
2565497006637 999.260742 
2565596994637 999.257568 
2565696982603 999.244141 
2565796970603 999.254395 
2565896958469 999.268311 
2565996946335 999.267334 
2566096934535 999.259277 
2566196922735 999.261963 
2566296910901 999.265137 
2566396899067 999.260010 
2566496887233 999.264648 
2566596875433 999.271484 
2566696863599 999.260010 
2566796851765 999.257324 
2566896839798 999.252930 
2566996827664 999.257568 
2567096815530 999.255615 
2567196803530 999.253418 
2567296791530 999.259277 
2567396779496 999.260498 
2567496767462 999.270996 
2567596755462 999.269531 
2567696743462 999.267822 
2567796731428 999.259521 
2567896719394 999.247803 
2567996707260 999.251709 
2568096695126 999.250244 
2568196683192 999.261963 
2568296671425 999.263916 
2568396659625 999.264404 
2568496647825 999.263916 
2568596636025 999.264404 
2568696624258 999.273438 
2568796612458 999.265381 
2568896600658 999.259033 
2568996588858 999.255615 
2569096576758 999.252930 
2569196564658 999.251221 
2569296552791 999.259033 
2569396541024 999.249023 
2569496529257 999.244385 
2569596517457 999.254883 
2569696505657 999.255615 
2569796493890 999.254395 
2569896482123 999.263428 
2569996470323 999.261719 
2570096458523 999.256836 
2570196446623 999.265381 
2570296434723 999.258301 
2570396422956 999.256104 
2570496411189 999.252441 
2570596399389 999.249512 
2570696387589 999.250977 
2570796375822 999.249023 
2570896364055 999.246094 
2570996352255 999.248535 
2571096340455 999.252930 
2571196328488 999.253662 
2571296316354 999.254639 
2571396304254 999.243164 
2571496292454 999.247070 
2571596280654 999.258301 
2571696268820 999.259033 
2571796256986 999.257324 
2571896245186 999.258057 
2571996233386 999.255615 
2572096221552 999.251709 
2572196209718 999.250488 
2572296197684 999.250977 
2572396185550 999.256836 
2572496173483 999.251709 
2572596161483 999.251953 
2572696149483 999.251709 
2572796137449 999.251709 
2572896125415 999.244385 
2572996113415 999.243896 
2573096101415 999.245361 
2573196089381 999.246094 
2573296077347 999.244873 
2573396065213 999.249023 
2573496053079 999.252197 
2573596041212 999.254883 
2573696029445 999.259277 
2573796017645 999.260254 
2573896005845 999.258057 
2573995994078 999.258789 
2574095982311 999.247803 
2574195970511 999.247314 
2574295958711 999.244873 
2574395946911 999.254150 
2574495934811 999.256592 
2574595922711 999.250000 
2574695910877 999.246094 
2574795899110 999.244141 
2574895887310 999.238770 
2574995875510 999.240723 
2575095863710 999.250977 
2575195851943 999.252686 
2575295840143 999.249023 
2575395828343 999.248535 
2575495816476 999.257080 
2575595804576 999.255127 
2575695792676 999.249756 
2575795780909 999.258301 
2575895769142 999.256592 
2575995757342 999.256592 
2576095745542 999.245605 
2576195733775 999.245850 
2576295722008 999.249023 
2576395710208 999.242676 
2576495698408 999.245850 
2576595686374 999.236572 
2576695674240 999.241943 
2576795662306 999.245361 
2576895650539 999.254150 
2576995638739 999.249512 
2577095626939 999.253662 
2577195615139 999.260986 
2577295603372 999.260742 
2577395591572 999.260254 
2577495579772 999.260986 
2577595567972 999.264893 
2577695555938 999.261963 
2577795543838 999.262451 
2577895531938 999.261719 
2577995520171 999.253418 
2578095508404 999.260010 
2578195496604 999.265869 
2578295484804 999.258789 
2578395473037 999.260986 
2578495461270 999.255371 
2578595449470 999.251465 
2578695437670 999.246582 
2578795425770 999.264648 
2578895413870 999.262939 
2578995402103 999.258057 
2579095390336 999.250732 
2579195378536 999.252441 
2579295366736 999.253174 
2579395354969 999.250488 
2579495343202 999.247803 
2579595331402 999.257568 
2579695319602 999.254639 
2579795307635 999.250488 
2579895295501 999.253906 
2579995283401 999.251953 
2580095271601 999.264160 
2580195259801 999.254395 
2580295247967 999.254150 
2580395236133 999.252441 
2580495224333 999.245605 
2580595212533 999.249756 
2580695200699 999.246826 
2580795188865 999.250488 
2580895176865 999.256104 
2580995164731 999.254150 
2581095152631 999.254150 
2581195140631 999.252197 
2581295128631 999.248291 
2581395116597 999.251953 
2581495104630 999.253174 
2581595092630 999.253418 
2581695080630 999.257813 
2581795068596 999.258545 
2581895056562 999.254639 
2581995044495 999.258545 
2582095032361 999.259033 
2582195020461 999.262207 
2582295008694 999.260986 
2582394996894 999.261719 
2582494985160 999.250977 
2582594973393 999.251709 
2582694961626 999.257080 
2582794949826 999.258057 
2582894938026 999.247314 
2582994926292 999.246582 
2583094914192 999.252930 
2583194902092 999.251465 
2583294890258 999.246094 
2583394878491 999.251465 
2583494866757 999.260254 
2583594854957 999.260986 
2583694843157 999.259277 
2583794831390 999.255127 
2583894819590 999.252197 
2583994807856 999.258057 
2584094796022 999.259766 
2584194784122 999.259766 
2584294772222 999.251709 
2584394760455 999.250000 
2584494748688 999.246826 
2584594736888 999.243652 
2584694725088 999.246826 
2584794713321 999.242676 
2584894701554 999.249023 
2584994689754 999.257324 
2585094677954 999.252441 
2585194665954 999.250732 
2585294653820 999.254639 
2585394641820 999.259033 
2585494630020 999.252441 
2585594618186 999.247803 
2585694606352 999.251465 
2585794594518 999.245605 
2585894582718 999.249512 
2585994570884 999.257080 
2586094559050 999.257080 
2586194547216 999.265869 
2586294535149 999.258301 
2586394523015 999.259277 
2586494510948 999.262207 
2586594498948 999.257568 
2586694486948 999.251953 
2586794474914 999.255859 
2586894462914 999.254395 
2586994450914 999.253174 
2587094438914 999.251465 
2587194426880 999.244629 
2587294414880 999.245361 
2587394402746 999.248291 
2587494390612 999.246338 
2587594378778 999.247559 
2587694367011 999.252197 
2587794355211 999.246582 
2587894343411 999.252197 
2587994331644 999.255615 
2588094319877 999.260742 
2588194308077 999.260498 
2588294296277 999.256836 
2588394284377 999.261475 
2588494272277 999.257080 
2588594260177 999.260498 
2588694248410 999.258789 
2588794236643 999.258057 
2588894224843 999.251709 
2588994213043 999.258789 
2589094201276 999.252197 
2589194189509 999.264160 
2589294177709 999.262695 
2589394165909 999.264648 
2589494154075 999.252197 
2589594142175 999.253418 
2589694130275 999.244629 
2589794118508 999.250000 
2589894106708 999.255127 
2589994094908 999.259033 
2590094083108 999.252441 
2590194071341 999.249023 
2590294059541 999.253906 
2590394047741 999.255127 
2590494035941 999.254395 
2590594023874 999.240234 
2590694011740 999.242432 
2590793999840 999.240479 
2590893988040 999.239746 
2590993976206 999.242920 
2591093964372 999.241455 
2591193952538 999.243408 
2591293241157 999.248047 
2591393229323 999.245850 
2591493217489 999.251953 
2591593205655 999.259277 
2591693193521 999.257080 
2591793181387 999.260742 
2591893169387 999.260498 
2591993157387 999.257568 
2592093145353 999.256104 
2592193133319 999.245361 
2592293121319 999.237549 
2592393109319 999.245361 
2592493097285 999.248291 
2592593085251 999.242920 
2592693073251 999.245117 
2592793061117 999.245117 
2592893049017 999.247070 
2592993037250 999.249023 
2593093025483 999.254395 
2593193013683 999.257813 
2593293001883 999.250488 
2593392990116 999.246094 
2593492978349 999.236572 
2593592966549 999.242188 
2593692954749 999.249756 
2593792942749 999.251221 
2593892930649 999.245361 
2593992918582 999.249756 
2594092906815 999.244873 
2594192895048 999.248291 
2594292883248 999.251221 
2594392871448 999.254883 
2594492859681 999.248535 
2594592847914 999.244629 
2594692836114 999.242920 
2594792824314 999.248047 
2594892812414 999.243164 
2594992800514 999.245605 
2595092788680 999.248291 
2595192776913 999.251953 
2595292765113 999.250977 
2595392753313 999.255615 
2595492741546 999.258789 
2595592729779 999.255371 
2595692717979 999.260498 
2595792706179 999.255127 
2595892694379 999.247070 
2595992682245 999.249512 
2596092670111 999.244873 
2596192658244 999.245361 
2596292646444 999.252197 
2596392634610 999.250977 
2596492622776 999.258057 
2596592610942 999.255615 
2596692599142 999.250244 
2596792587308 999.248047 
2596892575474 999.247314 
2596992563607 999.250732 
2597092551473 999.250244 
2597192539339 999.246826 
2597292527339 999.247803 
2597392515339 999.237793 
2597492503305 999.248779 
2597592491271 999.241943 
2597692479271 999.239258 
2597792467271 999.245361 
2597892455237 999.237305 
2597992443203 999.237549 
2598092431136 999.233398 
2598192419002 999.238037 
2598292407068 999.246582 
2598392395301 999.244385 
2598492383501 999.251953 
2598592371701 999.252197 
2598692359901 999.248779 
2598792348134 999.245361 
2598892336334 999.253662 
2598992324534 999.258301 
2599092312734 999.253906 
2599192300700 999.251709 
2599292288600 999.245850 
2599392276700 999.238037 
2599492264933 999.244385 
2599592253166 999.240479 
2599692241366 999.244385 
2599792229566 999.241211 
2599892217799 999.235596 
2599992206032 999.247070 
2600092194232 999.250977 
2600192182432 999.253418 
2600292170532 999.254639 
2600392158632 999.250244 
2600492146865 999.249756 
2600592135098 999.256348 
2600692123298 999.255127 
2600792111498 999.257568 
2600892099731 999.256836 
2600992087964 999.252441 
2601092076164 999.250244 
2601192064364 999.251709 
2601292052397 999.254150 
2601392040263 999.262939 
2601492028129 999.257080 
2601592016329 999.254639 
2601692004529 999.243164 
2601791992695 999.241699 
2601891980861 999.236084 
2601991969061 999.244873 
2602091957261 999.241211 
2602191945427 999.248535 
2602291933593 999.247803 
2602391921593 999.242676 
2602491909459 999.234375 
2602591897359 999.241211 
2602691885359 999.245850 
2602791873359 999.259277 
2602891861325 999.253174 
2602991849291 999.256592 
2603091837291 999.252197 
2603191825291 999.245850 
2603291813257 999.253662 
2603391801223 999.247070 
2603491789089 999.250732 
2603591776955 999.250244 
2603691765055 999.250244 
2603791753288 999.254150 
2603891741488 999.242920 
2603991729688 999.243896 
2604091717921 999.237793 
2604191706154 999.249512 
2604291694354 999.254639 
2604391682554 999.249268 
2604491670787 999.253662 
2604591658687 999.254639 
2604691646587 999.257813 
2604791634753 999.254150 
2604891622986 999.255371 
2604991611186 999.263672 
2605091599386 999.259766 
2605191587586 999.256592 
2605291575819 999.259521 
2605391564019 999.261719 
2605491552219 999.259766 
2605591540419 999.248779 
2605691528519 999.244629 
2605791516619 999.247314 
2605891504852 999.247314 
2605991493085 999.246338 
2606091481285 999.248535 
2606191469485 999.248779 
2606291457718 999.244629 
2606391445951 999.251709 
2606491434151 999.260742 
2606591422351 999.260254 
2606691410351 999.260498 
2606791398217 999.272217 
2606891386217 999.269775 
2606991374417 999.273682 
2607091362583 999.268311 
2607191350749 999.262451 
2607291338915 999.257568 
2607391327115 999.258057 
2607491315281 999.253906 
2607591303447 999.251953 
2607691291613 999.253662 
2607791279613 999.254150 
2607891267479 999.261475 
2607991255412 999.250732 
2608091243412 999.253662 
2608191231412 999.252686 
2608291219445 999.245605 
2608391207445 999.249023 
2608491195445 999.240723 
2608591183411 999.239014 
2608691171377 999.242432 
2608791159410 999.240234 
2608891147276 999.232422 
2608991135142 999.247314 
2609091123308 999.246094 
2609191111541 999.244873 
2609291099807 999.250977 
2609391088007 999.256592 
2609491076240 999.256348 
2609591064473 999.263916 
2609691052673 999.266602 
2609791040939 999.263916 
2609891029039 999.263428 
2609991016939 999.263428 
2610091004839 999.266846 
2610190993072 999.266357 
2610290981372 999.260254 
2610390969572 999.262939 
2610490957772 999.262451 
2610590946005 999.259277 
2610690934238 999.267822 
2610790922438 999.265625 
2610890910638 999.253662 
2610990898804 999.259521 
2611090886904 999.259521 
2611190875004 999.260498 
2611290863237 999.259521 
2611390851437 999.258789 
2611490839637 999.261719 
2611590827837 999.261719 
2611690816070 999.263916 
2611790804303 999.261963 
2611890792503 999.257813 
2611990780703 999.254150 
2612090768636 999.251709 
2612190756502 999.259277 
2612290744568 999.257324 
2612390732768 999.254150 
2612490720934 999.258057 
2612590709100 999.254883 
2612690697266 999.260986 
2612790685466 999.255615 
2612890673632 999.262695 
2612990661798 999.261719 
2613090649964 999.259033 
2613190637830 999.259033 
2613290625696 999.264648 
2613390613696 999.271484 
2613490601696 999.268555 
2613590589662 999.265137 
2613690577628 999.262207 
2613790565628 999.264648 
2613890553628 999.268555 
2613990541594 999.261475 
2614090529560 999.265137 
2614190517560 999.262207 
2614290505426 999.256592 
2614390493326 999.254883 
2614490481559 999.260254 
2614590469792 999.267090 
2614690457992 999.266357 
2614790446192 999.267090 
2614890434425 999.267822 
2614990422658 999.265137 
2615090410858 999.271729 
2615190399058 999.275635 
2615290387091 999.271484 
2615390374991 999.275391 
2615490362924 999.281006 
2615590351157 999.279541 
2615690339390 999.281006 
2615790327590 999.277100 
2615890315790 999.275391 
2615990304023 999.275391 
2616090292256 999.273193 
2616190280456 999.272461 
2616290268656 999.270264 
2616390256756 999.277100 
2616490244856 999.266113 
2616590233022 999.264648 
2616690221255 999.260254 
2616790209455 999.264160 
2616890197655 999.262939 
2616990185888 999.262207 
2617090174121 999.263672 
2617190162321 999.268799 
2617290150521 999.262939 
2617390138721 999.265625 
2617490126587 999.265137 
2617590114453 999.262695 
2617690102586 999.274170 
2617790090786 999.272949 
2617890078952 999.260254 
2617990067118 999.264160 
2618090055284 999.270264 
2618190043484 999.267334 
2618290031650 999.260986 
2618390019816 999.268066 
2618490007949 999.262451 
2618589995815 999.259521 
2618689983681 999.259033 
2618789971681 999.263672 
2618889959681 999.260742 
2618989947647 999.264160 
2619089935613 999.260498 
2619189923613 999.258545 
2619289911613 999.259033 
2619389899579 999.264648 
2619489887545 999.258301 
2619589875478 999.263184 
2619689863344 999.265625 
2619789851344 999.265869 
2619889839577 999.269043 
2619989827777 999.270996 
2620089815977 999.267090 
2620189804177 999.263184 
2620289792410 999.270264 
2620389780610 999.263184 
2620489768810 999.263184 
2620589757010 999.268311 
2620689744976 999.267334 
2620789732876 999.272461 
2620889720976 999.268066 
2620989709209 999.270508 
2621089697442 999.259766 
2621189685642 999.262939 
2621289673842 999.265869 
2621389662075 999.265625 
2621489650308 999.270508 
2621589638508 999.260986 
2621689626708 999.261230 
2621789614808 999.262695 
2621889602908 999.259033 
2621989591141 999.260986 
2622089579374 999.263916 
2622189567574 999.262207 
2622289555774 999.261719 
2622389544007 999.273438 
2622489532240 999.273193 
2622589520440 999.270264 
2622689508640 999.274902 
2622789496740 999.269775 
2622889484606 999.271240 
2622989472472 999.266602 
2623089460672 999.260254 
2623189448872 999.266113 
2623289437038 999.264648 
2623389425204 999.259033 
2623489413404 999.253906 
2623589401604 999.244629 
2623689389770 999.252441 
2623789377936 999.260010 
2623889365936 999.266357 
2623989353802 999.265381 
2624089341702 999.259521 
2624189329702 999.258057 
2624289317702 999.263428 
2624389305668 999.260742 
2624489293634 999.265869 
2624589281634 999.263184 
2624689269634 999.255859 
2624789257600 999.248291 
2624889245566 999.248047 
2624989233432 999.247559 
2625089221298 999.256104 
2625189209398 999.258789 
2625289197631 999.261230 
2625389185831 999.265625 
2625489174031 999.261475 
2625589162264 999.262451 
2625689150497 999.261963 
2625789138697 999.270508 
2625889126897 999.267822 
2625989115130 999.262939 
2626089103030 999.257324 
2626189090930 999.254883 
2626289079063 999.239258 
2626389067296 999.230225 
2626489055496 999.232422 
2626589043696 999.233398 
2626689031896 999.234619 
2626789020129 999.230713 
2626889008329 999.216553 
2626988996529 999.220947 
2627088984695 999.218750 
2627188972795 999.218750 
2627288960895 999.209961 
2627388949128 999.208496 
2627488937361 999.199219 
