# Created at Fri Mar 14 10:57:23 GMT+01:00 2025 in Burnaby Canada 
153680374129039 7.000000 
153681014058039 8.000000 
153681493997039 9.000000 
153682093926039 10.000000 
153682553867039 11.000000 
153683213794039 12.000000 
153683653739039 13.000000 
153684273664039 14.000000 
153684793600039 15.000000 
153685373537039 16.000000 
153685853477039 17.000000 
153686413415039 18.000000 
153686913352039 19.000000 
153687533277039 20.000000 
153688013219039 21.000000 
153688633149039 22.000000 
153689113089039 23.000000 
153689733016039 24.000000 
153690272947039 25.000000 
153690912877039 26.000000 
153691392816039 27.000000 
153692032745039 28.000000 
153692552684039 29.000000 
153693232599039 30.000000 
153693672554039 31.000000 
153694272477039 32.000000 
153694752420039 33.000000 
153695432335039 34.000000 
153695892287039 35.000000 
153696572203039 36.000000 
153697052151039 37.000000 
153697612080039 38.000000 
153698132019039 39.000000 
153698731945039 40.000000 
153699231891039 41.000000 
153699971797039 42.000000 
153700411745039 43.000000 
153701071663039 44.000000 
153701631603039 45.000000 
153702371520039 46.000000 
153702831461039 47.000000 
153703451388039 48.000000 
153703971321039 49.000000 
153704591254039 50.000000 
153705131185039 51.000000 
153705691118039 52.000000 
153706251050039 53.000000 
153706830985039 54.000000 
153707370919039 55.000000 
153708090838039 56.000000 
153708550779039 57.000000 
153709210700039 58.000000 
153709690640039 59.000000 
153710350566039 60.000000 
153710810511039 61.000000 
153711450432039 62.000000 
153711950380039 63.000000 
153712610297039 64.000000 
153713090246039 65.000000 
153713690169039 66.000000 
153714190110039 67.000000 
153714790035039 68.000000 
153715309980039 69.000000 
153715909903039 70.000000 
153716429842039 71.000000 
153717009770039 72.000000 
153717509717039 73.000000 
153718069647039 74.000000 
153718549595039 75.000000 
153719129522039 76.000000 
153719629463039 77.000000 
153720269383039 78.000000 
153720789327039 79.000000 
153721389253039 80.000000 
153721889193039 81.000000 
153722449123039 82.000000 
153722989064039 83.000000 
153723568992039 84.000000 
153724108934039 85.000000 
153724748854039 86.000000 
153725208799039 87.000000 
153725748732039 88.000000 
153726248678039 89.000000 
153726828606039 90.000000 
153727328546039 91.000000 
153727908472039 92.000000 
153728428418039 93.000000 
153729028343039 94.000000 
153729528290039 95.000000 
153730128213039 96.000000 
153730628154039 97.000000 
153731228085039 98.000000 
153731728026039 99.000000 
153732307955039 100.000000 
153732827892039 101.000000 
153733447824039 102.000000 
153733927763039 103.000000 
153734607688039 104.000000 
153735047633039 105.000000 
153735627562039 106.000000 
153736107503039 107.000000 
153736747432039 108.000000 
153737267365039 109.000000 
153737847296039 110.000000 
153738347233039 111.000000 
153738907175039 112.000000 
153739427108039 113.000000 
153740027043039 114.000000 
153740526980039 115.000000 
153741106911039 116.000000 
153741626844039 117.000000 
153742246777039 118.000000 
153742746714039 119.000000 
153743406635039 120.000000 
153743886575039 121.000000 
153744466512039 122.000000 
153744986446039 123.000000 
153745565767718 124.000000 
153746105701718 125.000000 
153746745624718 126.000000 
153747225563718 127.000000 
153747905488718 128.000000 
153748365429718 129.000000 
153749045348718 130.000000 
153750245207718 132.000000 
