# Created at Thu Mar 27 09:06:49 GMT+01:00 2025 in Burnaby Canada 
1126081987015 1.000000 
1126661918015 2.000000 
1127141859015 3.000000 
1127761789015 4.000000 
1128261728015 5.000000 
1128841663015 6.000000 
1129361600015 7.000000 
1129941529015 8.000000 
1130441466015 9.000000 
1131061400015 10.000000 
1131541339015 11.000000 
1132141274015 12.000000 
1132661207015 13.000000 
1133241138015 14.000000 
1133741075015 15.000000 
1134321012015 16.000000 
1134820949015 17.000000 
1135380882015 18.000000 
1135920815015 19.000000 
1136520748015 20.000000 
1136980691015 21.000000 
1137640612015 22.000000 
1138120551015 23.000000 
1138740483015 24.000000 
1139200426015 25.000000 
1139740367015 26.000000 
1140260302015 27.000000 
1140840233015 28.000000 
1141340170015 29.000000 
1141940105015 30.000000 
1142440042015 31.000000 
1142979977015 32.000000 
1143519908015 33.000000 
1144019856015 34.000000 
1144579787015 35.000000 
1145139726015 36.000000 
1145659659015 37.000000 
1146259588015 38.000000 
1146799521015 39.000000 
1147359460015 40.000000 
1147859397015 41.000000 
1148419330015 42.000000 
1148919267015 43.000000 
1149499205015 44.000000 
1149939150015 45.000000 
1150559081015 46.000000 
1151059018015 47.000000 
1151658947015 48.000000 
1152138886015 49.000000 
1152698825015 50.000000 
1153198762015 51.000000 
1153778693015 52.000000 
1154278630015 53.000000 
1154838570015 54.000000 
1155318509015 55.000000 
1155898446015 56.000000 
1156398383015 57.000000 
1156998312015 58.000000 
1157438257015 59.000000 
1158058189015 60.000000 
1158538128015 61.000000 
1159118065015 62.000000 
1159598004015 63.000000 
1160197933015 64.000000 
1160697870015 65.000000 
1161297805015 66.000000 
1161777744015 67.000000 
1162377673015 68.000000 
1162837614015 69.000000 
1163397554015 70.000000 
1163877495015 71.000000 
1164497426015 72.000000 
1164977365015 73.000000 
1165537298015 74.000000 
1166037235015 75.000000 
1166637170015 76.000000 
1167117109015 77.000000 
1167657046015 78.000000 
1168156983015 79.000000 
1168776915015 80.000000 
1169256854015 81.000000 
1169856789015 82.000000 
1170296734015 83.000000 
1170956653015 84.000000 
1171576577015 85.000000 
1172536464015 87.000000 
1173116395015 88.000000 
1173576338015 89.000000 
1174176272015 90.000000 
1174696207015 91.000000 
1175216152015 92.000000 
1175796079015 93.000000 
1176356012015 94.000000 
1176855949015 95.000000 
1177395890015 96.000000 
1177915825015 97.000000 
1178415766015 98.000000 
1178915703015 99.000000 
1179455647015 100.000000 
1179895590015 101.000000 
1180495525015 102.000000 
1180995462015 103.000000 
1181575393015 104.000000 
1182075330015 105.000000 
1182655267015 106.000000 
1183135206015 107.000000 
1183735135015 108.000000 
1184235072015 109.000000 
1184855003015 110.000000 
1185394934015 111.000000 
1185954869015 112.000000 
1186454806015 113.000000 
1187034742015 114.000000 
1187494685015 115.000000 
1188094620015 116.000000 
1188634551015 117.000000 
1189174488015 118.000000 
1189694421015 119.000000 
1190294356015 120.000000 
1191354226015 122.000000 
1191854163015 123.000000 
1192454099015 124.000000 
1192934038015 125.000000 
1193493977015 126.000000 
1194013912015 127.000000 
1194613839015 128.000000 
1195673717015 130.000000 
1196153656015 131.000000 
1196693591015 132.000000 
1197233524015 133.000000 
1197793464015 134.000000 
1198233409015 135.000000 
1198812640116 136.000000 
1199372569116 137.000000 
1199852512116 138.000000 
1200332451116 139.000000 
1200932387116 140.000000 
1201452322116 141.000000 
1202032259116 142.000000 
1202492200116 143.000000 
1203072131116 144.000000 
1203552070116 145.000000 
1204152005116 146.000000 
1204611948116 147.000000 
1205171881116 148.000000 
1205651820116 149.000000 
1206231755116 150.000000 
1206731695116 151.000000 
1207291630116 152.000000 
1207831565116 153.000000 
1208411496116 154.000000 
1208911433116 155.000000 
1209451373116 156.000000 
1209971311116 157.000000 
1210551240116 158.000000 
1211131167116 159.000000 
1211671110116 160.000000 
1212191043116 161.000000 
1212790972116 162.000000 
1213370899116 163.000000 
1213930839116 164.000000 
1214510766116 165.000000 
1215070705116 166.000000 
1215650633116 167.000000 
1216230563116 168.000000 
1217370431116 169.000000 
