# Created at Fri Mar 14 11:57:33 GMT+01:00 2025 in Burnaby Canada 
157291556979738 9.000000 
157292196899738 10.000000 
157292676842738 11.000000 
157293296763738 12.000000 
157293696723738 13.000000 
157294276649738 14.000000 
157294696601738 15.000000 
157295276527738 16.000000 
157295756478738 17.000000 
157296336406738 18.000000 
157296716366738 19.000000 
157297316291738 20.000000 
157297696248738 21.000000 
157298276175738 22.000000 
157298696123738 23.000000 
157299256061738 24.000000 
157299656010738 25.000000 
157300215943738 26.000000 
157300635890738 27.000000 
157301275822738 28.000000 
157301615778738 29.000000 
157302215711738 30.000000 
157302595664738 31.000000 
157303195593738 32.000000 
157303555548738 33.000000 
157304175479738 34.000000 
157304535433738 35.000000 
157305095363738 36.000000 
157305535311738 37.000000 
157306095241738 38.000000 
157306515198738 39.000000 
157307155118738 40.000000 
157307555078738 41.000000 
157308174115287 42.000000 
157308594065287 43.000000 
157309193990287 44.000000 
157309593950287 45.000000 
157310193875287 46.000000 
157310593832287 47.000000 
157311193759287 48.000000 
157311613706287 49.000000 
157312233631287 50.000000 
157312693578287 51.000000 
157313233515287 52.000000 
157313653462287 53.000000 
157314213395287 54.000000 
157314673338287 55.000000 
157315273272287 56.000000 
157315693219287 57.000000 
157316273150287 58.000000 
157316713093287 59.000000 
157317273035287 60.000000 
157317752974287 61.000000 
157318332911287 62.000000 
157318772856287 63.000000 
157319352787287 64.000000 
157319812728287 65.000000 
157320372667287 66.000000 
157320792614287 67.000000 
157321372545287 68.000000 
157321832488287 69.000000 
157322412424287 70.000000 
157322852371287 71.000000 
157323432300287 72.000000 
157323912247287 73.000000 
157324472176287 74.000000 
157324932121287 75.000000 
157325512048287 76.000000 
157325972000287 77.000000 
157326531930287 78.000000 
157327011872287 79.000000 
157327571804287 80.000000 
157328031755287 81.000000 
157328591685287 82.000000 
157329091631287 83.000000 
157329671558287 84.000000 
157330131505287 85.000000 
157330671436287 86.000000 
157331151385287 87.000000 
157331751310287 88.000000 
157332191259287 89.000000 
157332771186287 90.000000 
157333251136287 91.000000 
157333851061287 92.000000 
157334291016287 93.000000 
157334870941287 94.000000 
157335330888287 95.000000 
157335890817287 96.000000 
157336350766287 97.000000 
157336950693287 98.000000 
157337370640287 99.000000 
157337930575287 100.000000 
157338390516287 101.000000 
157338970454287 102.000000 
157339430397287 103.000000 
157340030330287 104.000000 
157340470275287 105.000000 
157341050206287 106.000000 
157341490151287 107.000000 
157342090083287 108.000000 
157342510030287 109.000000 
157343069965287 110.000000 
157343529906287 111.000000 
157344109844287 112.000000 
157344549789287 113.000000 
157345109728287 114.000000 
157345569671287 115.000000 
157346109606287 116.000000 
157346589545287 117.000000 
157347149486287 118.000000 
157347629425287 119.000000 
157348169358287 120.000000 
157348689295287 121.000000 
157349289229287 122.000000 
157349729174287 123.000000 
157350309105287 124.000000 
157350789052287 125.000000 
157351368979287 126.000000 
157351808926287 127.000000 
157352368857287 128.000000 
157352848806287 129.000000 
157353408736287 130.000000 
157353888684287 131.000000 
157354448614287 132.000000 
157354908560287 133.000000 
157355468490287 134.000000 
157355948438287 135.000000 
157356528365287 136.000000 
157356968314287 137.000000 
157357548241287 138.000000 
157358008195287 139.000000 
157358588120287 140.000000 
157359008079287 141.000000 
157359588004287 142.000000 
157360027953287 143.000000 
157360607880287 144.000000 
157361087827287 145.000000 
157361687754287 146.000000 
157362127699287 147.000000 
157362727628287 148.000000 
157363247569287 149.000000 
157363887490287 150.000000 
157364887368287 152.000000 
