# Created at Fri Mar 14 11:31:49 GMT+01:00 2025 in Burnaby Canada 
621131189689644 984.302246 
621131229679384 984.300293 
621131269683915 984.288818 
621131309689696 984.288574 
621131349689384 984.287842 
621131389667613 984.287354 
621131429689852 984.296143 
621131469690113 984.300537 
621131509688863 984.295166 
621131549683498 984.289063 
621131589668602 984.281982 
621131629689696 984.291260 
621131669679905 984.350830 
621131709689436 984.380127 
621131749689852 984.369385 
621131789689696 984.328857 
621131829680686 984.271973 
621131869693550 984.258057 
621131909689592 984.248047 
621131949689957 984.244629 
621131989684384 984.263916 
621132029689436 984.280762 
621132069689696 984.281494 
621132109689332 984.262451 
621132149683498 984.255859 
621132189668394 984.286621 
621132229689488 984.333496 
621132269688811 984.372070 
621132309689957 984.400635 
621132349689436 984.553467 
621132389689071 984.642334 
621132429679905 984.737305 
621132469683655 984.843018 
621132509689488 984.920166 
621132549689905 984.945313 
621132589679592 984.864746 
621132629689696 984.779541 
621132669689852 984.717041 
621132709683134 984.732910 
621132749690217 984.623047 
621132789689436 984.577881 
621132829683655 984.562012 
621132869689644 984.481689 
621132909689800 984.468506 
621132949679905 984.531982 
621132989690634 984.605957 
621133029689800 984.662354 
621133069689905 984.693604 
621133109680946 984.653809 
621133149689644 984.519043 
621133189689540 984.372559 
621133229690634 984.250244 
621133269679905 984.161133 
621133309690009 984.082031 
621133349689644 984.037842 
621133389689852 984.033447 
621133429684227 984.048340 
621133469689696 984.068604 
621133509689592 983.984863 
621133549689748 983.853027 
621133589691207 983.841797 
621133629689644 983.946777 
621133669689852 983.991699 
621133709680634 984.046631 
621133749689019 984.065674 
621133789689071 984.068848 
621133829690009 984.105469 
621133869680373 984.203613 
621133909689436 984.224854 
621133949689436 984.231689 
621133989689384 984.232422 
621134029684123 984.229004 
621134069689957 984.231934 
621134109689957 984.271973 
621134149689748 984.340820 
621134189689592 984.347656 
621134229689905 984.377686 
621134269690738 984.487061 
621134309681988 984.492188 
621134349682873 984.451904 
621134389796363 984.416504 
621134429689332 984.412842 
621134469680686 984.381592 
621134509689696 984.369629 
621134549690113 984.369385 
621134589689957 984.371338 
621134629684748 984.360107 
621134669683915 984.359375 
621134709688915 984.351074 
621134749689696 984.355957 
621134789689748 984.346680 
621134829688759 984.353027 
621134869689332 984.348389 
621134909680113 984.354492 
621134949683655 984.347900 
621134989684227 984.351318 
621135029689852 984.343506 
621135069680425 984.343262 
621135109690425 984.346924 
621135149689644 984.351563 
621135189689644 984.360596 
621135229668602 984.356689 
621135269689384 984.355225 
621135309689540 984.361328 
621135349690061 984.365723 
621135389689280 984.368164 
621135429688290 984.378418 
621135469689905 984.387695 
621135509680530 984.388672 
621135549763134 984.382813 
621135589689592 984.389893 
621135629689852 984.391846 
621135669680634 984.383789 
621135709689280 984.373779 
621135749689280 984.372314 
621135789689280 984.364502 
621135829680842 984.371826 
621135869689436 984.360107 
621135909689332 984.346436 
621135949689905 984.349854 
621135989689175 984.348389 
621136029690217 984.387695 
621136069689592 984.384033 
621136109689852 984.358887 
621136149684905 984.329590 
621136189687300 984.289795 
621136229689696 984.288574 
621136269680113 984.308838 
621136309689592 984.352539 
621136349688967 984.423340 
621136389689384 984.425781 
621136429680634 984.388428 
621136469689384 984.344971 
621136509733863 984.295166 
621136549689175 984.282715 
621136589689592 984.239258 
621136629689540 984.250000 
621136669689852 984.275635 
621136709689957 984.298828 
621136749683186 984.319824 
621136789689696 984.336670 
621136829689957 984.344971 
621136869680373 984.367676 
621136909689748 984.375977 
621136949689800 984.375488 
621136989689540 984.375244 
621137029680686 984.381592 
621137069685634 984.355225 
621137109689540 984.323730 
621137149689123 984.355225 
621137189668290 984.344971 
621137229689696 984.329102 
621137269690477 984.338867 
621137309689644 984.338135 
621137349686259 984.316406 
621137389686415 984.308105 
621137429689384 984.296387 
621137469680634 984.307861 
621137509689592 984.343506 
621137549689592 984.407227 
621137589689852 984.479492 
621137629681467 984.414063 
621137669682717 984.344482 
621137709689957 984.328613 
621137749689905 984.287354 
621137789668915 984.292969 
621137829690373 984.321777 
621137869688915 984.335449 
621137909688863 984.352539 
621137949684436 984.386230 
621137989686988 984.444092 
621138029689696 984.419922 
621138069680998 984.393066 
621138109689696 984.404785 
621138149689332 984.393799 
621138189689592 984.372559 
621138229680113 984.379639 
621138269689540 984.356201 
621138309689019 984.329346 
621138349689905 984.334473 
621138389674748 984.323730 
621138429689019 984.293945 
621138469689592 984.283691 
621138509689905 984.287598 
621138549683863 984.321777 
621138589668498 984.436279 
621138629689280 984.512207 
621138669668915 984.426025 
621138709689644 984.369385 
621138749689644 984.345947 
621138789689905 984.308105 
621138829680686 984.301514 
621138869687665 984.345947 
621138909683082 984.376709 
621138949689436 984.381348 
621138989680634 984.399902 
621139029689644 984.395020 
621139069689905 984.401855 
621139109690061 984.406250 
621139149684123 984.398438 
621139189683446 984.398193 
621139229690113 984.368164 
621139269700686 984.359863 
621139309688759 984.392334 
621139349689800 984.351807 
621139389689800 984.349609 
621139429680321 984.341309 
621139469683655 984.324951 
621139509689123 984.306152 
621139549688915 984.293457 
621139589679905 984.298584 
621139629689332 984.339844 
621139669689644 984.346191 
621139709689800 984.421875 
621139749685373 984.344482 
621139789688707 984.343506 
621139829688967 984.377197 
621139869690009 984.342773 
621139909689436 984.314453 
621139949689957 984.307373 
621139989689852 984.313965 
621140029680373 984.352295 
621140069683082 984.411865 
621140109667717 984.401367 
621140149688915 984.405518 
621140189679852 984.382568 
621140229689123 984.383545 
621140269689175 984.410400 
621140309689280 984.377930 
621140349668655 984.330322 
621140389689957 984.335938 
621140429689852 984.302490 
621140469688759 984.292480 
621140509689488 984.306885 
621140549689384 984.292969 
621140589689332 984.269775 
621140629681363 984.251709 
621140669682769 984.261719 
621140709693967 984.300537 
621140749688655 984.397217 
621140789682196 984.479248 
621140829689332 984.398926 
621140869689800 984.371826 
621140909689957 984.352539 
621140949671571 984.323486 
621140989687300 984.301270 
621141029689332 984.322510 
621141069689592 984.337891 
621141109690217 984.373779 
621141149689905 984.409668 
621141189690113 984.406250 
621141229689957 984.416504 
621141269684852 984.419189 
621141309686727 984.400146 
621141349689852 984.375244 
621141389680373 984.345459 
621141429689227 984.324707 
621141469689800 984.335449 
621141509689540 984.309570 
621141549680634 984.304199 
621141589690113 984.297852 
621141629682092 984.280518 
621141669689852 984.279785 
621141709667352 984.285156 
621141749690113 984.321777 
621141789689696 984.452637 
621141829689905 984.518311 
621141869685738 984.451172 
621141909683967 984.363037 
621141949689123 984.329102 
621141989680061 984.282227 
621142029689384 984.278564 
621142069688394 984.320068 
621142109690113 984.328125 
621142149680634 984.354004 
621142189677873 984.381104 
621142229681832 984.385254 
621142269689436 984.391602 
621142309668342 984.409180 
621142349689280 984.406006 
621142389689905 984.399902 
621142429690321 984.382568 
621142469682405 984.352783 
621142509668707 984.357178 
621142549689696 984.351318 
621142589680634 984.321045 
621142629689748 984.322266 
621142669689644 984.317627 
621142709689905 984.293945 
621142749680634 984.258789 
621142789682352 984.256348 
621142829689384 984.284668 
621142869689957 984.381836 
621142909669280 984.467529 
621142949689540 984.432617 
621142989689800 984.373291 
621143029690165 984.335693 
621143069684905 984.287354 
621143109683863 984.282715 
621143149689280 984.329590 
621143189680686 984.354004 
621143229688915 984.354980 
621143269689800 984.374268 
621143309689800 984.373779 
621143349680686 984.375732 
621143389864175 984.381836 
621143429686519 984.373047 
621143469689592 984.386230 
621143509668602 984.359619 
621143549689540 984.334473 
621143589689592 984.358398 
621143629689696 984.323730 
621143669682405 984.314941 
621143709668602 984.313477 
621143749689592 984.299561 
621143789693134 984.276123 
621143829691467 984.260010 
621143869689696 984.260742 
621143909689800 984.313232 
621143949680373 984.354004 
621143989686102 984.444336 
621144029689696 984.376709 
621144069689332 984.333740 
621144109680634 984.307129 
621144149689644 984.286865 
621144189689748 984.288818 
621144229690373 984.336670 
621144269684175 984.339111 
621144309689175 984.364990 
621144349690217 984.388428 
621144389689592 984.395020 
621144429689436 984.400146 
621144469689696 984.404541 
621144509689905 984.400635 
621144549680425 984.395508 
621144589683550 984.378906 
621144629690113 984.360596 
621144669689540 984.367188 
621144709680634 984.319580 
621144749689280 984.311279 
621144789689644 984.305420 
621144829689957 984.286377 
621144869767613 984.264893 
621144909689592 984.259277 
621144949689696 984.286865 
621144989689800 984.339600 
621145029689696 984.368164 
621145069689644 984.421875 
621145109690113 984.330078 
621145149681155 984.302002 
621145189683290 984.274658 
621145229683655 984.297852 
621145269689540 984.308350 
621145309680321 984.315430 
621145349689227 984.366211 
621145389689748 984.387695 
621145429689800 984.390869 
621145469669436 984.390381 
621145509684540 984.363525 
621145549732665 984.372070 
621145589689123 984.373047 
621145629689696 984.354492 
621145669689852 984.358643 
621145709689644 984.328857 
621145749680425 984.302490 
621145789778759 984.286133 
621145829688290 984.282227 
621145869690113 984.259521 
621145909680634 984.233643 
621145949690217 984.255127 
621145989689852 984.317627 
621146029689748 984.333496 
621146069667352 984.405029 
621146109686988 984.333496 
621146149683915 984.315186 
621146189689123 984.283203 
621146229689071 984.258789 
621146269690009 984.265869 
621146309689436 984.338379 
621146349688134 984.339844 
621146389855477 984.356689 
621146429779488 984.369141 
621146469690009 984.374756 
621146509680113 984.392090 
621146549689748 984.380615 
621146589689332 984.364014 
621146629689852 984.349121 
621146669681207 984.322754 
621146709682405 984.354492 
621146749690113 984.356445 
621146789689696 984.331787 
621146829689540 984.312012 
621146869689696 984.307861 
621146909689644 984.294922 
621146949689696 984.268799 
621146989683863 984.260742 
621147029689123 984.280518 
621147069688238 984.381836 
621147109679384 984.422852 
621147149689957 984.366943 
621147189689957 984.385498 
621147229689800 984.392334 
621147269680946 984.359131 
621147309682196 984.320801 
621147349688863 984.314209 
621147389689540 984.327393 
621147429689280 984.340088 
621147469689488 984.389893 
621147509688915 984.380371 
621147549689905 984.392822 
621147589683811 984.390137 
621147629689384 984.375000 
621147669688915 984.387207 
621147709680113 984.374512 
621147749689540 984.339355 
621147789689800 984.334961 
621147829690061 984.316162 
621147869680373 984.308105 
621147909684280 984.317383 
621147949683238 984.302734 
621147989689852 984.267578 
621148029666571 984.237305 
621148069689280 984.258789 
621148109689592 984.308105 
621148149688759 984.383057 
621148189685373 984.455322 
621148229686988 984.389893 
621148269688759 984.332031 
621148309679852 984.280273 
621148349688967 984.241943 
621148389688915 984.258301 
621148429688811 984.311768 
621148469679905 984.310303 
621148509688707 984.344482 
621148549688863 984.375244 
621148589689592 984.379883 
621148629667769 984.394775 
621148669689280 984.376465 
621148709689019 984.369873 
621148749688759 984.360352 
621148789683186 984.361084 
621148829688759 984.380615 
621148869689019 984.323730 
621148909680165 984.295898 
621148949688915 984.284424 
621148989689175 984.263184 
621149029688759 984.250977 
621149069679852 984.256836 
621149109683707 984.284424 
621149149696571 984.333984 
621149189689332 984.352783 
621149229680113 984.420410 
621149269689852 984.334229 
621149309689071 984.323486 
621149349689280 984.312988 
621149389682925 984.275146 
621149429684696 984.271484 
621149469688915 984.289795 
621149509690321 984.304443 
621149549689384 984.362549 
621149589689696 984.385742 
621149629689332 984.380127 
621149669680113 984.390381 
621149709683915 984.382324 
621149749687509 984.369141 
621149789667405 984.360107 
621149829680373 984.332275 
621149869689332 984.329590 
621149909689071 984.333008 
621149949690165 984.305420 
621149989737352 984.299072 
621150029689123 984.304688 
621150069689019 984.284912 
621150109691988 984.264404 
621150149689540 984.267334 
621150189689332 984.304688 
621150229689227 984.401855 
621150269680373 984.492920 
621150309686363 984.437988 
621150349684592 984.400635 
621150389689592 984.368652 
621150429680634 984.334717 
621150469689957 984.316406 
621150509690113 984.323730 
621150549689332 984.297852 
621150589682352 984.326904 
621150629682873 984.362549 
621150669689852 984.357178 
621150709689957 984.375977 
621150749689436 984.381348 
621150789688811 984.377686 
621150829688967 984.375244 
621150869681884 984.361328 
621150909683030 984.336182 
621150949686259 984.343506 
621150989688811 984.329346 
621151029679332 984.314941 
621151069689800 984.330566 
621151109689592 984.320313 
621151149689905 984.295654 
621151189668238 984.268066 
621151229682665 984.276123 
621151269689540 984.305908 
621151309689123 984.393066 
621151349689696 984.470459 
621151389688811 984.417480 
621151429690425 984.395020 
621151469679905 984.408447 
621151509804123 984.361328 
621151549686415 984.325684 
621151589689696 984.328613 
621151629680686 984.347656 
621151669689905 984.349121 
621151709688811 984.393311 
621151749689436 984.377930 
621151789683811 984.396973 
621151829684696 984.403564 
621151869667821 984.394043 
621151909689644 984.410156 
621151949688498 984.397461 
621151989688863 984.345215 
621152029689071 984.338867 
621152069689957 984.291016 
621152109683863 984.291260 
621152149686415 984.305420 
621152189688915 984.293457 
621152229680113 984.264404 
621152269689592 984.255371 
621152309689488 984.269287 
621152349689123 984.374268 
621152389679852 984.442383 
621152429683655 984.375488 
621152469687040 984.317383 
621152509689436 984.282715 
621152549689332 984.251953 
621152589689696 984.260986 
621152629689852 984.333740 
621152669689436 984.322754 
621152709684227 984.343262 
621152749689384 984.364990 
621152789689540 984.368896 
621152829680425 984.374268 
621152869689696 984.360596 
621152909689123 984.342285 
621152949689384 984.347168 
621152989681155 984.377197 
621153029689540 984.371582 
621153069684436 984.343262 
621153109689280 984.349365 
621153149668394 984.317383 
621153189689800 984.314697 
621153229689592 984.296631 
621153269689957 984.258789 
621153309684540 984.232910 
621153349685321 984.233887 
621153389688967 984.280518 
621153429680842 984.374023 
621153469689175 984.453369 
621153509689957 984.384521 
621153549689905 984.327637 
621153589680634 984.331299 
621153629668342 984.286621 
621153669682040 984.283203 
621153709689696 984.310059 
621153749670530 984.335449 
621153789689384 984.342773 
621153829690582 984.375000 
621153869689436 984.377930 
621153909683655 984.387939 
621153949682821 984.391602 
621153989689957 984.364746 
621154029680530 984.378418 
621154069689800 984.372559 
621154109689540 984.352051 
621154149689540 984.351074 
621154189680373 984.326660 
621154229689852 984.302246 
621154269684696 984.314453 
621154309689592 984.298828 
621154349676415 984.271973 
621154389689696 984.250000 
621154429690061 984.270264 
621154469689592 984.300049 
621154509687509 984.357422 
621154549689852 984.431396 
621154589689592 984.364014 
621154629690113 984.348877 
621154669688342 984.328613 
621154709689644 984.313232 
621154749690009 984.306641 
621154789680894 984.313965 
621154829687509 984.299316 
621154869680738 984.339355 
621154909689019 984.386230 
621154949679852 984.385742 
621154989688655 984.387207 
621155029691467 984.398438 
621155069689540 984.395752 
621155109687509 984.389893 
621155149681467 984.373047 
621155189690477 984.333740 
621155229686571 984.331299 
621155269690061 984.294189 
621155309689905 984.300537 
621155349689852 984.300293 
621155389680425 984.280518 
621155429685113 984.252197 
621155469688759 984.247314 
621155509689019 984.295410 
621155549680634 984.338623 
621155589689696 984.416260 
621155629689644 984.461670 
621155669689957 984.387695 
621155709728915 984.320801 
621155749689384 984.276855 
621155789689592 984.262939 
621155829690425 984.306396 
621155869689852 984.330322 
621155909689696 984.332764 
621155949691675 984.351074 
621155989680634 984.376221 
621156029682300 984.364990 
621156069689540 984.339844 
621156109688915 984.345459 
621156149680165 984.326660 
621156189689748 984.303467 
621156229689696 984.336182 
621156269689332 984.304932 
621156309669436 984.305664 
621156349668342 984.305176 
621156389689905 984.283203 
621156429690165 984.252686 
621156469689540 984.235352 
621156509689696 984.260742 
621156549690165 984.311768 
621156589680686 984.349854 
621156629749957 984.429199 
621156669683759 984.327148 
621156709689800 984.256836 
621156749680165 984.267090 
621156789689644 984.254639 
621156829689852 984.270020 
621156869689696 984.264648 
621156909667040 984.271973 
621156949694436 984.328613 
621156989683186 984.357178 
621157029689384 984.340820 
621157069689280 984.363770 
621157109689696 984.372559 
621157149690061 984.370850 
621157189689332 984.370850 
621157229683394 984.347168 
621157269836236 984.341309 
621157309689726 984.345459 
621157349680246 984.319580 
621157389690038 984.318848 
621157429688632 984.302979 
621157469688944 984.266113 
621157509682069 984.236084 
621157549689882 984.229248 
621157589820611 984.277100 
621157629690090 984.408936 
621157669689986 984.497559 
621157709690559 984.433350 
621157749690194 984.358887 
621157789690455 984.379150 
621157829683944 984.328125 
621157869683424 984.312988 
621157909690299 984.318604 
621157949680246 984.359619 
621157989689101 984.366699 
621158029689674 984.404053 
621158069689778 984.382568 
621158109680767 984.389893 
621158149689986 984.388428 
621158189668892 984.385742 
621158229690767 984.395020 
621158269689934 984.356445 
621158309690299 984.323242 
621158349690455 984.333496 
621158389689934 984.288818 
621158429684517 984.294678 
621158469689413 984.295898 
621158509689986 984.281006 
621158549681028 984.255371 
621158589688944 984.238281 
621158629690194 984.267822 
621158669689257 984.317383 
621158709680819 984.334229 
621158749669101 984.410645 
621158789689465 984.347168 
621158829690924 984.302002 
621158869668111 984.270264 
621158909689934 984.244873 
621158949690038 984.262939 
621158989690038 984.314453 
621159029685559 984.318359 
621159069684101 984.346436 
621159109689986 984.364746 
621159149681028 984.369873 
621159189689205 984.385742 
621159229689934 984.368652 
621159269689986 984.359863 
621159309680767 984.353271 
621159349724882 984.366211 
621159389684205 984.336914 
621159429690351 984.352295 
621159469667746 984.308838 
621159509690038 984.308105 
621159549690038 984.294922 
621159589690194 984.234131 
621159629684153 984.218506 
621159669686444 984.249268 
621159709688944 984.294922 
621159749681549 984.332031 
621159789690090 984.428711 
621159829690194 984.347656 
621159869690611 984.277832 
621159909680924 984.267090 
621159949684778 984.264893 
621159989790507 984.274414 
621160029690090 984.296631 
621160069678684 984.306152 
621160109690559 984.325928 
621160149690351 984.336426 
621160189689465 984.354980 
621160229683319 984.372070 
621160269691809 984.378174 
621160309689934 984.398926 
621160349691132 984.387207 
621160389690090 984.343262 
621160429690715 984.318115 
621160469689778 984.294922 
621160509680767 984.260742 
621160549684830 984.314453 
621160589687069 984.320313 
621160629689413 984.285889 
621160669680246 984.256104 
621160709689569 984.262207 
621160749689934 984.302002 
621160789690351 984.356689 
621160829747330 984.455322 
621160869681340 984.384521 
621160909689726 984.359375 
621160949690038 984.309082 
621160989690142 984.280273 
621161029690299 984.296387 
621161069689726 984.327393 
621161109680767 984.314453 
621161149691809 984.349121 
621161189688528 984.360840 
621161229690194 984.354248 
621161269681028 984.367920 
621161309689726 984.351563 
621161349689986 984.351807 
621161389690142 984.346436 
621161429684726 984.353027 
621161469689934 984.339844 
621161509690351 984.333740 
621161549689726 984.292969 
621161589688996 984.286133 
621161629690403 984.284180 
621161669689726 984.266846 
621161709681080 984.252930 
621161749668684 984.260498 
621161789689049 984.281738 
621161829690038 984.330811 
621161869680559 984.423096 
621161909691132 984.412598 
621161949689465 984.426025 
621161989689726 984.375000 
621162029670715 984.322998 
621162069686340 984.314453 
621162109689517 984.346436 
621162149689986 984.349121 
621162189688944 984.345459 
621162229689049 984.383301 
621162269690246 984.375732 
621162309680767 984.373535 
621162349718788 984.357422 
621162389684257 984.358887 
621162429689309 984.362061 
621162469680299 984.363037 
621162509690038 984.350098 
621162549690142 984.346191 
621162589690611 984.307129 
621162629683267 984.299072 
621162669690038 984.307129 
621162709690194 984.298096 
621162749690246 984.269287 
621162789688840 984.253174 
621162829690038 984.262451 
621162869690767 984.312744 
621162909690663 984.329102 
621162949683892 984.422119 
621162989687330 984.345215 
621163029690090 984.303467 
621163069681028 984.284668 
621163109689830 984.257324 
621163149690351 984.260010 
621163189689882 984.322021 
621163229681028 984.346436 
621163269690246 984.363525 
621163309690351 984.356934 
621163349689674 984.367920 
621163389689726 984.372559 
621163429690351 984.396240 
621163469690611 984.382324 
621163509690299 984.357178 
621163549684726 984.333740 
621163589683007 984.334961 
621163629690507 984.289795 
621163669680767 984.313477 
621163709690403 984.316895 
621163749689517 984.290527 
621163789689986 984.250977 
621163829681028 984.249756 
621163869683580 984.280029 
621163909690299 984.402344 
621163949690351 984.459961 
621163989689830 984.477539 
621164029689778 984.437012 
621164069692278 984.375000 
621164109690351 984.309570 
621164149684309 984.307617 
621164189684257 984.342041 
621164229689934 984.348877 
621164269681288 984.344727 
621164309689778 984.385498 
621164349689674 984.383301 
621164389689674 984.389893 
621164429680299 984.385010 
621164469668736 984.371094 
621164509689465 984.371826 
621164549689413 984.359375 
621164589668632 984.336426 
621164629689361 984.365479 
621164669689830 984.322510 
621164709689465 984.311279 
621164749685299 984.300781 
621164789689465 984.281006 
621164829689413 984.253662 
621164869681028 984.227783 
621164909689986 984.242920 
621164949689986 984.290527 
621164989690194 984.306396 
621165029680246 984.410156 
621165069691132 984.364990 
621165109684517 984.309814 
621165149689986 984.315918 
621165189667694 984.298096 
621165229689257 984.290527 
621165269690767 984.322510 
621165309690246 984.334229 
621165349683632 984.349121 
621165389684517 984.380127 
621165429689726 984.375000 
621165469689049 984.377441 
621165509688892 984.392090 
621165549689413 984.364746 
621165589690090 984.368896 
621165629680767 984.347656 
621165669685924 984.333008 
621165709684465 984.342285 
621165749690038 984.300781 
621165789681288 984.296387 
621165829690559 984.295166 
621165869690142 984.271484 
621165909690299 984.253174 
621165949684257 984.232422 
621165989797799 984.263672 
621166029689830 984.354736 
621166069689413 984.391846 
621166109690038 984.447754 
621166149690299 984.372314 
621166189690507 984.300781 
621166229680819 984.287354 
621166269682382 984.277588 
621166309699205 984.286377 
621166349690246 984.300293 
621166389680299 984.304688 
621166429690090 984.340332 
621166469690819 984.352539 
621166509689986 984.362061 
621166549735715 984.376465 
621166589681340 984.383057 
621166629690246 984.414307 
621166669689934 984.382813 
621166709690038 984.357178 
621166749690194 984.351318 
621166789690559 984.325195 
621166829681028 984.307373 
621166869683111 984.281738 
621166909668371 984.256348 
621166949689257 984.232666 
621166989680246 984.241943 
621167029689726 984.283203 
621167069689257 984.372559 
621167109690611 984.423340 
621167149669517 984.377930 
621167189689934 984.331543 
621167229689309 984.333740 
621167269689153 984.311035 
621167309689882 984.306885 
621167349690611 984.316895 
621167389689205 984.322754 
621167429680507 984.348389 
621167469697694 984.386475 
621167509686653 984.378662 
621167549690090 984.386719 
621167589681028 984.382568 
621167629689049 984.374512 
621167669690507 984.387695 
621167709692382 984.362305 
621167749669778 984.343506 
621167789682278 984.366943 
621167829668319 984.313965 
621167869689726 984.318604 
621167909690142 984.312256 
621167949689205 984.287842 
621167989690403 984.253906 
621168029681080 984.236328 
621168069884621 984.265381 
621168109690090 984.314209 
621168149689674 984.330566 
621168189680767 984.421631 
621168229689205 984.355713 
621168269689882 984.292236 
621168309690299 984.260742 
621168349684205 984.250000 
621168389687278 984.267334 
621168429688319 984.314453 
621168469689934 984.311523 
621168509688944 984.344482 
621168549689569 984.355713 
621168589690351 984.362061 
621168629689986 984.363525 
621168669684726 984.368652 
621168709683267 984.385254 
621168749689726 984.375977 
621168789680507 984.371582 
621168829688944 984.373047 
621168869689517 984.360352 
621168909689413 984.326172 
621168949681288 984.322266 
621168989683684 984.308350 
621169029682799 984.298584 
621169069689934 984.270752 
621169109690038 984.263184 
621169149689986 984.292969 
621169189690090 984.351807 
621169229690038 984.398193 
621169269684569 984.424072 
621169309686861 984.344482 
621169349690299 984.283936 
621169389680819 984.278809 
621169429689049 984.252197 
621169469690351 984.250244 
621169509690246 984.274414 
621169549681028 984.309814 
621169589725819 984.363037 
621169629689413 984.375977 
621169669690038 984.387939 
621169709668996 984.389160 
621169749690299 984.367920 
621169789690090 984.389404 
621169829689778 984.386719 
621169869683476 984.339600 
621169909685611 984.339355 
621169949690090 984.293945 
621169989680976 984.308838 
621170029690038 984.328369 
621170069689986 984.306396 
621170109690299 984.274414 
621170149680715 984.253662 
621170189689205 984.289307 
621170229683371 984.333740 
621170269690246 984.357178 
621170309668684 984.452637 
621170349688632 984.367676 
621170389689361 984.318115 
621170429690090 984.290039 
621170469683840 984.268799 
621170509682538 984.317871 
621170549689465 984.315186 
621170589681132 984.335938 
621170629690038 984.363770 
621170669689361 984.358643 
621170709689465 984.367432 
621170749679986 984.349365 
621170789688788 984.355713 
621170829683788 984.348389 
621170869689830 984.346191 
621170909668215 984.342041 
621170949690976 984.355713 
621170989689465 984.338867 
621171029690455 984.324463 
621171069684361 984.311523 
621171109682434 984.289795 
621171149689934 984.272217 
621171189690246 984.277100 
621171229690038 984.321289 
621171269690090 984.390381 
621171309689569 984.477783 
621171349680246 984.414795 
621171389682746 984.371338 
621171429683007 984.368164 
621171469802955 984.310303 
621171509681028 984.294189 
621171549689882 984.338867 
621171589690246 984.378174 
621171629689726 984.380615 
621171669685819 984.393311 
621171709682799 984.386475 
621171749683840 984.382568 
621171789690194 984.387451 
621171829689934 984.369629 
621171869689517 984.371094 
621171909690038 984.346191 
621171949681028 984.327393 
621171989686549 984.349854 
621172029681809 984.310547 
621172069690194 984.306641 
621172109681288 984.305664 
621172149690090 984.303223 
621172189689882 984.279541 
621172229689882 984.268799 
621172269770038 984.284668 
621172309683528 984.322021 
621172349690246 984.384766 
621172389688684 984.463623 
621172429689830 984.367920 
621172469690611 984.360107 
621172509690611 984.341553 
621172549681496 984.305664 
621172589683892 984.316650 
621172629689465 984.329590 
621172669689830 984.320801 
621172709680507 984.358398 
621172749689830 984.383301 
621172789689309 984.379639 
621172829689778 984.388916 
621172869669674 984.394043 
621172909689934 984.392090 
621172949689934 984.384277 
621172989689778 984.350830 
621173029689726 984.344971 
621173069689726 984.331055 
621173109689517 984.319092 
621173149680507 984.307129 
621173189684934 984.300537 
621173229682069 984.282227 
621173269689986 984.260254 
621173309680715 984.259033 
621173349689726 984.278564 
621173389689986 984.341064 
621173429690299 984.451172 
621173469668892 984.412598 
621173509690455 984.389404 
621173549690351 984.360840 
621173589689257 984.295898 
621173629689830 984.300781 
621173669690090 984.339844 
621173709690194 984.351318 
621173749681028 984.350098 
621173789761080 984.373047 
621173829686496 984.375977 
621173869689830 984.386719 
621173909680767 984.399414 
621173949689934 984.396484 
621173989690299 984.393555 
621174029690351 984.343018 
621174069680246 984.324951 
621174109789621 984.300049 
621174149670090 984.312012 
621174189690090 984.311523 
621174229688944 984.298340 
621174269690299 984.273193 
621174309690246 984.266846 
621174349689674 984.314453 
621174389685299 984.387207 
621174429689153 984.466553 
621174469690507 984.422119 
621174509680767 984.428467 
621174549689674 984.385010 
621174589690038 984.344971 
621174629690767 984.331055 
621174669680507 984.352783 
621174709682851 984.355957 
621174749684101 984.360352 
621174789689465 984.391113 
621174829690455 984.377930 
621174869689778 984.392090 
621174909690246 984.389893 
621174949690299 984.364990 
621174989683840 984.386475 
621175029683163 984.352295 
621175069688892 984.358398 
621175109680767 984.353516 
621175149689934 984.328613 
621175189688580 984.324951 
621175229689517 984.309814 
621175269680767 984.287842 
621175309732226 984.259521 
621175349689778 984.263184 
621175389689934 984.312500 
621175429668528 984.381104 
621175469690090 984.455322 
621175509690142 984.418213 
621175549689621 984.414063 
621175589691236 984.372314 
621175629689569 984.324951 
621175669689153 984.315430 
621175709680767 984.344727 
621175749689830 984.351807 
621175789690663 984.348145 
621175829689674 984.387695 
621175869680246 984.371094 
621175909683788 984.376953 
621175949690038 984.381592 
621175989688788 984.380127 
621176029670715 984.372559 
621176069689830 984.331299 
621176109688892 984.331543 
621176149689778 984.330322 
621176189683580 984.302246 
621176229684257 984.322021 
621176269689257 984.312988 
621176309680819 984.289063 
621176349689153 984.261719 
621176389690090 984.255859 
621176429690194 984.282227 
621176469681028 984.366943 
621176509693840 984.455322 
621176549687642 984.472168 
621176589689934 984.416748 
621176629669517 984.363281 
621176669690194 984.311768 
621176709689830 984.316162 
621176749690246 984.361816 
621176789684674 984.364990 
621176829690246 984.340088 
621176869689361 984.366943 
621176909689517 984.369141 
621176949689830 984.385254 
621176989690090 984.397705 
621177029689153 984.372314 
621177069680507 984.375732 
621177109683163 984.365479 
621177149689153 984.355957 
621177189690663 984.381348 
621177229681288 984.327637 
621177269688684 984.297119 
621177309689934 984.291504 
621177349690351 984.274170 
621177389682538 984.252197 
621177429686132 984.242920 
621177469683892 984.277588 
621177509690299 984.355225 
621177549689674 984.415527 
621177589689569 984.455078 
621177629689778 984.370605 
621177669680507 984.322510 
621177709682799 984.306396 
621177749687226 984.281494 
621177789689517 984.322754 
621177829680976 984.318604 
621177869689257 984.348145 
621177909689205 984.363525 
621177949689413 984.366455 
621177989726444 984.380127 
621178029690194 984.388428 
621178069689674 984.388184 
621178109689726 984.377197 
621178149689674 984.340088 
621178189690194 984.326172 
621178229690142 984.318359 
621178269680767 984.289551 
621178309686496 984.297363 
621178349690194 984.299561 
621178389683892 984.283691 
621178429680507 984.263184 
621178469689986 984.265381 
621178509689465 984.301025 
621178549689986 984.409912 
621178589675559 984.476807 
621178629684413 984.462891 
621178669689465 984.401855 
621178709690455 984.335693 
621178749689986 984.272949 
621178789690507 984.300049 
621178829689153 984.358643 
621178869680767 984.364746 
621178909668684 984.357178 
621178949682903 984.371338 
621178989690611 984.385498 
621179029680246 984.395508 
621179069691861 984.387939 
621179109690090 984.390625 
621179149689830 984.377441 
621179189668111 984.350830 
621179229688424 984.352295 
621179269690246 984.371338 
621179309689986 984.332520 
621179349690090 984.302490 
621179389689986 984.291260 
621179429689934 984.273682 
621179469686184 984.261475 
621179509684569 984.270264 
621179549683996 984.301514 
621179589689726 984.362793 
621179629679726 984.422852 
621179669689726 984.378662 
621179709690246 984.384521 
621179749690246 984.373047 
621179789680767 984.329102 
621179829689778 984.311768 
621179869689830 984.323486 
621179909689413 984.321533 
621179949690507 984.347168 
621179989690090 984.387939 
621180029689986 984.379150 
621180069690559 984.379639 
621180109685142 984.390869 
621180149684049 984.391846 
621180189689882 984.371582 
621180229680767 984.369385 
621180269690611 984.343018 
621180309689934 984.344971 
621180349690090 984.297363 
621180389680819 984.302734 
621180429689830 984.306885 
621180469691653 984.299072 
621180509690246 984.290283 
621180549666965 984.269531 
621180589669101 984.291748 
621180629690038 984.349854 
621180669688944 984.341797 
621180709685819 984.436279 
621180749683267 984.352539 
621180789690194 984.296875 
621180829680767 984.261475 
621180869688944 984.252197 
621180909689309 984.277588 
621180949690559 984.321045 
621180989680767 984.311035 
621181029690194 984.364746 
621181069689830 984.383301 
621181109690142 984.381348 
621181149667955 984.375977 
621181189690090 984.383789 
621181229689621 984.391113 
621181269689674 984.364990 
621181309684726 984.323975 
621181349686809 984.342285 
621181389689413 984.309082 
621181429681913 984.314209 
621181469690246 984.316895 
621181509689049 984.291504 
621181549692017 984.262695 
621181589680246 984.278564 
621181629689205 984.332275 
621181669689934 984.358154 
621181709689674 984.440674 
621181749668632 984.372314 
621181789689986 984.338867 
621181829689986 984.308594 
621181869690559 984.291504 
621181909684153 984.302979 
621181949681861 984.340088 
621181989690194 984.332031 
621182029680507 984.365234 
621182069689569 984.388428 
621182109690194 984.390381 
621182149690246 984.395264 
621182189680976 984.399414 
621182229687642 984.383789 
621182269715819 984.378906 
621182309689986 984.370850 
621182349684153 984.359131 
621182389689986 984.369873 
621182429690038 984.333008 
621182469689465 984.321533 
621182509684257 984.309082 
621182549690246 984.297119 
621182589681392 984.279053 
621182629690246 984.273926 
621182669690038 984.297607 
621182709689674 984.355957 
621182749689465 984.386719 
621182789681028 984.437744 
621182829684726 984.373047 
621182869690038 984.346680 
621182909690038 984.340332 
621182949681080 984.303467 
621182989689986 984.296875 
621183029690299 984.292480 
621183069690299 984.310059 
621183109687799 984.389893 
621183149689778 984.403076 
621183189689830 984.381592 
621183229690246 984.376465 
621183269689517 984.382813 
621183309690611 984.380371 
621183349689830 984.359131 
621183389680507 984.325684 
621183429684830 984.354248 
621183469688840 984.309326 
621183509690299 984.317871 
621183549680767 984.334473 
621183589689934 984.322754 
621183629690611 984.299316 
621183669690194 984.276611 
621183709687694 984.284668 
621183749690090 984.342041 
621183789689830 984.365723 
621183829689726 984.447998 
621183869689674 984.379639 
621183909689986 984.299805 
621183949690194 984.284668 
621183989680559 984.261719 
621184029686496 984.280518 
621184069690246 984.340576 
621184109690246 984.329834 
621184149681028 984.345703 
621184189689778 984.374023 
621184229689726 984.383545 
621184269689934 984.384033 
621184309668892 984.367676 
621184349755663 984.371582 
621184389690299 984.350098 
621184429690611 984.344727 
621184469689361 984.355713 
621184509689726 984.367432 
621184549690038 984.337402 
621184589681028 984.346680 
621184629745559 984.335693 
621184669784778 984.311523 
621184709689361 984.280273 
621184749680507 984.276367 
621184789689726 984.306396 
621184829689934 984.366943 
621184869689621 984.395264 
621184909669726 984.413086 
621184949684309 984.352051 
621184989681757 984.348877 
621185029690663 984.337891 
621185069689726 984.345459 
621185109690299 984.331055 
621185149690246 984.329346 
621185189693163 984.390137 
621185229682226 984.402588 
621185269683892 984.406494 
621185309690246 984.408936 
621185349680246 984.394043 
621185389690246 984.394287 
621185429688944 984.388672 
621185469689934 984.358154 
621185509681028 984.334229 
621185549689674 984.363037 
621185589689309 984.337646 
621185629690038 984.340332 
621185669689726 984.336426 
621185709689934 984.311279 
621185749689986 984.288818 
621185789690507 984.279541 
621185829684986 984.302734 
621185869684778 984.397461 
621185909690090 984.432861 
621185949680507 984.447021 
621185989689830 984.373779 
621186029689934 984.335205 
621186069690194 984.294434 
621186109680246 984.277832 
621186149688944 984.322754 
621186189689934 984.365479 
621186229689986 984.361084 
621186269691861 984.391113 
621186309690299 984.398926 
621186349690194 984.393311 
621186389689986 984.403076 
621186429684986 984.389648 
621186469681288 984.390625 
621186509689986 984.364258 
621186549681028 984.361328 
621186589688996 984.370117 
621186629689517 984.358398 
621186669689517 984.345947 
621186709680455 984.347168 
621186749689778 984.329834 
621186789689882 984.311523 
621186829689465 984.293701 
621186869667330 984.296143 
621186909689413 984.314697 
621186949689934 984.473389 
621186989690351 984.514160 
621187029686861 984.429688 
621187069683788 984.407227 
621187109689986 984.375244 
621187149681028 984.351074 
621187189689621 984.339111 
621187229689674 984.341309 
621187269690299 984.343750 
621187309680767 984.371826 
621187349689934 984.417236 
621187389683059 984.412842 
621187429689778 984.412842 
621187469669153 984.410156 
621187509689517 984.391846 
621187549690715 984.384033 
621187589689517 984.362549 
621187629685038 984.329834 
621187669807434 984.357910 
621187709689621 984.328125 
621187749680767 984.325684 
621187789689621 984.330078 
621187829689934 984.315674 
621187869690038 984.302490 
621187909680767 984.283936 
621187949687590 984.299072 
621187989684413 984.353760 
621188029690246 984.402344 
621188069684934 984.440918 
621188109690038 984.377441 
621188149690715 984.294434 
621188189689674 984.271484 
621188229683215 984.251221 
621188269683267 984.281738 
621188309689465 984.361572 
621188349690299 984.362793 
621188389689726 984.370117 
621188429690090 984.386719 
621188469689778 984.395996 
621188509680767 984.406494 
621188549684153 984.376953 
621188589668944 984.371582 
621188629668319 984.369873 
621188669680246 984.383057 
621188709689361 984.355469 
621188749690455 984.319580 
621188789689934 984.317871 
621188829684726 984.315430 
621188869683424 984.291260 
621188909690194 984.264893 
621188949690611 984.246094 
621188989689257 984.258545 
621189029689621 984.296631 
621189069689517 984.343994 
621189109681028 984.450928 
621189149683059 984.417969 
621189189682486 984.354492 
621189229689778 984.358398 
621189269681080 984.336426 
621189309689517 984.313477 
621189349689309 984.308594 
621189389690507 984.322021 
621189429685507 984.339600 
621189469685924 984.394043 
621189509689413 984.398438 
621189549690194 984.404053 
621189589690663 984.417236 
621189629690194 984.404785 
621189669689986 984.398438 
621189709680715 984.399658 
621189749688319 984.365967 
621189789681965 984.337891 
621189829682486 984.341553 
621189869680194 984.325195 
621189909690976 984.340088 
621189949689830 984.336182 
621189989689465 984.313965 
621190029673267 984.288574 
621190069690194 984.283691 
621190109682434 984.313477 
621190149690090 984.383789 
621190189689778 984.449707 
621190229690299 984.435791 
621190269689882 984.403320 
621190309681028 984.385986 
621190349683840 984.358398 
621190389683215 984.327148 
621190429689257 984.314453 
621190469681028 984.331543 
621190509689986 984.336182 
621190549690038 984.383545 
621190589690194 984.386719 
621190629668736 984.383789 
621190669689674 984.389893 
621190709687174 984.367920 
621190749689465 984.375488 
621190789688996 984.370605 
621190829689049 984.355469 
621190869690090 984.349609 
621190909694101 984.332275 
621190949685455 984.323486 
621190989684517 984.334961 
621191029690194 984.322510 
621191069680976 984.294434 
621191109690090 984.267090 
621191149689778 984.258301 
621191189690194 984.286377 
621191229680507 984.352783 
621191269805559 984.414551 
621191309690351 984.436035 
621191349690194 984.408447 
621191389689778 984.361572 
621191429690455 984.326172 
621191469690142 984.293213 
621191509689726 984.320313 
621191549683528 984.316406 
621191589690351 984.325195 
621191629690194 984.357910 
621191669679726 984.350342 
621191709690038 984.382080 
621191749690194 984.386475 
621191789688892 984.379639 
621191829680507 984.394531 
621191869682746 984.381104 
621191909682069 984.370361 
621191949689153 984.351318 
621191989689726 984.355957 
621192029690038 984.324219 
621192069689986 984.350830 
621192109689101 984.345947 
621192149684309 984.323486 
621192189683319 984.281738 
621192229689986 984.278076 
621192269680507 984.304443 
621192309689674 984.373047 
621192349690351 984.442871 
621192389689413 984.405518 
621192429681288 984.362305 
621192469683007 984.315430 
621192509683632 984.290771 
621192549690194 984.311768 
621192589666757 984.345459 
621192629689465 984.340088 
621192669689517 984.383545 
621229230142823 984.324707 
621229270148344 984.315918 
621229310149959 984.316650 
621229350140479 984.310547 
621229390148813 984.316406 
621229430148813 984.300293 
621229470149282 984.300293 
621229510148136 984.293701 
621229550148761 984.289795 
621229590148604 984.281738 
621229630187094 984.283691 
621229670142511 984.289551 
621229710148500 984.290527 
621229750150011 984.292480 
621229790140792 984.298096 
621229830148552 984.290527 
621229870149334 984.291016 
