# Created at Fri Mar 14 12:09:12 GMT+01:00 2025 in Burnaby Canada 
157983697732138 986.474365 
157983797720338 986.477539 
157983897708571 986.477051 
157983997696804 986.476074 
157984097685004 986.476563 
157984197673204 986.469482 
157984297661404 986.468994 
157984397649304 986.463135 
157984497637204 986.463623 
157984597625370 986.468262 
157984697613603 986.462646 
157984797601803 986.465576 
157984897590003 986.467285 
157984997578236 986.459717 
157985097566469 986.464111 
157985197554669 986.466309 
157985297542869 986.471924 
157985397531035 986.469238 
157985497519135 986.467529 
157985597507235 986.469971 
157985697495468 986.481689 
157985797483701 986.488525 
157985897471901 986.481934 
157985997460101 986.481689 
157986097448334 986.489258 
157986197436567 986.500732 
157986297424767 986.493652 
157986397412967 986.483887 
157986497400933 986.487549 
157986597388799 986.489990 
157986697376865 986.502930 
157986797365065 986.490234 
157986897353231 986.495117 
157986997341397 986.500244 
157987097329563 986.501953 
157987197317763 986.496826 
157987297305929 986.497070 
157987397294095 986.500000 
157987497282261 986.506348 
157987597270194 986.500732 
157987697258060 986.504395 
157987797246060 986.494385 
157987897234060 986.495117 
157987997222026 986.498291 
157988097209992 986.501465 
157988197197992 986.494873 
157988297185992 986.499756 
157988397173992 986.497559 
157988497161958 986.493408 
157988597149958 986.496094 
157988697137824 986.498535 
157988797125690 986.499268 
157988897113856 986.499756 
157988997102089 986.503906 
157989097090289 986.498779 
157989197078489 986.503906 
157989297066722 986.497314 
157989397054955 986.502930 
157989497043155 986.504150 
157989597031355 986.497314 
157989697019388 986.499023 
157989797007288 986.504883 
157989896995188 986.502686 
157989996983421 986.501465 
157990096971654 986.506836 
157990196959854 986.501221 
157990296948054 986.490479 
157990396936287 986.487061 
157990496924520 986.488525 
157990596912720 986.493896 
157990696900986 986.493408 
157990796889086 986.484863 
157990896877186 986.495605 
157990996865319 986.497314 
157991096853552 986.494385 
157991196841818 986.496094 
157991296830018 986.501709 
157991396818218 986.508545 
157991496806451 986.502197 
157991596794651 986.493164 
157991696782917 986.495117 
157991796771117 986.495850 
157991896759050 986.481934 
157991996746916 986.474854 
157992096735016 986.475830 
157992196723282 986.470947 
157992296711448 986.479980 
157992396699614 986.484863 
157992496687780 986.490723 
157992596675980 986.494385 
157992696664213 986.487793 
157992796652379 986.476074 
157992896640545 986.483154 
157992996628411 986.478516 
157993096616277 986.479736 
157993196604343 986.481689 
157993296592343 986.481689 
157993396580309 986.484375 
157993496568275 986.481689 
157993596556275 986.489990 
157993696544275 986.491699 
157993796532241 986.483887 
157993896520207 986.476807 
157993996508173 986.475586 
157994096496039 986.472656 
157994196483939 986.496582 
157994296472172 986.502930 
157994396460405 986.503906 
157994496448605 986.510254 
157994596436805 986.506592 
157994696425038 986.497314 
157994796413271 986.502197 
157994896401471 986.504150 
157994996389671 986.504395 
157995096377671 986.496094 
157995196365571 986.495361 
157995296353604 986.497803 
157995396341837 986.505127 
157995496330070 986.505127 
157995596318270 986.502930 
157995696306470 986.504150 
157995796294703 986.498779 
157995896282936 986.498047 
157995996271136 986.496582 
157996096259336 986.492188 
157996196247436 986.491943 
157996296235536 986.486816 
157996396223702 986.489258 
157996496211935 986.493164 
157996596200135 986.497070 
157996696188335 986.502441 
157996796176568 986.500977 
157996896164801 986.504395 
157996996153001 986.507813 
157997096141201 986.497803 
157997196129401 986.505371 
157997296117267 986.500488 
157997396105133 986.495605 
157997496093333 986.498291 
157997596081533 986.495361 
157997696069699 986.499023 
157997796057865 986.496826 
157997896046031 986.494873 
157997996034231 986.501465 
157998096022397 986.501221 
157998196010563 986.505615 
157998295998596 986.498779 
157998395986462 986.499512 
157998495974328 986.496582 
157998595962328 986.504150 
157998695950328 986.501953 
157998795938294 986.508545 
157998895926260 986.506104 
157998995914260 986.504150 
157999095902260 986.510254 
157999195890226 986.505127 
157999295878192 986.501709 
157999395866125 986.498779 
157999495853991 986.496338 
157999595842057 986.495361 
157999695830290 986.495850 
157999795818490 986.501953 
157999895806690 986.501709 
157999995794923 986.498535 
158000095783156 986.504150 
158000195771356 986.517090 
158000295759556 986.506348 
158000395747756 986.506836 
158000495735656 986.500244 
158000595723556 986.497803 
158000695711656 986.494629 
158000795699889 986.494141 
158000895688122 986.492188 
158000995676322 986.504639 
158001095664522 986.511475 
158001195652755 986.522217 
158001295640988 986.520508 
158001395629188 986.522949 
158001495617388 986.520020 
158001595605488 986.514160 
158001695593588 986.506836 
158001795581821 986.501953 
158001895570054 986.495117 
158001995558254 986.496338 
158002095546454 986.493408 
158002195534687 986.495117 
158002295522920 986.500732 
158002395511120 986.503662 
158002495499320 986.498535 
158002595487353 986.500244 
158002695475219 986.489014 
158002795463119 986.487061 
158002895451319 986.481201 
158002995439485 986.486084 
158003095427651 986.487305 
158003195415817 986.486816 
158003295404017 986.499512 
158003395392217 986.501465 
158003495380383 986.500488 
158003595368549 986.508301 
158003695356549 986.508301 
158003795344415 986.501221 
158003895332315 986.513916 
158003995320315 986.509766 
158004095308315 986.509277 
158004195296281 986.505615 
158004295284247 986.510254 
158004395272247 986.514404 
158004495260247 986.515381 
158004595248213 986.500488 
158004695236179 986.496094 
158004795224045 986.495361 
158004895211911 986.489014 
158004995200044 986.483398 
158005095188277 986.497314 
158005195176477 986.503662 
158005295164677 986.511475 
158005395152910 986.524414 
158005495141143 986.526123 
158005595129343 986.517090 
158005695117543 986.504639 
158005795105743 986.508057 
158005895093643 986.508789 
158005995081543 986.514404 
158006095069709 986.504883 
158006195057942 986.508789 
158006295046142 986.510742 
158006395034342 986.514648 
158006495022575 986.520264 
158006595010808 986.521240 
158006694999008 986.518555 
158006794987208 986.510986 
158006894975374 986.511475 
158006994963474 986.509277 
158007094951574 986.519531 
158007194939807 986.509521 
158007294928040 986.511475 
158007394916240 986.509521 
158007494904440 986.515869 
158007594892673 986.520264 
158007694044823 986.531250 
158007794033023 986.531006 
158007894021223 986.526855 
158007994009189 986.531982 
158008093997055 986.528076 
158008193985055 986.521973 
158008293973288 986.516357 
158008393961488 986.514160 
158008493949688 986.520996 
158008593937921 986.519043 
158008693926154 986.520020 
158008793914354 986.522705 
158008893902554 986.518799 
158008993890754 986.511475 
158009093878720 986.514893 
158009193866620 986.507568 
158009293854720 986.505859 
158009393842953 986.497314 
158009493831153 986.501465 
158009593819353 986.508789 
158009693807553 986.514404 
158009793795786 986.513916 
158009893784019 986.521973 
158009993772219 986.518066 
158010093760419 986.514893 
158010193748519 986.517822 
158010293736619 986.515381 
158010393724852 986.506104 
158010493713085 986.507568 
158010593701285 986.519287 
158010693689485 986.521484 
158010793677718 986.531494 
158010893665951 986.532715 
158010993654151 986.536621 
158011093642351 986.524170 
158011193630451 986.519531 
158011293618317 986.511963 
158011393606183 986.510742 
158011493594383 986.516846 
158011593582549 986.520996 
158011693570715 986.517334 
158011793558881 986.519287 
158011893547081 986.529297 
158011993535281 986.528809 
158012093523447 986.531006 
158012193511613 986.522705 
158012293499613 986.517578 
158012393487479 986.518555 
158012493475379 986.516357 
158012593463379 986.524170 
158012693451379 986.530518 
158012793439345 986.525879 
158012893427311 986.525146 
158012993415311 986.524902 
158013093403311 986.526855 
158013193391277 986.520020 
158013293379243 986.518555 
158013393367109 986.523438 
158013493354975 986.515137 
158013593343075 986.509521 
158013693331275 986.504150 
158013793319441 986.506836 
158013893307607 986.504395 
158013993295773 986.503174 
158014093283973 986.515625 
158014193272139 986.521484 
158014293260305 986.518066 
158014393248471 986.516846 
158014493236337 986.519531 
158014593224203 986.515381 
158014693212203 986.515137 
158014793200203 986.519287 
158014893188169 986.517822 
158014993176135 986.511475 
158015093164135 986.514648 
158015193152135 986.520020 
158015293140101 986.522461 
158015393128067 986.519043 
158015493116033 986.520020 
158015593103899 986.524658 
158015693091799 986.520264 
158015793080032 986.512451 
158015893068265 986.512451 
158015993056465 986.513672 
158016093044665 986.517822 
158016193032898 986.522461 
158016293021131 986.526855 
158016393009331 986.522949 
158016492997531 986.522705 
158016592985531 986.519287 
158016692973431 986.524414 
158016792961464 986.519043 
158016892949697 986.514160 
158016992937997 986.520508 
158017092926197 986.520264 
158017192914397 986.524414 
158017292902630 986.521973 
158017392890863 986.510986 
158017492879129 986.510254 
158017592867329 986.514648 
158017692855429 986.513428 
158017792843529 986.524902 
158017892831695 986.515869 
158017992819995 986.509766 
158018092808195 986.505127 
158018192796395 986.516602 
158018292784628 986.506836 
158018392772861 986.501465 
158018492761127 986.501465 
158018592749327 986.508301 
158018692737527 986.515869 
158018792725393 986.506592 
158018892713259 986.507813 
158018992701459 986.506592 
158019092689659 986.506836 
158019192677825 986.512695 
158019292665991 986.509033 
158019392654157 986.509766 
158019492642423 986.518555 
158019592630589 986.520020 
158019692618755 986.526611 
158019792606788 986.527832 
158019892594654 986.519531 
158019992582520 986.520996 
158020092570520 986.521240 
158020192558520 986.521973 
158020292546486 986.526855 
158020392534452 986.518799 
158020492522452 986.509277 
158020592510452 986.515381 
158020692498418 986.512939 
158020792486384 986.523438 
158020892474317 986.518311 
158020992462183 986.507324 
158021092450249 986.515625 
158021192438482 986.513672 
158021292426682 986.512939 
158021392414882 986.511475 
158021492403082 986.510986 
158021592391315 986.518799 
158021692379515 986.521484 
158021792367715 986.516113 
158021892355915 986.515381 
158021992343881 986.510986 
158022092331781 986.513916 
158022192319881 986.510498 
158022292308114 986.509521 
158022392296347 986.512451 
158022492284547 986.506348 
158022592272747 986.504639 
158022692260980 986.499268 
158022792249213 986.500244 
158022892237413 986.501465 
158022992225613 986.499268 
158023092213713 986.501953 
158023192201813 986.502197 
158023292190046 986.502197 
158023392178279 986.500977 
158023492166479 986.510254 
158023592154679 986.510498 
158023692142912 986.512451 
158023792131145 986.515625 
158023892119345 986.512451 
158023992107545 986.509766 
158024092095578 986.506104 
158024192083444 986.499023 
158024292071344 986.500244 
158024392059544 986.508545 
158024492047744 986.507324 
158024592035910 986.510986 
158024692024076 986.507813 
158024792012276 986.511963 
158024892000476 986.515625 
158024991988642 986.516602 
158025091976808 986.520508 
158025191964774 986.510254 
158025291952640 986.513184 
158025391940540 986.515625 
158025491928540 986.514404 
158025591916540 986.518555 
158025691904506 986.518799 
158025791892472 986.515137 
158025891880472 986.510986 
158025991868472 986.509277 
158026091856438 986.511475 
158026191844404 986.514160 
158026291832270 986.498535 
158026391820136 986.495117 
158026491808236 986.500488 
158026591796469 986.496338 
158026691784669 986.497803 
158026791772869 986.504639 
158026891761102 986.507324 
158026991749335 986.505371 
158027091737535 986.504150 
158027191725735 986.504639 
158027291713935 986.494141 
158027391701835 986.493164 
158027491689735 986.495361 
158027591677901 986.507324 
158027691666134 986.502441 
158027791654334 986.498535 
158027891642534 986.502686 
158027991630734 986.507080 
158028091618967 986.509033 
158028191607200 986.504150 
158028291595400 986.509033 
158028391583566 986.502686 
158028491571666 986.497314 
158028591559766 986.492920 
158028691547999 986.491699 
158028791536232 986.486572 
158028891524432 986.488281 
158028991512632 986.499512 
158029091500865 986.504639 
158029191489098 986.509766 
158029291477298 986.509033 
158029391465498 986.511719 
158029491453498 986.510742 
158029591441364 986.512207 
158029691429364 986.502686 
158029791417564 986.495117 
158029891405730 986.491943 
158029991393896 986.486572 
158030091382062 986.487305 
158030191370262 986.498779 
158030291358428 986.496582 
158030391346594 986.502441 
158030491334760 986.497070 
158030591322693 986.501465 
158030691310559 986.497803 
158030791298559 986.488525 
158030891286559 986.485596 
158030991274559 986.492676 
158031091262525 986.493164 
158031191250525 986.498535 
158031291238525 986.493896 
158031391226525 986.500488 
158031491214491 986.499512 
158031591202491 986.508301 
158031691190357 986.511475 
158031791178223 986.505127 
158031891166389 986.500000 
158031991154622 986.496582 
158032091142822 986.488770 
158032191131022 986.490479 
158032291119255 986.488525 
158032391107488 986.493652 
158032491095688 986.499268 
158032591083888 986.499023 
158032691071988 986.500732 
158032791059888 986.505859 
158032891047788 986.505371 
158032991036021 986.492188 
158033091024254 986.489502 
158033191012454 986.488281 
158033291000654 986.487549 
158033390988887 986.487549 
158033490977120 986.491455 
158033590965320 986.494873 
158033690953520 986.502686 
158033790941620 986.504883 
158033890929720 986.502197 
158033990917820 986.486328 
158034090906053 986.481445 
158034190894253 986.485596 
158034290882453 986.481445 
158034390870653 986.485352 
158034490858886 986.485107 
158034590847086 986.481689 
158034690835286 986.482178 
158034790823486 986.481201 
158034890811419 986.491211 
158034990799285 986.489258 
158035090787385 986.487061 
158035190775585 986.487549 
158035290763751 986.482666 
158035390751917 986.489746 
158035490740083 986.489502 
158035590728283 986.487793 
158035690716449 986.486328 
158035790704615 986.485840 
158035890692781 986.489258 
158035990680647 986.486816 
158036090668513 986.489258 
158036190656513 986.477295 
158036290644513 986.486816 
158036390632479 986.480713 
158036490620445 986.476074 
158036590608445 986.472656 
158036690596445 986.477539 
158036790584411 986.476807 
158036890572377 986.480469 
158036990560377 986.480957 
158037090548243 986.481201 
158037190536143 986.485596 
158037290524376 986.480469 
158037390512609 986.472656 
158037490500809 986.462402 
158037590489009 986.462891 
158037690477242 986.460205 
158037790465475 986.462402 
158037890453675 986.469482 
158037990441875 986.464844 
158038090429875 986.467773 
158038190417775 986.480957 
158038290405808 986.486816 
158038390394041 986.485840 
158038490382274 986.487793 
158038590370474 986.487549 
158038690358674 986.488525 
158038790346907 986.486084 
158038890335140 986.478271 
158038990323340 986.481201 
158039090311540 986.482666 
158039190299640 986.489502 
158039290287740 986.483643 
158039390275906 986.495850 
158039490264139 986.489502 
158039590252339 986.488037 
158039690240572 986.487549 
158039790228805 986.487061 
158039890217038 986.491699 
158039990205238 986.486328 
158040090193438 986.487305 
158040190181638 986.496826 
158040290169504 986.500977 
158040390157370 986.496582 
158040490145503 986.497070 
158040590133736 986.489258 
158040690121936 986.491455 
158040790110136 986.493896 
158040890098369 986.491455 
158040990086602 986.480713 
158041090074802 986.477295 
158041190063002 986.474365 
158041290051102 986.468018 
158041390039002 986.468750 
158041490026902 986.469727 
158041590015135 986.472168 
158041690003368 986.474121 
158041789991568 986.477295 
158041889979768 986.478516 
158041989968001 986.475830 
158042089956234 986.472656 
158042189944434 986.477783 
158042289932634 986.483643 
158042389920800 986.483887 
158042489908900 986.486084 
158042589897000 986.489990 
158042689885200 986.493896 
158042789873400 986.490967 
158042889861600 986.482422 
158042989849800 986.480957 
158043089838033 986.476074 
158043189826233 986.474365 
158043289814499 986.472168 
158043389802699 986.472656 
158043489790665 986.471680 
158043589778531 986.476318 
158043689766597 986.481445 
158043789754863 986.488770 
158043889743029 986.484131 
158043989731195 986.484375 
158044089719361 986.483398 
158044189707561 986.477295 
158044289695794 986.483643 
158044389683960 986.488281 
158044489672126 986.486816 
158044589659992 986.487305 
158044689647858 986.492188 
158044789635924 986.483887 
158044889623924 986.482422 
158044989611890 986.471680 
158045089599856 986.472168 
158045189587856 986.470703 
158045289575922 986.473877 
158045389563888 986.474365 
158045489551854 986.487305 
158045589539854 986.484619 
158045689527720 986.488281 
158045789515653 986.491211 
158045889503853 986.488525 
158045989492053 986.497314 
158046089480219 986.488770 
158046189468385 986.479736 
158046289456585 986.471436 
158046389444785 986.479004 
158046489432951 986.488037 
158046589421117 986.500244 
158046689409083 986.498291 
158046789396949 986.500977 
158046889384849 986.504883 
158046989372849 986.504395 
158047089360849 986.506348 
158047189348815 986.498291 
158047289336781 986.503174 
158047389324781 986.492188 
158047489312781 986.490723 
158047589300747 986.486572 
158047689288713 986.479248 
158047789276579 986.479004 
158047889264445 986.484375 
158047989252545 986.481934 
158048089240778 986.487549 
158048189228978 986.484863 
158048289217178 986.480713 
158048389205411 986.482666 
158048489193644 986.482910 
158048589181844 986.477051 
158048689170044 986.483643 
158048789158277 986.486084 
158048889146177 986.492920 
158048989134077 986.500488 
158049089122243 986.502930 
158049189110476 986.498291 
158049289098676 986.488281 
158049389086876 986.479736 
158049489075076 986.480469 
158049589063309 986.476807 
158049689051542 986.474609 
158049789039742 986.480469 
158049889027908 986.490479 
158049989016008 986.482422 
158050089004108 986.483643 
158050188992341 986.486328 
158050288980574 986.483643 
158050388968774 986.478516 
158050488956974 986.478516 
158050588945207 986.486572 
158050688933440 986.493408 
158050788921640 986.487549 
158050888909840 986.488281 
158050988897840 986.495117 
158051088885706 986.492676 
158051188873706 986.487061 
158051288861906 986.485840 
158051388850072 986.486816 
158051488838238 986.491455 
158051588826404 986.491455 
158051688814604 986.489258 
158051788802770 986.488037 
158051888790936 986.499023 
158051988779102 986.498047 
158052088767035 986.495850 
158052188754901 986.496582 
158052288742834 986.492188 
158052388730834 986.493408 
158052488718834 986.499512 
158052588706800 986.489990 
158052688694766 986.480957 
158052788682766 986.477539 
158052888670766 986.477783 
158052988658732 986.489258 
158053088646698 986.492920 
158053188634564 986.503906 
158053288622430 986.500000 
158053388610596 986.494873 
158053488598829 986.491211 
158053588587029 986.497559 
158053688575229 986.490967 
158053788563462 986.499512 
158053888551695 986.500000 
158053988539895 986.500000 
158054088528095 986.498535 
158054188516195 986.505615 
158054288504095 986.498535 
158054388491995 986.503174 
158054488480228 986.506348 
158054588468461 986.506348 
158054688456661 986.499756 
158054788444861 986.496338 
158054888433094 986.489746 
158054988421327 986.499268 
158055088409527 986.500488 
158055188397727 986.491699 
158055288385893 986.486816 
158055388373993 986.486328 
158055488362093 986.489502 
158055588350326 986.488281 
158055688338559 986.486084 
158055788326759 986.495361 
158055888314959 986.502930 
158055988303192 986.499512 
158056088291425 986.499023 
158056188279625 986.495850 
158056288267825 986.497803 
158056388255758 986.484863 
158056488243624 986.485107 
158056588231724 986.493164 
158056688219924 986.489990 
158056788208090 986.490967 
158056888196256 986.491211 
158056988184422 986.497314 
158057088172622 986.497803 
158057188160788 986.504150 
158057288148954 986.503906 
158057388137120 986.505615 
158057488124986 986.503906 
158057588112852 986.504883 
158057688100852 986.499268 
158057788088852 986.497070 
158057888076818 986.499023 
158057988064784 986.500244 
158058088052784 986.501709 
158058188040784 986.497559 
158058288028750 986.490723 
158058388016716 986.498047 
158058488004716 986.500244 
158058587992582 986.499023 
158058687980482 986.495117 
158058787968715 986.497559 
158058887956948 986.506592 
158058987945148 986.506104 
158059087933348 986.501953 
158059187921581 986.508789 
158059287909814 986.514893 
158059387898014 986.506348 
158059487886214 986.499756 
158059587874214 986.503418 
158059687862114 986.504395 
158059787850047 986.498291 
158059887838280 986.501221 
158059987826513 986.501465 
158060087814713 986.504639 
158060187802913 986.499268 
158060287791146 986.509521 
158060387779379 986.520264 
158060487767579 986.518799 
158060587755779 986.511719 
158060687743879 986.509033 
158060787731979 986.505615 
158060887720145 986.505371 
158060987708378 986.500000 
158061087696578 986.495117 
158061187684778 986.487305 
158061287673011 986.479248 
158061387661244 986.483887 
158061487649444 986.482178 
158061587637644 986.483887 
158061687625844 986.489502 
158061787613710 986.485840 
158061887601576 986.489014 
158061987589709 986.494629 
158062087577909 986.487061 
158062187566075 986.479248 
158062287554241 986.476807 
158062387542407 986.480713 
158062487530607 986.470947 
158062587518773 986.472168 
158062687506939 986.472168 
158062787495072 986.478271 
158062887482938 986.466309 
158062987470804 986.464355 
158063087458804 986.465576 
158063187446804 986.455322 
158063287434770 986.449951 
158063387422736 986.451660 
158063487410736 986.455566 
158063587398736 986.458496 
158063687386702 986.454102 
158063787374668 986.446777 
158063887362601 986.442383 
158063987350467 986.441895 
158064087338533 986.434082 
158064187326766 986.442627 
158064287314966 986.442627 
158064387303166 986.439209 
158064487291366 986.449463 
158064587279599 986.448242 
158064687267799 986.452881 
158064787255999 986.459229 
158064887244199 986.460938 
158064987232165 986.462158 
158065087220065 986.465820 
158065187208165 986.472656 
158065287196398 986.474854 
158065387184631 986.479248 
158065487172831 986.477783 
158065587161031 986.477539 
158065687149264 986.473389 
158065787137497 986.481201 
158065887125697 986.472412 
158065987113897 986.472900 
158066087101997 986.468262 
158066187090097 986.467529 
