# Created at Fri Mar 14 11:41:39 GMT+01:00 2025 in Burnaby Canada 
621721246390241 984.294434 
621721286389721 984.285645 
621721326381491 984.283691 
621721366389929 984.284180 
621721406390241 984.288574 
621721446389460 984.292725 
621721486376752 984.314209 
621721526390450 984.332520 
621721566390762 984.327637 
621721606391804 984.321289 
621721646384356 984.317139 
621721686390762 984.324463 
621721726390294 984.331787 
621721766382533 984.334961 
621721806401856 984.317139 
621721846390866 984.313477 
621721886390554 984.306885 
621721926382273 984.271484 
621721966390450 984.234863 
621722006390606 984.224609 
621722046391439 984.193115 
621722086368679 984.186279 
621722126390189 984.215820 
621722166390294 984.234863 
621722206384773 984.263428 
621722246383366 984.314453 
621722286390033 984.330566 
621722326390241 984.322754 
621722366382012 984.328125 
621722406385919 984.305908 
621722446390762 984.284668 
621722486390554 984.275146 
621722526382481 984.287598 
621722566389929 984.306152 
621722606389564 984.333252 
621722646390502 984.352783 
621722686384669 984.378662 
621722726390814 984.384277 
621722766390554 984.392578 
621722806392064 984.377686 
621722846382741 984.370361 
621722886390294 984.409912 
621722926390606 984.439697 
621722966390814 984.416016 
621723006384721 984.391113 
621723046390762 984.381592 
621723086390241 984.371338 
621723126382116 984.390625 
621723166388731 984.388428 
621723206390606 984.382080 
621723246389616 984.378662 
621723286382533 984.398193 
621723326390085 984.386475 
621723366389408 984.386475 
621723406392012 984.389893 
621723446442898 984.380615 
621723486389616 984.383057 
621723526390762 984.386475 
621723566391439 984.397949 
621723606383991 984.390381 
621723646390554 984.363525 
621723686390502 984.335693 
621723726382273 984.334961 
621723766387637 984.318848 
621723806390398 984.287354 
621723846390814 984.272705 
621723886382533 984.275879 
621723926391023 984.299072 
621723966390502 984.337402 
621724006390398 984.383545 
621724046387221 984.412354 
621724086390502 984.414063 
621724126389669 984.401123 
621724166390502 984.401367 
621724206388471 984.373047 
621724246392533 984.307129 
621724286390450 984.276855 
621724326382794 984.308594 
621724366384044 984.327637 
621724406389981 984.301270 
621724446390710 984.260986 
621724486382794 984.212402 
621724526387741 984.167480 
621724566390919 984.126221 
621724606391804 984.113525 
621724646371752 984.125977 
621724686389877 984.146729 
621724726391231 984.169189 
621724766392064 984.186523 
621724806384460 984.210205 
621724846390241 984.232666 
621724886390241 984.242920 
621724926382794 984.250000 
621724966382950 984.251709 
621725006390450 984.257813 
621725046389929 984.263428 
621725086382533 984.278076 
621725126387481 984.281982 
621725166390033 984.278320 
621725206390502 984.280762 
621725246369148 984.288818 
621725286390398 984.344971 
621725326390866 984.386963 
621725366391335 984.434326 
621725406385450 984.382813 
621725446389356 984.352295 
621725486390606 984.328125 
621725526389877 984.317871 
621725566390814 984.316895 
621725606390346 984.319824 
621725646390502 984.323242 
621725686383054 984.334961 
621725726385502 984.357910 
621725766390866 984.368896 
621725806389877 984.377930 
621725846382585 984.374023 
621725886390866 984.369141 
621725926391023 984.365479 
621725966390762 984.368408 
621726006406752 984.373535 
621726046390606 984.385498 
621726086390554 984.393799 
621726126390502 984.392578 
621726166413366 984.391113 
621726206390085 984.397461 
621726246390033 984.397949 
621726286382533 984.399414 
621726326390502 984.396240 
621726366390502 984.387939 
621726406390814 984.380127 
621726446382794 984.368164 
621726486390866 984.353027 
621726526390450 984.336426 
621726566392012 984.338135 
621726606497221 984.335205 
621726646390241 984.335205 
621726686390658 984.333740 
621726726391075 984.322998 
621726766385919 984.330078 
621726806390866 984.343506 
621726846390658 984.354492 
621726886383314 984.361572 
621726926386075 984.362061 
621726966369460 984.360107 
621727006390866 984.360840 
621727046382794 984.370117 
621727086390189 984.366211 
621727126384460 984.359619 
621727166390814 984.363281 
621727206371179 984.357666 
621727246389408 984.349609 
621727286390502 984.345459 
621727326392012 984.347656 
621727366384616 984.355225 
621727406390398 984.365967 
621727446391075 984.361816 
621727486384356 984.360352 
621727526474460 984.347900 
621727566390606 984.342041 
621727606390710 984.339600 
621727646384356 984.335693 
621727686390710 984.337402 
621727726390450 984.347168 
621727766390762 984.348877 
621727806369096 984.352783 
621727846383939 984.346191 
621727886383887 984.334717 
621727926391804 984.332520 
621727966385033 984.336182 
621728006389877 984.335449 
621728046390502 984.333984 
621728086382064 984.324219 
621728126387950 984.333252 
621728166390241 984.332520 
621728206390762 984.329102 
621728246381544 984.325684 
621728286390606 984.315430 
621728326390450 984.316895 
621728366390554 984.321045 
621728406383471 984.313721 
621728446390450 984.309814 
621728486391231 984.310303 
621728526392064 984.313721 
621728566387273 984.304688 
621728606390033 984.309326 
621728646390085 984.310791 
621728686391023 984.302490 
621728726384721 984.299561 
621728766387533 984.313965 
621728806390866 984.309814 
621728846383054 984.308594 
621728886386648 984.307129 
621728926390189 984.305420 
621728966369721 984.309082 
621729006381283 984.312012 
621729046390502 984.297852 
621729086381648 984.308594 
621729126392064 984.320801 
621729166383679 984.328857 
621729206390762 984.339844 
621729246390814 984.342041 
621729286390502 984.335205 
621729326384304 984.331055 
621729366384773 984.310791 
621729406390346 984.274658 
621729446381596 984.234375 
621729486389669 984.213623 
621729526390606 984.197998 
621729566387846 984.216064 
621729606380502 984.232178 
621729646386127 984.246826 
621729686390450 984.260254 
621729726390241 984.267090 
621729766386439 984.269531 
621729806390346 984.280762 
621729846390294 984.292725 
621729886391387 984.294678 
621729926386804 984.309082 
621729966385658 984.317627 
621730006390554 984.321045 
621730046381283 984.315186 
621730086384148 984.298096 
621730126390658 984.299561 
621730166383991 984.310059 
621730206381596 984.329346 
621730246383835 984.363037 
621730286390502 984.447510 
621730326390606 984.546631 
621730366383210 984.610352 
621730406390502 984.664551 
621730446390710 984.706787 
621730486390241 984.721436 
621730526387116 984.745605 
621730566382794 984.759277 
621730606390554 984.718018 
621730646383054 984.599121 
621730686383991 984.423828 
621730726390398 984.247070 
621730766390450 984.097900 
621730806381544 984.017822 
621730846386960 983.994385 
621730886390658 984.006836 
621730926390554 984.024414 
621730966368731 984.052490 
621731006390502 984.101807 
621731046390606 984.144775 
621731086386804 984.200928 
621731126383835 984.246094 
621731166392898 984.252197 
621731206390450 984.252197 
621731246390866 984.241455 
621731286383679 984.241211 
621731326390033 984.262207 
621731366390241 984.284668 
621731406382846 984.318359 
621731446384616 984.390137 
621731486390450 984.491699 
621731526391127 984.569092 
621731566383314 984.615967 
621731606391075 984.647705 
621731646390398 984.662109 
621731686391700 984.686768 
621731726385033 984.699463 
621731766390189 984.688965 
621731806391023 984.628418 
621731846392012 984.475342 
621731886387377 984.264648 
621731926390346 984.108398 
621731966390710 984.016357 
621732006382533 983.989746 
621732046384200 983.994873 
621732086389669 984.019775 
621732126390189 984.044922 
621732166388939 984.085938 
621732206390502 984.132324 
621732246390866 984.177734 
621732286390241 984.257324 
621732326491491 984.268066 
621732366390502 984.249023 
621732406390241 984.244141 
621732446391804 984.243652 
621732486384252 984.249756 
621732526389669 984.262207 
621732566390241 984.276367 
621732606382064 984.306396 
621732646383887 984.384766 
621732686390554 984.486816 
621732726389460 984.577881 
621732766382273 984.638916 
621732806390502 984.674316 
621732846390346 984.684082 
621732886391179 984.635986 
621732926370919 984.459717 
621732966390606 984.293213 
621733006390450 984.182617 
621733046391491 984.130371 
621733086385398 984.116211 
621733126390971 984.132080 
621733166390450 984.151855 
621733206383679 984.193848 
621733246471908 984.224854 
621733286390606 984.274902 
621733326390606 984.293701 
621733366381283 984.306641 
621733406390502 984.293945 
621733446390085 984.268311 
621733486391856 984.261475 
621733526369200 984.287354 
621733566390554 984.328369 
621733606390658 984.396973 
621733646392064 984.500244 
621733686381856 984.578369 
621733726390502 984.619873 
621733766389460 984.641357 
621733806382533 984.658203 
621733846388679 984.656494 
621733886390814 984.660889 
621733926390502 984.672363 
621733966381544 984.660400 
621734006369252 984.569824 
621734046390762 984.367188 
621734086390294 984.171143 
621734126386439 984.051758 
621734166390346 983.993408 
621734206390658 983.984375 
621734246392273 984.000732 
621734286384669 984.024170 
621734326390606 984.058838 
621734366390606 984.094238 
621734406391856 984.139893 
621734446387585 984.187012 
621734486390502 984.239014 
621734526369512 984.236572 
621734566381544 984.236084 
621734606387585 984.249268 
621734646390554 984.258301 
621734686389148 984.265137 
621734726381283 984.279053 
621734766390137 984.299072 
621734806390241 984.359863 
621734846392169 984.460205 
621734886429981 984.557861 
621734926383887 984.614990 
621734966390554 984.647949 
621735006392012 984.688721 
621735046384877 984.721924 
621735086390554 984.720947 
621735126390502 984.695068 
621735166382273 984.581787 
621735206389408 984.375977 
621735246389512 984.181396 
621735286389512 984.057129 
621735326381804 983.998779 
621735366390710 983.989014 
621735406389721 984.002930 
621735446390554 984.040771 
621735486380658 984.076416 
621735526390189 984.115723 
621735566390502 984.153564 
621735606391231 984.203613 
621735646392273 984.251953 
621735686390814 984.260742 
621735726390450 984.252197 
621735766381023 984.241455 
621735806385814 984.236816 
621735846390762 984.252930 
621735886390450 984.269043 
621735926382273 984.311279 
621735966395294 984.390381 
621736006390502 984.491211 
621736046390606 984.569824 
621736086371387 984.626709 
621736126389981 984.665283 
621736166390554 984.688721 
621736206390450 984.705322 
621736246386439 984.685547 
621736286390502 984.589111 
621736326390606 984.406982 
621736366382064 984.220947 
621736406383627 984.088867 
621736446390502 984.029785 
621736486389773 984.012695 
621736526382325 984.024658 
621736566396023 984.048096 
621736606390346 984.084961 
621736646390033 984.140137 
621736686367950 984.229004 
621736726383627 984.258301 
621736766391127 984.247070 
621736806390606 984.237061 
621736846386127 984.238525 
621736886390710 984.242676 
621736926390294 984.262695 
621736966390189 984.292969 
621737006383991 984.359863 
621737046390241 984.442139 
621737086389929 984.547852 
621737126381804 984.609863 
621737166390502 984.649414 
621737206390346 984.685303 
621737246390814 984.713379 
621737286383054 984.729492 
621737326390866 984.674561 
621737366391127 984.527100 
621737406391283 984.288574 
621737446384981 984.128174 
621737486391283 984.037109 
621737526390710 984.003418 
621737566392273 984.007813 
621737606392221 984.011475 
621737646390033 984.051270 
621737686390762 984.090820 
621737726382012 984.155762 
621737766390241 984.173340 
621737806390450 984.250732 
621737846391179 984.246582 
621737886381335 984.236084 
621737926389721 984.232666 
621737966390346 984.231201 
621738006392064 984.232178 
621738046473366 984.247803 
621738086385762 984.263916 
621738126389929 984.342773 
621738166392064 984.468262 
621738206387741 984.576172 
621738246389825 984.636719 
621738286390450 984.669434 
621738326382325 984.693604 
621738366382898 984.746338 
621738406391283 984.701172 
621738446391179 984.537109 
621738486381283 984.324707 
621738526390866 984.132080 
621738566389669 984.041260 
621738606391804 984.017822 
621738646370346 984.017334 
621738686390606 984.049316 
621738726390189 984.089355 
621738766392012 984.134521 
621738806387950 984.176514 
621738846390554 984.215332 
621738886390814 984.273193 
621738926383314 984.262451 
621738966463314 984.240479 
621739006390606 984.231689 
621739046390554 984.237549 
621739086381283 984.243896 
621739126389773 984.270508 
621739166389825 984.297363 
621739206391700 984.351074 
621739246368939 984.449951 
621739286390137 984.538086 
621739326389721 984.599854 
621739366391544 984.635254 
621739406382585 984.682129 
621739446390814 984.722656 
621739486390294 984.737793 
621739526382533 984.684326 
621739566387064 984.510254 
621739606390450 984.292236 
621739646390241 984.138672 
621739686382481 984.045654 
621739726383939 984.007813 
621739766390971 983.991211 
621739806390866 984.015381 
621739846382012 984.044189 
621739886390502 984.075928 
621739926390346 984.131348 
621739966391856 984.171143 
621740006384877 984.212402 
621740046390241 984.230957 
621740086390450 984.241943 
621740126391700 984.241943 
621740166384564 984.238770 
621740206390137 984.239746 
621740246390450 984.270264 
621740286382846 984.319336 
621740326387377 984.416260 
621740366389669 984.515381 
621740406390814 984.570068 
621740446382533 984.602539 
621740486390502 984.635010 
621740526390189 984.666992 
621740566391700 984.693848 
621740606452741 984.687988 
621740646390502 984.575195 
621740686391127 984.358398 
621740726392064 984.187988 
621740766383679 984.088379 
621740806390814 984.038818 
621740846390502 984.022705 
621740886382325 984.033447 
621740926387169 984.057861 
621740966390033 984.096680 
621741006390554 984.149170 
621741046382533 984.175537 
621741086390606 984.234375 
621741126390762 984.267090 
621741166391596 984.259766 
621741206370241 984.255127 
621741246390606 984.246338 
621741286390346 984.241943 
621741326390762 984.253418 
621741366382637 984.271729 
621741406389773 984.305664 
621741446391127 984.373047 
621741486381544 984.469727 
621741526384304 984.560791 
621741566390658 984.605713 
621741606390762 984.642334 
621741646382794 984.672119 
621741686387741 984.695313 
621741726390398 984.712891 
621741766390450 984.627197 
621741806369304 984.453125 
621741846390450 984.238525 
621741886390189 984.082764 
621741926390762 984.011719 
621741966385866 983.991211 
621742006390450 984.005127 
621742046391023 984.025879 
621742086381544 984.076904 
621742126383366 984.131348 
621742166390658 984.170898 
621742206390502 984.204590 
621742246382012 984.227295 
621742286386752 984.253662 
621742326390241 984.249268 
621742366389408 984.238037 
621742406367846 984.239502 
621742446390502 984.251221 
621742486389825 984.267578 
621742526390085 984.318848 
621742566382898 984.415771 
621742606389981 984.511475 
621742646390085 984.582764 
621742686391179 984.634277 
621742726383106 984.693115 
621742766390814 984.734619 
621742806390814 984.721680 
621742846382012 984.612061 
621742886390450 984.428467 
621742926389512 984.238037 
621742966390814 984.106934 
621743006383366 984.033936 
621743046390502 984.017090 
621743086390294 984.015869 
621743126389460 984.048828 
621743166386596 984.083984 
621743206390502 984.120361 
621743246390346 984.147949 
621743286391752 984.188477 
621743326387377 984.218262 
621743366391491 984.225830 
621743406389616 984.247803 
621743446382273 984.245605 
621743486385606 984.241943 
621743526390033 984.248779 
621743566390710 984.254883 
621743606382325 984.281982 
621743646389773 984.341797 
621743686390554 984.427979 
621743726391804 984.507568 
621743766466387 984.562012 
621743806389721 984.674316 
621743846390606 984.706055 
621743886392064 984.705811 
621743926387221 984.622559 
621743966389773 984.429932 
621744006390502 984.238770 
621744046383106 984.112549 
621744086382533 984.051514 
621744126390450 984.042725 
621744166390971 984.053223 
621744206382481 984.068115 
621744246390710 984.104004 
621744286390814 984.138428 
621744326390241 984.181396 
621744366370398 984.218018 
621744406390346 984.297607 
621744446390554 984.280518 
621744486392273 984.253906 
621744526384512 984.242920 
621744566389981 984.242920 
621744606390398 984.244873 
621744646383314 984.256348 
621744686392169 984.281250 
621744726390502 984.318359 
621744766390554 984.383301 
621744806380762 984.483643 
621744846390241 984.554443 
621744886391387 984.603516 
621744926390762 984.648682 
621744966370241 984.680420 
621745006390241 984.700195 
621745046389929 984.699951 
621745086385762 984.597412 
621745126384825 984.379639 
621745166389929 984.193848 
621745206389929 984.073486 
621745246382585 984.027100 
621745286383419 984.014648 
621745326389825 984.032471 
621745366390919 984.055176 
621745406382585 984.094482 
621745446390606 984.132324 
621745486384408 984.170898 
621745526390189 984.198242 
621745566382325 984.253174 
621745606390502 984.245361 
621745646390450 984.249268 
621745686383575 984.243652 
621745726384460 984.240479 
621745766389773 984.248779 
621745806390554 984.269775 
621745846392273 984.317627 
621745886385606 984.406494 
621745926389512 984.508789 
621745966390294 984.591797 
621746006381335 984.642578 
621746046389564 984.677490 
621746086395762 984.706299 
621746126384252 984.722168 
621746166382064 984.722168 
621746206390398 984.600342 
621746246390346 984.367920 
621746286390033 984.178955 
621746326457741 984.054932 
621746366389408 984.001465 
621746406390710 983.987549 
621746446392377 983.990479 
621746486383991 984.020264 
621746526390502 984.061279 
621746566390658 984.111572 
621746606382533 984.159180 
621746646387429 984.194092 
621746686390502 984.254883 
621746726390554 984.270020 
621746766382794 984.258789 
621746806369669 984.243408 
621746846390450 984.243164 
621746886390502 984.239990 
621746926374148 984.255371 
621746966389773 984.300781 
621747006389981 984.359863 
621747046391075 984.465088 
621747086383575 984.562256 
621747126390971 984.613525 
621747166391179 984.639893 
621747206382533 984.664063 
621747246384512 984.685059 
621747286390294 984.720703 
621747326390294 984.660400 
621747366382533 984.301025 
621747406387273 984.125000 
621747446390866 984.029053 
621747486390189 983.984619 
621747526370450 983.989746 
621747566390450 984.004395 
621747606390502 984.036133 
621747646392012 984.075439 
621747686384252 984.121582 
621747726390085 984.164795 
621747766390554 984.226318 
621747806382533 984.253418 
621747846385762 984.238525 
621747886390294 984.239014 
621747926390294 984.233643 
621747966382012 984.227783 
621748006386439 984.240479 
621748046389981 984.269531 
621748086390189 984.325439 
621748126370606 984.429443 
621748166390658 984.541992 
621748206390502 984.600342 
621748246391544 984.638184 
621748286384304 984.656250 
621748326384148 984.681396 
621748366390762 984.691406 
621748406387950 984.689453 
621748446412481 984.598877 
621748486390866 984.375244 
621748526390554 984.177979 
621748566382012 984.064941 
621748606390502 984.018066 
621748646390866 984.008789 
621748686390814 984.022217 
621748726383314 984.054443 
621748766384669 984.088623 
621748806390294 984.134766 
621748846390294 984.191406 
621748886385294 984.234131 
621748926389460 984.267334 
621748966390814 984.249268 
621749006391908 984.216797 
621749046387429 984.228516 
621749086391231 984.235840 
621749126390189 984.242920 
621749166382533 984.276611 
621749206384929 984.348877 
621749246390866 984.434326 
621749286390814 984.540527 
621749326382585 984.615967 
621749366390554 984.648438 
621749406390398 984.673340 
621749446390189 984.687256 
621749486451752 984.705322 
621749526390762 984.676270 
621749566390606 984.553223 
621749606390450 984.320801 
621749646384616 984.150146 
621749686389929 984.056152 
621749726390085 984.017578 
621749766382585 984.008545 
621749806382898 984.022705 
621749846389721 984.053223 
621749886390085 984.088135 
621749926381960 984.128418 
621749966390814 984.166260 
621750006389773 984.232666 
621750046391544 984.249512 
621750086369252 984.248291 
621750126390866 984.243896 
621750166390554 984.238770 
621750206391439 984.227539 
621750246384044 984.239014 
621750286390710 984.268311 
621750326390502 984.317871 
621750366382585 984.379639 
621750406442273 984.458984 
621750446390450 984.536133 
621750486390346 984.569824 
621750526382794 984.602295 
621750566391127 984.650635 
621750606390710 984.696777 
621750646390658 984.710205 
621750686368887 984.620361 
621750726390189 984.446045 
621750766390554 984.249268 
621750806391804 984.122803 
621750846383939 984.060547 
621750886390606 984.032715 
621750926390762 984.055908 
621750966382325 984.103516 
621751006387585 984.152588 
621751046390658 984.171875 
621751086390189 984.238770 
621751126381283 984.276611 
621751166368471 984.250244 
621751206391023 984.238770 
621751246390346 984.244629 
621751286380241 984.241211 
621751326390241 984.234863 
621751366389669 984.251221 
621751406390241 984.279541 
621751446383106 984.355713 
621751486390919 984.493896 
621751526390189 984.577393 
621751566391491 984.614014 
621751606387898 984.657471 
621751646390033 984.702637 
621751686389512 984.731689 
621751726382221 984.678223 
621751766387637 984.558350 
621751806391283 984.303223 
621751846389825 984.133789 
621751886382846 984.057617 
621751926390294 984.034912 
621751966390189 984.045654 
621752006391544 984.059570 
621752046442846 984.093262 
621752086391335 984.135010 
621752126390450 984.178711 
621752166391335 984.204834 
621752206383939 984.302979 
621752246389669 984.292236 
621752286390241 984.278564 
621752326381335 984.267578 
621752366383731 984.250000 
621752406390554 984.245605 
621752446390346 984.260742 
621752486382794 984.306885 
621752526390658 984.401367 
621752566389669 984.521973 
621752606390189 984.607666 
621752646385814 984.652100 
621752686389877 984.678955 
621752726390866 984.699951 
621752766390919 984.725098 
621752806386596 984.713135 
621752846390398 984.646484 
621752886390502 984.482178 
621752926381544 984.258301 
621752966386752 984.082520 
621753006391127 984.004883 
621753046390502 983.993164 
621753086381283 984.007080 
621753126391075 984.028564 
621753166390033 984.072998 
621753206390554 984.119629 
621753246369929 984.154785 
621753286390241 984.197754 
621753326390554 984.251709 
621753366390085 984.238525 
621753406385033 984.243652 
621753446390450 984.239502 
621753486390502 984.250488 
621753526381335 984.241943 
621753566384721 984.268555 
621753606390762 984.284912 
621753646390710 984.327148 
621753686381752 984.431885 
621753726387637 984.531250 
621753766389721 984.595215 
621753806389460 984.644775 
621753846368887 984.685303 
621753886389825 984.716309 
621753926389460 984.720947 
621753966391439 984.678467 
621754006386439 984.531250 
621754046391075 984.299072 
621754086390137 984.140869 
621754126383314 984.045654 
621754166382741 984.019531 
621754206389356 984.019043 
621754246390346 984.046387 
621754286382533 984.083740 
621754326384304 984.141357 
621754366390346 984.189453 
621754406390346 984.206787 
621754446383887 984.253418 
621754486390606 984.257813 
621754526390450 984.251953 
621754566390814 984.243896 
621754606387846 984.251465 
621754646390502 984.262207 
621754686390866 984.283936 
621754726392064 984.340088 
621754766389773 984.463867 
621754806390189 984.582275 
621754846390971 984.653320 
621754886381491 984.712402 
621754926385033 984.748779 
621754966390502 984.769043 
621755006390033 984.739258 
621755046382273 984.604492 
621755086390554 984.400146 
621755126389408 984.226563 
621755166390241 984.090332 
621755206423106 984.030518 
621755246390710 984.015625 
621755286390554 984.030762 
621755326390606 984.061279 
621755366386700 984.106445 
621755406390033 984.148193 
621755446387741 984.173828 
621755486382585 984.253662 
621755526383158 984.258545 
621755566390866 984.260986 
621755606390606 984.257324 
621755646383106 984.257080 
621755686390502 984.256104 
621755726390241 984.261230 
621755766390294 984.290283 
621755806385919 984.333984 
621755846390502 984.410645 
621755886389669 984.518066 
621755926390710 984.580078 
621755966383731 984.615967 
621756006390814 984.664307 
621756046389825 984.714844 
621756086382533 984.729248 
621756126436856 984.694580 
621756166389252 984.561768 
621756206389408 984.343750 
621756246382533 984.172607 
621756286390241 984.074707 
621756326390241 984.052002 
621756366390762 984.046631 
621756406369044 984.074707 
621756446390241 984.093994 
621756486390866 984.125488 
621756526391544 984.178467 
621756566382689 984.207520 
621756606390189 984.276367 
621756646390554 984.266846 
621756686382012 984.261963 
621756726533471 984.254639 
621756766390241 984.256104 
621756806390762 984.252441 
621756846382794 984.263916 
621756886390606 984.296631 
621756926390398 984.380859 
621756966390189 984.493164 
621757006368471 984.590088 
621757046390398 984.634277 
621757086390866 984.653809 
621757126391908 984.678467 
621757166383002 984.719971 
621757206390502 984.741943 
621757246390606 984.684570 
621757286397012 984.486572 
621757326386908 984.263916 
621757366390241 984.123047 
621757406390241 984.050537 
621757446382794 984.022217 
621757486387950 984.015137 
621757526390085 984.044189 
621757566390554 984.083008 
621757606382325 984.117432 
621757646390502 984.191650 
621757686390502 984.224365 
621757726391283 984.292480 
621757766404564 984.275635 
621757806384200 984.257568 
621757846390814 984.252930 
621757886392273 984.241699 
621757926385398 984.251221 
621757966390762 984.279541 
621758006390866 984.321045 
621758046381283 984.406494 
621758086390762 984.586670 
621758126390502 984.625244 
621758166390919 984.653076 
621758206382533 984.684082 
621758246390814 984.720703 
621758286388106 984.720703 
621758326390762 984.598877 
621758366385606 984.376465 
621758406390085 984.188477 
621758446389721 984.071045 
621758486390554 984.025635 
621758526385241 984.017822 
621758566389616 984.037842 
621758606390554 984.073242 
621758646381596 984.112549 
621758686369512 984.167725 
621758726390502 984.187500 
621758766390554 984.226807 
621758806382012 984.230713 
621758846369512 984.245361 
621758886390241 984.250488 
621758926390502 984.235840 
621758966370919 984.236572 
621759006390762 984.245605 
621759046390762 984.253662 
621759086384877 984.320801 
621759126384252 984.450684 
621759166390814 984.540527 
621759206390398 984.601074 
621759246382950 984.653564 
621759286384408 984.698486 
621759326389512 984.738037 
621759366390554 984.728516 
621759406382533 984.609619 
621759446387325 984.385010 
621759486390762 984.203857 
621759526390450 984.096680 
621759566368471 984.052246 
621759606390450 984.033691 
621759646390502 984.053955 
621759686391752 984.075928 
621759726384356 984.109131 
621759766389981 984.156738 
621759806384096 984.198486 
621759846390085 984.257568 
621759886390450 984.262207 
621759926380814 984.272461 
621759966384721 984.270508 
621760006390762 984.259766 
621760046390241 984.247559 
621760086380502 984.255127 
621760126390658 984.275391 
621760166390814 984.315186 
621760206391752 984.395508 
621760246371023 984.489014 
621760286390814 984.550537 
621760326390502 984.583496 
621760366391960 984.616699 
621760406384825 984.669434 
621760446390814 984.707031 
621760486391335 984.675293 
621760526391856 984.529785 
621760566383210 984.303955 
621760606390189 984.161377 
621760646390033 984.081055 
621760686382012 984.066406 
621760726389929 984.066650 
621760766390502 984.082031 
621760806390554 984.107178 
621760846371127 984.140625 
621760886389721 984.179199 
621760926390814 984.210449 
621760966391752 984.257568 
621761006382741 984.267822 
621761046389356 984.278320 
621761086390502 984.256592 
621761126382221 984.251465 
621761166389460 984.245605 
621761206390241 984.258789 
621761246391075 984.270996 
621761286382533 984.294678 
621761326385294 984.356934 
621761366390502 984.451416 
621761406390085 984.551270 
621761446374044 984.627441 
621761486390710 984.678223 
621761526384721 984.722656 
621761566391439 984.738770 
621761606385762 984.701416 
621761646390866 984.318848 
621761686389929 984.163574 
621761726392012 984.075439 
621761766384356 984.036377 
621761806390450 984.043457 
621761846390189 984.063965 
621761886382064 984.095215 
621761926388054 984.131836 
621761966389981 984.176270 
621762006390294 984.209473 
621762046382064 984.258057 
621762086383939 984.270508 
621762126389669 984.258545 
621762166391075 984.250244 
621762206384408 984.244629 
621762246390502 984.244629 
621762286389773 984.256348 
621762326390606 984.287842 
621762366384408 984.337646 
621762406390606 984.424805 
621762446389773 984.509033 
621762486382012 984.561035 
621762526387273 984.600342 
621762566390762 984.647461 
621762606390814 984.685059 
621762646383054 984.700928 
621762686389773 984.676758 
621762726390450 984.558105 
621762766392116 984.328369 
621762806419669 984.161377 
621762846390085 984.057373 
621762886389773 984.019043 
621762926390606 984.019287 
621762966385137 984.037109 
621763006389773 984.075684 
621763046390294 984.114746 
621763086382064 984.162842 
621763126391700 984.194092 
621763166390814 984.250000 
621763206390866 984.264160 
621763246382064 984.267822 
621763286390033 984.259033 
621763326391075 984.247559 
621763366392064 984.228760 
621763406390502 984.232910 
621763446389981 984.262939 
621763486389981 984.307373 
621763526390085 984.374023 
621763566384096 984.471191 
621763606389981 984.542480 
621763646390346 984.598877 
621763686382533 984.645752 
621763726382429 984.684570 
621763766390814 984.723633 
621763806390033 984.713379 
621763846382012 984.597412 
621763886390189 984.423340 
621763926390450 984.213135 
621763966390762 984.073486 
621764006368835 984.016846 
621764046390502 984.003174 
621764086389721 984.013428 
621764126391075 984.046631 
621764166384981 984.083008 
621764206389408 984.119873 
621764246389981 984.154541 
621764286382533 984.194580 
621764326385554 984.233154 
621764366390866 984.232422 
621764406389460 984.236816 
621764446382533 984.238525 
621764486389721 984.235352 
621764526390450 984.253418 
621764566390241 984.268555 
621764606386960 984.306396 
621764646389825 984.376221 
621764686390346 984.472168 
621764726391804 984.552002 
621764766383939 984.606689 
621764806389981 984.655762 
621764846391127 984.690186 
621764886390033 984.709961 
621764926502273 984.665771 
621764966390554 984.528320 
621765006390606 984.297119 
621765046381491 984.141602 
621765086383939 984.051270 
621765126391075 984.025146 
621765166390554 984.024170 
621765206381023 984.042480 
621765246390450 984.126709 
621765286390814 984.171875 
621765326391648 984.189209 
621765366432377 984.251221 
621765406390710 984.251465 
621765446390866 984.256348 
621765486391231 984.250244 
621765526384304 984.240234 
621765566389669 984.246582 
621765606390606 984.259766 
621765646382533 984.274658 
621765686384825 984.313965 
621765726390450 984.415039 
621765766390241 984.523682 
621765806382064 984.584961 
621765846389721 984.630371 
621765886389460 984.687500 
621765926391856 984.735596 
621765966390762 984.736816 
621766006390502 984.622559 
621766046390762 984.426270 
621766086391700 984.234619 
621766126385033 984.101563 
621766166389929 984.048584 
621766206390398 984.028809 
621766246382012 984.027344 
621766286384148 984.044189 
621766326389669 984.082275 
621766366389148 984.126709 
621766406382533 984.174316 
621766446390502 984.244873 
621766486390346 984.280273 
621766526390658 984.252930 
621766566369148 984.230469 
621766606390554 984.239990 
621766646390033 984.235352 
621766686391700 984.234375 
621766726384773 984.255615 
621766766390502 984.296631 
621766806390398 984.378174 
621766846382273 984.496826 
621766886508471 984.588135 
621766926389669 984.637207 
621766966389512 984.673340 
621767006382846 984.709229 
621767046389200 984.753662 
621767086390241 984.706299 
621767126389460 984.533203 
621767166368366 984.297607 
621767206390189 984.126465 
621767246390294 984.032227 
621767286391491 983.997559 
621767326383575 984.003418 
621767366384096 984.031738 
621767406389669 984.059814 
621767446389564 984.096680 
621767486387064 984.150635 
621767526389981 984.183350 
621767566389460 984.202637 
621767606382064 984.224121 
621767646387533 984.232666 
621767686390710 984.223877 
621767726389929 984.214111 
621767766382846 984.219727 
621767806390554 984.227539 
621767846390294 984.240234 
621767886390606 984.291504 
621767926383835 984.390869 
621767966390189 984.479736 
621768006390450 984.552246 
621768046391491 984.636475 
621768086384669 984.701416 
621768126389981 984.743164 
621768166390189 984.765381 
621768206380241 984.655029 
621768246387481 984.433594 
621768286390502 984.217773 
621768326390189 984.084473 
621768366382012 984.027100 
621768406390189 984.012207 
621768446390866 984.024902 
621768486390085 984.060547 
621768526384200 984.104004 
621768566389981 984.140137 
621768606390606 984.177490 
621768646391335 984.221436 
621768686384825 984.267822 
621768726390502 984.248535 
621768766390450 984.224365 
621768806380502 984.230713 
621768846385710 984.230957 
621768886390606 984.230225 
621768926390294 984.258545 
621768966381752 984.335693 
621769006369356 984.447754 
621769046383991 984.541748 
621769086390137 984.593506 
621769126383210 984.626465 
621769166390033 984.668457 
621769206390554 984.695313 
621769246391387 984.698242 
621769286386283 984.585449 
621769326390502 984.366211 
621769366390866 984.181641 
621769406383575 984.063965 
621769446384877 984.014648 
621769486389669 984.001465 
621769526390450 984.020752 
621769566382064 984.053711 
621769606384356 984.094727 
621769646390658 984.135986 
621769686390710 984.181885 
621769726369073 984.217285 
621769766389645 984.247070 
621769806389750 984.239014 
621769846390895 984.239258 
621769886383656 984.236084 
621769926388760 984.225098 
621769966389906 984.229004 
621770006381468 984.240234 
621770046383135 984.277344 
621770086390270 984.360352 
621770126389697 984.486084 
621770166382250 984.577393 
621770206388604 984.635986 
621770246390062 984.671143 
621770286390010 984.705322 
621770326374072 984.721924 
621770366389489 984.676270 
621770406389750 984.543213 
621770446391364 984.300537 
621770486384645 984.127930 
621770526390270 984.040039 
621770566390531 984.006836 
621770606389697 984.014893 
621770646501729 984.031982 
621770686389958 984.065186 
621770726389125 984.104736 
621770766382302 984.164795 
621770806383395 984.181641 
621770846390375 984.264404 
621770886389385 984.260986 
621770926380479 984.240234 
621770966389281 984.229004 
621771006389750 984.217773 
621771046390687 984.211670 
621771086388968 984.230225 
621771126389437 984.247314 
621771166389697 984.308838 
621771206391156 984.404297 
621771246384906 984.520020 
621771286389697 984.600342 
621771326390166 984.648438 
621771366381468 984.675537 
621771406385270 984.686279 
621771446389541 984.698730 
621771486390062 984.639160 
621771526381729 984.460205 
621771566384020 984.243896 
621771606389958 984.101563 
621771646391156 984.034180 
621771686387562 984.012695 
621771726390375 984.026123 
621771766388864 984.050537 
621771806391677 984.091309 
621771846383708 984.137939 
621771886388656 984.183838 
621771926389385 984.209961 
621771966380218 984.221924 
621772006383760 984.241943 
621772046389333 984.238525 
621772086388864 984.216797 
621772126379906 984.201416 
621772166389333 984.220215 
621772206389645 984.245117 
621772246390010 984.283447 
621772286371468 984.350830 
621772326389125 984.446777 
621772366390583 984.513184 
621772406391156 984.576904 
621772446385010 984.645996 
621772486389541 984.709961 
621772526389541 984.679443 
621772566381729 984.534180 
621772606413239 984.305176 
621772646392041 984.156006 
621772686389697 984.067383 
621772726381520 984.042725 
621772766390218 984.037354 
621772806389645 984.053223 
621772846390270 984.088135 
621772886368395 984.124756 
621772926389229 984.161377 
621772966389697 984.189697 
621773006391312 984.235840 
621773046388083 984.235107 
621773086383864 984.242432 
621773126390166 984.244385 
621773166381000 984.239746 
621773206386208 984.249268 
621773246389697 984.262695 
621773286389958 984.278320 
621773326380218 984.337891 
621773366368916 984.430664 
621773406390375 984.513428 
621773446389489 984.559570 
621773486382562 984.572510 
621773526390062 984.617188 
621773566390322 984.665771 
621773606391572 984.702393 
621773646385583 984.623535 
621773686390166 984.414307 
621773726390583 984.217529 
621773766389802 984.099854 
621773806383500 984.043457 
621773846390270 984.027832 
621773886390010 984.047607 
621773926380895 984.072510 
621773966387510 984.105957 
621774006389906 984.141602 
621774046389802 984.179199 
621774086381468 984.211426 
621774126389906 984.282227 
621774166390322 984.279541 
621774206389750 984.271240 
621774246385322 984.257813 
621774286382718 984.237793 
621774326388812 984.229248 
621774366389958 984.248291 
621774406383916 984.267822 
621774446390166 984.319580 
621774486390010 984.403809 
621774526382979 984.509521 
621774566388031 984.576172 
621774606389958 984.607422 
621774646389437 984.641846 
621774686383031 984.682617 
621774726389437 984.718750 
621774766390062 984.668213 
621774806390062 984.515381 
621774846502875 984.270996 
621774886389229 984.117920 
621774926389645 984.048828 
621774966391312 984.024658 
621775006385270 984.034424 
621775046389802 984.054199 
621775086390270 984.089844 
621775126382250 984.128906 
621775166386052 984.174805 
621775206389750 984.202393 
621775246389802 984.273682 
621775286381989 984.263184 
621775326389750 984.244873 
621775366390322 984.235107 
621775406389281 984.231445 
621775446370322 984.229248 
621775486390010 984.238525 
621775526389333 984.272949 
621775566390479 984.353027 
621775606383916 984.471680 
621775646389750 984.551025 
621775686390010 984.595459 
621775726382614 984.625244 
621775766389854 984.659668 
621775806390010 984.700928 
621775846389125 984.693115 
621775886381729 984.587891 
621775926386937 984.400391 
621775966390062 984.200928 
621776006389645 984.072998 
621776046368291 984.005371 
621776086389072 984.020508 
621776126389697 984.058594 
621776166390531 984.097412 
621776206383812 984.128174 
621776246390010 984.161133 
621776286390166 984.222656 
621776326394645 984.234619 
621776366437458 984.228516 
621776406386520 984.217041 
621776446389750 984.210693 
621776486381989 984.219238 
621776526394333 984.249512 
621776566389906 984.273926 
621776606389750 984.319824 
621776646382510 984.406250 
621776686390114 984.514404 
621776726389229 984.583008 
621776766391052 984.630615 
621776806384541 984.692871 
621776846389906 984.727051 
621776886390479 984.704834 
621776926391052 984.618896 
621776966386416 984.431641 
621777006390062 984.216553 
621777046388708 984.096924 
621777086381468 984.041748 
621777126383343 984.022949 
621777166390062 984.032959 
621777206390531 984.064697 
621777246382041 984.093750 
621777286389177 984.140137 
621777326390166 984.186523 
621777366391572 984.226318 
621777406385062 984.244141 
621777446389906 984.240967 
621777486389906 984.233643 
621777526390739 984.238525 
621777566385218 984.235840 
621777606390322 984.248047 
621777646390687 984.271484 
621777686381729 984.313721 
621777726382875 984.403564 
621777766389750 984.506348 
621777806389750 984.586670 
621777846380947 984.638672 
621777886389750 984.685303 
621777926390375 984.710205 
621777966390270 984.708008 
621778006369802 984.612305 
621778046390322 984.391357 
621778086390114 984.193359 
621778126391208 984.074219 
621778166383968 984.019287 
621778206389645 984.004883 
621778246390114 984.015381 
621778286381260 984.050293 
621778326390270 984.093994 
621778366389229 984.130127 
621778406389333 984.148926 
621778446382041 984.209229 
621778486382354 984.247559 
621778526384229 984.250977 
621778566389229 984.245117 
621778606368239 984.238281 
621778646389229 984.225830 
621778686389645 984.238525 
621778726391312 984.244141 
621778766385062 984.271240 
621778806389437 984.342041 
621778846389958 984.459473 
621778886380218 984.558594 
621778926487302 984.608398 
621778966389177 984.637939 
621779006390479 984.661865 
621779046381208 984.677734 
621779086389541 984.657959 
621779126389437 984.532959 
621779166389697 984.293213 
621779206385687 984.139893 
621779246390218 984.050781 
621779286390218 984.018555 
621779326390895 984.013672 
621779366384593 984.033447 
621779406389437 984.068359 
621779446389750 984.108154 
621779486391312 984.146240 
621779526383552 984.178711 
621779566390218 984.230469 
621779606390166 984.272217 
621779646381729 984.223633 
621779686386885 984.224609 
621779726390062 984.226074 
621779766383239 984.228027 
621779806381729 984.244629 
621779846389177 984.274658 
621779886389750 984.334473 
621779926383343 984.461914 
621779966385166 984.552979 
621780006383916 984.621338 
621780046388760 984.673584 
621780086391156 984.707764 
621780126384593 984.734863 
621780166390010 984.675781 
621780206389177 984.511719 
621780246381520 984.286133 
621780286383760 984.141602 
621780326388968 984.058105 
621780366388500 984.025879 
621780406381468 984.024414 
621780446390270 984.040771 
621780486390375 984.074219 
621780526389125 984.104004 
621780566465166 984.148926 
621780606389958 984.171387 
621780646389906 984.234375 
621780686390895 984.237793 
621780726384125 984.235596 
621780766388864 984.230469 
621780806389229 984.225586 
621780846382250 984.213379 
621780886383239 984.225586 
621780926389541 984.263916 
621780966389177 984.326416 
621781006381937 984.440430 
621781046384489 984.535400 
621781086389385 984.598389 
621781126389750 984.635254 
621781166370114 984.666260 
621781206389906 984.686279 
621781246389854 984.696777 
621781286391156 984.649902 
621781326381156 984.503174 
621781366389802 984.256592 
621781406390062 984.099365 
621781446381468 984.019043 
621781486385687 983.991699 
621781526389333 983.993652 
621781566389020 984.026123 
621781606382041 984.061523 
621781646386156 984.102295 
621781686389437 984.149170 
621781726390062 984.170410 
621781766368083 984.238525 
621781806390166 984.247803 
621781846389385 984.230957 
621781886391208 984.213135 
621781926383395 984.213623 
621781966390010 984.209473 
621782006389645 984.224121 
621782046458708 984.243408 
621782086382093 984.285400 
621782126389958 984.371338 
621782166389750 984.493896 
621782206382302 984.570557 
621782246386364 984.626221 
621782286389125 984.677002 
621782326389697 984.705078 
621782366381989 984.694580 
621782406389072 984.577393 
621782446389385 984.336670 
621782486391416 984.158691 
621782526382666 984.053467 
621782566389229 984.015625 
621782606389697 984.015625 
621782646390687 984.026367 
621782686387302 984.055420 
621782726389750 984.096924 
621782766390062 984.139404 
621782806381468 984.167480 
621782846386260 984.252441 
621782886389125 984.263672 
621782926389281 984.233398 
621782966381729 984.217773 
621783006388708 984.221191 
621783046389906 984.211182 
621783086390010 984.220947 
621783126457822 984.241455 
621783166390531 984.285400 
621783206390322 984.377930 
621783246390218 984.581543 
621783286385375 984.611816 
621783326390427 984.637207 
621783366389697 984.667969 
621783406381989 984.691406 
621783446382354 984.647705 
621783486389125 984.497070 
621783526390062 984.271240 
621783566380739 984.125244 
621783606390062 984.040771 
621783646390166 984.017822 
621783686390062 984.019775 
621783726387770 984.037354 
621783766389489 984.081299 
621783806390322 984.120117 
621783846391052 984.167969 
621783886384593 984.195068 
621783926389229 984.226318 
621783966389750 984.223633 
621784006380739 984.227295 
621784046382354 984.220215 
621784086389645 984.207031 
621784126390062 984.218750 
621784166381781 984.239502 
621784206388552 984.268066 
621784246389177 984.355957 
621784286390479 984.472656 
621784326368656 984.553711 
621784366389281 984.605957 
621784406389645 984.665039 
621784446391260 984.693115 
621784486382093 984.695801 
621784526389125 984.629150 
621784566389281 984.471924 
621784606381156 984.275879 
621784646469802 984.139404 
621784686389750 984.060059 
621784726389697 984.022461 
621784766381156 984.021729 
621784806389958 984.049805 
621784846389541 984.084229 
621784886390322 984.115479 
621784926372145 984.156982 
621784966386781 984.188721 
621785006389802 984.255859 
621785046390895 984.242432 
621785086384020 984.218750 
621785126389906 984.226807 
621785166389385 984.227295 
621785206388916 984.219238 
621785246384020 984.234375 
621785286390166 984.282227 
621785326388864 984.358887 
621785366381000 984.484375 
621785406418239 984.586914 
621785446384125 984.636719 
621785486389281 984.663330 
621785526381208 984.691406 
621785566383656 984.718018 
621785606390218 984.683594 
621785646390322 984.565186 
621785686384177 984.345215 
621785726389125 984.154297 
621785766389489 984.038086 
621785806389906 983.985596 
621785846384281 983.983398 
621785886389020 984.009766 
621785926390010 984.048340 
621785966381468 984.084961 
621786006385583 984.127441 
621786046389697 984.159424 
621786086389072 984.224609 
621786126382302 984.243896 
621786166390635 984.244873 
621786206389750 984.243896 
621786246389281 984.236816 
621786286431729 984.226318 
621786326389906 984.242432 
621786366389489 984.256836 
621786406389541 984.289551 
621786446384750 984.392090 
621786486390322 984.504883 
621786526389177 984.580811 
621786566382041 984.622803 
621786606386468 984.674805 
621786646390843 984.717285 
621786686390010 984.718262 
621786726381468 984.613037 
621786766390218 984.372559 
621786806390270 984.054443 
621786846389125 984.011475 
621786886388864 984.009033 
621786926390062 984.026855 
621786966389906 984.054932 
621787006390843 984.101074 
621787046383500 984.158691 
621787086389125 984.185547 
621787126388760 984.257080 
621787166381468 984.261230 
621787206384541 984.241943 
621787246389489 984.224121 
621787286389229 984.219971 
621787326381468 984.221680 
621787366390010 984.235107 
621787406389958 984.258057 
621787446389437 984.340332 
621787486367562 984.441406 
621787526389281 984.539551 
621787566389437 984.602051 
621787606391260 984.629639 
621787646384854 984.657715 
621787686389906 984.694336 
621787726388708 984.720947 
621787766381937 984.628906 
621787806387927 984.410645 
621787846389697 984.210449 
621787886389125 984.070801 
621787926381781 984.016846 
621787966383395 983.994873 
621788006389385 984.008057 
621788046389697 984.035645 
621788086385427 984.074951 
621788126389489 984.113037 
621788166390322 984.153076 
621788206390479 984.214111 
621788246384541 984.250732 
621788286389593 984.232422 
621788326389645 984.236328 
621788366391000 984.243896 
621788406524697 984.229980 
621788446389906 984.234131 
621788486389697 984.253906 
621788526380739 984.298340 
621788566384385 984.380615 
621788606389802 984.500244 
621788646390062 984.584717 
621788686381468 984.635986 
621788726390427 984.676025 
621788766389593 984.703125 
621788806389697 984.714844 
621788846460843 984.652344 
621788886389645 984.483154 
621788926390270 984.269775 
621788966388656 984.114746 
621789006386416 984.043457 
621789046388916 984.013184 
621789086389229 984.018555 
621789126381989 984.042480 
621789166384802 984.078857 
621789206389802 984.123291 
621789246389906 984.173828 
621789286381677 984.217041 
621789326389697 984.266846 
621789366389750 984.247559 
621789406390270 984.239746 
621789446370843 984.243652 
621789486389177 984.231689 
621789526389229 984.229980 
621789566391260 984.244141 
621789606386989 984.274658 
621789646390062 984.363770 
621789686389802 984.491699 
621789726380947 984.586914 
621789766383916 984.633057 
621789806389593 984.673340 
621789846388604 984.705322 
621789886382510 984.716553 
621789926390322 984.656250 
621789966390010 984.487549 
621790006390062 984.251465 
621790046368552 984.105713 
621790086389385 984.033203 
621790126390166 984.013428 
621790166391156 984.012451 
621790206383708 984.039795 
621790246389958 984.077637 
621790286389750 984.118652 
621790326381468 984.163086 
621790366442093 984.215332 
621790406390062 984.233887 
621790446390062 984.227783 
621790486381937 984.212891 
621790526390062 984.213135 
621790566389385 984.225586 
621790606389229 984.256104 
621790646367979 984.327148 
621790686389177 984.428223 
621790726389229 984.522461 
621790766390375 984.587891 
621790806383812 984.622314 
621790846389125 984.651611 
621790886388760 984.678711 
621790926387458 984.695557 
621790966383291 984.654297 
621791006389177 984.528076 
621791046390739 984.301514 
621791086380947 984.140381 
621791126383864 984.044189 
621791166389333 984.015625 
621791206390218 984.018311 
621791246381989 984.044922 
621791286390218 984.082275 
621791326390270 984.125000 
621791366389281 984.178223 
621791406384281 984.193848 
621791446389385 984.257324 
621791486389125 984.252441 
621791526389802 984.260986 
621791566383447 984.252930 
621791606389697 984.238281 
621791646389906 984.245850 
621791686381937 984.257813 
621791726386468 984.274414 
621791766389697 984.339355 
621791806388604 984.449219 
621791846381729 984.547119 
621791886390218 984.613037 
621791926390218 984.657959 
621791966390166 984.698975 
621792006386208 984.736816 
621792046390322 984.722900 
621792086389697 984.581543 
621792126390947 984.343994 
621792166384385 984.170166 
621792206389906 984.067627 
621792246389125 984.020264 
621792286382041 984.022949 
621792326386625 984.040039 
621792366390218 984.076660 
621792406389906 984.112549 
621792446381989 984.153564 
621792486369020 984.183350 
621792526390270 984.264404 
621792566389854 984.263672 
621792606384437 984.272949 
621792646389385 984.262451 
621792686390322 984.254150 
621792726391156 984.246338 
621792766383864 984.249756 
621792806389541 984.262939 
621792846389229 984.291992 
621792886382302 984.361816 
621792926382197 984.474609 
621792966389333 984.570068 
621793006390010 984.638428 
621793046381781 984.698730 
621793086386885 984.745605 
621793126390270 984.780518 
621793166389125 984.736572 
621793206369958 984.573486 
621793246389697 984.350098 
621793286390062 984.177979 
621793326390895 984.084961 
621793366384645 984.041016 
621793406368812 984.033447 
621793446389906 984.034424 
621793486382562 984.074951 
621793526381729 984.112793 
621793566389958 984.152832 
621793606389906 984.195313 
621793646381729 984.278076 
621793686381625 984.262695 
621793726389229 984.269531 
621793766389958 984.262939 
621793806368656 984.250244 
621793846389906 984.256104 
621793886390427 984.269775 
621793926390687 984.293457 
621793966384958 984.335693 
621794006389958 984.422852 
621794046389645 984.604248 
621794086395270 984.655518 
621794126383083 984.700195 
621794166389802 984.730225 
621794206389125 984.728760 
621794246381781 984.625000 
621794286385166 984.434082 
621794326389541 984.245605 
621794366389750 984.105957 
621794406382250 984.042480 
621794446389958 984.029053 
621794486389958 984.042480 
621794526390218 984.067871 
621794566404593 984.094971 
621794606389333 984.120361 
621794646389541 984.166016 
621794686390739 984.212402 
621794726383343 984.262695 
621794766389385 984.249756 
621794806389906 984.257568 
621794846381208 984.270020 
621794886384541 984.256592 
621794926389281 984.273193 
621794966389750 984.284668 
621795006379958 984.288818 
621795046390062 984.312012 
621795086390010 984.340820 
621795126391520 984.333252 
621795166509333 984.337646 
621795206389541 984.361816 
621795246390114 984.426514 
621795286391781 984.502930 
621795326383708 984.502197 
621795366389541 984.384521 
621795406389645 984.285645 
621795446381729 984.251953 
621795486383239 984.227051 
621795526389177 984.209961 
621795566389802 984.215332 
621795606380687 984.217041 
621795646383135 984.225098 
621795686390270 984.236816 
621795726389750 984.253174 
621795766369489 984.264648 
621795806388760 984.278809 
621795846374750 984.315674 
621795886391312 984.329590 
621795926383916 984.338135 
621795966390062 984.357178 
621796006389802 984.374756 
621796046381937 984.378418 
621796086382510 984.383057 
621796126389697 984.370850 
621796166390322 984.373291 
621796206381208 984.369873 
621796246383864 984.367188 
621796286390791 984.365723 
621796326389229 984.354248 
621796366368343 984.341797 
621796406382406 984.344482 
621796446389593 984.344727 
621796486391052 984.348389 
621796526386104 984.343750 
621796566383864 984.346924 
621796606389645 984.351563 
621796646380947 984.350342 
621796686475427 984.343994 
621796726389541 984.334961 
621796766389541 984.315186 
621796806381989 984.302979 
621796846390010 984.291260 
621796886390010 984.300049 
621796926390322 984.316895 
621796966373500 984.330322 
621797006386208 984.329346 
621797046389645 984.328369 
621797086390895 984.319336 
621797126383239 984.301025 
621797166390583 984.315918 
621797206389645 984.328125 
621797246390479 984.327393 
621797286384072 984.328369 
621797326389593 984.321533 
621797366390062 984.307129 
621797406381989 984.295898 
621797446384125 984.292725 
621797486390635 984.312988 
621797526389750 984.318359 
621797566381260 984.314941 
621797606382250 984.314209 
621797646390010 984.287598 
621797686389125 984.265137 
621797726384802 984.253418 
621797766389854 984.224609 
621797806389229 984.210693 
621797846391468 984.200684 
621797886383395 984.191650 
621797926389750 984.197021 
621797966390375 984.213867 
621798006381729 984.228271 
621798046383604 984.244873 
621798086390531 984.267822 
621798126389385 984.283447 
621798166381729 984.309082 
621798206389697 984.310547 
621798246389697 984.324951 
621798286391312 984.326904 
621798326427770 984.327637 
621798366389489 984.337891 
621798406390322 984.342529 
621798446391312 984.368164 
621798486383708 984.386230 
621798526389229 984.385986 
621798566389906 984.376953 
621798606381416 984.374512 
621798646384177 984.385254 
621798686389125 984.394043 
621798726389437 984.385254 
621798766381416 984.384277 
621798806389958 984.377441 
621798846390010 984.372314 
621798886389802 984.360107 
621798926369541 984.348389 
621798966390270 984.343506 
621799006390010 984.348389 
621799046391156 984.346191 
621799086382458 984.334473 
621799126368916 984.321045 
621799166389177 984.311768 
621799206381208 984.300293 
621799246384229 984.304932 
621799286389437 984.293701 
621799326390479 984.281494 
621799366381468 984.272949 
621799406394854 984.270264 
621799446389229 984.271240 
621799486389697 984.266602 
621799526368343 984.267822 
621799566390062 984.278320 
621799606389750 984.302246 
621799646390479 984.317871 
621799686383604 984.324219 
621799726389281 984.314697 
621799766390166 984.311523 
621799806381989 984.295410 
621799846383395 984.285156 
621799886389177 984.275146 
621799926389697 984.258545 
621799966381937 984.236572 
621800006387927 984.207275 
621800046390218 984.186523 
621800086389906 984.172607 
621800126383864 984.176758 
621800166389906 984.176270 
621800206382822 984.189941 
621800246391156 984.202637 
621800286386104 984.213135 
621800326390166 984.222900 
621800366390062 984.232178 
621800406390270 984.251709 
621800446480375 984.261719 
621800486389281 984.266113 
621800526389437 984.268311 
621800566381989 984.265869 
621800606387302 984.270020 
621800646389697 984.277100 
621800686390270 984.284668 
621800726385635 984.286865 
621800766389750 984.287354 
621800806389750 984.291260 
621800846390166 984.289307 
621800886390427 984.292725 
621800926389125 984.292969 
621800966390010 984.292725 
621801006391208 984.294434 
621801046384906 984.292236 
621801086389645 984.292725 
621801126389645 984.291504 
621801166381208 984.288086 
621801206383760 984.293213 
621801246390010 984.319580 
621801286389802 984.322021 
621801326382041 984.342285 
621801366389958 984.375000 
621801406389437 984.405273 
621801446389385 984.416748 
621801486384802 984.388184 
621801526389697 984.370605 
621801566390010 984.343506 
621801606389802 984.302979 
621801646383083 984.281738 
621801686389541 984.281982 
621801726389802 984.308838 
621801766381156 984.361328 
621801806384802 984.446289 
621801846389958 984.507080 
621801886390010 984.535889 
621801926381989 984.561279 
621801966389750 984.591309 
621802006390270 984.622559 
621802046389281 984.632568 
621802086376625 984.656006 
621802126386677 984.620117 
621802166390479 984.573730 
621802206391260 984.535645 
621802246383291 984.453613 
621802286390062 984.366699 
621802326389802 984.314453 
621802366381781 984.278564 
621802406382770 984.221191 
621802446390270 984.176270 
621802486388968 984.142822 
621802526382302 984.122070 
621802566390062 984.101563 
621802606389854 984.071533 
621802646389645 984.076660 
621802686368447 984.094482 
621802726390062 984.100586 
621802766389750 984.117920 
621802806391468 984.133545 
621802846382822 984.156006 
621802886390010 984.169189 
621802926389697 984.176758 
621802966382250 984.188965 
621803006476572 984.191895 
621803046390270 984.189453 
621803086390010 984.201416 
621803126381208 984.204834 
621803166386989 984.218994 
621803206389802 984.232666 
621803246389958 984.247559 
621803286381989 984.239502 
621803326388812 984.220459 
621803366390218 984.213379 
621803406389385 984.229248 
621803446384125 984.221924 
621803486390270 984.229980 
621803526390270 984.245850 
621803566391000 984.246094 
621803606385843 984.251221 
621803646389958 984.250488 
621803686386520 984.251221 
621803726381416 984.250732 
621803766390114 984.247803 
621803806389802 984.248779 
621803846389385 984.253662 
621803886386416 984.258545 
621803926389854 984.254150 
621803966389854 984.254639 
621804006390062 984.253906 
621804046386312 984.254883 
621804086387822 984.264893 
621804126389697 984.266357 
621804166391260 984.269287 
621804206384697 984.270996 
621804246389958 984.272217 
621804286386364 984.268799 
621804326382458 984.266357 
621804366393812 984.269287 
621804406389906 984.262695 
621804446390114 984.260986 
621804486381729 984.250977 
621804526389645 984.252686 
621804566390270 984.251221 
621804606390166 984.253906 
621804646495010 984.254639 
621804686383864 984.254883 
621804726389958 984.244385 
621804766391468 984.243896 
621804806385687 984.247559 
621804846389697 984.253662 
