# Created at Fri Mar 14 11:26:17 GMT+01:00 2025 in Burnaby Canada 
620799617643461 984.198486 
620799657642159 984.190430 
620799697634034 984.178955 
620799737643513 984.186279 
620799777643356 984.206543 
620799817642731 984.238037 
620799857622679 984.264160 
620799897643252 984.271729 
620799937643096 984.262451 
620799977642888 984.268799 
620800017637054 984.272705 
620800057643304 984.284668 
620800097643200 984.269531 
620800137634086 984.236328 
620800177635961 984.222168 
620800217643617 984.223145 
620800257643096 984.270508 
620800297634086 984.291016 
620800337643252 984.182617 
620800377643200 984.131592 
620800417643409 984.159668 
620800457621794 984.165283 
620800497643929 984.187988 
620800537643617 984.197266 
620800577643461 984.367676 
620800617637679 984.474365 
620800657643200 984.498779 
620800697642575 984.533447 
620800737639242 984.649658 
620800777636690 984.974609 
620800817643773 985.044678 
620800857643096 984.902588 
620800897633773 984.737793 
620800937643773 984.713379 
620800977643825 984.607178 
620801017643252 984.458252 
620801057634815 984.273193 
620801097643721 984.143555 
620801137643252 984.142822 
620801177643044 984.154053 
620801217637731 984.134277 
620801257622211 984.025879 
620801297643669 983.921631 
620801337643148 983.969727 
620801377643304 984.113037 
620801417643304 984.218018 
620801457644138 984.212402 
620801497634086 984.153809 
620801537637992 984.061523 
620801577642731 983.955322 
620801617643304 983.896240 
620801657634554 983.877197 
620801697643096 983.888428 
620801737642106 983.918945 
620801777643356 983.963867 
620801817745127 984.008545 
620801857638773 984.126221 
620801897643200 984.212402 
620801937643252 984.258057 
620801977643356 984.365234 
620802017643252 984.386963 
620802057643304 984.323486 
620802097634034 984.267090 
620802137635961 984.223145 
620802177643252 984.227539 
620802217643929 984.201172 
620802257634346 984.199463 
620802297643773 984.214355 
620802337644138 984.225586 
620802377643825 984.225830 
620802417622679 984.230713 
620802457643200 984.237549 
620802497643356 984.240723 
620802537643096 984.233887 
620802577643409 984.238770 
620802617643565 984.245361 
620802657643513 984.251953 
620802697634346 984.254883 
620802737637940 984.263184 
620802777643044 984.267578 
620802817643513 984.274902 
620802857634034 984.280762 
620802897643669 984.284180 
620802937643200 984.272949 
620802977643513 984.270264 
620803017621377 984.271240 
620803057643044 984.279785 
620803097643877 984.277588 
620803137644086 984.270508 
620803177643096 984.265625 
620803217643461 984.265381 
620803257643669 984.252686 
620803297643617 984.246338 
620803337639034 984.237305 
620803377636690 984.231445 
620803417643200 984.224854 
620803457635023 984.225586 
620803497642575 984.229492 
620803537643461 984.228027 
620803577643773 984.219482 
620803617634294 984.224365 
620803657707888 984.224121 
620803697643252 984.238770 
620803737643461 984.247070 
620803777643044 984.287842 
620803817643356 984.295898 
620803857643409 984.287354 
620803897642471 984.265869 
620803937638669 984.234131 
620803977622367 984.222900 
620804017643044 984.243164 
620804057634034 984.284912 
620804097643252 984.337158 
620804137643356 984.358887 
620804177643721 984.345703 
620804217634294 984.278076 
620804257640075 984.225830 
620804297643513 984.169434 
620804337643461 984.126221 
620804377643148 984.114258 
620804417622263 984.141846 
620804457643773 984.150635 
620804497643773 984.153809 
620804537637211 984.190674 
620804577638409 984.247803 
620804617643877 984.269531 
620804657634606 984.264404 
620804697643200 984.242676 
620804737642731 984.217041 
620804777643513 984.211182 
620804817634606 984.200195 
620804857637471 984.176514 
620804897644190 984.219482 
620804937643461 984.215820 
620804977622888 984.228027 
620805017644138 984.278076 
620805057643356 984.280762 
620805097643304 984.252197 
620805137637211 984.220703 
620805177639502 984.220947 
620805217643044 984.250000 
620805257634294 984.357422 
620805297643252 984.422119 
620805337643356 984.379395 
620805377643200 984.274170 
620805417634242 984.227051 
620805457622367 984.196289 
620805497643721 984.174072 
620805537643304 984.188477 
620805577622263 984.181641 
620805617643044 984.233643 
620805657643565 984.278809 
620805697643409 984.294678 
620805737638461 984.305908 
620805777635284 984.302734 
620805817643200 984.286377 
620805857643304 984.284424 
620805897643617 984.254150 
620805937643409 984.237549 
620805977643461 984.264648 
620806017634294 984.236572 
620806057637888 984.227539 
620806097638877 984.222900 
620806137642679 984.216797 
620806177634815 984.194336 
620806217643513 984.183838 
620806257643356 984.199463 
620806297643565 984.234863 
620806337638044 984.284668 
620806377639502 984.365967 
620806417643252 984.310059 
620806457643617 984.269287 
620806497644867 984.212646 
620806537643565 984.178223 
620806577643200 984.176270 
620806617634034 984.234131 
620806657636846 984.249512 
620806697635804 984.269531 
620806737643461 984.279541 
620806777633565 984.285156 
620806817643044 984.297852 
620806857642471 984.285156 
620806897643461 984.293457 
620806937717940 984.270996 
620806977643304 984.252197 
620807017642940 984.255615 
620807057643461 984.229492 
620807097642471 984.238525 
620807137643252 984.238525 
620807177643513 984.222412 
620807217634034 984.198730 
620807257637419 984.197998 
620807297643929 984.218750 
620807337643877 984.280029 
620807377634294 984.301758 
620807417643252 984.345947 
620807457643877 984.288574 
620807497643513 984.274902 
620807537622315 984.232422 
620807577638773 984.194580 
620807617642627 984.186035 
620807657643565 984.245117 
620807697641950 984.252930 
620807737642784 984.286865 
620807777643200 984.275879 
620807817634971 984.281494 
620807857638409 984.295410 
620807897622054 984.286621 
620807937643304 984.301025 
620807977634346 984.292725 
620808017642992 984.258545 
620808057642836 984.261475 
620808097642992 984.266357 
620808137623356 984.239746 
620808177642627 984.233643 
620808217643825 984.219971 
620808257643044 984.213135 
620808297642575 984.195557 
620808337643461 984.194580 
620808377643513 984.226074 
620808417642315 984.289551 
620808457637523 984.352051 
620808497636273 984.317383 
620808537643356 984.242188 
620808577633773 984.220215 
620808617643252 984.185547 
620808657643513 984.182129 
620808697642731 984.197021 
620808737634034 984.179688 
620808777643252 984.231201 
620808817642263 984.266846 
620808857642992 984.266357 
620808897643252 984.281982 
620808937643096 984.274902 
620808977643304 984.255371 
620809017643565 984.258301 
620809057637940 984.262695 
620809097640492 984.277588 
620809137643617 984.281982 
620809177633773 984.257813 
620809217645284 984.230713 
620809257643773 984.212891 
620809297643252 984.197754 
620809337634034 984.184570 
620809377717211 984.180176 
620809417642523 984.211426 
620809457643929 984.379639 
620809497621742 984.442383 
620809537643565 984.367676 
620809577644086 984.267334 
620809617642992 984.226563 
620809657638096 984.162109 
620809697638044 984.153320 
620809737643200 984.217041 
620809777634034 984.235107 
620809817645231 984.264160 
620809857642940 984.276611 
620809897643200 984.286133 
620809937633773 984.303711 
620809977640544 984.291992 
620810017637940 984.261475 
620810057643096 984.257813 
620810097621169 984.240479 
620810137735544 984.259033 
620810177643252 984.254639 
620810217642471 984.233398 
620810257636117 984.224365 
620810297637106 984.199463 
620810337643565 984.189697 
620810377634346 984.189697 
620810417643044 984.234375 
620810457643356 984.366943 
620810497643461 984.404297 
620810537634086 984.340088 
620810577637784 984.280029 
620810617643304 984.270508 
620810657643461 984.200439 
620810697630961 984.178711 
620810737643044 984.206055 
620810777644086 984.225586 
620810817643617 984.254883 
620810857637419 984.285645 
620810897643096 984.271240 
620810937643304 984.287354 
620810977643356 984.293213 
620811017642419 984.308350 
620811057642471 984.310303 
620811097642471 984.266113 
620811137634086 984.250732 
620811177635440 984.265625 
620811217642471 984.241943 
620811257643304 984.248779 
620811297633773 984.238281 
620811337642419 984.221924 
620811377642940 984.201172 
620811417643096 984.207764 
620811457651898 984.244141 
620811497642471 984.390381 
620811537643252 984.447266 
620811577643200 984.392334 
620811617642523 984.306152 
620811657643044 984.240234 
620811697643200 984.195313 
620811737633773 984.204102 
620811777641013 984.259521 
620811817621950 984.254639 
620811857643096 984.277100 
620811897635336 984.290039 
620811937642784 984.301758 
620811977642627 984.306396 
620812017642836 984.294922 
620812057637367 984.312256 
620812097639502 984.268555 
620812137643252 984.262451 
620812177643409 984.292969 
620812217642679 984.258545 
620812257642523 984.226807 
620812297642679 984.222168 
620812337634034 984.221436 
620812377644138 984.211426 
620812417637263 984.211670 
620812457642992 984.239746 
620812497634554 984.332764 
620812537643096 984.351318 
620812577643044 984.330322 
620812617642523 984.267578 
620812657622836 984.269043 
620812697628148 984.215576 
620812737642679 984.192383 
620812777643565 984.238525 
620812817643877 984.260254 
620812857643565 984.271973 
620812897643461 984.311768 
620812937633252 984.302002 
620812977763721 984.304688 
620813017637471 984.296875 
620813057643200 984.274658 
620813097634086 984.296875 
620813137643721 984.268555 
620813177643252 984.260742 
620813217643513 984.297119 
620813257637679 984.250488 
620813297635388 984.234619 
620813337643409 984.225830 
620813377643617 984.213623 
620813417642992 984.198975 
620813457642836 984.189941 
620813497643877 984.203369 
620813537643200 984.260498 
620813577637523 984.272705 
620813617643356 984.343750 
620813657643461 984.260986 
620813697634346 984.196533 
620813737643409 984.169922 
620813777643044 984.209717 
620813817642159 984.231934 
620813857633513 984.245361 
620813897643825 984.285889 
620813937639711 984.292725 
620813977643929 984.311523 
620814017642523 984.306152 
620814057643252 984.307617 
620814097643565 984.325439 
620814137643461 984.271484 
620814177638825 984.248535 
620814217642836 984.278564 
620814257643461 984.243408 
620814297633981 984.236084 
620814337642575 984.224365 
620814377642471 984.215088 
620814417643200 984.196533 
620814457634554 984.183594 
620814497643513 984.198975 
620814537784606 984.257080 
620814577643304 984.270752 
620814617621950 984.352051 
620814657642940 984.301270 
620814697643304 984.277344 
620814737642054 984.232178 
620814777637002 984.197510 
620814817637940 984.225098 
620814857643148 984.268066 
620814897634034 984.260986 
620814937642836 984.289551 
620814977643304 984.312988 
620815017643565 984.312256 
620815057633773 984.301758 
620815097675075 984.288330 
620815137635648 984.299072 
620815177643617 984.273193 
620815217621846 984.250000 
620815257643252 984.276611 
620815297643461 984.231201 
620815337643304 984.229004 
620815377637002 984.220947 
620815417653669 984.205078 
620815457643721 984.191406 
620815497633773 984.177734 
620815537642888 984.199463 
620815577643252 984.261963 
620815617643356 984.279297 
620815657634815 984.356445 
620815697637002 984.308838 
620815737635127 984.236328 
620815777643461 984.213867 
620815817638461 984.184082 
620815857642888 984.228027 
620815897643356 984.247803 
620815937643461 984.254395 
620815977637679 984.308594 
620816017637002 984.335449 
620816057643200 984.341553 
620816097643356 984.332275 
620816137642992 984.288818 
620816177643617 984.296387 
620816217642992 984.274902 
620816257633513 984.263184 
620816297640023 984.286133 
620816337637888 984.254883 
620816377643200 984.225586 
620816417633513 984.193359 
620816457643252 984.177002 
620816497642575 984.171875 
620816537643252 984.178955 
620816577682367 984.205322 
620816617637054 984.274902 
620816657643252 984.281494 
620816697643252 984.312012 
620816737644138 984.260986 
620816777643044 984.237305 
620816817642836 984.200439 
620816857633565 984.182373 
620816897638356 984.216309 
620816937639867 984.222412 
620816977642992 984.288818 
620817017634294 984.278564 
620817057643252 984.300781 
620817097643304 984.316162 
620817137643669 984.289063 
620817177638200 984.299072 
620817217643565 984.270264 
620817257644086 984.266846 
620817297643200 984.317627 
620817337645388 984.271973 
620817377643513 984.243408 
620817417643617 984.233887 
620817457634034 984.214355 
620817497637159 984.203369 
620817537639815 984.201416 
620817577642731 984.219971 
620817617634034 984.265869 
620817657643200 984.275879 
620817697642992 984.350342 
620817737643669 984.285889 
620817777623669 984.247803 
620817817637367 984.220215 
620817857643200 984.185059 
620817897643721 984.215088 
620817937642471 984.229980 
620817977643356 984.224121 
620818017642523 984.271240 
620818057633565 984.295166 
620818097791377 984.309814 
620818137643929 984.323975 
620818177643304 984.293945 
620818217633513 984.302490 
620818257642940 984.274414 
620818297642731 984.255859 
620818337642679 984.272461 
620818377626429 984.257568 
620818417640284 984.244873 
620818457643721 984.235107 
620818497643304 984.214355 
620818537643617 984.207275 
620818577642940 984.191895 
620818617643773 984.196533 
620818657643513 984.236572 
620818697637419 984.349854 
620818737642575 984.418945 
620818777643356 984.330078 
620818817634346 984.284424 
620818857643356 984.237305 
620818897643200 984.181641 
620818937643356 984.223877 
620818977634086 984.256104 
620819017638200 984.251953 
620819057642523 984.271729 
620819097643721 984.281006 
620819137643721 984.284424 
620819177643617 984.305176 
620819217643565 984.277588 
620819257643721 984.295898 
620819297636429 984.256348 
620819337640023 984.242676 
620819377642315 984.279053 
620819417633252 984.246094 
620819457642367 984.241455 
620819497643356 984.245361 
620819537642679 984.237793 
620819577634554 984.228271 
620819617642523 984.220459 
620819657643200 984.223145 
620819697643096 984.263428 
620819737621429 984.294678 
620819777642836 984.350830 
620819817642471 984.266113 
620819857642159 984.239746 
620819897634398 984.207031 
620819937643565 984.187256 
620819977642836 984.215576 
620820017633773 984.217773 
620820057642159 984.229736 
620820097643409 984.280762 
620820137642679 984.294434 
620820177634086 984.307617 
620820217622106 984.310303 
620820257636638 984.291992 
620820297643304 984.295166 
620820337622523 984.271973 
620820377642940 984.308594 
620820417643252 984.276611 
620820457642888 984.258057 
620820497638304 984.243408 
620820537637679 984.221680 
620820577643044 984.201172 
620820617634034 984.188721 
620820657642523 984.205566 
620820697643409 984.258057 
620820737643617 984.266357 
620820777633773 984.354492 
620820817690909 984.297119 
620820857641221 984.272949 
620820897643200 984.225830 
620820937628773 984.189697 
620820977643356 984.214844 
620821017643252 984.259766 
620821057643304 984.259277 
620821097636429 984.289795 
620821137640388 984.293457 
620821177643044 984.293701 
620821217643565 984.309326 
620821257642419 984.286133 
620821297622575 984.307617 
620821337643304 984.272705 
620821377634294 984.249023 
620821417639659 984.273926 
620821457643044 984.237305 
620821497643565 984.235352 
620821537634034 984.223389 
620821577643252 984.208252 
620821617643252 984.199463 
620821657643669 984.190186 
620821697646950 984.202881 
620821737726013 984.232422 
620821777643461 984.250732 
620821817643409 984.348877 
620821857643669 984.306885 
620821897622263 984.248535 
620821937643096 984.214600 
620821977634086 984.173828 
620822017636638 984.208008 
620822057635075 984.250244 
620822097643096 984.250488 
620822137634346 984.282715 
620822177642523 984.302490 
620822217642731 984.314941 
620822257643773 984.321777 
620822297638200 984.305664 
620822337643929 984.319336 
620822377643304 984.285156 
620822417643356 984.278076 
620822457642992 984.302734 
620822497636690 984.267334 
620822537643461 984.255127 
620822577634034 984.231934 
620822617635596 984.212646 
620822657643356 984.195313 
620822697643669 984.184814 
620822737634086 984.196777 
620822777642002 984.254639 
620822817643356 984.353027 
620822857643044 984.364990 
620822897622731 984.277100 
620822937642471 984.222900 
620822977642523 984.161865 
620823017643252 984.202881 
620823057643356 984.260742 
620823097634502 984.267578 
620823137643304 984.258057 
620823177634450 984.263916 
620823217642054 984.294922 
620823257639502 984.317139 
620823297643669 984.309326 
620823337634086 984.325439 
620823377643617 984.323730 
620823417643200 984.279297 
620823457643461 984.281250 
620823497631325 984.275635 
620823537637211 984.252930 
620823577643304 984.257568 
620823617642940 984.247559 
620823657643200 984.224609 
620823697643044 984.215332 
620823737643877 984.245850 
620823777643304 984.392578 
620823817649034 984.437744 
620823857644138 984.365234 
620823897643669 984.305420 
620823937634034 984.279053 
620823977643044 984.223145 
620824017643825 984.229004 
620824057643877 984.252686 
620824097633773 984.242432 
620824137636638 984.297607 
620824177643356 984.340332 
620824217643304 984.331543 
620824257643304 984.343750 
620824297622419 984.318359 
620824337642679 984.306641 
620824377643669 984.301025 
620824417638304 984.301270 
620824457640492 984.314453 
620824497643304 984.259033 
620824537634034 984.244873 
620824577643356 984.226074 
620824617643200 984.208984 
620824657643200 984.197266 
620824697634346 984.191162 
620824737748721 984.219482 
620824777642940 984.318604 
620824817643617 984.335693 
620824857643304 984.365723 
620824897637211 984.293213 
620824937643773 984.242188 
620824977643200 984.187744 
620825017635909 984.191406 
620825057636117 984.273682 
620825097643461 984.275879 
620825137634034 984.272217 
620825177642106 984.311523 
620825217643565 984.320801 
620825257643513 984.330322 
620825297634554 984.294678 
620825337636690 984.305176 
620825377642159 984.288330 
620825417643877 984.279297 
620825457623200 984.311768 
620825497637263 984.286377 
620825537642575 984.254395 
620825577642784 984.230713 
620825617635856 984.216797 
620825657639502 984.207520 
620825697643304 984.200195 
620825737634815 984.209229 
620825777643148 984.254639 
620825817643773 984.271729 
620825857643304 984.343018 
620825897634346 984.312988 
620825937637575 984.273438 
620825977643461 984.231445 
620826017643513 984.205811 
620826057621638 984.255371 
620826097642575 984.279785 
620826137642679 984.277832 
620826177643565 984.317139 
620826217637419 984.337158 
620826257640596 984.348145 
620826297643304 984.332275 
620826337643096 984.310547 
620826377643044 984.336914 
620826417643096 984.292969 
620826457643565 984.298828 
620826497634034 984.304932 
620826537637159 984.285400 
620826577635231 984.261963 
620826617642523 984.250488 
620826657634034 984.235596 
620826697642940 984.218262 
620826737642836 984.214111 
620826777643825 984.242676 
620826817636898 984.413818 
620826857633200 984.456055 
620826897642992 984.403809 
620826937643513 984.246582 
620826977643044 984.195313 
620827017642940 984.233398 
620827057642471 984.294922 
620827097633513 984.294189 
620827137634606 984.296143 
620827177637523 984.319092 
620827217642784 984.335205 
620827257633513 984.346191 
620827297642054 984.325439 
620827337642836 984.334229 
620827377643513 984.301758 
620827417741169 984.279785 
620827457636377 984.306641 
620827497643877 984.274902 
620827537643200 984.261963 
620827577642211 984.249023 
620827617642315 984.237793 
620827657643877 984.213379 
620827697633513 984.191406 
620827737635388 984.187744 
620827777643356 984.245605 
620827817643304 984.368164 
620827857634034 984.398682 
620827897643044 984.311768 
620827937643617 984.317871 
620827977642992 984.276855 
620828017622940 984.248535 
620828057643461 984.252930 
620828097643200 984.287842 
620828137643200 984.292236 
620828177642159 984.321777 
620828217643200 984.311279 
620828257643617 984.321045 
620828297634086 984.333496 
620828337732106 984.318604 
620828377643252 984.343262 
620828417643461 984.295898 
620828457634294 984.273682 
620828497642940 984.279297 
620828537643617 984.259033 
620828577643617 984.253174 
620828617620804 984.253174 
620828657643096 984.247314 
620828697643513 984.231934 
620828737643044 984.211670 
620828777643200 984.215332 
620828817643565 984.257080 
620828857643461 984.320313 
620828897644294 984.410889 
620828937637940 984.364990 
620828977636846 984.284424 
620829017642679 984.246582 
620829057633825 984.207764 
620829097643304 984.227295 
620829137643773 984.254639 
620829177643252 984.259521 
620829217634294 984.289551 
620829257640596 984.317139 
620829297635700 984.331543 
620829337643513 984.360352 
620829377643356 984.328125 
620829417643513 984.339355 
620829457643513 984.323975 
620829497643200 984.275146 
620829537639971 984.287109 
620829577642784 984.279053 
620829617643096 984.270508 
620829657634034 984.262451 
620829697643304 984.241699 
620829737622211 984.217529 
620829777643877 984.197266 
620829817634034 984.206299 
620829857643565 984.240234 
620829897637575 984.365967 
620829937643773 984.435303 
620829977643513 984.395020 
620830017643096 984.302490 
620830057643773 984.259277 
620830097643513 984.217285 
620830137638461 984.226318 
620830177636690 984.263672 
620830217643096 984.267090 
620830257634815 984.304932 
620830297643565 984.310303 
620830337641898 984.320801 
620830377643200 984.315918 
620830417633513 984.311279 
620830457637211 984.327148 
620830497633721 984.294922 
620830537643669 984.293701 
620830577620648 984.320313 
620830617642054 984.285156 
620830657643513 984.265869 
620830697642940 984.245850 
620830737638565 984.237305 
620830777643565 984.218994 
620830817643252 984.201660 
620830857634034 984.219238 
620830897643044 984.295898 
620830937643617 984.333740 
620830977643617 984.388672 
620831017634034 984.312256 
620831057643044 984.275391 
620831097636846 984.220215 
620831137643356 984.205811 
620831177621273 984.254150 
620831217643044 984.266113 
620831257643200 984.261719 
620831297642992 984.301758 
620831337636846 984.331787 
620831377643304 984.337158 
620831417643200 984.334229 
620831457638200 984.323730 
620831497643096 984.345947 
620831537643513 984.314697 
620831577643252 984.299316 
620831617634034 984.313965 
620831657640336 984.282959 
620831697635700 984.276855 
620831737643513 984.260498 
620831777634554 984.229004 
620831817642992 984.189941 
620831857643461 984.181641 
620831897643304 984.209473 
620831937638096 984.288574 
620831977636481 984.351563 
620832017642836 984.407227 
620832057643252 984.355469 
620832097642992 984.298828 
620832137643304 984.235840 
620832177643773 984.204346 
620832217634294 984.250244 
620832257637106 984.257568 
620832297637315 984.258301 
620832337643461 984.308594 
620832377634034 984.327148 
620832417642940 984.340576 
620832457643461 984.345459 
620832497642888 984.320801 
620832537701742 984.328369 
620832577638669 984.304932 
620832617643096 984.286621 
620832657643304 984.312256 
620832697642731 984.291992 
620832737642784 984.270020 
620832777643252 984.252441 
620832817634034 984.246094 
620832857636638 984.230957 
620832897637054 984.214111 
620832937642419 984.218018 
620832977633825 984.263672 
620833017642888 984.269775 
620833057643252 984.353271 
620833097643825 984.315430 
620833137623929 984.238037 
620833177636534 984.226563 
620833217643252 984.200195 
620833257643356 984.224121 
620833297642992 984.250977 
620833337642940 984.264160 
620833377643461 984.298584 
620833417634242 984.324951 
620833457642367 984.347168 
620833497642836 984.348633 
620833537643461 984.314941 
620833577634034 984.289551 
620833617642523 984.313477 
620833657643773 984.333008 
620833697642679 984.291016 
620833737621898 984.251953 
620833777643356 984.229004 
620833817643981 984.214600 
620833857643513 984.200928 
620833897643304 984.206055 
620833937643773 984.227295 
620833977643565 984.313965 
620834017634034 984.340820 
620834057735075 984.317139 
620834097635804 984.302246 
620834137643044 984.284668 
620834177634346 984.227051 
620834217643773 984.209229 
620834257643669 984.247314 
620834297642679 984.278564 
620834337635388 984.291992 
620834377643356 984.332031 
620834417643356 984.325439 
620834457642263 984.334717 
620834497643044 984.333252 
620834537643200 984.328125 
620834577642315 984.327637 
620834617643304 984.294922 
620834657637054 984.305908 
620834697638513 984.308105 
620834737642471 984.279541 
620834777632992 984.260742 
620834817642419 984.250732 
620834857643044 984.239014 
620834897642784 984.218994 
620834937634034 984.220459 
620834977643044 984.231445 
620835017636794 984.370850 
620835057643825 984.402832 
620835097642679 984.370117 
620835137643044 984.335449 
620835177643252 984.349121 
620835217644034 984.291504 
620835257637054 984.247803 
620835297665596 984.250244 
620835337643461 984.266602 
620835377633773 984.288330 
620835417643409 984.340576 
620835457643096 984.323730 
620835497643617 984.331299 
620835537634086 984.323486 
620835577690700 984.325684 
620835617637106 984.334473 
620835657642940 984.291016 
620835697621950 984.288574 
620835737643565 984.287354 
620835777643252 984.267578 
620835817643513 984.261475 
620835857640388 984.255859 
620835897643513 984.233887 
620835937642992 984.214355 
620835977634034 984.214355 
620836017643356 984.234863 
620836057643304 984.437256 
620836097643356 984.437012 
620836137633981 984.412842 
620836177635856 984.314453 
620836217636117 984.269775 
620836257643252 984.201904 
620836297623981 984.203857 
620836337642627 984.278564 
620836377643356 984.289307 
620836417643409 984.295410 
620836457635492 984.320557 
620836497747679 984.336670 
620836537642836 984.358887 
620836577634034 984.332520 
620836617643461 984.309082 
620836657644086 984.309082 
620836697643356 984.290039 
620836737634294 984.313477 
620836777622419 984.307861 
620836817643513 984.271240 
620836857643513 984.229248 
620836897631013 984.217529 
620836937643356 984.201416 
620836977643877 984.203369 
620837017644034 984.242920 
620837057637784 984.349121 
620837097643409 984.366211 
620837137640856 984.360107 
620837177643617 984.257568 
620837217642992 984.247314 
620837257643617 984.213379 
620837297643773 984.213135 
620837337634554 984.255371 
620837377637211 984.260986 
620837417643356 984.297852 
620837457643096 984.352783 
620837497634034 984.349121 
620837537641950 984.346680 
620837577642784 984.322998 
620837617643617 984.320068 
620837657638617 984.306152 
620837697638252 984.279297 
620837737644242 984.311768 
620837777643304 984.272461 
620837817643096 984.267334 
620837857643044 984.252197 
620837897643565 984.236084 
620837937634867 984.221436 
620837977643617 984.205811 
620838017641273 984.229004 
620838057642731 984.263672 
620838097634294 984.357666 
620838137643252 984.428467 
620838177643721 984.350342 
620838217643096 984.269775 
620838257639659 984.258545 
620838297638044 984.215332 
620838337642836 984.208984 
620838377642159 984.249512 
620838417643200 984.257080 
620838457643513 984.297852 
620838497645179 984.324707 
620838537633513 984.326660 
620838577641846 984.332031 
620838617642575 984.310547 
620838657643200 984.322998 
620838697634034 984.297852 
620838737643096 984.259521 
620838777643200 984.280762 
620838817643617 984.264648 
620838857623096 984.260498 
620838897642992 984.249512 
620838937643461 984.236328 
620838977643148 984.220459 
620839017643565 984.205811 
620839057643565 984.211670 
620839097643044 984.259521 
620839137634294 984.311035 
620839177708669 984.395264 
620839217647263 984.345703 
620839257642836 984.264648 
620839297633773 984.235107 
620839337642523 984.204346 
620839377642784 984.196533 
620839417643721 984.225098 
620839457621742 984.229736 
620839497643513 984.248779 
620839537643565 984.278076 
620839577643304 984.307617 
620839617643044 984.324707 
620839657642992 984.327148 
620839697643617 984.339355 
620839737643721 984.325439 
620839777638929 984.303223 
620839817643565 984.305420 
620839857644086 984.290771 
620839897634294 984.273438 
620839937643200 984.266602 
620839977643981 984.258789 
620840017643513 984.243408 
620840057634294 984.221680 
620840097643617 984.221924 
620840137637367 984.259033 
620840177643356 984.353516 
620840217643252 984.346191 
620840257643513 984.293457 
620840297643252 984.259521 
620840337643825 984.214600 
620840377637523 984.234131 
620840417638044 984.276123 
620840457643513 984.278076 
620840497633565 984.299316 
620840537642992 984.329590 
620840577643356 984.322754 
620840617643200 984.333740 
620840657634554 984.302979 
620840697733513 984.312988 
620840737643773 984.271484 
620840777643513 984.264893 
620840817642471 984.276611 
620840857643461 984.262451 
620840897643461 984.246338 
620840937643304 984.231201 
620840977638773 984.220703 
620841017635856 984.204590 
620841057637159 984.203369 
620841097634294 984.239258 
620841137643252 984.354736 
620841177643200 984.377686 
620841217643304 984.378906 
620841257633773 984.289307 
620841297732054 984.266602 
620841337640023 984.225586 
620841377643096 984.225830 
620841417622471 984.257813 
620841457643461 984.240967 
620841497642992 984.283203 
620841537643461 984.314941 
620841577637836 984.323730 
620841617643825 984.329102 
620841657642784 984.302246 
620841697633565 984.292969 
620841737642992 984.305176 
620841777642523 984.307861 
620841817643617 984.313965 
620841857634034 984.269775 
620841897636169 984.262451 
620841937643565 984.251953 
620841977643252 984.216553 
620842017620804 984.181152 
620842057643200 984.174072 
620842097643461 984.202881 
620842137644086 984.255859 
620842177636794 984.243408 
620842217634711 984.358643 
620842257643617 984.282471 
620842297640023 984.246338 
620842337642784 984.210205 
620842377643773 984.173584 
620842417643044 984.238525 
620842457634346 984.246582 
620842497643304 984.257568 
620842537642836 984.314209 
620842577643617 984.328369 
620842617634815 984.331055 
620842657642419 984.315674 
620842697643565 984.308838 
620842737644034 984.309570 
620842777636950 984.304443 
620842817637263 984.309570 
620842857643252 984.301758 
620842897643044 984.265869 
620842937643304 984.248535 
620842977643252 984.231201 
620843017643721 984.215820 
620843057634242 984.203125 
620843097637315 984.210449 
620843137635752 984.247803 
620843177643617 984.412354 
620843217634034 984.451172 
620843257642523 984.384033 
620843297643825 984.278809 
620843337642054 984.244141 
620843377718877 984.187256 
620843417720127 984.211670 
620843457643461 984.275391 
620843497643252 984.294434 
620843537644138 984.300293 
620843577643617 984.324463 
620843617642731 984.335449 
620843657634294 984.322266 
620843697644294 984.344727 
620843737639971 984.324707 
620843777622471 984.305908 
620843817634034 984.297607 
620843857642888 984.260010 
620843897643565 984.247803 
620843937643461 984.252686 
620843977623877 984.248779 
620844017636742 984.236328 
620844057643304 984.228516 
620844097642992 984.230225 
620844137643096 984.247803 
620844177642992 984.297852 
620844217643044 984.354004 
620844257633825 984.288330 
620844297708825 984.251709 
620844337640544 984.207764 
620844377643304 984.192139 
620844417634554 984.250488 
620844457643356 984.255859 
620844497643461 984.253418 
620844537643461 984.312256 
620844577625231 984.312744 
620844617641065 984.322510 
620844657643617 984.318359 
620844697643825 984.323975 
620844737643356 984.333008 
620844777643044 984.292969 
620844817643461 984.275391 
620844857634554 984.265137 
620844897681013 984.244385 
620844937635909 984.252197 
620844977643617 984.245605 
620845017633409 984.224609 
620845057643200 984.203125 
620845097637106 984.210693 
620845137643877 984.240234 
620845177632211 984.305664 
620845217643356 984.386719 
620845257643252 984.340088 
620845297643304 984.345215 
620845337643877 984.312744 
620845377643409 984.288086 
620845417643877 984.263184 
620845457643356 984.263184 
620845497637419 984.269287 
620845537643825 984.286621 
620845577643096 984.327148 
620845617634554 984.308105 
620845657642992 984.327393 
620845697644138 984.324951 
620845737642992 984.305908 
620845777633773 984.324951 
620845817643356 984.303467 
620845857636846 984.282227 
620845897643669 984.277344 
620845937643252 984.250977 
620845977643877 984.258301 
620846017643461 984.253174 
620846057643721 984.239258 
620846097637263 984.221436 
620846137635804 984.207764 
620846177643409 984.225586 
620846217633513 984.330811 
620846257643044 984.358887 
620846297643356 984.350586 
620846337643877 984.310791 
620846377634554 984.288574 
620846417643304 984.242920 
620846457643565 984.215820 
620846497643044 984.250244 
620846537620752 984.258301 
620846577642992 984.272461 
620846617643513 984.315674 
620846657643461 984.310791 
620846697636273 984.321045 
620846737637002 984.316650 
620846777643825 984.305908 
620846817636169 984.281982 
620846857642940 984.275635 
620846897636794 984.279053 
620846937643513 984.253418 
620846977634294 984.250488 
620847017637367 984.239746 
620847057643461 984.230469 
620847097644346 984.213623 
620847137622940 984.194824 
620847177643148 984.221924 
620847217643461 984.305908 
620847257643252 984.326660 
620847297639554 984.333252 
620847337637419 984.260498 
620847377643461 984.248535 
620847417634034 984.211670 
620847457643304 984.190674 
620847497637940 984.236328 
620847537643409 984.252441 
620847577634034 984.264160 
620847617622159 984.318115 
620847657643200 984.320557 
620847697643096 984.314941 
620847737626898 984.314697 
620847777644086 984.299316 
620847817643304 984.322754 
620847857643565 984.312256 
620847897636898 984.286621 
620847937640179 984.287109 
620847977643721 984.245117 
620848017637263 984.251709 
620848057643200 984.251709 
620848097643565 984.238770 
620848137643304 984.211426 
620848177634034 984.196289 
620848217637002 984.201660 
620848257638044 984.274414 
620848297643565 984.267578 
620848337634034 984.319580 
620848377643304 984.261230 
620848417644190 984.237305 
620848457643200 984.198975 
620848497636586 984.181641 
620848537643096 984.233643 
620848577643721 984.266113 
620848617642992 984.262451 
620848657643044 984.314941 
620848697637419 984.318604 
620848737642731 984.322510 
620848777633773 984.317627 
620848817638096 984.300537 
620848857637106 984.342529 
620848897637731 984.305176 
620848937633773 984.287109 
620848977642679 984.302979 
620849017644138 984.270264 
620849057645284 984.258057 
620849097639606 984.250977 
620849137640596 984.234131 
620849177643929 984.208008 
620849217644086 984.189697 
620849257643304 984.201904 
620849297643513 984.286621 
620849337643356 984.315430 
620849377633981 984.339844 
620849417643773 984.314453 
620849457637367 984.266602 
620849497643356 984.240234 
620849537634294 984.211914 
620849577644034 984.221436 
620849617643044 984.247070 
620849657643565 984.262451 
620849697622731 984.309082 
620849737658877 984.314941 
620849777643252 984.320557 
620849817643565 984.318604 
620849857643252 984.310303 
620849897622263 984.339355 
620849937643565 984.297363 
620849977634554 984.290039 
620850017702679 984.302246 
620850057637159 984.267334 
620850097643565 984.265869 
620850137635023 984.257324 
620850177643200 984.209717 
620850217643356 984.204346 
620850257643825 984.218506 
620850297635596 984.337402 
620850337634815 984.361816 
620850377643409 984.386475 
620850417643200 984.312256 
620850457643200 984.286865 
620850497637471 984.234619 
620850537643252 984.220703 
620850577648565 984.257568 
620850617636742 984.271973 
620850657637679 984.260498 
620850697643304 984.307129 
620850737634294 984.311279 
620850777642940 984.321533 
620850817642575 984.318359 
620850857642992 984.292480 
620850897634294 984.306152 
620850937643044 984.282715 
620850977643513 984.284668 
620851017643669 984.276855 
620851057643461 984.255127 
620851097636898 984.254639 
620851137643200 984.250977 
620851177643825 984.238037 
620851217638200 984.220703 
620851257635648 984.208252 
620851297644138 984.225342 
620851337634034 984.335938 
620851377643200 984.413818 
620851417643825 984.359863 
620851457643304 984.290527 
620851497634294 984.253174 
620851537637471 984.200439 
620851577641169 984.212402 
620851617642731 984.282959 
620851657643617 984.290527 
620851697643252 984.289063 
620851737642940 984.305176 
620851777643721 984.312012 
620851817637367 984.315186 
620851857658981 984.302979 
620851897643617 984.307861 
620851937634294 984.276855 
620851977643096 984.257080 
620852017643356 984.276611 
620852057643148 984.255859 
620852097634034 984.246338 
620852137642940 984.255615 
620852177643877 984.249756 
620852217643565 984.242432 
620852257621742 984.227295 
620852297635388 984.227295 
620852337643304 984.261475 
620852377642940 984.343506 
620852417636742 984.387939 
620852457636481 984.322510 
620852497642627 984.259521 
620852537633513 984.250732 
620852577645075 984.208984 
620852617642523 984.214355 
620852657643356 984.234619 
620852697634294 984.226563 
620852737637106 984.279053 
620852777636065 984.303223 
620852817643721 984.285156 
620852857621846 984.298096 
620852897643304 984.293457 
620852937643617 984.322998 
620852977643044 984.293945 
620853017638356 984.260498 
620853057642575 984.282227 
620853097642523 984.257568 
620853137634554 984.257813 
620853177643148 984.249756 
620853217643304 984.235107 
620853257643356 984.210938 
620853297634034 984.190430 
620853337637002 984.190430 
620853377643669 984.257568 
620853417643957 984.287842 
620853457634270 984.349854 
620853497644009 984.264404 
620853537643905 984.224365 
620853577644009 984.224121 
620853617637811 984.254150 
620853657660468 984.275879 
620853697644322 984.273682 
620853737644791 984.309814 
620853777645936 984.297119 
620853817644374 984.305420 
620853857643957 984.318848 
620853897634791 984.303711 
620853937640780 984.321289 
620853977643436 984.270996 
620854017644166 984.267334 
620854057635103 984.272705 
620854097644322 984.259521 
620854137644113 984.252441 
620854177644895 984.251709 
620854217708436 984.235840 
620854257644634 984.210449 
620854297644113 984.196533 
620854337644374 984.214111 
620854377644061 984.436523 
620854417644478 984.399658 
620854457644218 984.350342 
620854497635051 984.284668 
620854537637863 984.248047 
620854577641301 984.194092 
620854617644113 984.219238 
620854657635155 984.277344 
620854697644530 984.273926 
620854737644791 984.281250 
620854777644270 984.299805 
620854817641353 984.302002 
620854857638749 984.316406 
620854897643749 984.295166 
620854937644322 984.309082 
620854977644061 984.290771 
620855017637968 984.272217 
620855057643645 984.289795 
620855097636561 984.251709 
620855137644478 984.255859 
620855177638905 984.268066 
620855217644374 984.260986 
620855257635311 984.232666 
620855297644530 984.210938 
620855337644322 984.223145 
620855377644374 984.290527 
620855417622863 984.283691 
620855457622082 984.347168 
620855497644009 984.318115 
620855537644322 984.265869 
620855577643697 984.231201 
620855617644530 984.208496 
620855657644061 984.233154 
620855697634530 984.249023 
620855737774582 984.227051 
620855777640363 984.276123 
620855817644374 984.302490 
620855857635051 984.306885 
620855897643957 984.329834 
620855937644374 984.314941 
620855977644322 984.322998 
620856017639218 984.292725 
620856057643280 984.287109 
620856097643853 984.302490 
620856137644113 984.279541 
620856177643801 984.264893 
620856217644322 984.257813 
620856257643593 984.245605 
620856297643749 984.233398 
620856337830728 984.218994 
620856377635207 984.235352 
620856417644061 984.355225 
620856457635311 984.393799 
620856497643645 984.369629 
620856537644113 984.281982 
620856577644895 984.239502 
620856617634530 984.183838 
620856657638436 984.196533 
620856697644530 984.259277 
620856737644270 984.281738 
620856777643957 984.275391 
620856817644270 984.301514 
620856857644113 984.323486 
620856897644374 984.300049 
620856937637759 984.293701 
620856977636874 984.304443 
620857017644218 984.261963 
620857057635311 984.263672 
620857097643176 984.257324 
620857137643280 984.259033 
620857177644009 984.264160 
620857217634478 984.257080 
620857257637811 984.237061 
620857297644218 984.221680 
620857337643541 984.226074 
620857377641822 984.251953 
620857417643020 984.425537 
620857457644113 984.458008 
620857497644113 984.403564 
620857537637655 984.291260 
620857577637343 984.272461 
620857617643801 984.208252 
620857657635051 984.215576 
620857697644999 984.254883 
620857737643957 984.247070 
620857777644374 984.273682 
620857817634530 984.317139 
620857857622551 984.325928 
620857897669166 984.341309 
620857937644374 984.324707 
620857977623645 984.319580 
620858017643905 984.308594 
620858057644113 984.283691 
620858097644530 984.302979 
620858137640416 984.273682 
620858177636509 984.268799 
620858217644530 984.254883 
620858257634895 984.248291 
620858297644166 984.221680 
620858337644478 984.209717 
620858377643801 984.232178 
620858417635311 984.271240 
620858457636822 984.298828 
620858497623384 984.396973 
620858537644530 984.328857 
620858577622916 984.234619 
620858617643749 984.232910 
620858657644426 984.193604 
620858697644166 984.222656 
620858737637499 984.264893 
620858777644113 984.259277 
620858817644270 984.293945 
620858857645051 984.341553 
620858897643957 984.353027 
620858937643905 984.341064 
620858977644113 984.316650 
620859017635103 984.337402 
620859057638905 984.302734 
620859097622968 984.293213 
620859137644166 984.301514 
620859177635051 984.263916 
620859217644113 984.256592 
620859257644270 984.253662 
620859297644218 984.251709 
620859337637811 984.229736 
620859377644322 984.211182 
620859417643749 984.232422 
620859457643645 984.273926 
620859497644322 984.299561 
620859537643957 984.337891 
620859577643749 984.333252 
620859617634791 984.289551 
620859657637916 984.242188 
620859697640884 984.223633 
620859737644895 984.282227 
620859777634791 984.299316 
620859817644166 984.300293 
620859857644478 984.354248 
620859897644009 984.367188 
620859937725520 984.364502 
620859977644582 984.344727 
620860017644061 984.323486 
620860057644634 984.329834 
620860097644009 984.317383 
620860137644530 984.319092 
620860177644530 984.293213 
620860217635051 984.277832 
620860257644061 984.254150 
620860297644061 984.224121 
620860337644061 984.206543 
620860377635572 984.201172 
620860417643697 984.226318 
620860457644634 984.294189 
620860497643697 984.302734 
620860537623905 984.325439 
620860577636041 984.328613 
620860617643541 984.287109 
620860657644322 984.225830 
620860697643801 984.239014 
620860737643176 984.294434 
620860777643801 984.286865 
620860817634009 984.285400 
620860857674738 984.335205 
620860897636509 984.337891 
620882513143801 984.262939 
620882553142499 984.263428 
620882593128697 984.261963 
620882633142343 984.258301 
620882673142707 984.255127 
620882713141770 984.257324 
620882753144843 984.253174 
620882793141509 984.266846 
620882833143541 984.273926 
