# Created at Thu Mar 27 09:17:33 GMT+01:00 2025 in Burnaby Canada 
1770099632939 1.000000 
1770619576939 2.000000 
1771339487939 3.000000 
1771799438939 4.000000 
1772519348939 5.000000 
1773019288939 6.000000 
1773699204939 7.000000 
1774259143939 8.000000 
1774899066939 9.000000 
1775458995939 10.000000 
1776118923939 11.000000 
1776698850939 12.000000 
1777298783939 13.000000 
1777838716939 14.000000 
1778518634939 15.000000 
1779078563939 16.000000 
1779758488939 17.000000 
1780258427939 18.000000 
1780878350939 19.000000 
1781418294939 20.000000 
1782098207939 21.000000 
1782638150939 22.000000 
1783278070939 23.000000 
1783758012939 24.000000 
1784417930939 25.000000 
1784877153498 26.000000 
1785577065498 27.000000 
1786077006498 28.000000 
1786696935498 29.000000 
1787236871498 30.000000 
1787916796498 31.000000 
1788436729498 32.000000 
1789076652498 33.000000 
1789656580498 34.000000 
1790296508498 35.000000 
1790816444498 36.000000 
1791496363498 37.000000 
1792036295498 38.000000 
1792716218498 39.000000 
1793316153498 40.000000 
1793936074498 41.000000 
1794496009498 42.000000 
1795155925498 43.000000 
1795675869498 44.000000 
1796375783498 45.000000 
1796895720498 46.000000 
1797555648498 47.000000 
1798075581498 48.000000 
1798735508498 49.000000 
1799235445498 50.000000 
1799895366498 51.000000 
1800415302498 52.000000 
1801095224498 53.000000 
1801655154498 54.000000 
1802295077498 55.000000 
1802895013498 56.000000 
1803514934498 57.000000 
1804034879498 58.000000 
1804674798498 59.000000 
1805254729498 60.000000 
1805934643498 61.000000 
1806474585498 62.000000 
1807094507498 63.000000 
1807694436498 64.000000 
1808314368498 65.000000 
1808834303498 66.000000 
1809494230498 67.000000 
1810014163498 68.000000 
1810634090498 69.000000 
1811174022498 70.000000 
1811813950498 71.000000 
1812333886498 72.000000 
1812993807498 73.000000 
1813553740498 74.000000 
1814153670498 75.000000 
1814773603498 76.000000 
1815353530498 77.000000 
1815893465498 78.000000 
1816533385498 79.000000 
1817053329498 80.000000 
1817693249498 81.000000 
1818233183498 82.000000 
1818833109498 83.000000 
1819353055498 84.000000 
1819932982498 85.000000 
1820512917498 86.000000 
1821112844498 87.000000 
1821692773498 88.000000 
1822272710498 89.000000 
1822792645498 90.000000 
1823432568498 91.000000 
1823952501498 92.000000 
1824572435498 93.000000 
1825132365498 94.000000 
1825752295498 95.000000 
1826332223498 96.000000 
1826932152498 97.000000 
1827492081498 98.000000 
1828092014498 99.000000 
1828651949498 100.000000 
1829271870498 101.000000 
1829831810498 102.000000 
1830451731498 103.000000 
1830971676498 104.000000 
1831591597498 105.000000 
1832131534498 106.000000 
1832791452498 107.000000 
1833291398498 108.000000 
1833931318498 109.000000 
1834491251498 110.000000 
1835071184498 111.000000 
1835611120498 112.000000 
1836211055498 113.000000 
1836710992498 114.000000 
1837370913498 115.000000 
1837890846498 116.000000 
1838510779498 117.000000 
1839030712498 118.000000 
1839670635498 119.000000 
1840210569498 120.000000 
1840830500498 121.000000 
1841410428498 122.000000 
1842010363498 123.000000 
1842530296498 124.000000 
1843170219498 125.000000 
1843690161498 126.000000 
1844350081498 127.000000 
1844930012498 128.000000 
1845569932498 129.000000 
1846169865498 130.000000 
1846789789498 131.000000 
1847389722498 132.000000 
1848009649498 133.000000 
1849169511498 135.000000 
1849729442498 136.000000 
1850329369498 137.000000 
