# Created at Thu Mar 27 09:22:50 GMT+01:00 2025 in Burnaby Canada 
2077560130910 999.231445 
2077660119110 999.232666 
2077760107310 999.227051 
2077860095210 999.234131 
2077960083110 999.235596 
2078060071276 999.231445 
2078159334370 999.232422 
2078259322570 999.228027 
2078359310770 999.236084 
2078459299003 999.231689 
2078559287236 999.226318 
2078659275436 999.221680 
2078759263636 999.224854 
2078859251802 999.235596 
2078959239902 999.239014 
2079059228002 999.244385 
2079159216235 999.248535 
2079259204468 999.247070 
2079359192668 999.248779 
2079459180868 999.247070 
2079559169101 999.247559 
2079659157334 999.253906 
2079759145534 999.257080 
2079859133734 999.254639 
2079959121700 999.259277 
2080059109566 999.264404 
2080159097632 999.257324 
2080259085832 999.243408 
2080359073998 999.241943 
2080459062164 999.239258 
2080559050330 999.237793 
2080659038530 999.233887 
2080759026696 999.237061 
2080859014862 999.240234 
2080959003028 999.243896 
2081058990961 999.246582 
2081158978827 999.249268 
2081258966827 999.247314 
2081358954827 999.239990 
2081458942793 999.241455 
2081558930759 999.243896 
2081658918759 999.255371 
2081758906759 999.254395 
2081858894792 999.259766 
2081958882758 999.256104 
2082058870758 999.262939 
2082158858624 999.252197 
2082258846490 999.248047 
2082358834756 999.244873 
2082458822956 999.248291 
2082558811122 999.247314 
2082658799288 999.245850 
2082758787454 999.245605 
2082858775720 999.251953 
2082958763886 999.254395 
2083058752052 999.254395 
2083158740018 999.260498 
2083258727884 999.258057 
2083358715817 999.256104 
2083458703817 999.256104 
2083558691817 999.254395 
2083658679783 999.257080 
2083758667749 999.255371 
2083858655815 999.250977 
2083958643815 999.251953 
2084058631781 999.251953 
2084158619747 999.254150 
2084258607613 999.248047 
2084358595546 999.249756 
2084458583646 999.256836 
2084558571879 999.256348 
2084658560079 999.250732 
2084758548279 999.249512 
2084858536479 999.242432 
2084958524712 999.243896 
2085058512912 999.249023 
2085158501112 999.255127 
2085258489312 999.257080 
2085358477212 999.257324 
2085458465112 999.258057 
2085558453245 999.250732 
2085658441478 999.248291 
2085758429711 999.236572 
2085858417911 999.244385 
2085958406111 999.241455 
2086058394344 999.244629 
2086158382577 999.257568 
2086258370777 999.256348 
2086358358977 999.255859 
2086458347077 999.250977 
2086558335177 999.250000 
2086658323410 999.248535 
2086758311643 999.245605 
2086858299843 999.247070 
2086958288043 999.253418 
2087058276276 999.254150 
2087158264509 999.242188 
2087258252709 999.241699 
2087358240909 999.247070 
2087458228909 999.255127 
2087558216775 999.258057 
2087658204775 999.254395 
2087758192975 999.257813 
2087858181175 999.256104 
2087958169341 999.252441 
2088058157507 999.252686 
2088158145707 999.251953 
2088258133907 999.248047 
2088358122073 999.244385 
2088458110239 999.252197 
2088558098239 999.255615 
2088658086105 999.244141 
2088758074038 999.250000 
2088858062038 999.252930 
2088958050038 999.259033 
2089058038004 999.256592 
2089158025970 999.267090 
2089258013970 999.262939 
2089358001970 999.259277 
2089457989936 999.270264 
2089557977902 999.260254 
2089657965768 999.252930 
2089757953634 999.257080 
2089857941767 999.266113 
2089957930000 999.260986 
2090057918200 999.267578 
2090157906400 999.258301 
2090257894633 999.261963 
2090357882866 999.263672 
2090457871066 999.254883 
2090557859266 999.252686 
2090657847366 999.261719 
2090757835266 999.265137 
2090857823166 999.269043 
2090957811399 999.273193 
2091057799632 999.271484 
2091157787832 999.272217 
2091257776032 999.279541 
2091357764232 999.274414 
2091457752465 999.275391 
2091557740631 999.276367 
2091657728831 999.273438 
2091757716964 999.268311 
2091857705064 999.261230 
2091957693164 999.261963 
2092057681397 999.256104 
2092157669630 999.257568 
2092257657830 999.258301 
2092357646030 999.254150 
2092457634263 999.247070 
2092557622496 999.249023 
2092657610696 999.250977 
2092757598896 999.262451 
2092857586862 999.262207 
2092957574728 999.263672 
2093057562794 999.262939 
2093157550994 999.259521 
2093257539160 999.254150 
2093357527326 999.252441 
2093457515492 999.251709 
2093557503692 999.254150 
2093657491858 999.246582 
2093757480024 999.262939 
2093857468190 999.264648 
2093957456056 999.257568 
2094057443922 999.264404 
2094157431922 999.262695 
2094257419922 999.262939 
2094357407922 999.270264 
2094457395888 999.261230 
2094557383888 999.257080 
2094657371888 999.255371 
2094757359888 999.251953 
2094857347854 999.254883 
2094957335854 999.257080 
2095057323720 999.262695 
2095157311620 999.259766 
2095257299853 999.260986 
2095357288086 999.260254 
2095457276286 999.254883 
2095557264486 999.263184 
2095657252719 999.258301 
2095757240952 999.256836 
2095857229152 999.256592 
2095957217352 999.260742 
2096057205385 999.264893 
2096157193285 999.257324 
2096257181218 999.252686 
2096357169451 999.247803 
2096457157684 999.250732 
2096557145884 999.255859 
2096657134084 999.250000 
2096757122317 999.253906 
2096857110550 999.251465 
2096957098750 999.258057 
2097057086950 999.261475 
2097157075050 999.261230 
2097257063150 999.263916 
2097357051283 999.267090 
2097457039516 999.272217 
2097557027716 999.261230 
2097657015916 999.261475 
2097757004149 999.260498 
2097856992382 999.263184 
2097956980582 999.253418 
2098056968782 999.246582 
2098156956948 999.241699 
2098256944814 999.247314 
2098356932680 999.252686 
2098456920813 999.251221 
2098556909046 999.242432 
2098656897246 999.246094 
2098756885446 999.239746 
2098856873679 999.242920 
2098956861912 999.240967 
2099056850112 999.239258 
2099156838312 999.239502 
2099256826512 999.248047 
2099356814412 999.249512 
2099456802312 999.250488 
2099556790478 999.245605 
2099656778711 999.252197 
2099756766911 999.246582 
2099856755111 999.241699 
2099956743344 999.239990 
2100056731577 999.235107 
2100156719777 999.245605 
2100256707977 999.248047 
2100356696143 999.248047 
2100456684243 999.249023 
2100556672343 999.246582 
2100656660576 999.247803 
2100756648776 999.255859 
2100856636976 999.251709 
2100956625176 999.247803 
2101056613409 999.245361 
2101156601642 999.251953 
2101256589842 999.240967 
2101356578042 999.240234 
2101456566008 999.239746 
2101556553874 999.234131 
2101656541940 999.233887 
2101756530140 999.225586 
2101856518306 999.227783 
2101956506472 999.221191 
2102056494638 999.228760 
2102156482838 999.220947 
2102256471004 999.235596 
2102356459170 999.234375 
2102456447336 999.241943 
2102556435269 999.252197 
2102656423135 999.256836 
2102756411135 999.252197 
2102856399135 999.250732 
2102956387101 999.252197 
2103056375067 999.251953 
2103156363067 999.251953 
2103256351067 999.252441 
2103356339067 999.249023 
2103456327033 999.248291 
2103556315033 999.245361 
2103656302899 999.240234 
2103756290765 999.234131 
2103856278931 999.232422 
2103956267164 999.237305 
2104056255364 999.228271 
2104156243564 999.223145 
2104256231797 999.219971 
2104356220030 999.218750 
2104456208230 999.231201 
2104556196430 999.238525 
2104656184463 999.248047 
2104756172363 999.241211 
2104856160263 999.239502 
2104956148496 999.248779 
2105056136729 999.247803 
2105156124929 999.237061 
2105256113129 999.244141 
2105356101362 999.234375 
2105456089595 999.239502 
2105556077795 999.240234 
2105656065995 999.239502 
2105756054095 999.239990 
2105856042195 999.248291 
2105956030328 999.241211 
2106056018561 999.232910 
2106156006761 999.240234 
2106255994961 999.241699 
2106355983161 999.239746 
2106455971394 999.240479 
2106555959594 999.233154 
2106655947794 999.233398 
2106755935994 999.235840 
2106855923927 999.227051 
2106955911793 999.226318 
2107055899893 999.217773 
2107155888093 999.226807 
2107255876259 999.233887 
2107355864425 999.248047 
2107455852591 999.248779 
2107555840791 999.239746 
2107655828957 999.233643 
2107755817123 999.227783 
2107855805289 999.232422 
2107955793155 999.232422 
2108055781021 999.229492 
2108155769087 999.240723 
2108255757087 999.235840 
2108355745053 999.243652 
2108455733019 999.236084 
2108555721019 999.229980 
2108655709085 999.238770 
2108755697051 999.229248 
2108855685017 999.231201 
2108955672983 999.230957 
2109055660849 999.241455 
2109155648815 999.240723 
2109255637048 999.245361 
2109355625281 999.243408 
2109455613481 999.236572 
2109555601681 999.236084 
2109655589981 999.218018 
2109755578214 999.217529 
2109855566414 999.229980 
2109955554614 999.234375 
2110055542614 999.232178 
2110155530580 999.231934 
2110255518613 999.238770 
2110355506846 999.242432 
2110455495079 999.239990 
2110555483279 999.236816 
2110655471545 999.227539 
2110755459778 999.234375 
2110855448011 999.237061 
2110955436211 999.247070 
2111055424411 999.246338 
2111155412511 999.245117 
2111255400611 999.235840 
2111355388777 999.230713 
2111455377010 999.225586 
2111555365210 999.223389 
2111655353410 999.227783 
2111755341643 999.226807 
2111855329876 999.229004 
2111955318076 999.231689 
2112055306276 999.230957 
2112155294476 999.235840 
2112255282342 999.239258 
2112355270208 999.246338 
2112455258408 999.234131 
2112555246608 999.232422 
2112655234774 999.236084 
2112755222940 999.242432 
2112855211106 999.245117 
2112955199306 999.242188 
2113055187472 999.236572 
2113155175638 999.232422 
2113255163671 999.242676 
2113355151537 999.244873 
2113455139403 999.239746 
2113555127403 999.231689 
2113655115403 999.235107 
2113755103369 999.235596 
2113855091335 999.238770 
2113955079335 999.246582 
2114055067335 999.251221 
2114155055301 999.244873 
2114255043267 999.247070 
2114355031200 999.242188 
2114455019066 999.235107 
2114555007132 999.238281 
2114654995365 999.233398 
2114754983565 999.235352 
2114854971765 999.239746 
2114954959998 999.239258 
2115054948231 999.242432 
2115154936431 999.244873 
2115254924631 999.247803 
2115354912831 999.250977 
2115454900731 999.251953 
2115554888631 999.252930 
2115654876731 999.244141 
2115754864964 999.242676 
2115854853197 999.236816 
2115954841397 999.233887 
2116054829597 999.240723 
2116154817830 999.249268 
2116254806063 999.243896 
2116354794263 999.233398 
2116454782463 999.239258 
2116554770563 999.237305 
2116654758663 999.236816 
2116754746896 999.231934 
2116854735129 999.229004 
2116954723329 999.231689 
2117054711529 999.237793 
2117154699762 999.240479 
2117254687995 999.235352 
2117354676195 999.237061 
2117454664395 999.239502 
2117554652428 999.235596 
2117654640294 999.245850 
2117754628194 999.239990 
2117854616394 999.245850 
2117954604560 999.245850 
2118054592726 999.252197 
2118154580892 999.244629 
2118254569092 999.240234 
2118354557292 999.245605 
2118454545458 999.246338 
2118554533624 999.248779 
2118654521624 999.245605 
2118754509490 999.237305 
2118854497390 999.240234 
2118954485390 999.242920 
2119054473390 999.246094 
2119154461356 999.249268 
2119254449322 999.242432 
2119354437322 999.244141 
2119454425322 999.244141 
2119554413288 999.244385 
2119654401254 999.249512 
2119754389120 999.258545 
2119854376986 999.253174 
2119954365119 999.252930 
2120054353352 999.258789 
2120154341552 999.252686 
2120254329752 999.255859 
2120354317985 999.245117 
2120454306218 999.246338 
2120554294418 999.241211 
2120654282618 999.247314 
2120754270818 999.242432 
2120854258718 999.238770 
2120954246618 999.234619 
2121054234784 999.238770 
2121154223017 999.239746 
2121254211217 999.241455 
2121354199417 999.236084 
2121454187650 999.244141 
2121554175883 999.246826 
2121654164083 999.233398 
2121754152283 999.231934 
2121854140449 999.238037 
2121954128549 999.239258 
2122054116649 999.250000 
2122154104882 999.251221 
2122254093115 999.259033 
2122354081315 999.244141 
2122454069515 999.246826 
2122554057748 999.246094 
2122654045981 999.243652 
2122754034181 999.241943 
2122854022381 999.239746 
2122954010347 999.241699 
2123053998213 999.250732 
2123153986213 999.249512 
2123253974413 999.250977 
2123353962579 999.243408 
2123453950745 999.240967 
2123553938911 999.241699 
2123653927111 999.253906 
2123753915277 999.250977 
2123853903443 999.250977 
2123953891609 999.252930 
2124053879542 999.243408 
2124153867408 999.248047 
2124253855408 999.246826 
2124353843408 999.240967 
2124453831374 999.237305 
2124553819340 999.227539 
2124653807340 999.237305 
2124753795340 999.236572 
2124853783340 999.239990 
2124953771306 999.233154 
2125053759306 999.228516 
2125153747172 999.241211 
2125253735038 999.244385 
2125353723238 999.252441 
2125453711438 999.242432 
2125553699604 999.245361 
2125653687770 999.246582 
2125753675936 999.249512 
2125853664136 999.250488 
2125953652302 999.253418 
2126053640468 999.255859 
2126153628501 999.244385 
2126253616367 999.243408 
2126353604233 999.237305 
2126453592233 999.238770 
2126553580233 999.237305 
2126653568199 999.237305 
2126753556165 999.234863 
2126853544165 999.233643 
2126953532165 999.233643 
2127053520131 999.238281 
2127153508097 999.236572 
2127253495963 999.240479 
2127353483829 999.232178 
2127453471929 999.235596 
2127553460162 999.230957 
2127653448362 999.225342 
2127753436562 999.228760 
2127853424762 999.228027 
2127953412995 999.235596 
2128053401195 999.241211 
2128153389395 999.247070 
2128253377595 999.244629 
2128353365495 999.241455 
2128453353395 999.231201 
2128553341528 999.238281 
2128653329761 999.239014 
2128753317994 999.232666 
2128853306194 999.222168 
2128953294394 999.226074 
2129053282627 999.239502 
2129153270860 999.241455 
2129253259060 999.243652 
2129353247260 999.243164 
2129453235360 999.241211 
2129553223460 999.252686 
2129653211693 999.244629 
2129753199926 999.241699 
2129853188126 999.244141 
2129953176326 999.231934 
2130053164559 999.241455 
2130153152792 999.231201 
2130253140992 999.241455 
2130353129192 999.247314 
2130453117192 999.255615 
2130553105058 999.249268 
2130653092958 999.251953 
2130753081191 999.251953 
2130853069424 999.238770 
2130953057624 999.246094 
2131053045824 999.246338 
2131153034057 999.250732 
2131253022290 999.246826 
2131353010490 999.247559 
2131452998690 999.240723 
2131552986690 999.242188 
2131652974590 999.243164 
2131752962623 999.240479 
2131852950856 999.242676 
2131952939089 999.233398 
2132052927289 999.231445 
2132152915489 999.239502 
2132252903722 999.241943 
2132352891955 999.248779 
2132452880155 999.247559 
2132552868355 999.247559 
2132652856455 999.255615 
2132752844555 999.249512 
2132852832721 999.243652 
2132952820954 999.246826 
2133052809154 999.243652 
2133152797354 999.246582 
2133252785587 999.249023 
2133352773820 999.241943 
2133452762020 999.241455 
2133552750220 999.247803 
2133652738420 999.248535 
2133752726286 999.258057 
2133852714152 999.256104 
2133952702352 999.247803 
2134052690552 999.244873 
2134152678718 999.245605 
2134252666884 999.242188 
2134352655050 999.244385 
2134452643316 999.243652 
2134552631482 999.239746 
2134652619648 999.245361 
2134752607681 999.243896 
2134852595547 999.243408 
2134952583480 999.253906 
2135052571480 999.249512 
2135152559480 999.252686 
2135252547446 999.252441 
2135352535412 999.256836 
2135452523478 999.260986 
2135552511478 999.255859 
2135652499444 999.257813 
2135752487410 999.257324 
2135852475343 999.254639 
2135952463276 999.252930 
2136052451342 999.247559 
2136152439575 999.250244 
2136252427775 999.248291 
2136352415975 999.248779 
2136452404241 999.243896 
2136552392474 999.242676 
2136652380674 999.239990 
2136752368874 999.245361 
2136852357074 999.243652 
2136952345040 999.238037 
2137052332940 999.231934 
2137152321040 999.224365 
2137252309273 999.228760 
2137352297506 999.232910 
2137452285706 999.237793 
2137552273906 999.244629 
2137652262139 999.235596 
2137752250372 999.239990 
2137852238572 999.236816 
2137952226772 999.239258 
2138052214872 999.248535 
2138152202972 999.246582 
2138252191205 999.242188 
2138352179438 999.239014 
2138452167638 999.232422 
2138552155838 999.230225 
2138652144071 999.228027 
2138752132304 999.225342 
2138852120504 999.221436 
2138952108704 999.215088 
2139052096737 999.220459 
2139152084603 999.230225 
2139252072503 999.230225 
2139352060703 999.242920 
2139452048903 999.249512 
2139552037069 999.235840 
2139652025235 999.228271 
2139752013435 999.226563 
2139852001635 999.231934 
2139951989801 999.238281 
2140051977967 999.229492 
2140151965967 999.230469 
2140251953833 999.238281 
2140351941733 999.241699 
2140451929733 999.246582 
2140551917733 999.251465 
2140651905699 999.250000 
2140751893665 999.256592 
2140851881665 999.255371 
2140951869665 999.256592 
2141051857631 999.253662 
2141151845597 999.247559 
2141251833463 999.247314 
2141351821329 999.245605 
2141451809429 999.246338 
2141551797629 999.247070 
2141651785795 999.254639 
2141751773961 999.261963 
2141851762127 999.263184 
2141951750327 999.266602 
2142051738493 999.256592 
2142151726659 999.248291 
2142251714792 999.252930 
2142351702658 999.247803 
2142451690524 999.256104 
2142551678524 999.258789 
2142651666524 999.253662 
2142751654490 999.250977 
2142851642456 999.243164 
2142951630456 999.238770 
2143051618456 999.248779 
2143151606422 999.235107 
2143251594388 999.233643 
2143351582354 999.229980 
2143451570220 999.240479 
2143551558220 999.238281 
2143651546453 999.238281 
2143751534686 999.239990 
2143851522886 999.249756 
2143951511086 999.260498 
2144051499319 999.252441 
2144151487552 999.252930 
2144251475752 999.252441 
2144351463952 999.253662 
2144451451952 999.243408 
2144551439852 999.246094 
2144651427885 999.248291 
2144751416118 999.249756 
2144851404351 999.247070 
2144951392551 999.239746 
2145051380751 999.240479 
2145151368984 999.233398 
2145251357217 999.237549 
2145351345417 999.245361 
2145451333617 999.249756 
2145551321717 999.258789 
2145651309817 999.260986 
2145751298050 999.256592 
2145851286283 999.257080 
2145951274483 999.264648 
2146051262683 999.271484 
2146151250916 999.273926 
2146251239149 999.262451 
2146351227349 999.261230 
2146451215549 999.258789 
2146551203682 999.259277 
2146651191548 999.260254 
2146751179414 999.262695 
2146851167580 999.265869 
2146951155813 999.262451 
2147051144013 999.266602 
2147151132213 999.264404 
2147251120446 999.271484 
2147351108679 999.269775 
2147451096879 999.270264 
2147551085079 999.270020 
2147651073179 999.273193 
2147751061079 999.273438 
2147851048979 999.268311 
2147951037212 999.272217 
2148051025445 999.278320 
2148151013645 999.278320 
2148251001845 999.271240 
2148350990078 999.277100 
2148450978311 999.277344 
2148550966511 999.269043 
2148650954711 999.266602 
2148750942811 999.272949 
2148850930911 999.267334 
2148950919011 999.267334 
2149050907244 999.272461 
2149150895444 999.275879 
2149250883644 999.261230 
2149350871877 999.259766 
2149450860110 999.258301 
2149550848276 999.254883 
2149650836476 999.249756 
2149750824676 999.242188 
2149850812609 999.243896 
2149950800475 999.249756 
2150050788575 999.244385 
2150150776775 999.248047 
2150250764941 999.254639 
2150350753107 999.255127 
2150450741273 999.255127 
2150550729473 999.257324 
2150650717639 999.260986 
2150750705805 999.257568 
2150850693971 999.268311 
2150950681837 999.260986 
2151050669703 999.260254 
2151150657703 999.252930 
2151250645703 999.251465 
2151350016627 999.250732 
2151450004593 999.243652 
2151549992593 999.250000 
2151649980593 999.260742 
2151749968559 999.256836 
2151849956525 999.266602 
2151949944525 999.261719 
2152049932391 999.257324 
2152149920291 999.256592 
2152249908491 999.253662 
2152349896657 999.250732 
2152449884823 999.254883 
2152549872989 999.257568 
2152649861189 999.256836 
2152749849389 999.258545 
2152849837555 999.255615 
2152949825721 999.252441 
2153049813687 999.251465 
2153149801553 999.258301 
2153249789486 999.264648 
2153349777486 999.259033 
2153449765486 999.250000 
2153549753452 999.245850 
2153649741418 999.243408 
2153749729418 999.247803 
2153849717418 999.245361 
2153949705384 999.263184 
2154049693350 999.256104 
2154149681216 999.250732 
2154249669082 999.248535 
2154349657215 999.247559 
2154449645448 999.248047 
2154549633648 999.246826 
2154649621848 999.243896 
2154749610081 999.242188 
2154849598314 999.241943 
2154949586514 999.250000 
2155049574714 999.250000 
2155149562914 999.252197 
2155249550814 999.260742 
2155349538714 999.263184 
2155449526880 999.256592 
2155549515113 999.253174 
2155649503313 999.250732 
2155749491513 999.258301 
2155849479713 999.255859 
2155949467946 999.252686 
2156049456146 999.254639 
2156149444346 999.252441 
2156249432512 999.253174 
2156349420612 999.250488 
2156449408712 999.247314 
2156549396945 999.237061 
2156649385178 999.228027 
2156749373378 999.231445 
2156849361578 999.238281 
2156949349811 999.245117 
2157049338044 999.259033 
2157149326244 999.258057 
2157249314444 999.268799 
2157349302410 999.261963 
2157449290276 999.269531 
2157549278342 999.269775 
2157649266575 999.268311 
2157749254775 999.274414 
2157849242975 999.279541 
2157949231175 999.284424 
2158049219408 999.286133 
2158149207608 999.277588 
2158249195808 999.277832 
2158349184008 999.278320 
2158449171974 999.268311 
2158549159874 999.261963 
2158649147974 999.259033 
2158749136207 999.262939 
2158849124440 999.268555 
2158949112640 999.268066 
2159049100840 999.262207 
2159149089106 999.270996 
2159249077306 999.263184 
2159349065506 999.263184 
2159449053706 999.266846 
2159549041806 999.263916 
2159649029906 999.257324 
2159749018139 999.261475 
2159849006372 999.268311 
2159948994572 999.271729 
2160048982772 999.274170 
2160148971005 999.271729 
2160248959238 999.268066 
2160348947438 999.262451 
2160448935638 999.260742 
2160548923671 999.255371 
2160648911537 999.255127 
2160748899470 999.257568 
2160848887670 999.254883 
2160948875870 999.258301 
2161048864036 999.263428 
2161148852202 999.261475 
2161248840468 999.264893 
2161348828668 999.262939 
2161448816834 999.249268 
2161548805000 999.254639 
2161648793000 999.241455 
2161748780933 999.247070 
2161848768833 999.257568 
2161948756833 999.260742 
2162048744833 999.251709 
2162148732766 999.266357 
2162248720799 999.265381 
2162348708799 999.268799 
2162448696799 999.274658 
2162548684765 999.268799 
2162648672731 999.264404 
2162748660664 999.268066 
2162848648530 999.276611 
2162948636630 999.284424 
2163048624830 999.282959 
2163148612996 999.273926 
2163248601229 999.272461 
2163348589395 999.264893 
2163448577595 999.262207 
2163548565761 999.258301 
2163648553927 999.259033 
2163748542093 999.250000 
2163848529959 999.252441 
2163948517825 999.261719 
2164048505825 999.260010 
2164148493825 999.259033 
2164248481791 999.251465 
2164348469757 999.251709 
2164448457757 999.250488 
2164548445757 999.248535 
2164648433723 999.240234 
2164748421689 999.234619 
2164848409655 999.235352 
2164948397521 999.241699 
2165048385521 999.240479 
2165148373754 999.248291 
2165248361987 999.244873 
2165348350187 999.241455 
2165448338387 999.236084 
2165548326620 999.229248 
2165648314853 999.228760 
2165748303053 999.226563 
2165848291253 999.227051 
2165948279253 999.228516 
2166048267153 999.225830 
2166148255186 999.222412 
2166248243419 999.224609 
2166348231652 999.225342 
2166448219852 999.220947 
2166548208052 999.218018 
2166648196285 999.226807 
2166748184518 999.228760 
2166848172718 999.226563 
2166948160918 999.228760 
2167048149018 999.229492 
2167148137118 999.231445 
2167248125284 999.232422 
2167348113517 999.236328 
2167448101717 999.244385 
2167548089917 999.239990 
2167648078150 999.231445 
2167748066383 999.237793 
2167848054583 999.242676 
2167948042783 999.242432 
2168048030883 999.238770 
2168148018749 999.235107 
2168248006615 999.229492 
2168347994815 999.232178 
2168447983015 999.231201 
2168547971181 999.220703 
2168647959347 999.207031 
2168747947513 999.205811 
2168847935713 999.202637 
2168947923879 999.202393 
2169047912045 999.205322 
2169147900078 999.198975 
2169247887944 999.204834 
