# Created at Fri Mar 14 11:45:36 GMT+01:00 2025 in Burnaby Canada 
156566980051334 986.303955 
156567080039334 986.302979 
156567180027334 986.306396 
156567280015300 986.312500 
156567380003266 986.311523 
156567479991266 986.315186 
156567579979132 986.302734 
156567679967032 986.304932 
156567779955232 986.306152 
156567879943432 986.311035 
156567979931598 986.311768 
156568079919764 986.308838 
156568179907964 986.304688 
156568279896164 986.308594 
156568379884330 986.311523 
156568479872496 986.316650 
156568579860462 986.317383 
156568679848328 986.322510 
156568779836228 986.317139 
156568879824228 986.317383 
156568979812228 986.325195 
156569079800194 986.323730 
156569179788160 986.326904 
156569279776160 986.322754 
156569379764160 986.322998 
156569479752126 986.325684 
156569579740092 986.325439 
156569679727958 986.321777 
156569779715824 986.317871 
156569879703924 986.323730 
156569979692157 986.322998 
156570079680357 986.319580 
156570179668557 986.317871 
156570279656790 986.316650 
156570379645023 986.322266 
156570479633223 986.322998 
156570579621423 986.320313 
156570679609623 986.322266 
156570779597523 986.320068 
156570879585423 986.322998 
156570979573589 986.324463 
156571079561822 986.317871 
156571179550022 986.319580 
156571279538222 986.322754 
156571379526422 986.322510 
156571479514655 986.325195 
156571579502888 986.328369 
156571679491154 986.320068 
156571779479320 986.327637 
156571879467420 986.330322 
156571979455520 986.331055 
156572079443753 986.340820 
156572179432053 986.333984 
156572279420253 986.336914 
156572379408453 986.342773 
156572479396686 986.345215 
156572579384919 986.342285 
156572679373185 986.340332 
156572779361385 986.339844 
156572879349385 986.340576 
156572979337251 986.347900 
156573079325251 986.342041 
156573179313551 986.340088 
156573279301751 986.337402 
156573379289951 986.335693 
156573479278151 986.339844 
156573579266384 986.337891 
156573679254650 986.345459 
156573779242850 986.347412 
156573879231050 986.346436 
156573979219016 986.347412 
156574079206916 986.339355 
156574179195016 986.341797 
156574279183249 986.332520 
156574379171482 986.329834 
156574479159682 986.327148 
156574579147882 986.323730 
156574679136115 986.326416 
156574779124348 986.323975 
156574879112548 986.322266 
156574979100748 986.326172 
156575079088848 986.330322 
156575179076948 986.330811 
156575279065181 986.332031 
156575379053414 986.331543 
156575479041614 986.332764 
156575579029814 986.336914 
156575679018047 986.339600 
156575779006280 986.337402 
156575878994480 986.338623 
156575978982680 986.335205 
156576078970780 986.337402 
156576178958646 986.343262 
156576278946512 986.343018 
156576378934712 986.348633 
156576478922912 986.351807 
156576578911078 986.350342 
156576678899244 986.354492 
156576778887444 986.349365 
156576878875644 986.356689 
156576978863810 986.354248 
156577078851976 986.355469 
156577178840009 986.353760 
156577278827875 986.354980 
156577378815741 986.350830 
156577478803741 986.353516 
156577578791741 986.350342 
156577678779707 986.344971 
156577778767673 986.350586 
156577878755673 986.350586 
156577978743673 986.347656 
156578078731639 986.345703 
156578178719605 986.354004 
156578278707471 986.360596 
156578378695337 986.358398 
156578478683437 986.361816 
156578578671670 986.350342 
156578678659870 986.349121 
156578778648070 986.350098 
156578878636303 986.344971 
156578978624536 986.346924 
156579078612736 986.345215 
156579178600936 986.342773 
156579278589169 986.348389 
156579378577069 986.355469 
156579478564969 986.356445 
156579578553102 986.363037 
156579678541335 986.353760 
156579778529535 986.353760 
156579878517735 986.351074 
156579978505935 986.350586 
156580078494168 986.355957 
156580178482401 986.351318 
156580278470601 986.353760 
156580378458801 986.361572 
156580478446901 986.373291 
156580578435001 986.379883 
156580678423234 986.378174 
156580778411467 986.364014 
156580878399667 986.351563 
156580978387867 986.357910 
156581078376100 986.355713 
156581178364333 986.354492 
156581278352533 986.349854 
156581378340733 986.349121 
156581478328733 986.361572 
156581578316599 986.365967 
156581678304499 986.361084 
156581778292699 986.360596 
156581878280865 986.364258 
156581978269031 986.375000 
156582078257197 986.374268 
156582178245397 986.370117 
156582278233563 986.371338 
156582378221729 986.361572 
156582478209895 986.355957 
156582578197861 986.359131 
156582678185727 986.358154 
156582778173660 986.359131 
156582878161660 986.359863 
156582978149660 986.362305 
156583078137626 986.356445 
156583178125626 986.357666 
156583278113626 986.355469 
156583378101626 986.349365 
156583478089592 986.339844 
156583578077558 986.351318 
156583678065424 986.349365 
156583778053290 986.359619 
156583878041423 986.354736 
156583978029656 986.351074 
156584078017856 986.346436 
156584178006056 986.347656 
156584277994289 986.349121 
156584377982522 986.351807 
156584477970722 986.352295 
156584577958922 986.353760 
156584677947122 986.351318 
156584777935022 986.364258 
156584877922922 986.360840 
156584977911155 986.361084 
156585077899388 986.358398 
156585177887588 986.354980 
156585277875788 986.358887 
156585377864021 986.355469 
156585477852254 986.351318 
156585577840454 986.352783 
156585677828654 986.348389 
156585777816820 986.351318 
156585877804920 986.350586 
156585977793020 986.354980 
156586077781253 986.355225 
156586177769453 986.359863 
156586277757653 986.356934 
156586377745853 986.360107 
156586477734086 986.362793 
156586577722319 986.365723 
156586677710519 986.369385 
156586777698719 986.364258 
156586877686685 986.370117 
156586977674551 986.368896 
156587077662617 986.358887 
156587177650817 986.352539 
156587277638983 986.349365 
156587377627149 986.345703 
156587477615315 986.351807 
156587577603515 986.355469 
156587677591681 986.359375 
156587777579847 986.354492 
156587877568013 986.351807 
156587977555879 986.347412 
156588077543745 986.351807 
156588177531745 986.352783 
156588277519745 986.347900 
156588377507711 986.356201 
156588477495677 986.360840 
156588577483677 986.355713 
156588677471677 986.357666 
156588777459643 986.354492 
156588877447609 986.361816 
156588977435609 986.361084 
156589077423475 986.366943 
156589177411341 986.363037 
156589277399541 986.356201 
156589377387741 986.360840 
156589477375907 986.367188 
156589577364073 986.368164 
156589677352239 986.368652 
156589777340439 986.362305 
156589877328605 986.360596 
156589977316771 986.360840 
156590077304771 986.359863 
156590177292637 986.352783 
156590277280537 986.359375 
156590377268537 986.362549 
156590477256537 986.355225 
156590577244503 986.349854 
156590677232469 986.350830 
156590777220469 986.348145 
156590877208469 986.358154 
156590977196435 986.362061 
156591077184401 986.367676 
156591177172267 986.367432 
156591277160133 986.368408 
156591377148233 986.367676 
156591477136466 986.362793 
156591577124666 986.361328 
156591677112866 986.358154 
156591777101099 986.354736 
156591877089332 986.358887 
156591977077532 986.360352 
156592077065732 986.363770 
156592177053932 986.363037 
156592277041832 986.366455 
156592377029732 986.366455 
156592477017898 986.364014 
156592577006131 986.363525 
156592676994364 986.363281 
156592776982564 986.367432 
156592876970764 986.361084 
156592976958997 986.360352 
156593076947197 986.364258 
156593176935397 986.367432 
156593276923563 986.369141 
156593376911663 986.376709 
156593476899763 986.371826 
156593576887996 986.367676 
156593676876229 986.359863 
156593776864429 986.353760 
156593876852629 986.357178 
156593976840862 986.354248 
156594076829095 986.353271 
156594176817295 986.350586 
156594276805495 986.362549 
156594376793495 986.359131 
156594476781361 986.358154 
156594576769361 986.362305 
156594676757594 986.355713 
156594776745794 986.346436 
156594876733994 986.341553 
156594976722194 986.335938 
156595076710427 986.348633 
156595176698660 986.349609 
156595276686860 986.356201 
156595376675060 986.363037 
156595476663026 986.363770 
156595576650926 986.362305 
156595676638959 986.363525 
156595776627192 986.363770 
156595876615425 986.358887 
156595976603625 986.353760 
156596076591825 986.346924 
156596176580058 986.341309 
156596276568291 986.347656 
156596376556491 986.352051 
156596476544691 986.351807 
156596576532791 986.358398 
156596676520891 986.366455 
156596776509124 986.372314 
156596876497357 986.372070 
156596976485557 986.371338 
156597076473757 986.376709 
156597176461990 986.379150 
156597276450223 986.381592 
156597376438423 986.372559 
156597476426689 986.379639 
156597576414789 986.374268 
156597676402655 986.378906 
156597776390521 986.384033 
156597876378721 986.388916 
156597976366987 986.384033 
156598076355153 986.378174 
156598176343319 986.363525 
156598276331519 986.362549 
156598376319719 986.350586 
156598476307952 986.338379 
156598576296118 986.345215 
156598676284151 986.349121 
156598776272017 986.357178 
156598876259883 986.362549 
156598976247949 986.363770 
156599076235949 986.364502 
156599176223915 986.370850 
156599276211881 986.366699 
156599376199881 986.360352 
156599476187947 986.354004 
156599576175913 986.355225 
156599676163879 986.356934 
156599776151745 986.359863 
156599876139611 986.361328 
156599976127744 986.372559 
156600076115944 986.379639 
156600176104110 986.375977 
156600276092276 986.366943 
156600376080442 986.357666 
156600476068642 986.344971 
156600576056808 986.341309 
156600676044974 986.349609 
156600776033140 986.345459 
156600876021006 986.346924 
156600976008872 986.355713 
156601075996872 986.364746 
156601175984872 986.369385 
156601275972838 986.378418 
156601375960804 986.373535 
156601475948804 986.374268 
156601575936837 986.369873 
156601675924837 986.373779 
156601775912803 986.366211 
156601875900803 986.370850 
156601975888669 986.374268 
156602075876569 986.380615 
156602175864802 986.380127 
156602275853035 986.388184 
156602375841235 986.395508 
156602475829435 986.391846 
156602575817668 986.384033 
156602675805901 986.384277 
156602775794101 986.385986 
156602875782301 986.383789 
156602975770334 986.376953 
156603075758234 986.382813 
156603175746167 986.378418 
156603275734400 986.376465 
156603375722633 986.381348 
156603475710833 986.386230 
156603575699033 986.390381 
156603675687266 986.379395 
156603775675499 986.375977 
156603875663699 986.371826 
156603975651899 986.370117 
156604075639999 986.364502 
156604175628099 986.362305 
156604275616265 986.362793 
156604375604498 986.360352 
156604475592698 986.367676 
156604575580864 986.384277 
156604675569064 986.386719 
156604775557297 986.378662 
156604875545497 986.373779 
156604975533730 986.369141 
156605075521930 986.371338 
156605175509796 986.382080 
156605275497662 986.369385 
156605375485795 986.373779 
156605475474028 986.368164 
156605575462228 986.370117 
156605675450428 986.374268 
156605775438661 986.374023 
156605875426894 986.372803 
156605975415094 986.370361 
156606075403294 986.382324 
156606175391494 986.384033 
156606275379394 986.378662 
156606375367294 986.382568 
156606475355460 986.378418 
156606575343693 986.372559 
156606675331893 986.371826 
156606775320093 986.366211 
156606875308326 986.364014 
156606975296559 986.361328 
156607075284759 986.365234 
156607175272959 986.363037 
156607275261125 986.368652 
156607375249225 986.366943 
156607475237325 986.369385 
156607575225558 986.374512 
156607675213791 986.375488 
156607775201991 986.377686 
156607875190191 986.377197 
156607975178391 986.375977 
156608075166591 986.374512 
156608175154791 986.382568 
156608275142991 986.385986 
156608375130957 986.386719 
156608474236825 986.378662 
156608574224891 986.375244 
156608674213091 986.382324 
156608774201257 986.381348 
156608874189423 986.379883 
156608974177589 986.390625 
156609074165789 986.399414 
156609174153955 986.394775 
156609274142121 986.392822 
156609374130287 986.381104 
156609474118220 986.383301 
156609574106086 986.383545 
156609674094086 986.379395 
156609774082086 986.373779 
156609874070052 986.383057 
156609974058018 986.380127 
156610074046018 986.388916 
156610174034018 986.391357 
156610274021984 986.378906 
156610374009950 986.381104 
156610473997950 986.375488 
156610573985816 986.372803 
156610673973682 986.374268 
156610773961915 986.376709 
156610873950148 986.380371 
156610973938348 986.385742 
156611073926548 986.386719 
156611173914781 986.390137 
156611273903014 986.387695 
156611373891214 986.391113 
156611473879414 986.401367 
156611573867447 986.395996 
156611673855347 986.386719 
156611773843280 986.384277 
156611873831513 986.368408 
156611973819746 986.366943 
156612073807946 986.376709 
156612173796146 986.375977 
156612273784379 986.384766 
156612373772612 986.384521 
156612473760812 986.389648 
156612573749012 986.387451 
156612673737112 986.382568 
156612773725212 986.377686 
156612873713345 986.379883 
156612973701578 986.373047 
156613073689778 986.363037 
156613173677978 986.367920 
156613273666211 986.368408 
156613373654444 986.365967 
156613473642644 986.370117 
156613573630844 986.383789 
156613673619044 986.386475 
156613773606910 986.393555 
156613873594776 986.388428 
156613973582876 986.384277 
156614073571076 986.378662 
156614173559242 986.376465 
156614273547408 986.378174 
156614373535574 986.373779 
156614473523774 986.381104 
156614573511940 986.375977 
156614673500106 986.369141 
156614773488239 986.370605 
156614873476105 986.375977 
156614973463971 986.371826 
156615073451971 986.375732 
156615173439971 986.374512 
156615273427937 986.374023 
156615373415903 986.367188 
156615473403903 986.355957 
156615573391903 986.357422 
156615673379869 986.353516 
156615773367835 986.360596 
156615873355801 986.370850 
156615973343667 986.373779 
156616073331667 986.378906 
156616173319867 986.376465 
156616273308033 986.377930 
156616373296199 986.374756 
156616473284365 986.370361 
156616573272565 986.372314 
156616673260765 986.368896 
156616773248931 986.375732 
156616873237097 986.370117 
156616973225063 986.364014 
156617073212929 986.368408 
156617173200862 986.368896 
156617273188862 986.361328 
156617373176862 986.368408 
156617473164828 986.366211 
156617573152794 986.356201 
156617673140794 986.365967 
156617773128794 986.362793 
156617873116760 986.364990 
156617973104726 986.363770 
156618073092592 986.372314 
156618173080458 986.374023 
156618273068624 986.385010 
156618373056857 986.374756 
156618473045057 986.368408 
156618573033257 986.362305 
156618673021490 986.368652 
156618773009723 986.361816 
156618872997923 986.362793 
156618972986123 986.365234 
156619072974223 986.364746 
156619172962123 986.361084 
156619272950023 986.361328 
156619372938256 986.359375 
156619472926489 986.354004 
156619572914689 986.358398 
156619672902889 986.360596 
156619772891122 986.364990 
156619872879355 986.365723 
156619972867555 986.361328 
156620072855755 986.367676 
156620172843888 986.372314 
156620272831988 986.376465 
156620372820088 986.378662 
156620472808321 986.385742 
156620572796554 986.381348 
156620672784754 986.372070 
156620772772954 986.365967 
156620872761187 986.368408 
156620972749420 986.362549 
156621072737620 986.364502 
156621172725820 986.373047 
156621272713753 986.364014 
156621372701619 986.365967 
156621472689685 986.366699 
156621572677918 986.359375 
156621672666118 986.368896 
156621772654318 986.361816 
156621872642551 986.361084 
156621972630784 986.362061 
156622072618984 986.363037 
156622172607184 986.364746 
156622272595417 986.374023 
156622372583317 986.378418 
156622472571217 986.389160 
156622572559350 986.378906 
156622672547583 986.382080 
156622772535783 986.386475 
156622872523983 986.379639 
156622972512183 986.382324 
156623072500416 986.375732 
156623172488649 986.380615 
156623272476849 986.373779 
156623372465049 986.363037 
156623472453149 986.363281 
156623572441249 986.359375 
156623672429482 986.363037 
156623772417782 986.368164 
156623872405982 986.367920 
156623972394182 986.369873 
156624072382415 986.375000 
156624172370648 986.373047 
156624272358914 986.375732 
156624372347114 986.369873 
156624472335147 986.372314 
156624572323013 986.377930 
156624672310913 986.372803 
156624772299179 986.366211 
156624872287345 986.375000 
156624972275511 986.375732 
156625072263677 986.378662 
156625172251877 986.385254 
156625272240110 986.373779 
156625372228276 986.377441 
156625472216442 986.389404 
156625572204408 986.394287 
156625672192274 986.397705 
156625772180240 986.398926 
156625872168240 986.400635 
156625972156240 986.400146 
156626072144206 986.392578 
156626172132206 986.398926 
156626272120272 986.396484 
156626372108272 986.386719 
156626472096238 986.379639 
156626572084204 986.378174 
156626672072070 986.398682 
156626772059936 986.407471 
156626872048069 986.398438 
156626972036269 986.390137 
156627072024435 986.391846 
156627172012601 986.389648 
156627272000767 986.387451 
156627371988967 986.383057 
156627471977133 986.389893 
156627571965299 986.384521 
156627671953432 986.402344 
156627771941298 986.407715 
156627871929164 986.413086 
156627971917164 986.414551 
156628071905164 986.398682 
156628171893130 986.390137 
156628271881096 986.384033 
156628371869096 986.375977 
156628471857096 986.375488 
156628571845062 986.392090 
156628671833028 986.393311 
156628771820994 986.392578 
156628871808860 986.394287 
156628971796860 986.396973 
156629071785093 986.402588 
156629171773293 986.395020 
156629271761493 986.391357 
156629371749693 986.391846 
156629471737926 986.385498 
156629571726159 986.383057 
156629671714359 986.378906 
156629771702559 986.378662 
156629871690525 986.377441 
156629971678425 986.381104 
156630071666525 986.383301 
156630171654758 986.386230 
156630271642991 986.388672 
156630371631191 986.379883 
156630471619391 986.368164 
156630571607624 986.366943 
156630671595857 986.373047 
156630771584057 986.382324 
156630871572257 986.380371 
156630971560357 986.371338 
156631071548457 986.373047 
156631171536690 986.376221 
156631271524923 986.382080 
156631371513123 986.390137 
156631471501323 986.386963 
156631571489556 986.381836 
156631671477789 986.376221 
156631771465989 986.381104 
156631871454189 986.376465 
156631971442289 986.378662 
156632071430155 986.387451 
156632171418021 986.393555 
156632271406221 986.392822 
156632371394421 986.396240 
156632471382587 986.398193 
156632571370753 986.398193 
156632671358919 986.392334 
156632771347119 986.388184 
156632871335285 986.382080 
156632971323451 986.381836 
156633071311451 986.384521 
156633171299317 986.373779 
156633271287183 986.375732 
156633371275183 986.378174 
156633471263183 986.381836 
156633571251149 986.383301 
156633671239115 986.384521 
156633771227115 986.389648 
156633871215115 986.383545 
156633971203081 986.380371 
156634071191047 986.388184 
156634171178913 986.388184 
156634271166779 986.385986 
156634371154879 986.378174 
156634471143112 986.380127 
156634571131312 986.384277 
156634671119512 986.388916 
156634771107712 986.377686 
156634871095945 986.374023 
156634971084145 986.375977 
156635071072345 986.372314 
156635171060578 986.370361 
156635271048478 986.373047 
156635371036378 986.366943 
156635471024511 986.364990 
156635571012744 986.363037 
156635671000977 986.362061 
156635770989177 986.355225 
156635870977377 986.354736 
156635970965610 986.353027 
156636070953810 986.359863 
156636170942010 986.368896 
156636270930210 986.367920 
156636370918310 986.365967 
156636470906410 986.362793 
156636570894643 986.361816 
156636670882876 986.370361 
156636770871076 986.372070 
156636870859276 986.365234 
156636970847509 986.358887 
156637070835742 986.351807 
156637170823942 986.353516 
156637270812142 986.352295 
156637370800142 986.351318 
156637470788008 986.348633 
156637570776008 986.360352 
156637670764241 986.350342 
156637770752474 986.351318 
156637870740674 986.347656 
156637970728874 986.352295 
156638070717107 986.356689 
156638170705307 986.355225 
156638270693507 986.356445 
156638370681707 986.357910 
156638470669707 986.353516 
156638570657607 986.350586 
156638670645640 986.354736 
156638770633873 986.348633 
156638870622106 986.348145 
156638970610306 986.349854 
156639070598506 986.351074 
156639170586739 986.345215 
156639270574972 986.351807 
156639370563172 986.353516 
156639470551372 986.355957 
156639570539472 986.361328 
156639670527572 986.362793 
156639770515738 986.369629 
156639870503971 986.368164 
156639970492171 986.366943 
156640070480371 986.367432 
156640170468604 986.367920 
156640270456837 986.365479 
156640370445037 986.358643 
156640470433237 986.360596 
156640570421337 986.354736 
156640670409203 986.361084 
156640770397069 986.363037 
156640870385269 986.359863 
156640970373469 986.362305 
156641070361635 986.356445 
156641170349801 986.352295 
156641270338001 986.342529 
156641370326201 986.338867 
156641470314367 986.335693 
156641570302533 986.340576 
156641670290566 986.332764 
156641770278432 986.337646 
156641870266298 986.350830 
156641970254298 986.356445 
156642070242298 986.354736 
156642170230264 986.369873 
156642270218230 986.356201 
156642370206230 986.353516 
156642470194230 986.353271 
156642570182196 986.362549 
156642670170162 986.362061 
156642770158095 986.367920 
156642870145961 986.365723 
156642970134027 986.366211 
156643070122227 986.360107 
156643170110393 986.373047 
156643270098559 986.360840 
156643370086725 986.354004 
156643470074925 986.354980 
156643570063091 986.350830 
156643670051257 986.347412 
156643770039423 986.341064 
156643870027289 986.342285 
156643970015155 986.346191 
156644070003155 986.348633 
156644169991155 986.354492 
156644269979121 986.354248 
156644369967087 986.361328 
156644469955087 986.368164 
156644569943087 986.367920 
156644669931087 986.370850 
156644769919053 986.370605 
156644869907053 986.373047 
156644969894919 986.364014 
156645069882819 986.366943 
156645169871052 986.361084 
156645269859285 986.358154 
156645369847485 986.364746 
156645469835685 986.363525 
156645569823918 986.364502 
156645669812151 986.364014 
156645769800351 986.369141 
156645869788551 986.365723 
156645969776584 986.370361 
156646069764484 986.375000 
156646169752417 986.376709 
156646269740650 986.373535 
156646369728883 986.363525 
156646469717083 986.362793 
156646569705283 986.371094 
156646669693516 986.369385 
156646769681749 986.370117 
156646869669949 986.366455 
156646969658149 986.367188 
156647069646249 986.368164 
156647169634349 986.370361 
156647269622482 986.365967 
156647369610715 986.369629 
156647469598915 986.380859 
156647569587115 986.371826 
156647669575348 986.375244 
156647769563581 986.377441 
156647869551781 986.368164 
156647969539981 986.369629 
156648069528147 986.371826 
156648169516013 986.383789 
156648269503879 986.383789 
156648369492012 986.390625 
156648469480245 986.395508 
156648569468445 986.390625 
156648669456645 986.381104 
156648769444878 986.383301 
156648869433111 986.380859 
156648969421311 986.378174 
156649069409511 986.371094 
156649169397711 986.370605 
156649269385611 986.364990 
156649369373511 986.360596 
156649469361677 986.350098 
156649569349910 986.343018 
156649669338110 986.340820 
156649769326310 986.334473 
156649869314543 986.332031 
156649969302776 986.334473 
156650069291042 986.335693 
156650169279242 986.326416 
156650269267442 986.322754 
156650369255542 986.323486 
156650469243642 986.326172 
156650569231942 986.322998 
156650669220142 986.327637 
156650769208342 986.331055 
156650869196542 986.326660 
156650969184775 986.341309 
156651069173075 986.345215 
156651169161275 986.342773 
156651269149475 986.353271 
156651369137441 986.362305 
156651469125307 986.372070 
156651569113373 986.374512 
156651669101573 986.370361 
156651769089739 986.370117 
156651869077905 986.369385 
156651969066071 986.369873 
156652069054337 986.369629 
156652169042503 986.370605 
156652269030669 986.376953 
156652369018835 986.383301 
