# Created at Fri Mar 14 11:45:36 GMT+01:00 2025 in Burnaby Canada 
156581008381892 1.000000 
156582288230892 3.000000 
156583508080892 5.000000 
156584028026892 6.000000 
156584687944892 7.000000 
156585207886892 8.000000 
156585867804892 9.000000 
156586407740892 10.000000 
156587107659892 11.000000 
156587707585892 12.000000 
156588367506892 13.000000 
156589627356892 15.000000 
156590107298892 16.000000 
156590787215892 17.000000 
156591287152892 18.000000 
156591987074892 19.000000 
156592487019892 20.000000 
156593146938892 21.000000 
156593646879892 22.000000 
156594326794892 23.000000 
156594806744892 24.000000 
156595426666892 25.000000 
156595926612892 26.000000 
156596506539892 27.000000 
156597046476892 28.000000 
156597686396892 29.000000 
156598226336892 30.000000 
156598886254892 31.000000 
156599446187892 32.000000 
156600266094892 33.000000 
156601265972892 35.000000 
156601745911892 36.000000 
156602425835892 37.000000 
156602925772892 38.000000 
156603605697892 39.000000 
156604065639892 40.000000 
156604785552892 41.000000 
156605245495892 42.000000 
156605905423892 43.000000 
156606445360892 44.000000 
156607105281892 45.000000 
156608265139892 47.000000 
156608664222825 48.000000 
156609324139825 49.000000 
156609804082825 50.000000 
156610463999825 51.000000 
156611003941825 52.000000 
156611683857825 53.000000 
156612823723825 55.000000 
156613983588825 57.000000 
156614463530825 58.000000 
156615143447825 59.000000 
156615643384825 60.000000 
156616323309825 61.000000 
156616783250825 62.000000 
156617423173825 63.000000 
156617943108825 64.000000 
156618583038825 65.000000 
156619082976825 66.000000 
156619782897825 67.000000 
156620222842825 68.000000 
156620902761825 69.000000 
156621342706825 70.000000 
156622002632825 71.000000 
156622462575825 72.000000 
156623182494825 73.000000 
156623642437825 74.000000 
156624282360825 75.000000 
156624762309825 76.000000 
156625442222825 77.000000 
156625902169825 78.000000 
156626562086825 79.000000 
156627042035825 80.000000 
156627741947825 81.000000 
156628221889825 82.000000 
156628881807825 83.000000 
156629381754825 84.000000 
156630041672825 85.000000 
156631141544825 87.000000 
156631641485825 88.000000 
156632281414825 89.000000 
156632741355825 90.000000 
156633481266825 91.000000 
156634481151825 93.000000 
156635001086825 94.000000 
156635641015825 95.000000 
156636120954825 96.000000 
156636800871825 97.000000 
156637300808825 98.000000 
156637940738825 99.000000 
156638360685825 100.000000 
156638980618825 101.000000 
156639500553825 102.000000 
156640160473825 103.000000 
156640620416825 104.000000 
156641300339825 105.000000 
156641740284825 106.000000 
156642420203825 107.000000 
156642920140825 108.000000 
156643600063825 109.000000 
156644040009825 110.000000 
156644719925825 111.000000 
156645259869825 112.000000 
156645899788825 113.000000 
156646439729825 114.000000 
156647119645825 115.000000 
156647599587825 116.000000 
156648239507825 117.000000 
156648759453825 118.000000 
156649619354825 119.000000 
156650699222825 120.000000 
156651739100825 121.000000 
