# Created at Fri Jan 31 08:34:05 GMT+01:00 2025 in Burnaby Canada 
71215765737127 993.997314 
71215805740356 993.994873 
71215845746398 994.005371 
71215885745877 994.001465 
71215925737648 994.006836 
71215965746658 994.007080 
71216005745929 994.000732 
71216045745669 993.999756 
71216085833638 993.995117 
71216125746294 993.997070 
71216165746346 993.993408 
71216205746606 993.998291 
71216245746606 993.997559 
71216285746554 993.996582 
71216325747075 994.010010 
71216365737908 994.012695 
71216405881554 994.028809 
71216445744888 993.984619 
71216485746242 993.974609 
71216525736867 993.973877 
71216565745773 993.979736 
71216605746867 993.982666 
71216645746033 993.982178 
71216685724731 993.986328 
71216725747283 993.987305 
71216765745929 993.990723 
71216805746867 994.000732 
71216845746919 993.984375 
71216885745929 993.979004 
71216925746815 993.985840 
71216965750565 993.978516 
71217005740929 993.977539 
71217045744419 993.981445 
71217085746346 993.981201 
71217125736919 993.983398 
71217165746450 993.987061 
71217205745825 993.994385 
71217245746919 994.001465 
71217285737388 994.013428 
71217325748794 994.019775 
71217365746450 994.021484 
71217405746711 994.026611 
71217445725461 994.025879 
71217485746086 994.033447 
71217525746867 994.022949 
71217565740565 994.031250 
71217605745148 994.048340 
71217645739263 994.072021 
71217685743481 994.053223 
71217725738533 994.060303 
71217765738273 994.040771 
71217805738377 994.031250 
71217845737700 994.032959 
71217885738429 994.027100 
71217925740304 994.052490 
71217965739940 994.188232 
71218005740461 994.365967 
71218045739523 994.575195 
71218085746242 994.818359 
71218125746346 994.799561 
71218165747127 994.520996 
71218205740096 994.246826 
71218245744523 994.061768 
71218285746658 993.949219 
71218325737127 993.863770 
71218365746450 993.810547 
71218405746346 993.785645 
71218445746867 993.798584 
71218485737388 993.840820 
71218525744731 993.855957 
71218565743794 993.850586 
71218605746554 993.848633 
71218645737179 993.864502 
71218685748481 993.888672 
71218725746346 993.916016 
71218765746658 993.947510 
71218805740461 993.959961 
71218845827856 993.982910 
71218885747179 993.995117 
71218925747023 993.998535 
71218965746346 994.013916 
71219005746711 994.014893 
71219045747023 994.020996 
71219085737127 994.024414 
71219125747231 994.031738 
71219165746554 994.035400 
71219205746711 994.037842 
71219245737179 994.038574 
71219285746450 994.035645 
71219325746398 994.036621 
71219365747127 994.042480 
71219405725669 994.072754 
71219445740461 994.075195 
71219485746815 994.071289 
71219525747023 994.064453 
71219565746086 994.054688 
71219605746919 994.046143 
71219645746658 994.037598 
71219685738117 994.033691 
71219725817336 994.035889 
71219765725513 994.029053 
71219805746711 994.026611 
71219845737440 994.036377 
71219885746502 994.053467 
71219925746867 994.067139 
71219965746606 994.068604 
71220005737961 994.074219 
71220045741190 994.090820 
71220085741450 994.094971 
71220125746711 994.088623 
71220165745513 994.085693 
71220205746711 994.083496 
71220245746398 994.073730 
71220285746398 994.069580 
71220325741711 994.073486 
71220365746763 994.074707 
71220405746815 994.094971 
71220445737700 994.099365 
71220485746086 994.085449 
71220525746658 994.062988 
71220565748690 994.044678 
71220605737127 994.001709 
71220645740669 994.021973 
71220685746867 994.072754 
71220725747283 994.134766 
71220765723742 994.204102 
71220805746398 994.263916 
71220845746554 994.304199 
71220885746867 994.322021 
71220925739211 994.316650 
71220965741867 994.310303 
71221005747023 994.314941 
71221045737440 994.341064 
71221085745513 994.387207 
71221125746138 994.402588 
71221165746450 994.253662 
71221205737388 994.040771 
71221245744211 993.864990 
71221285742388 993.751709 
71221325746606 993.709473 
71221365724419 993.724121 
71221405746398 993.712646 
71221445746919 993.723877 
71221485747231 993.760498 
71221525741502 993.810059 
71221565743429 993.859131 
71221605746658 993.889160 
71221645746867 993.915527 
71221685745929 993.929199 
71221725746971 993.936035 
71221765746346 993.956299 
71221805737440 993.977539 
71221845741606 994.009521 
71221885746502 994.031982 
71221925746711 994.048096 
71221965737388 994.038818 
71222005746033 994.043213 
71222045746763 994.022705 
71222085746242 994.002197 
71222125792127 994.038818 
71222165747023 994.113281 
71222205746658 994.186768 
71222245746294 994.260986 
71222285746398 994.306885 
71222325746346 994.326660 
71222365746711 994.333984 
71222405737388 994.332275 
71222445742179 994.352295 
71222485746346 994.373047 
71222525747231 994.416992 
71222565737388 994.432373 
71222605746450 994.075439 
71222645746658 993.882813 
71222685746346 993.740234 
71222725724992 993.698486 
71222765741033 993.704590 
71222805770304 993.717529 
71222845745929 993.748047 
71222885746294 993.786865 
71222925746867 993.830566 
71222965747388 993.869141 
71223005750929 993.903564 
71223045740981 993.923340 
71223085725773 993.934082 
71223125746658 993.946533 
71223165737179 993.958984 
71223205746138 993.979248 
71223245746033 994.004639 
71223285746763 994.023438 
71223325737179 994.018311 
71223365744419 994.022217 
71223405746971 993.995850 
71223445746086 994.010010 
71223485746450 994.045654 
71223525746450 994.089355 
71223565748533 994.158691 
71223605745825 994.221680 
71223645740929 994.274170 
71223685746502 994.295898 
71223725745929 994.312988 
71223765737648 994.331787 
71223805746346 994.374023 
71223845746502 994.438232 
71223885746815 994.499512 
71223925736867 994.496338 
71223965725356 994.306885 
71224005746763 994.071533 
71224045742752 993.851318 
71224085725825 993.730225 
71224125746033 993.680420 
71224165746398 993.685547 
71224205746606 993.702148 
71224245741033 993.726563 
71224285741971 993.783936 
71224325746711 993.830078 
71224365737388 993.858887 
71224405745825 993.891357 
71224445745929 993.920898 
71224485747179 993.939941 
71224525736867 993.958008 
71224565741346 993.989502 
71224605746086 994.020752 
71224645746606 994.050781 
71224685737388 994.057861 
71224725746502 994.056885 
71224765746606 994.044434 
71224805745929 994.019531 
71224845747283 993.999512 
71224885745825 994.024658 
71224925746086 994.060303 
71224965746086 994.122314 
71225005746711 994.188232 
71225045745408 994.255371 
71225085746242 994.284424 
71225125736867 994.297607 
71225165739419 994.317627 
71225205744106 994.341797 
71225245745877 994.399170 
71225285737127 994.486816 
71225325745877 994.471191 
71225365746658 994.353516 
71225405747023 994.122314 
71225445726971 993.870117 
71225485746294 993.735352 
71225525739263 993.679443 
71225565746346 993.685059 
71225605748273 993.704346 
71225645746971 993.725830 
71225685746815 993.757813 
71225725738846 993.860596 
71225765864888 993.898438 
71225805745721 993.921875 
71225845746502 993.938232 
71225885736867 993.950439 
71225925746711 993.975342 
71225965746919 994.011719 
71226005746398 994.042969 
71226045741294 994.063965 
71226085745877 994.068115 
71226125746711 994.075195 
71226165746711 994.052734 
71226205746398 994.023926 
71226245746398 994.031250 
71226285746658 994.070801 
71226325748377 994.106689 
71226365741242 994.166504 
71226405746502 994.225098 
71226445746502 994.272217 
71226485737388 994.304443 
71226525746086 994.330322 
71226565746658 994.362793 
71226605746658 994.414307 
71226645737179 994.489990 
71226685746398 994.495117 
71226725744106 994.328369 
71226765746554 994.104492 
71226805723794 993.864990 
71226845746346 993.738525 
71226885746450 993.692871 
71226925746606 993.691650 
71226965740461 993.694336 
71227005739679 993.733887 
71227045746346 993.787354 
71227085736658 993.844971 
71227125746190 993.879395 
71227165746606 993.918457 
71227205746398 993.938965 
71227245738950 993.954590 
71227285744679 993.969727 
71227325740200 993.986328 
71227365746398 994.033691 
71227405725096 994.066895 
71227445747908 994.060059 
71227485746711 994.072021 
71227525746294 994.047119 
71227565738533 994.038330 
71227605724888 994.049316 
71227645746190 994.067139 
71227685746711 994.126953 
71227725746346 994.191895 
71227765746346 994.250732 
71227805746138 994.300049 
71227845736554 994.339600 
71227885749888 994.371826 
71227925739627 994.422852 
71227965746554 994.471924 
71228005737388 994.518555 
71228045745721 994.508301 
71228085745981 994.354980 
71228125746450 994.136230 
71228165842856 993.847656 
71228205740200 993.727295 
71228245746450 993.668701 
71228285745877 993.661133 
71228325746294 993.666016 
71228365746554 993.696533 
71228405746190 993.747314 
71228445737700 993.798340 
71228485742023 993.848145 
71228525738273 993.885986 
71228565746606 993.914551 
71228605736606 993.926758 
71228645745513 993.945801 
71228685745877 993.975830 
71228725746711 994.007568 
71228765724054 994.028320 
71228805768117 994.047119 
71228845746554 994.059326 
71228885746711 994.025879 
71228925745565 994.008545 
71228965746294 994.025391 
71229005745877 994.064697 
71229045750617 994.124756 
71229085742075 994.184326 
71229125747075 994.242676 
71229165746711 994.264893 
71229205736346 994.271240 
71229245745773 994.302979 
71229285746398 994.365723 
71229325746658 994.439453 
71229365737388 994.511963 
71229405745825 994.475098 
71229445746398 994.295410 
71229485745773 994.074951 
71229525746346 993.831299 
71229565746711 993.729004 
71229605747179 993.699463 
71229645746138 993.704590 
71229685740825 993.727295 
71229725742179 993.757568 
71229765745304 993.806396 
71229805737648 993.854248 
71229845746190 993.885986 
71229885746971 993.909912 
71229925746450 993.924805 
71229965737127 993.930908 
71230005725461 993.940186 
71230045745565 993.967285 
71230085746190 994.016357 
71230125725408 994.053467 
71230165746450 994.067627 
71230205746398 994.062256 
71230245746971 994.061279 
71230285741971 994.021240 
71230325741190 994.010742 
71230365746815 994.017090 
71230405737336 994.045410 
71230445745877 994.114746 
71230485746815 994.184082 
71230525747075 994.243408 
71230565737440 994.260742 
71230605741658 994.267578 
71230645746450 994.296143 
71230685746606 994.337646 
71230725737856 994.403809 
71230765746190 994.472412 
71230805747023 994.425537 
71230845745773 994.271973 
71230885742231 994.045410 
71230925782596 993.837402 
71230965746867 993.742676 
71231005747075 993.725098 
71231045746398 993.736328 
71231085746867 993.747070 
71231125746086 993.774414 
71231165737127 993.816895 
71231205740304 993.858887 
71231245746711 993.893799 
71231285746398 993.918701 
71231325737648 993.943848 
71231365746294 993.958740 
71231405745617 993.969727 
71231445746815 993.996094 
71231485725513 994.025146 
71231525741190 994.033203 
71231565746190 994.054932 
71231605746033 994.083008 
71231645746346 994.083740 
71231685746450 994.050049 
71231725746606 994.053711 
71231765737388 994.064209 
71231805821502 994.104980 
71231845746763 994.143799 
71231885746190 994.210205 
71231925737648 994.259766 
71231965746711 994.265381 
71232005745461 994.285889 
71232045746606 994.358398 
71232085741294 994.427002 
71232125746606 994.486328 
71232165755356 994.468018 
71232205746138 994.358154 
71232245746346 994.129395 
71232285748377 993.875000 
71232325747231 993.761963 
71232365746606 993.724365 
71232405741294 993.717041 
71232445746554 993.723877 
71232485746138 993.739502 
71232525737388 993.774902 
71232565746450 993.827881 
71232605746190 993.868164 
71232645746763 993.888428 
71232685737127 993.905273 
71232725744106 993.916504 
71232765746971 993.939209 
71232805747179 993.971436 
71232845724627 993.997070 
71232885746606 994.010254 
71232925746398 994.020264 
71232965746658 994.041260 
71233005739054 994.034912 
71233045744158 994.021973 
71233085746346 994.041260 
71233125737544 994.087402 
71233165746086 994.142090 
71233205746346 994.176025 
71233245746867 994.204590 
71233285736867 994.220215 
71233325740096 994.247803 
71233365746294 994.262207 
71233405746346 994.281250 
71233445723898 994.239502 
71233485746867 994.135986 
71233525746242 994.036133 
71233565746971 993.931641 
71233605742075 993.863770 
71233645745773 993.835205 
71233685746294 993.828125 
71233725746971 993.842529 
71233765746658 993.856445 
71233805746138 993.873047 
71233845746815 993.896240 
71233885736606 993.921387 
71233925741763 993.942627 
71233965724731 993.983398 
71234005746033 994.024414 
71234045736867 994.059082 
71234085746763 994.076172 
71234125746711 994.076416 
71234165746190 994.087891 
71234205817856 994.094238 
71234245740565 994.090332 
71234285746502 994.082764 
71234325746346 994.085205 
71234365746606 994.084961 
71234405746190 994.079346 
71234445745721 994.073975 
71234485737700 994.066650 
71234525741554 994.065430 
71234565744315 994.059570 
71234605745929 994.060791 
71234645736346 994.057617 
71234685745565 994.049805 
71234725746919 994.058350 
71234765745929 994.048584 
71234805724627 994.049316 
71234845746971 994.044678 
71234885751867 994.035889 
71234925746867 994.031982 
71234965746138 994.017334 
71235005746815 993.992188 
71235045746867 993.984863 
71235085743117 993.976074 
71235125833221 993.975586 
71235165740565 993.968994 
71235205746346 993.967041 
71235245737648 993.973145 
71235285745304 993.981201 
71235325746867 993.998291 
71235365746346 994.022705 
71235405737388 994.053467 
71235445742127 994.089600 
71235485744158 994.129883 
71235525746294 994.132324 
71235565746554 994.104736 
71235605746398 994.084473 
71235645746711 994.088379 
71235685746867 994.089844 
71235725742440 994.110352 
71235765747283 994.129883 
71235805746606 994.148438 
71235845737388 994.169434 
71235885746554 994.167969 
71235925746711 994.166016 
71235965746971 994.087158 
71236005736867 994.052979 
71236045745877 994.018799 
71236085746867 993.997070 
71236125746086 993.977539 
71236165725773 993.979004 
71236205745929 993.983154 
71236245746711 993.994385 
71236285746346 994.001465 
71236325741815 993.996094 
71236365739888 994.008057 
71236405745825 994.014160 
71236445736346 994.016846 
71236485745825 994.025391 
71236525746658 994.039551 
71236565746606 994.055176 
71236605737440 994.090332 
71236645746919 994.128174 
71236685725513 994.144775 
71236725746398 994.146973 
71236765737388 994.102783 
71236805745825 994.062988 
71236845745669 994.056396 
71236885745565 994.043945 
71236925740252 994.049316 
71236965746971 994.073730 
71237005746346 994.091797 
71237045747231 994.125977 
71237085745669 994.144775 
71237125746033 994.131836 
71237165746450 994.101318 
71237205736867 994.092529 
71237245740148 994.082764 
71237285746346 994.076660 
71237325747440 994.081787 
71237365737388 994.078857 
71237405746658 994.069336 
71237445745565 994.060303 
71237485745773 994.055908 
71237525739575 994.046631 
71237565746658 994.044678 
71237605740929 994.050049 
71237645746658 994.052734 
71237685745617 994.051758 
71237725745513 994.051270 
71237765746294 994.053467 
71237805737388 994.055420 
71237845755304 994.057129 
71237885739992 994.062012 
71237925746971 994.049316 
71237965736658 994.050537 
71238005746658 994.040283 
71238045746867 994.045166 
71238085745877 994.039551 
71238125729627 994.041748 
71238165861138 994.040039 
71238205746606 994.034912 
71238245748742 994.033936 
71238285746450 994.049072 
71238325746867 994.053223 
71238365746919 994.060791 
71238405746867 994.062744 
71238445741554 994.065430 
71238485746502 994.062744 
71238525746658 994.059326 
71238565737127 994.056396 
71238605746919 994.059326 
71238645746554 994.059814 
71238685746398 994.057861 
71238725737388 994.058594 
71238765746711 994.053223 
71238805747492 994.051270 
71238845746606 994.048828 
71238885725565 994.042725 
71238925746919 994.046631 
71238965746919 994.048340 
71239005746658 994.041260 
71239045742023 994.044189 
71239085724836 994.041748 
71239125746294 994.053223 
71239165737127 994.048828 
71239205747752 994.056641 
71239245745617 994.065918 
71239285745929 994.063232 
71239325736867 994.063721 
71239365739106 994.062012 
71239405748273 994.063232 
71239445746138 994.054688 
71239485724731 994.047119 
71239525746867 994.045654 
71239565746711 994.044434 
71239605746606 994.036621 
71239645742752 994.032471 
71239685741033 994.036377 
71239725745825 994.024170 
71239765750721 994.016357 
71239805746346 994.010742 
71239845745981 994.019531 
71239885745356 994.042480 
71239925737179 994.080811 
71239965740721 994.103027 
71240005746033 994.122070 
71240045746242 994.122070 
71240085736346 994.129150 
71240125745929 994.136230 
71240165745461 994.153320 
71240205746919 994.177002 
71240245775617 994.207520 
71240285740044 994.246826 
71240325746554 994.297119 
71240365746398 994.351807 
71240405745877 994.402100 
71240445746346 994.426758 
71240485746086 994.413330 
71240525736346 994.370605 
71240565741502 994.255127 
71240605738377 994.085693 
71240645746398 993.936279 
71240685737388 993.815430 
71240725746606 993.752197 
71240765746346 993.727539 
71240805746033 993.724121 
71240845726190 993.738037 
71240885861867 993.768799 
71240925741450 993.803467 
71240965746346 993.849365 
71241005745877 993.878662 
71241045745929 993.902832 
71241085745825 993.927246 
71241125737127 993.942627 
71241165883846 993.951172 
71241205772700 993.963135 
71241245745721 993.978516 
71241285737127 993.998047 
71241325745617 994.020020 
71241365746086 994.049561 
71241405746190 994.063232 
71241445737908 994.064697 
71241485746138 994.047363 
71241525741919 994.031250 
71241565746606 994.062988 
71241605745565 994.104004 
71241645746086 994.163330 
71241685745617 994.222900 
71241725746658 994.273438 
71241765741346 994.294922 
71241805746242 994.299561 
71241845747231 994.303223 
71241885737700 994.308594 
71241925748533 994.333984 
71241965746815 994.390137 
71242005746554 994.409668 
71242045737127 994.369141 
71242085749679 994.247314 
71242125754679 994.018555 
71242165746450 993.821045 
71242205725252 993.718994 
71242245746867 993.692871 
71242285746606 993.693848 
71242325746606 993.703369 
71242365740408 993.730713 
71242405745148 993.775879 
71242445746815 993.831299 
71242485736867 993.884033 
71242525745617 993.918213 
71242565746711 993.941895 
71242605746971 993.955078 
71242645737388 993.961182 
71242685741346 993.974365 
71242725746086 994.009766 
71242765746346 994.033691 
71242805733533 994.057373 
71242845746190 994.065430 
71242885745669 994.092285 
71242925745877 994.073730 
71242965743742 994.043945 
71243005747231 994.053467 
71243045746867 994.070068 
71243085745825 994.115234 
71243125745773 994.178955 
71243165746919 994.233398 
71243205746398 994.264160 
71243245737440 994.271973 
71243285741658 994.274414 
71243325745773 994.289795 
71243365746606 994.335449 
71243405737127 994.392578 
71243445746346 994.438721 
71243485746190 994.355469 
71243525746763 994.177734 
71243565744158 993.963867 
71243605740565 993.818359 
71243645746346 993.739746 
71243685745773 993.739014 
71243725745773 993.758789 
71243765746033 993.787109 
71243805746554 993.822754 
71243845737336 993.863037 
71243885741346 993.898926 
71243925746815 993.917480 
71243965747231 993.929688 
71244005736867 993.938232 
71244045746450 993.944336 
71244085746502 993.952881 
71244125746658 993.970459 
71244165727752 994.009277 
71244205746606 994.039551 
71244245747075 994.061523 
71244285740929 994.077393 
71244325746606 994.103271 
71244365746919 994.075684 
71244405746346 994.044922 
71244445747075 994.060547 
71244485742127 994.078857 
71244525743169 994.115967 
71244565748898 994.164307 
71244605737700 994.274170 
71244645746346 994.303467 
71244685746919 994.321533 
71244725745825 994.350586 
71244765737388 994.406250 
71244805741763 994.479492 
71244845745773 994.522949 
71244885746138 994.459473 
71244925746398 994.277100 
71244965745877 993.980713 
71245005745877 993.798096 
71245045746711 993.709961 
71245085742127 993.672119 
71245125740877 993.685059 
71245165746763 993.705078 
71245205737648 993.732666 
71245245745617 993.783691 
71245285746919 993.821777 
71245325746815 993.856934 
71245365737648 993.890869 
71245405743898 993.915771 
71245445743377 993.936523 
71245485746242 993.952393 
71245525725773 993.996094 
71245565745617 994.038086 
71245605746450 994.060059 
71245645747231 994.070801 
71245685741658 994.093018 
71245725742388 994.077637 
71245765746971 994.040527 
71245805737440 994.036133 
71245845746450 994.039551 
71245885746294 994.072998 
71245925747179 994.130127 
71245965737700 994.202148 
71246005743846 994.250977 
71246045740565 994.286621 
71246085746033 994.302734 
71246125737127 994.330322 
71246165745929 994.404785 
71246205746606 994.495850 
71246245745773 994.503906 
71246285741033 994.407471 
71246325746450 994.209961 
71246365746086 993.989746 
71246405746398 993.824707 
71246445746658 993.741699 
71246485746867 993.728760 
71246525746606 993.738770 
71246565737388 993.747070 
71246605739471 993.771240 
71246645746450 993.806641 
71246685746867 993.861816 
71246725737908 993.893799 
71246765746346 993.926514 
71246805747023 993.948975 
71246845746711 993.958496 
71246885727492 993.960449 
71246925746398 993.992432 
71246965746867 994.038574 
71247005746346 994.075195 
71247045746711 994.081055 
71247085745929 994.084961 
71247125746346 994.072021 
71247165737908 994.031982 
71247205771658 994.040771 
71247245747440 994.053955 
71247285746554 994.096924 
71247325737648 994.164795 
71247365748273 994.231934 
71247405746606 994.271729 
71247445746554 994.273926 
71247485741815 994.282959 
71247525740877 994.331299 
71247565746971 994.408203 
71247605746398 994.495850 
71247645746450 994.509766 
71247685746658 994.431396 
71247725746554 994.223877 
71247765746711 993.804688 
71247805742127 993.723877 
71247845741554 993.719971 
71247885746398 993.724609 
71247925736919 993.736572 
71247965745617 993.766357 
71248005746971 993.812988 
71248045746711 993.867676 
71248085737127 993.897949 
71248125741815 993.925537 
71248165746867 993.942627 
71248205746086 993.958740 
71248245725461 993.983643 
71248285746658 994.018311 
71248325745825 994.048340 
71248365747231 994.072998 
71248405738429 994.071777 
71248445743586 994.052979 
71248485746658 994.023682 
71248525738325 994.007813 
71248565748169 994.014404 
71248605746606 994.052246 
71248645746971 994.105469 
71248685737388 994.188721 
71248725775825 994.252197 
71248765746658 994.283447 
71248805745877 994.301758 
71248845724315 994.337158 
71248885746346 994.391357 
71248925746711 994.470459 
71248965746606 994.498779 
71249005741190 994.409912 
71249045741294 994.226807 
71249085746867 993.974609 
71249125746658 993.825684 
71249165747648 993.736816 
71249205746867 993.724121 
71249245746711 993.733154 
71249285737127 993.742432 
71249325744419 993.770020 
71249365741554 993.815674 
71249405746658 993.854004 
71249445737440 993.890625 
71249485746086 993.922363 
71249525746919 993.948730 
71249565746711 993.958496 
71249605810096 993.971191 
71249645768690 994.002197 
71249685746711 994.025146 
71249725746815 994.061768 
71249765746971 994.078613 
71249805746138 994.069092 
71249845747179 994.044922 
71249885737388 994.016602 
71249925741867 994.039551 
71249965742804 994.079346 
71250005746971 994.137207 
71250045737440 994.212891 
71250085746138 994.275391 
71250125748117 994.309570 
71250165746554 994.317139 
71250205728013 994.315674 
71250245738690 994.328125 
71250285744523 994.366455 
71250325746711 994.440186 
71250365746190 994.476563 
71250405746398 994.414307 
71250445746606 994.230225 
71250485738169 993.957520 
71250525878846 993.788574 
71250565747440 993.732178 
71250605745877 993.705078 
71250645736346 993.712158 
71250685748429 993.732422 
71250725745981 993.770264 
71250765746763 993.813232 
71250805737648 993.844238 
71250845740304 993.886963 
71250885746711 993.931396 
71250925746554 993.948730 
71250965746346 993.967041 
71251005746658 993.993408 
71251045746606 994.038818 
71251085746919 994.048828 
71251125742283 994.066406 
71251165739783 994.102051 
71251205746554 994.094482 
71251245736919 994.049316 
71251285745565 994.054443 
71251325747023 994.067871 
71251365746971 994.063477 
71251405737700 994.102539 
71251445740200 994.160400 
71251485746815 994.224854 
71251525746658 994.267334 
71251565726502 994.309814 
71251605747179 994.345459 
71251645748429 994.397461 
71251685746815 994.451172 
71251725739419 994.507080 
71251765747231 994.383301 
71251805745825 994.175049 
71251845737127 993.932373 
71251885745877 993.816650 
71251925746398 993.746582 
71251965746763 993.740967 
71252005737179 993.757813 
71252045741346 993.782227 
71252085746658 993.809814 
71252125746398 993.853271 
71252165741086 993.869629 
71252205748117 993.896973 
71252245747023 993.920410 
71252285747440 993.924805 
71252325739419 993.934082 
71252365741138 993.945313 
71252405746450 993.968262 
71252445746346 993.989502 
71252485745877 994.019043 
71252525746450 994.033936 
71252565746086 994.039063 
71252605737388 994.037354 
71252645739627 994.015625 
71252685747127 994.005371 
71252725746867 994.012451 
71252765738169 994.029785 
71252805746711 994.059326 
71252845746554 994.105713 
71252885746294 994.131104 
71252925742231 994.153076 
71252965746606 994.151855 
71253005746658 994.160645 
71253045746867 994.184326 
71253085746658 994.230225 
71253125746919 994.224609 
71253165745877 994.207520 
71253205737752 994.110107 
71253245740877 993.990967 
71253285741242 993.915283 
71253325746815 993.893799 
71253365737388 993.906250 
71253405746554 993.921143 
71253445746086 993.928711 
71253485745825 993.945068 
71253525723638 993.962402 
71253565775513 993.965576 
71253605745929 993.978027 
71253645746971 993.994385 
71253685745565 994.006348 
71253725746190 994.007813 
71253765746971 994.017822 
71253805745721 994.018066 
71253845741554 994.026123 
71253885746138 994.040039 
71253925746450 994.049561 
71253965737127 994.064941 
71254005746502 994.062988 
71254045747336 994.011963 
71254085745981 993.999756 
71254125736919 993.999023 
71254165746502 993.994385 
71254205739367 994.007080 
71254245745617 994.003418 
71254285724731 994.022705 
71254325745825 994.027100 
71254365746398 994.030029 
71254405746033 994.034424 
71254445740721 994.039795 
71254485744471 994.045410 
71254525745304 994.045410 
71254565737388 994.051758 
71254605746502 994.046875 
71254645746606 994.036621 
71254685746033 994.036865 
71254725736919 994.035156 
71254765862700 994.028809 
71254805745981 994.026855 
71254845746138 994.038086 
71254885725981 994.041260 
71254925746658 994.035400 
71254965746711 994.038330 
71255005746919 994.035156 
71255045739627 994.040527 
71255085746606 994.048340 
71255125745929 994.046875 
71255165737388 994.053955 
71255205745617 994.052490 
71255245746398 994.053223 
71255285746450 994.049316 
71255325737700 994.059326 
71255365741450 994.073486 
71255405746971 994.078369 
71255445746346 994.080078 
71255485737127 994.118408 
71255525746138 994.172852 
71255565745929 994.287354 
71255605745825 994.351807 
71255645749367 994.409424 
71255685740721 994.417969 
71255725745825 994.390625 
71255765747700 994.375244 
71255805746554 994.222656 
71255845746450 994.053467 
71255885746867 993.922852 
71255925737648 993.854736 
71255965740773 993.828125 
71256005741919 993.813477 
71256045745929 993.818604 
71256085736398 993.828125 
71256125745825 993.844727 
71256165747179 993.868408 
71256205746033 993.896729 
71256245727231 993.916748 
71256285739263 993.927002 
71256325746346 993.954590 
71256365746815 993.970459 
71256405746658 993.980957 
71256445746658 993.980713 
71256485747440 993.980469 
71256525738898 993.975098 
71256565741242 993.964844 
71256605746867 993.951172 
71256645746450 993.939453 
71256685737440 993.946045 
71256725746398 993.960205 
71256765746711 993.970947 
71256805747023 993.986572 
71256845738169 993.991211 
71256885746919 994.000977 
71256925746606 994.010010 
71256965746763 993.998779 
71257005746711 993.991455 
71257045746919 993.981689 
71257085746033 993.977539 
71257125747023 993.965088 
71257165742596 993.957031 
71257205740408 993.957275 
71257245746867 993.954346 
71257285736658 993.952148 
71257325745825 993.949707 
71257365746763 993.950439 
71257405746919 993.956543 
71257445737388 993.956787 
71257485818117 993.966797 
71257525746033 993.968262 
71257565746919 993.976807 
71257605724315 993.992188 
71257645745981 994.003174 
71257685747908 994.008301 
71257725725773 994.005127 
71257765744263 993.986816 
71257805745825 993.969238 
71257845746502 993.965332 
71257885737127 993.957764 
71257925739367 993.965332 
71257965740877 993.969971 
71258005739783 993.975342 
71258045736919 993.977783 
71258085739054 993.983398 
71258125746606 993.978760 
71258165740617 993.977051 
71258205724940 993.983887 
71258245740044 993.988525 
71258285746971 993.987061 
71258325739731 993.979492 
71258365739158 993.986572 
71258405737648 993.988525 
71258445745304 993.986572 
71258485738169 993.977051 
71258525740929 993.981445 
71258565741242 993.982666 
71258605746606 993.983643 
71258645738065 993.992188 
71258685746711 993.996582 
71258725737700 994.002930 
71258765745669 994.000977 
71258805738273 994.001465 
71258845745877 993.998779 
71258885739367 994.001709 
71258925747804 993.998291 
71258965739211 993.996338 
71259005745929 993.985840 
71259045740252 993.983154 
71259085747440 993.986816 
71259125737856 993.986328 
71259165745617 993.987549 
71259205738273 993.980225 
71259245737127 993.970459 
71259285738898 993.971436 
71259325745825 993.976318 
71259365737596 993.983398 
71259405737648 993.985840 
71259445740252 993.988525 
71259485746033 993.986084 
71259525741138 993.999268 
71259565724575 994.019775 
71259605739679 994.019287 
71259645745877 994.008301 
71259685738533 994.001465 
71259725740148 993.998047 
71259765739731 993.996826 
71259805745721 993.989258 
71259845739367 993.988281 
71259885746606 993.988525 
71259925739523 993.992676 
71259965746867 993.981201 
71260005738533 993.986816 
71260045741242 993.984375 
71260085738898 993.984863 
71260125745304 993.986084 
71260165737596 993.988525 
71260205746190 993.985352 
71260245737440 993.982422 
71260285746086 993.992188 
71260325739940 993.985596 
71260365745304 993.988037 
71260405738117 993.989746 
71260445745617 993.988281 
71260485742023 993.980713 
71260525746711 993.981201 
71260565743481 993.976807 
71260605737700 993.972656 
71260645737440 993.975342 
71260685738377 993.980469 
71260725738481 993.977783 
71260765737440 993.979004 
71260805738117 993.978516 
71260845746242 993.981445 
71260885740200 993.989258 
71260925725252 993.987793 
71260965740877 993.988281 
71261005746086 993.984131 
71261045739679 993.984131 
71261085740044 993.980469 
71261125739471 993.973877 
71261165745877 993.982422 
71261205738169 993.982422 
71261245740929 993.976563 
71261285739523 993.981201 
71261325739940 993.983887 
71261365738198 993.985352 
71261405745646 993.985107 
71261445739500 993.984863 
71261485745229 993.998535 
71261525737989 993.993164 
