# Created at Fri Mar 21 09:05:25 GMT+01:00 2025 in Burnaby Canada 
168953121966252 37.000000 
168953641905252 38.000000 
168954261827252 39.000000 
168954801769252 40.000000 
168955401693252 41.000000 
168955921631252 42.000000 
168956521557252 43.000000 
168957041503252 44.000000 
168957661424252 45.000000 
168958201365252 46.000000 
168958861286252 47.000000 
168959361223252 48.000000 
168960001152252 49.000000 
168960521087252 50.000000 
168961161010252 51.000000 
168961660947252 52.000000 
168962320875252 53.000000 
168962840809252 54.000000 
168963460741252 55.000000 
168963960679252 56.000000 
168964580604252 57.000000 
168965120535252 58.000000 
168965740468252 59.000000 
168966240405252 60.000000 
168966880328252 61.000000 
168967400271252 62.000000 
168968020195252 63.000000 
168968540140252 64.000000 
168969160061252 65.000000 
168969680000252 66.000000 
168970299921252 67.000000 
168970819866252 68.000000 
168971479782252 69.000000 
168971979722252 70.000000 
168972599646252 71.000000 
168973119591252 72.000000 
168973739513252 73.000000 
168974279454252 74.000000 
168974899378252 75.000000 
168975439312252 76.000000 
168976059243252 77.000000 
168976639170252 78.000000 
168977299091252 79.000000 
168977819026252 80.000000 
168978418960252 81.000000 
168978938896252 82.000000 
168979578824252 83.000000 
168980058764252 84.000000 
168980678691252 85.000000 
168981198624252 86.000000 
168981838553252 87.000000 
168982338490252 88.000000 
168982978415252 89.000000 
168983478356252 90.000000 
168984098284252 91.000000 
168984618227252 92.000000 
168985238150252 93.000000 
168985758089252 94.000000 
168986378010252 95.000000 
168986877957252 96.000000 
168987497878252 97.000000 
168987997819252 98.000000 
168988657737252 99.000000 
168989117690252 100.000000 
168989777606252 101.000000 
168990277552252 102.000000 
168990877478252 103.000000 
168991397416252 104.000000 
168992017338252 105.000000 
168992517284252 106.000000 
168993157205252 107.000000 
168993657145252 108.000000 
168994317073252 109.000000 
168994797012252 110.000000 
168995416943252 111.000000 
168995916880252 112.000000 
168996516809252 113.000000 
168997016746252 114.000000 
168997656675252 115.000000 
168998156612252 116.000000 
168998776537252 117.000000 
168999296472252 118.000000 
168999916406252 119.000000 
169000416343252 120.000000 
169001076268252 121.000000 
169001596204252 122.000000 
169002176135252 123.000000 
169002696070252 124.000000 
169003355995252 125.000000 
169003875930252 126.000000 
169004475859252 127.000000 
169004995799252 128.000000 
169005595728252 129.000000 
169006095672252 130.000000 
169006695600252 131.000000 
169007195541252 132.000000 
169007835460252 133.000000 
169008335407252 134.000000 
169008915334252 135.000000 
169009435271252 136.000000 
169010055194252 137.000000 
169010555142252 138.000000 
169011155065252 139.000000 
169011675010252 140.000000 
169012294932252 141.000000 
169012814870252 142.000000 
169013414796252 143.000000 
169013954736252 144.000000 
169014574658252 145.000000 
169015074599252 146.000000 
169015714522252 147.000000 
169016234464252 148.000000 
169016934385252 149.000000 
169017434322252 150.000000 
169018374208252 152.000000 
169018894143252 153.000000 
