# Created at Fri Mar 14 10:50:32 GMT+01:00 2025 in Burnaby Canada 
618654178448560 984.038818 
618654218448664 984.027832 
618654258450123 984.022705 
618654298443612 984.026611 
618654338449133 984.037598 
618654378449237 984.045410 
618654418440956 984.047119 
618654458446216 984.058105 
618654498448716 984.070068 
618654538449758 984.068359 
618654578441893 984.078369 
618654618428248 984.080811 
618654658449445 984.080566 
618654698449550 984.085205 
618654738429445 984.073486 
618654778449862 984.063965 
618654818449081 984.050537 
618654858450487 984.053955 
618654898443560 984.073486 
618654938449498 984.097412 
618654978449237 984.096191 
618655018440904 984.097900 
618655058440591 984.093994 
618655098449498 984.081787 
618655138450435 984.066406 
618655178440904 984.050049 
618655218445591 984.032959 
618655258449237 984.025146 
618655298449810 984.020752 
618655338428039 984.019531 
618655378449289 984.014648 
618655418449445 984.032471 
618655458448352 984.045166 
618655498444810 984.052734 
618655538449654 984.092041 
618655578449081 984.100342 
618655618450435 984.176514 
618655658454393 984.207275 
618655698448404 984.152344 
618655738449081 984.112061 
618655778441425 984.085205 
618655818440383 984.058350 
618655858449237 984.112793 
618655898450695 984.140137 
618655938441164 984.125732 
618655978449602 984.102783 
618656018449081 984.053955 
618656058448195 984.051758 
618656098543664 984.030029 
618656138449185 983.985840 
618656178449289 984.012451 
618656218450643 984.102051 
618656258443716 984.154785 
618656298449654 984.181641 
618656338450175 984.104980 
618656378440956 984.065674 
618656418449081 984.065674 
618656458442779 984.071777 
618656498450748 984.219727 
618656538441685 984.255615 
618656578449393 984.341309 
618656618449654 984.373779 
618656658449550 984.455566 
618656698444393 984.578857 
618656738449550 984.705322 
618656778449550 984.731201 
618656818451581 984.277832 
618656858450175 983.975098 
618656898450695 983.729492 
618656938450383 983.603027 
618656978446945 983.565674 
618657018445591 983.582520 
618657058449341 983.621826 
618657098450904 983.687012 
618657138441477 983.738281 
618657178449914 983.787354 
618657218450800 983.822510 
618657258451268 983.856689 
618657298442258 983.924072 
618657338448820 983.951416 
618657378450852 983.970703 
618657418449081 984.003662 
618657458449966 984.024414 
618657498450591 984.040527 
618657538450695 984.042236 
618657578450695 984.039307 
618657618444029 984.041748 
618657658448664 984.042969 
618657698449810 984.040039 
618657738441998 984.053711 
618657778450435 984.064453 
618657818449654 984.078857 
618657858449393 984.100342 
618657898441164 984.125732 
618657938519185 984.155518 
618657978448768 984.188721 
618658018449445 984.243408 
618658058428768 984.298096 
618658098449341 984.306396 
618658138450800 984.223389 
618658178449393 984.114014 
618658218443456 984.057861 
618658258449185 984.030273 
618658298449445 984.013672 
618658338441841 984.004883 
618658378450383 984.002197 
618658418450227 984.016602 
618658458449654 984.019043 
618658498441998 984.032227 
618658538442414 984.041016 
618658578449758 984.058838 
618658618449706 984.072021 
618658658442466 984.072266 
618658698450435 984.072998 
618658738452310 984.074219 
618658778451112 984.076416 
618658818443039 984.079102 
618658858445904 984.091797 
618658898448768 984.103271 
618658938451008 984.114502 
618658978449966 984.137451 
618659018449966 984.159180 
618659058448925 984.152832 
618659098440904 984.179932 
618659138444133 984.209473 
618659178450591 984.233154 
618659218517623 984.193848 
618659258440904 984.120361 
618659298449393 984.069092 
618659338450643 984.052979 
618659378450123 984.057617 
618659418429237 984.058105 
618659458448091 984.053955 
618659498448873 984.055176 
618659538449914 984.065186 
618659578449966 984.068359 
618659618450487 984.071289 
618659658450591 984.081787 
618659698441425 984.099854 
618659738486112 984.095215 
618659778449445 984.089844 
618659818450123 984.082520 
618659858440643 984.076416 
618659898450748 984.076172 
618659938450852 984.073975 
618659978451008 984.086182 
618660018427675 984.096680 
618660058454445 984.117432 
618660098446268 984.142090 
618660138448977 984.161133 
618660178450331 984.183838 
618660218450383 984.225586 
618660258450383 984.279053 
618660298450070 984.312256 
618660338444185 984.221436 
618660378448977 984.115234 
618660418450748 984.057861 
618660458441425 984.040527 
618660498449914 984.026855 
618660538451112 984.014648 
618660578449706 984.024902 
618660618441737 984.029541 
618660658463248 984.044922 
618660698449758 984.050049 
618660738428039 984.070068 
618660778450695 984.073242 
618660818451268 984.072510 
618660858450487 984.073975 
618660898450383 984.062988 
618660938442466 984.056152 
618660978448612 984.061279 
618661018449654 984.067383 
618661058440643 984.081787 
618661098449550 984.101074 
618661138450591 984.138428 
618661178450904 984.187988 
618661218441425 984.215820 
618661258450956 984.261719 
618661298449706 984.306885 
618661338449966 984.241455 
618661378427258 984.125488 
618661418450383 984.049316 
618661458450487 984.016602 
618661498449445 984.021484 
618661538443768 984.008057 
618661578448456 984.021484 
618661618449550 984.016846 
618661658446164 984.024414 
618661698450643 984.030518 
618661738450748 984.036133 
618661778450279 984.071533 
618661818441633 984.075195 
618661858443612 984.076416 
618661898449602 984.070313 
618661938449393 984.063477 
618661978441685 984.053467 
618662018450435 984.053711 
618662058451216 984.060547 
618662098449654 984.062744 
618662138459862 984.083496 
618662178449445 984.116943 
618662218448716 984.166260 
618662258442883 984.254150 
618662298450383 984.309082 
618662338449706 984.376953 
618662378450487 984.360107 
618662418441685 984.221191 
618662458441320 984.092773 
618662498449445 984.020264 
618662538449602 984.000977 
618662578440904 983.997314 
618662618449810 983.988037 
618662658452258 983.984619 
618662698449654 983.995361 
618662738429133 984.008789 
618662778446164 984.012695 
618662818449237 984.036865 
618662858449081 984.066162 
618662898450331 984.068848 
618662938450643 984.061279 
618662978448820 984.052490 
618663018441164 984.044434 
618663058478820 984.041016 
618663098449185 984.046875 
618663138448873 984.047119 
618663178440695 984.059814 
618663218449654 984.086914 
618663258450695 984.114502 
618663298449862 984.181152 
618663338440643 984.257568 
618663378537466 984.312744 
618663418448925 984.265625 
618663458449341 984.132080 
618663498450383 984.028320 
618663538450383 983.990479 
618663578449810 983.989990 
618663618446268 983.975098 
618663658443091 983.969971 
618663698449758 983.983154 
618663738449966 984.000977 
618663778443248 984.013428 
618663818450435 984.043701 
618663858450435 984.049072 
618663898449081 984.050781 
618663938441477 984.055664 
618663978442623 984.037598 
618664018449341 984.048096 
618664058449341 984.055176 
618664098426529 984.048584 
618664138451945 984.064697 
618664178450487 984.079590 
618664218450904 984.110352 
618664258443612 984.161377 
618664298449654 984.210449 
618664338448560 984.276855 
618664378440123 984.264648 
618664418450487 984.145752 
618664458450695 984.054688 
618664498449341 984.009766 
618664538441164 984.013916 
618664578448039 984.009277 
618664618450018 984.005615 
618664658450695 984.006836 
618664698427675 984.015137 
618664738450539 984.024902 
618664778451060 984.027344 
618664818449393 984.063965 
618664858441945 984.070313 
618664898449185 984.071045 
618664938446112 984.065674 
618664978450123 984.048096 
618665018450435 984.040771 
618665058450643 984.049561 
618665098449445 984.045166 
618665138441164 984.053711 
618665178443716 984.066162 
618665218448352 984.080811 
618665258448925 984.135742 
618665298440904 984.194092 
618665338449914 984.251709 
618665378449289 984.291016 
618665418449393 984.207031 
618665458557310 984.086670 
618665498449289 984.019287 
618665538449706 983.998535 
618665578449237 983.992188 
618665618450487 983.989502 
618665658449810 983.993896 
618665698450956 984.002197 
618665738441164 984.004395 
618665778456789 984.009521 
618665818449602 984.017334 
618665858450852 984.047119 
618665898441425 984.042480 
618665938450227 984.041992 
618665978449706 984.024414 
618666018449185 984.010986 
618666058429393 984.001465 
618666098443612 984.007324 
618666138449081 984.027832 
618666178449445 984.037598 
618666218451268 984.056641 
618666258450331 984.085938 
618666298450123 984.170410 
618666338447935 984.242676 
618666378444810 984.318604 
618666418449341 984.330566 
618666458449758 984.196533 
618666498441425 984.070557 
618666538450435 984.016357 
618666578450643 984.004395 
618666618449758 983.995117 
618666658441164 983.989258 
618666698444133 983.989990 
618666738449654 983.996094 
618666778448664 984.001221 
618666818450279 984.015381 
618666858449810 984.047607 
618666898450643 984.041260 
618666938450435 984.035889 
618666978444706 984.022949 
618667018449185 984.018066 
618667058448404 984.023682 
618667098441164 984.031982 
618667138449966 984.052979 
618667178450695 984.071289 
618667218448456 984.094238 
618667258440904 984.140869 
618667298448560 984.196533 
618667338448716 984.267334 
618667378449081 984.258057 
618667418428820 984.150635 
618667458449966 984.055664 
618667498450643 984.016602 
618667538450643 984.016602 
618667578443560 984.008789 
618667618449445 984.001465 
618667658449393 983.999756 
618667698442623 983.997314 
618667738450852 984.006592 
618667778450643 984.007813 
618667818449966 984.033691 
618667858441425 984.062012 
618667898446945 984.047607 
618667938449706 984.038086 
618667978449445 984.039795 
618668018442466 984.036133 
618668058449550 984.037842 
618668098450383 984.039063 
618668138449654 984.055176 
618668178446529 984.080078 
618668218449654 984.107666 
618668258449654 984.141357 
618668298450956 984.206055 
618668338450383 984.265381 
618668378449914 984.298340 
618668418450070 984.209961 
618668458441164 984.093262 
618668498444550 984.015625 
618668538449758 984.008301 
618668578449393 984.007813 
618668618442206 983.998535 
618668658449810 983.985840 
618668698450383 983.986572 
618668738449289 983.990479 
618668778445227 983.990967 
618668818443143 984.002930 
618668858450018 984.033936 
618668898449706 984.036621 
618668938449498 984.032227 
618668978450383 984.029297 
618669018449810 984.024902 
618669058441112 984.024170 
618669098478612 984.033691 
618669138449498 984.034912 
618669178441425 984.039795 
618669218441425 984.064453 
618669258450383 984.076660 
618669298450643 984.109375 
618669338450227 984.180420 
618669378426893 984.236084 
618669418443091 984.261963 
618669458449498 984.199219 
618669498449393 984.094238 
618669538452570 984.025146 
618669578449498 984.011719 
618669618449862 984.007813 
618669658449914 984.001709 
618669698443091 983.992432 
618669738449758 983.995605 
618669778449133 984.001953 
618669818441633 984.010986 
618669858449862 984.007813 
618669898450695 984.032227 
618669938449758 984.034180 
618669978441216 984.035889 
618670018443248 984.031250 
618670058449862 984.020264 
618670098449185 984.025879 
618670138449966 984.030029 
618670178450695 984.026123 
618670218450695 984.035156 
618670258450748 984.072266 
618670298443195 984.120361 
618670338449654 984.187256 
618670378449862 984.264893 
618670418441685 984.276367 
618670458450748 984.189941 
618670498450852 984.076904 
618670538449498 984.028320 
618670578441425 984.014648 
618670618443248 984.001465 
618670658449706 983.990723 
618670698449133 983.996338 
618670738428612 983.997803 
618670778450591 984.010254 
618670818449862 984.003418 
618670858449654 984.035400 
618670898443248 984.065430 
618670938449445 984.049316 
618670978449758 984.043701 
618671018441477 984.034668 
618671058451112 984.027588 
618671098449706 984.024902 
618671138450695 984.030518 
618671178441425 984.051514 
618671218445852 984.058105 
618671258448664 984.074707 
618671298448300 984.112793 
618671338442518 984.157959 
618671378450748 984.231934 
618671418452414 984.289307 
618671458449341 984.220215 
618671498441737 984.097900 
618671538445904 984.017822 
618671578442466 984.003418 
618671618448873 983.996094 
618671658450800 983.983398 
618671698450383 983.992920 
618671738450852 983.996826 
618671778441112 984.006348 
618671818441685 984.010986 
618671858449341 984.019531 
618671898449185 984.049805 
618671938441425 984.044434 
618671978450175 984.036621 
618672018449550 984.031738 
618672058449341 984.019287 
618672098428925 984.022705 
618672138446060 984.012939 
618672178449810 984.018799 
618672218448873 984.045410 
618672258450695 984.088623 
618672298450695 984.112793 
618672338450852 984.168213 
618672378441425 984.223145 
618672418553873 984.307617 
618672458449289 984.281494 
618672498449914 984.134033 
618672538440695 984.031738 
618672578450279 983.994629 
618672618450852 983.984863 
618672658449393 983.967285 
618672698435279 983.962402 
618672738442050 983.962646 
618672778449341 983.972168 
618672818450643 983.988037 
618672858449862 983.995850 
618672898450748 984.035889 
618672938450748 984.044434 
618672978451112 984.039307 
618673018443716 984.034668 
618673058449498 984.021240 
618673098449706 984.019043 
618673138441633 984.019531 
618673178450591 984.019531 
618673218450435 984.038086 
618673258449706 984.059082 
618673298441425 984.101563 
618673338449498 984.190918 
618673378449081 984.286865 
618673418449029 984.364502 
618673458450591 984.350098 
618673498450383 984.185547 
618673538450748 984.013184 
618673578450852 984.009766 
618673618442362 983.983398 
618673658449654 983.961182 
618673698450748 983.949951 
618673738441945 983.958496 
618673778449706 983.970459 
618673818450175 983.973877 
618673858450591 984.009277 
618673898441425 984.011475 
618673938443768 984.017578 
618673978449654 984.011719 
618674018449185 984.004639 
618674058427570 984.008545 
618674098450643 984.006836 
618674138450487 984.015625 
618674178450591 984.038818 
618674218444133 984.056152 
618674258445956 984.092773 
618674298449393 984.168213 
618674338446633 984.240479 
618674378450487 984.282471 
618674418450383 984.231934 
618674458450956 984.100098 
618674498441425 984.018066 
618674538443716 984.001709 
618674578449393 984.004639 
618674618446529 983.993896 
618674658441425 983.986572 
618674698450383 983.989746 
618674738450695 984.000488 
618674778449341 983.994385 
618674818460852 984.004883 
618674858448873 984.027588 
618674898448664 984.028076 
618674938448716 984.025146 
618674978451373 984.021729 
618675018451685 984.007813 
618675058449914 984.008301 
618675098442206 984.024170 
618675138442623 984.036377 
618675178449237 984.049072 
618675218449393 984.074463 
618675258441425 984.118408 
618675298450643 984.184570 
618675338450435 984.247803 
618675378450643 984.257568 
618675418428873 984.189697 
618675458448716 984.069092 
618675498448820 984.009766 
618675538449289 984.000000 
618675578449966 983.987061 
618675618449966 983.980957 
618675658449758 983.982666 
618675698441685 983.987305 
618675738573820 983.998535 
618675778448560 984.001465 
618675818448925 984.025391 
618675858440904 984.048340 
618675898450435 984.042969 
618675938452466 984.029053 
618675978451737 984.024170 
618676018445904 984.029541 
618676058449081 984.030029 
618676098449602 984.024902 
618676138448820 984.049561 
618676178450383 984.085449 
618676218450591 984.102295 
618676258450695 984.160889 
618676298451008 984.242676 
618676338444289 984.292725 
618676378449654 984.270752 
618676418428143 984.150879 
618676458441425 984.054199 
618676498450643 984.022705 
618676538450852 984.013916 
618676578450852 983.988525 
618676618441425 983.971191 
618676658441164 983.974854 
618676698450227 983.980469 
618676738448456 983.986328 
618676778427779 984.028320 
618676818449914 984.039795 
618676858450591 984.042480 
618676898449758 984.041016 
618676938442362 984.031494 
618676978449029 984.035400 
618677018443456 984.029541 
618677058441373 984.044189 
618677098452570 984.057861 
618677138450383 984.087158 
618677178450123 984.128662 
618677218441164 984.210693 
618677258455383 984.283691 
618677298451529 984.317139 
618677338449654 984.275391 
618677378431685 984.137451 
618677418450227 984.045166 
618677458450591 984.013672 
618677498450487 984.009033 
618677538442675 983.996094 
618677578448925 983.993408 
618677618448612 983.994385 
618677658452675 983.990234 
618677698450643 983.991211 
618677738449966 984.002930 
618677778449393 984.033203 
618677818441425 984.044678 
618677858443768 984.047852 
618677898449758 984.040283 
618677938450643 984.030518 
618677978441164 984.022217 
618678018449810 984.020996 
618678058450435 984.026123 
618678098449498 984.048828 
618678138470279 984.073486 
618678178445331 984.112793 
618678218449133 984.203857 
618678258449289 984.278809 
618678298450435 984.307861 
618678338450643 984.280762 
618678378450279 984.157959 
618678418441633 984.063721 
618678458442675 984.032227 
618678498448612 984.022461 
618678538449602 984.000732 
618678578441893 983.980469 
618678618450279 983.983154 
618678658450904 983.985840 
618678698449810 984.002441 
618678738429602 984.023926 
618678778449341 984.057617 
618678818443404 984.057617 
618678858450591 984.053223 
618678898449862 984.047119 
618678938449758 984.030518 
618678978451008 984.033691 
618679018441268 984.043945 
618679058544862 984.048828 
618679098449445 984.066406 
618679138449706 984.093262 
618679178441164 984.145752 
618679218450487 984.222900 
618679258450383 984.300537 
618679298450591 984.375488 
618679338442206 984.343994 
618679378444445 984.176514 
618679418449185 984.049316 
618679458449341 984.017822 
618679498450487 984.001221 
618679538450123 983.987793 
618679578451008 983.968018 
618679618448925 983.957520 
618679658442675 983.970947 
618679698428456 983.973633 
618679738448716 983.987549 
618679778440904 984.022949 
618679818451633 984.021729 
618679858449862 984.028076 
618679898449550 984.029053 
618679938440904 984.023926 
618679978447102 984.022217 
618680018449029 984.021973 
618680058449706 984.030518 
618680098428195 984.045166 
618680138449706 984.114014 
618680178449914 984.173828 
618680218449498 984.232910 
618680258443195 984.274658 
618680298449341 984.320313 
618680338450175 984.245361 
618680378441685 984.107178 
618680418449862 984.049561 
618680458449914 984.034668 
618680498448300 984.003174 
618680538441425 983.978760 
618680578444081 983.966553 
618680618449393 983.968994 
618680658428716 983.972168 
618680698427414 983.985352 
618680738450695 984.018311 
618680778450175 984.023926 
618680818449706 984.034668 
618680858441789 984.035645 
618680898449185 984.019287 
618680938448925 984.017090 
618680978455018 984.018799 
618681018450591 984.024902 
618681058450591 984.040771 
618681098449654 984.069580 
618681138441685 984.090088 
618681178442935 984.134277 
618681218450018 984.196533 
618681258450331 984.272705 
618681298441425 984.327148 
618681338450748 984.268311 
618681378450748 984.129150 
618681418449758 984.042236 
618681458507258 984.014160 
618681498448612 983.987061 
618681538449133 983.968506 
618681578450383 983.956299 
618681618450383 983.956543 
618681658450695 983.967529 
618681698450643 983.978760 
618681738441164 983.994141 
618681778441164 984.026855 
618681818449498 984.024170 
618681858449966 984.036621 
618681898441425 984.024170 
618681938450435 984.020996 
618681978450331 984.020264 
618682018450539 984.025146 
618682058428195 984.038086 
618682098446998 984.073730 
618682138449498 984.118652 
618682178450904 984.143799 
618682218450383 984.177002 
618682258450643 984.220459 
618682298450175 984.268066 
618682338441425 984.295654 
618682378605070 984.201660 
618682418448925 984.072998 
618682458448404 983.998047 
618682498441893 983.996826 
618682538449966 983.989746 
618682578450695 983.978271 
618682618449393 983.986328 
618682658440904 983.982666 
618682698445070 983.993652 
618682738449602 984.005371 
618682778449289 984.020752 
618682818450591 984.044678 
618682858450331 984.044922 
618682898450331 984.042236 
618682938450956 984.031494 
618682978442935 984.012207 
618683018449862 984.008301 
618683058449445 984.009277 
618683098441425 984.014893 
618683138450331 984.036377 
618683178450331 984.063477 
618683218449393 984.081543 
618683258441112 984.117188 
618683298442154 984.179443 
618683338449393 984.246338 
618683378450748 984.290527 
618683418427935 984.196777 
618683458450435 984.072510 
618683498450591 984.005615 
618683538450643 983.999756 
618683578441945 983.989502 
618683618449758 983.986816 
618683658449758 983.987549 
618683698442102 984.005371 
618683738450331 984.008789 
618683778450591 984.034912 
618683818449393 984.067871 
618683858441164 984.050293 
618683898442727 984.054199 
618683938448612 984.047119 
618683978449341 984.031006 
618684018429133 984.030762 
618684058450435 984.035889 
618684098449706 984.054199 
618684138449862 984.064941 
618684178443508 984.097168 
618684218448560 984.131104 
618684258449029 984.173828 
618684298449445 984.238525 
618684338450383 984.275879 
618684378450383 984.257080 
618684418449498 984.141846 
618684458441112 984.057617 
618684498447050 984.020020 
618684538449758 984.018311 
618684578450591 984.010254 
618684618441425 984.007080 
618684658451945 984.001465 
618684698449914 984.001953 
618684738448977 984.003662 
618684778492258 984.010010 
618684818449445 984.027100 
618684858448977 984.043213 
618684898449341 984.042725 
618684938450383 984.033203 
618684978450175 984.020508 
618685018450331 984.020508 
618685058441164 984.009033 
618685098443456 984.018311 
618685138449602 984.042236 
618685178449237 984.071777 
618685218441112 984.097656 
618685258449706 984.137451 
618685298449914 984.206543 
618685338449706 984.254150 
618685378429185 984.282715 
618685418441685 984.214355 
618685458448560 984.093262 
618685498449341 984.036377 
618685538450904 984.019287 
618685578450279 984.014893 
618685618450175 984.002441 
618685658440904 983.995605 
618685698598925 983.996094 
618685738449654 983.999756 
618685778449914 984.011230 
618685818441425 984.025635 
618685858449654 984.063232 
618685898449914 984.058594 
618685938449029 984.062256 
618685978442727 984.053711 
618686018444393 984.039063 
618686058449706 984.042236 
618686098449081 984.042480 
618686138450383 984.047363 
618686178450070 984.060547 
618686218450904 984.097656 
618686258450539 984.137207 
618686298443612 984.178955 
618686338449706 984.227295 
618686378449706 984.272217 
618686418441164 984.216553 
618686458450227 984.100830 
618686498449914 984.037109 
618686538449602 984.031250 
618686578440904 984.024170 
618686618442050 984.016357 
618686658449498 984.024414 
618686698450070 984.035889 
618686738426633 984.037354 
618686778450331 984.043457 
618686818450695 984.046387 
618686858450695 984.072266 
618686898442050 984.066406 
618686938450227 984.063477 
618686978450123 984.051025 
618687018443195 984.048340 
618687058450695 984.052734 
618687098450070 984.077148 
618687138449498 984.085693 
618687178441945 984.094238 
618687218443195 984.109131 
618687258448977 984.177490 
618687298450904 984.240967 
618687338427258 984.279297 
618687378450487 984.228271 
618687418450435 984.111816 
618687458450435 984.049561 
618687498443925 984.047852 
618687538449498 984.045898 
618687578449081 984.036865 
618687618455175 984.024170 
618687658452362 984.024902 
618687698450904 984.028564 
618687738449185 984.021484 
618687778440904 984.035645 
618687818443404 984.068604 
618687858449445 984.069092 
618687898448560 984.065918 
618687938441477 984.054199 
618687978450487 984.041260 
618688018452258 984.037109 
618688058450800 984.038574 
618688098525435 984.060791 
618688138449133 984.076172 
618688178449393 984.118896 
618688218448820 984.153076 
618688258451060 984.221680 
618688298449758 984.255127 
618688338450695 984.278076 
618688378441373 984.236816 
618688418442623 984.113770 
618688458449393 984.030273 
618688498448873 984.011719 
618688538441425 984.008545 
618688578450695 984.001465 
618688618449810 983.994385 
618688658449341 984.000977 
618688698427779 984.013672 
618688738448768 984.013184 
618688778449445 984.015381 
618688818449706 984.041260 
618688858450383 984.050293 
618688898450331 984.047363 
618688938450643 984.035400 
618688978441581 984.023193 
618689018603873 984.029053 
618689058449185 984.022949 
618689098449706 984.040527 
618689138440904 984.058350 
618689178450956 984.098633 
618689218449862 984.144043 
618689258449654 984.192871 
618689298442206 984.241943 
618689338442675 984.278320 
618689378449498 984.230469 
618689418450383 984.123291 
618689458450591 984.048340 
618689498450487 984.022705 
618689538450643 984.014648 
618689578450227 984.006592 
618689618443195 984.008057 
618689658449966 984.010010 
618689698449602 984.021484 
618689738440904 984.034668 
618689778450487 984.032715 
618689818449914 984.069580 
618689858448716 984.073730 
618689898441945 984.073242 
618689938448925 984.055908 
618689978449029 984.043945 
618690018448925 984.036865 
618690058427883 984.039551 
618690098450904 984.042480 
618690138449966 984.057129 
618690178449445 984.083740 
618690218442414 984.114746 
618690258449550 984.179199 
618690298448820 984.212646 
618690338439654 984.246094 
618690378452102 984.215820 
618690418450852 984.111084 
618690458451529 984.038086 
618690498441373 984.020020 
618690538444081 984.010010 
618690578449393 984.013428 
618690618449498 984.011475 
618690658427518 984.011963 
618690698449966 984.014404 
618690738450487 984.019775 
618690778449654 984.023926 
618690818443456 984.047607 
618690858448716 984.066895 
618690898449706 984.069580 
618690938454029 984.066650 
618690978450695 984.060303 
618691018450487 984.052490 
618691058449081 984.059814 
618691098442466 984.071045 
618691138443925 984.087402 
618691178449966 984.096924 
618691218449289 984.130371 
618691258441425 984.141846 
618691298451268 984.201660 
618691338450695 984.268555 
618691378449498 984.343506 
618691418477310 984.311768 
618691458448612 984.163330 
618691498449602 984.050049 
618691538450904 984.018555 
618691578450331 984.011963 
618691618449914 984.000244 
618691658450695 983.984375 
618691698442154 983.984863 
618691738442727 983.993896 
618691778449185 984.012695 
618691818448248 984.014648 
618691858441558 984.044678 
618691898453172 984.071289 
618691938450985 984.055420 
618691978450360 984.053467 
618692018430881 984.033691 
618692058446610 984.032471 
618692098450256 984.042725 
618692138452183 984.058838 
618692178451454 984.084473 
618692218453172 984.102051 
618692258451402 984.131104 
618692298442079 984.144775 
618692338588485 984.198486 
618692378450412 984.254639 
618692418449995 984.293701 
618692458442599 984.269775 
618692498451245 984.157227 
618692538451141 984.061768 
618692578450099 984.037354 
618692618445985 984.031738 
618692658450047 984.006836 
618692698449891 983.993652 
618692738449631 983.988037 
618692778451245 983.995117 
618692818451141 984.008301 
618692858451558 984.006836 
618692898450881 984.032227 
618692938445256 984.059814 
618692978450099 984.062744 
618693018450047 984.056396 
618693058442079 984.039063 
618693098450985 984.040039 
618693138450516 984.044922 
618693178451662 984.063232 
618693218442547 984.085938 
618693258442443 984.112061 
618693298449839 984.136475 
618693338449995 984.165039 
618693378428589 984.202148 
618693418450516 984.247070 
618693458451402 984.291748 
618693498451297 984.264160 
618693538443641 984.141357 
618693578450568 984.048096 
618693618523797 984.019531 
618693658442079 984.006348 
618693698450724 983.990967 
618693738451089 983.985352 
618693778450204 983.987305 
618693818441558 984.003906 
618693858449370 984.013184 
618693898449474 984.046143 
618693938450933 984.062500 
618693978428589 984.061768 
618694018450360 984.055176 
618694058451506 984.049316 
618694098450308 984.057129 
618694138443954 984.057373 
618694178451818 984.059326 
618694218449995 984.084961 
618694258447079 984.115479 
618694298451245 984.142334 
618694338451349 984.165771 
618694378450152 984.213867 
618694418442339 984.269043 
618694458444318 984.260742 
618694498450412 984.162109 
618694538450464 984.060547 
618694578442287 984.017578 
618694618453693 984.023193 
618694658450568 984.024170 
618694698449214 984.021729 
618694738482547 984.026367 
618694778450204 984.025146 
618694818450360 984.032471 
618694858451349 984.036377 
618694898451141 984.048096 
618694938451297 984.069092 
618694978450881 984.086914 
618695018442079 984.091309 
618695058442183 984.085449 
618695098450047 984.082764 
618695138450724 984.078125 
618695178442287 984.082764 
618695218450308 984.087646 
618695258450360 984.100830 
618695298450047 984.132080 
618695338429318 984.145508 
618695378449006 984.155518 
618695418450047 984.207031 
618695458451349 984.257813 
618695498450568 984.295410 
618695538451089 984.203857 
618695578450464 984.091553 
618695618442079 984.040283 
618695658567652 984.047607 
618695698450047 984.042480 
618695738451141 984.033447 
618695778442079 984.028320 
618695818450829 984.030029 
618695858451349 984.038086 
618695898451610 984.049316 
618695938431402 984.062988 
618695978433277 984.088867 
618696018450152 984.094238 
618696058451297 984.080078 
618696098450256 984.072754 
618696138450985 984.075195 
618696178451558 984.070313 
618696218451870 984.072266 
618696258443485 984.089111 
618696298450568 984.105469 
618696338450308 984.131104 
618696378441870 984.150391 
618696418450256 984.174316 
618696458451037 984.226563 
618696498449839 984.271973 
618696538441818 984.280762 
618696578443381 984.188721 
618696618449787 984.080566 
618696658450099 984.023926 
618696698451402 984.027344 
618696738450620 984.029541 
618696778451141 984.023926 
618696818451506 984.021729 
618696858443849 984.014893 
618696898450256 984.016602 
618696938450047 984.022461 
618696978441558 984.031738 
618697018450204 984.068848 
618697058451037 984.053467 
618697098450256 984.044434 
618697138441558 984.052979 
618697178535464 984.061279 
618697218450204 984.057861 
618697258450777 984.073486 
618697298429058 984.096436 
618697338451349 984.117432 
618697378450568 984.125977 
618697418450724 984.167480 
618697458443745 984.216797 
618697498442287 984.269043 
618697538450152 984.287354 
618697578442652 984.189209 
618697618451245 984.081543 
618697658450829 984.041504 
618697698449839 984.047119 
618697738441870 984.033691 
618697778444735 984.020752 
618697818449735 984.012451 
618697858450777 984.016113 
618697898442339 984.028809 
618697938451089 984.038086 
618697978451402 984.041504 
618698018450568 984.072266 
618698058444943 984.069580 
618698098450360 984.071289 
618698138449787 984.065674 
618698178451037 984.058105 
618698218450985 984.067139 
618698258450099 984.070557 
618698298451558 984.075928 
618698338442339 984.095215 
618698378450047 984.128662 
618698418450412 984.140137 
618698458449995 984.142822 
618698498442339 984.192627 
618698538450933 984.232422 
618698578451766 984.255615 
618698618450047 984.182617 
618698658430099 984.084473 
618698698444735 984.017334 
618698738448954 984.024170 
618698778450933 984.035156 
618698818452079 984.016846 
618698858451558 984.007324 
618698898451245 984.000488 
618698938442027 984.010742 
618698978497912 984.016357 
618699018450464 984.011963 
618699058450308 984.026611 
618699098442027 984.058350 
618699138450933 984.044678 
618699178450568 984.030762 
618699218450308 984.013672 
618699258430204 984.011963 
618699298448224 984.013916 
618699338450204 984.031494 
618699378450099 984.054932 
618699418450933 984.072021 
618699458450881 984.110840 
618699498450777 984.129395 
618699538451974 984.160400 
618699578444735 984.214600 
618699618450047 984.269531 
618699658449995 984.305908 
618699698442079 984.195801 
618699738450985 984.073242 
618699778451402 984.020020 
618699818450204 984.010986 
618699858442079 983.998779 
618699898449370 983.982666 
618699938450308 983.980225 
618699978449995 983.989258 
618700018451245 983.998535 
618700058452183 984.011963 
618700098451506 984.029297 
618700138452079 984.071045 
618700178443849 984.056396 
618700218450047 984.032715 
618700258449995 984.026367 
618700298441818 984.027588 
618700338451193 984.035889 
618700378451245 984.076660 
618700418450620 984.102539 
618700458442339 984.129150 
618700498526974 984.149170 
618700538450099 984.200195 
618700578449162 984.248779 
618700618430464 984.263428 
618700658451818 984.210693 
618700698450256 984.109131 
618700738450360 984.034180 
618700778443172 984.034180 
618700818450047 984.035400 
618700858449266 984.027100 
618700898440047 984.019775 
618700938450516 984.014404 
618700978450985 984.020508 
618701018450099 984.035889 
618701058442495 984.035400 
618701098447443 984.069092 
618701138450360 984.076172 
618701178450568 984.052246 
618701218442027 984.037354 
618701258450620 984.031982 
618701298450516 984.024902 
618701338450933 984.030029 
618701378445308 984.042480 
618701418449370 984.062012 
618701458450516 984.088867 
618701498450152 984.122070 
618701538450620 984.137695 
618701578451297 984.194824 
618701618451610 984.231445 
618701658442079 984.227539 
618701698442704 984.152100 
618701738450099 984.062744 
618701778449839 984.005859 
618701818441818 984.002441 
618701858450724 984.008545 
618701898451089 984.011475 
618701938450047 984.009521 
618701978446766 984.021729 
618702018449579 984.022949 
618702058449318 984.031006 
618702098449527 984.033691 
618702138450152 984.052246 
618702178452079 984.073730 
618702218450568 984.046875 
618702258441454 984.027100 
618702298495412 984.024414 
618702338450308 984.024170 
618702378449943 984.034424 
618702418442079 984.053955 
618702458450777 984.078125 
618702498453693 984.098145 
618702538450412 984.124268 
618702578427652 984.144287 
618702618448172 984.180420 
618702658444422 984.224609 
618702698450308 984.241943 
618702738451089 984.196533 
618702778451402 984.093506 
618702818451506 984.018555 
618702858451558 984.013184 
618702898445724 984.006348 
618702938450308 983.997070 
618702978429058 984.000488 
618703018441818 984.006836 
618703058450620 984.008301 
618703098451193 984.017090 
618703138449943 984.025879 
618703178442079 984.036865 
618703218450620 984.060059 
618703258450204 984.045410 
618703298450152 984.019287 
618703338450985 984.010254 
618703378450985 984.018555 
618703418453068 984.024658 
618703458451037 984.024902 
618703498445933 984.058350 
618703538449527 984.093994 
618703578450516 984.125488 
618703618442079 984.146240 
618703658450985 984.162109 
618703698451349 984.187500 
618703738450360 984.206299 
618703778442079 984.133789 
618703818428797 984.044434 
618703858450152 984.011475 
618703898449787 984.021973 
618703938430881 984.030029 
618703978450256 984.026611 
618704018451141 984.027344 
618704058450464 984.023193 
618704098443381 984.027832 
618704138449995 984.039063 
618704178451349 984.041992 
618704218443016 984.057617 
618704258450829 984.071777 
618704298451037 984.058838 
618704338451245 984.049805 
618704378442339 984.046387 
618704418445620 984.037842 
618704458450047 984.036865 
618704498450204 984.062500 
618704538446766 984.082031 
618704578451193 984.096680 
618704618451245 984.126465 
618704658451558 984.159668 
618704698444214 984.153564 
618704738450620 984.177246 
618704778449631 984.217529 
618704818450568 984.262939 
618704858450256 984.247070 
618704898451141 984.134766 
618704938449527 984.041504 
618704978442079 984.018066 
618705018443693 984.012695 
618705058449266 984.000000 
618705098450099 983.997314 
618705138442079 983.996826 
618705178451089 984.002930 
618705218450985 984.005371 
618705258451506 984.015137 
618705298447391 984.036377 
618705338443745 984.059326 
618705378449787 984.061768 
618705418449943 984.058838 
618705458451089 984.044189 
618705498451297 984.039795 
618705538451818 984.052734 
618705578442599 984.066162 
618705618458537 984.072021 
618705658450256 984.090576 
618705698450360 984.119873 
618705738442287 984.154785 
618705778451193 984.170654 
618705818451141 984.205811 
618705858450516 984.241455 
618705898429006 984.233154 
618705938444058 984.158691 
618705978450620 984.081543 
618706018449891 984.038818 
618706058450256 984.040771 
618706098451297 984.033691 
618706138451297 984.024658 
618706178448068 984.026855 
618706218445881 984.025391 
618706258450620 984.029541 
618706298449995 984.041260 
618706338442599 984.046875 
618706378451349 984.062012 
618706418451454 984.069824 
618706458450568 984.076904 
618706498442599 984.056885 
618706538449631 984.038330 
618706578450412 984.045166 
618706618449735 984.054688 
618706658450308 984.072510 
618706698451037 984.084717 
618706738450985 984.104736 
618706778451402 984.138672 
618706818443537 984.147217 
618706858449214 984.177246 
618706898449943 984.207520 
618706938441610 984.224365 
618706978450464 984.226318 
618707018450985 984.149902 
618707058450881 984.072266 
618707098442079 984.037354 
618707138443329 984.027344 
618707178450308 984.017578 
618707218449839 984.010498 
618707258427391 984.011230 
618707298451297 984.020508 
618707338451402 984.029541 
618707378450099 984.035156 
618707418443068 984.058350 
618707458449370 984.062988 
618707498442027 984.052246 
618707538442391 984.046143 
618707578451089 984.041992 
618707618450985 984.041504 
618707658451037 984.060547 
618707698442339 984.083984 
618707738447547 984.092773 
618707778449266 984.121338 
618707818449735 984.165283 
618707858428277 984.164063 
618707898450724 984.183105 
618707938450672 984.215576 
618707978443485 984.266113 
618708018444527 984.285400 
618708058449735 984.188965 
618708098450256 984.082520 
618708138451037 984.026367 
618708178451297 984.015137 
618708218451141 984.008545 
618708258450152 984.000977 
618708298442339 983.995361 
618708338444683 983.998291 
618708378449631 984.012207 
618708418449474 984.021973 
618708458440568 984.020508 
618708498450620 984.054199 
618708538452495 984.055664 
618708578449579 984.057861 
618708618581558 984.041992 
618708658444370 984.031006 
618708698449839 984.026855 
618708738450152 984.035645 
618708778450829 984.048340 
618708818451141 984.063965 
618708858451089 984.085205 
618708898442131 984.121826 
618708938443485 984.142822 
618708978450256 984.147705 
618709018451245 984.175049 
618709058442339 984.207275 
618709098450256 984.239502 
618709138451245 984.205322 
618709178450308 984.103271 
618709218429891 984.036133 
618709258450308 984.017578 
618709298450568 984.025635 
618709338451558 984.025879 
618709378451037 984.031006 
618709418451141 984.038086 
618709458450985 984.044434 
618709498442599 984.054932 
618709538442756 984.061279 
618709578449318 984.076172 
618709618449162 984.095703 
618709658441818 984.078857 
618709698450985 984.062744 
618709738451141 984.059326 
618709778450933 984.052979 
618709818442339 984.059326 
618709858445777 984.066895 
618709898449631 984.095459 
618709938449422 984.119629 
618709978450308 984.144287 
618710018451193 984.165527 
618710058450933 984.189453 
618710098450620 984.235840 
618710138444266 984.263428 
618710178449735 984.261719 
618710218449631 984.158691 
618710258441818 984.065430 
618710298450568 984.033203 
618710338450985 984.040771 
618710378450308 984.033691 
618710418442079 984.030762 
618710458450724 984.027832 
618710498449839 984.041016 
618710538449839 984.040527 
618710578427860 984.037109 
618710618450204 984.060791 
618710658451349 984.077148 
618710698451349 984.071289 
618710738444370 984.057129 
618710778450256 984.044434 
618710818450152 984.043701 
618710858440829 984.045166 
618710898451297 984.062500 
618710938451297 984.082764 
618710978450464 984.100830 
618711018442079 984.128906 
618711058445516 984.161377 
618711098450412 984.187744 
618711138450308 984.226074 
618711178427860 984.275879 
618711218451454 984.291992 
618711258450724 984.188721 
618711298451037 984.083252 
618711338444683 984.035889 
618711378449370 984.038574 
618711418450308 984.031982 
618711458450568 984.009766 
618711498450308 984.007568 
618711538450829 984.007080 
618711578449839 984.018311 
618711618442079 984.035645 
618711658444370 984.033936 
618711698449579 984.058350 
618711738449787 984.083984 
618711778442027 984.060791 
618711818451558 984.050781 
618711858451193 984.047607 
618711898450047 984.047607 
618711938512443 984.060791 
618711978449787 984.069824 
618712018449318 984.089844 
618712058451558 984.123291 
618712098450620 984.151855 
618712138450204 984.165527 
618712178450412 984.177490 
618712218442079 984.201660 
618712258441870 984.226563 
618712298449318 984.228516 
618712338450412 984.176025 
618712378440829 984.084229 
618712418451245 984.029053 
618712458451922 984.026367 
618712498449787 984.033203 
618712538429839 984.026367 
618712578584266 984.018311 
618712618449266 984.015137 
618712658450308 984.016602 
618712698452235 984.024658 
618712738450360 984.031006 
618712778450829 984.032959 
618712818442756 984.065186 
618712858573329 984.064209 
618712898449891 984.052979 
618712938448902 984.046387 
618712978442079 984.036377 
618713018450777 984.045166 
618713058450204 984.057129 
618713098450204 984.064209 
618713138446402 984.090332 
618713178450099 984.117188 
618713218449474 984.156494 
618713258449162 984.178955 
618713298450829 984.204102 
618713338451037 984.209961 
618713378450568 984.225342 
618713418450724 984.246338 
618713458443902 984.165771 
618713498450047 984.062988 
618713538450360 984.018799 
618713578442027 984.023682 
618713618450881 984.023193 
618713658451349 984.014160 
618713698449370 984.013672 
618713738441818 984.013184 
618713778449787 984.018555 
618713818449162 984.026855 
618713858450047 984.040771 
618713898427964 984.069092 
618713938450464 984.079590 
618713978450985 984.072998 
618714018451558 984.062744 
618714058443016 984.060791 
618714098449527 984.038574 
618714138449787 984.041260 
618714178442547 984.060303 
618714218450985 984.067383 
618714258450672 984.081055 
618714298449787 984.099854 
618714338441818 984.142334 
618714378443797 984.160889 
618714418449683 984.164795 
618714458444527 984.179443 
618714498429266 984.209229 
618714538452079 984.223877 
618714578451349 984.246338 
618714618450568 984.285156 
618714658442756 984.243408 
618714698450256 984.142334 
618714738443068 984.049561 
618714778447027 983.996582 
618714818450047 983.986084 
618714858451089 983.987793 
618714898450412 983.975586 
618714938442027 983.969482 
618714978443433 983.978760 
618715018450099 983.991699 
618715058450099 984.000732 
618715098442079 984.012939 
618715138450516 984.020996 
618715178451349 984.021973 
618715218449995 984.027832 
618715258445308 984.053711 
618715298449370 984.057617 
618715338443381 984.069092 
618715378450516 984.083740 
618715418451089 984.098877 
618715458451349 984.102783 
618715498451349 984.104492 
618715538442339 984.102539 
618715578443381 984.096924 
618715618449266 984.093262 
618715658443641 984.092773 
618715698441818 984.086914 
618715738451402 984.083496 
618715778451349 984.081055 
618715818450568 984.084229 
618715858429839 984.083252 
618715898454058 984.074951 
618715938514318 984.068848 
618715978449370 984.072510 
618716018450829 984.071045 
618716058451245 984.075439 
618716098451245 984.072510 
618716138441818 984.069336 
618716178505568 984.068359 
618716218450568 984.073486 
618716258449735 984.073975 
618716298441297 984.071289 
618716338450360 984.071777 
618716378450308 984.076416 
618716418450099 984.072021 
618722267195985 984.019775 
618722307196974 984.020752 
618722347197131 984.027832 
618722387198224 984.024902 
618722427197287 984.040527 
618722467197391 984.037354 
618722507194735 984.039063 
618722547197808 984.032959 
618722587197183 984.033203 
618722627197079 984.033691 
618722667196714 984.036865 
618722707198433 984.071045 
618722747197131 984.088379 
