# Created at Thu Mar 27 10:02:03 GMT+01:00 2025 in Burnaby Canada 
4431157419771 999.172363 
4431257408071 999.174316 
4431357396271 999.167236 
4431457384471 999.165771 
4431557372704 999.173096 
4431657360937 999.170898 
4431757349203 999.171143 
4431857337403 999.172363 
4431957325603 999.169434 
4432057313503 999.175293 
4432157301403 999.174072 
4432257289569 999.172363 
4432357277802 999.186035 
4432457266035 999.185791 
4432557254235 999.187500 
4432657242435 999.184814 
4432757230668 999.189941 
4432857218901 999.188721 
4432957207101 999.184814 
4433057195301 999.188965 
4433157183401 999.178955 
4433257171501 999.174316 
4433357159734 999.179443 
4433457147967 999.184814 
4433557136167 999.178955 
4433657124367 999.185303 
4433757112600 999.183838 
4433857100833 999.185547 
4433957089033 999.185303 
4434057077266 999.189209 
4434157065299 999.187256 
4434257053165 999.193604 
4434357041065 999.202637 
4434457029265 999.201416 
4434557017431 999.203613 
4434657005597 999.211670 
4434756993763 999.205322 
4434856981963 999.202393 
4434956970163 999.198730 
4435056958329 999.199951 
4435156946495 999.196533 
4435256934495 999.193359 
4435356922361 999.192139 
4435456910261 999.190918 
4435556898261 999.191162 
4435656886261 999.201172 
4435756874227 999.196533 
4435856862193 999.197266 
4435956850193 999.194580 
4436056838193 999.198730 
4436156826159 999.198975 
4436256814125 999.198975 
4436356801991 999.191406 
4436456789857 999.196045 
4436556777990 999.195801 
4436656766223 999.193604 
4436756754423 999.191895 
4436856742623 999.192139 
4436956730856 999.198486 
4437056719056 999.193115 
4437156707256 999.189941 
4437256695456 999.195557 
4437356683656 999.197021 
4437456671556 999.202393 
4437556659456 999.200195 
4437656647622 999.188721 
4437756635855 999.200684 
4437856624055 999.196289 
4437956612255 999.198242 
4438056600488 999.199707 
4438156588721 999.209717 
4438256576921 999.202393 
4438356565121 999.205078 
4438456553287 999.200684 
4438556541387 999.201660 
4438656529487 999.199463 
4438756517720 999.204102 
4438856505953 999.204590 
4438956494153 999.192871 
4439056482353 999.200439 
4439156470586 999.195313 
4439256458819 999.198486 
4439356447019 999.199951 
4439456435219 999.202393 
4439556423185 999.198975 
4439656411051 999.195801 
4439756399051 999.197754 
4439856387251 999.199463 
4439956375417 999.204102 
4440056363583 999.196045 
4440156351749 999.198975 
4440256339949 999.197510 
4440356328115 999.197754 
4440456316281 999.203857 
4440556304447 999.208008 
4440656292380 999.213623 
4440756280246 999.213379 
4440856268246 999.212646 
4440956256246 999.211426 
4441056244212 999.208496 
4441156232178 999.209961 
4441256220178 999.210205 
4441356208178 999.206787 
4441456196178 999.208008 
4441556184144 999.205078 
4441656172144 999.196533 
4441756160010 999.202881 
4441856147876 999.219238 
4441956136076 999.211426 
4442056124276 999.206055 
4442156112442 999.210205 
4442256100608 999.214844 
4442356088774 999.211426 
4442456076974 999.207764 
4442556065140 999.200684 
4442656053306 999.204834 
4442756041339 999.206055 
4442856029205 999.211182 
4442956017071 999.209717 
4443056005071 999.209229 
4443155993071 999.202637 
4443255981037 999.202637 
4443355969003 999.202881 
4443455957003 999.205566 
4443555945003 999.202393 
4443655932969 999.214844 
4443755920935 999.211426 
4443855908801 999.208740 
4443955896667 999.208496 
4444055884767 999.212646 
4444155873000 999.210938 
4444255861200 999.217529 
4444355849400 999.218750 
4444455837633 999.223877 
4444555825866 999.225586 
4444655814066 999.227051 
4444755802266 999.229248 
4444855790466 999.227539 
4444955778366 999.226318 
4445055766266 999.227539 
4445155754399 999.233154 
4445255742632 999.228027 
4445355730865 999.225098 
4445455719065 999.218506 
4445555707265 999.213135 
4445655695498 999.210449 
4445755683731 999.198242 
4445855671931 999.196777 
4445955660131 999.199951 
4446055648231 999.212158 
4446155636331 999.217773 
4446255624564 999.220947 
4446355612797 999.226074 
4446455600997 999.222656 
4446555589197 999.225586 
4446655577430 999.218262 
4446755565663 999.219238 
4446855553863 999.221924 
4446955542063 999.218994 
4447055530063 999.225342 
4447155517929 999.223389 
4447255505829 999.217529 
4447355494062 999.210693 
4447455482262 999.212158 
4447555470462 999.209717 
4447655458662 999.205566 
4447755446895 999.209961 
4447855435128 999.205078 
4447955423328 999.198486 
4448055411528 999.205322 
4448155399528 999.209717 
4448255387428 999.211914 
4448355375461 999.209961 
4448455363694 999.210693 
4448555351927 999.210449 
4448655340127 999.212402 
4448755328327 999.207764 
4448855316560 999.222412 
4448955304793 999.222168 
4449055292993 999.208984 
4449155281193 999.207520 
4449255269293 999.210449 
4449355257393 999.212158 
4449455245559 999.207275 
4449555233792 999.214355 
4449655221992 999.217773 
4449755210192 999.211426 
4449855198425 999.209229 
4449955186658 999.208984 
4450055174858 999.212646 
4450155163058 999.211914 
4450255151258 999.214844 
4450355139124 999.222900 
4450455126990 999.223633 
4450555115190 999.223145 
4450655103390 999.218750 
4450755091556 999.217041 
4450855079722 999.218018 
4450955067888 999.221436 
4451055056088 999.218018 
4451155044254 999.218262 
4451255032420 999.218750 
4451355020453 999.218994 
4451455008319 999.219727 
4451554996185 999.219482 
4451654984185 999.226074 
4451754972185 999.227051 
4451854960151 999.227051 
4451954948117 999.227295 
4452054936117 999.232666 
4452154924117 999.234131 
4452254912083 999.229004 
4452354900049 999.224854 
4452454887982 999.214600 
4452554875848 999.216309 
4452654863914 999.218994 
4452754852147 999.221680 
4452854840347 999.221924 
4452954828547 999.218018 
4453054816780 999.216064 
4453154805013 999.222168 
4453254793213 999.214600 
4453354781413 999.214111 
4453454769613 999.213379 
4453554757513 999.212891 
4453654745413 999.216064 
4453754733513 999.218018 
4453854721746 999.209961 
4453954709979 999.208740 
4454054698179 999.215088 
4454154686379 999.206299 
4454254674612 999.202637 
4454354662845 999.200684 
4454454651045 999.204590 
4454554639245 999.208252 
4454654627345 999.208740 
4454754615445 999.212891 
4454854603678 999.222168 
4454954591911 999.223145 
4455054580111 999.216553 
4455154568311 999.217529 
4455254556544 999.210938 
4455354544777 999.218750 
4455454532977 999.222168 
4455554521177 999.214111 
4455654509210 999.224609 
4455754497076 999.221191 
4455854484976 999.223389 
4455954473176 999.217285 
4456054461409 999.216553 
4456154449575 999.213623 
4456254437741 999.214111 
4456354425941 999.214844 
4456454414141 999.214111 
4456554402374 999.217285 
4456654390540 999.215576 
4456754378540 999.209473 
4456854366406 999.208984 
4456954354306 999.203613 
4457054342372 999.213135 
4457154330372 999.218994 
4457254318338 999.211670 
4457354306304 999.216797 
4457454294304 999.215332 
4457554282370 999.214844 
4457654270336 999.211914 
4457754258302 999.215576 
4457854246168 999.221191 
4457954234034 999.217529 
4458054222200 999.213623 
4458154210400 999.205811 
4458254198566 999.206055 
4458354186732 999.204346 
4458454174898 999.217773 
4458554163164 999.205566 
4458654151330 999.209961 
4458754139496 999.212158 
4458854127629 999.213135 
4458954115495 999.217773 
4459054103361 999.218262 
4459154091361 999.214111 
4459254079361 999.212158 
4459354067327 999.213623 
4459454055293 999.217285 
4459554043293 999.223389 
4459654031293 999.223633 
4459754019259 999.222656 
4459854007225 999.216064 
4459953995191 999.215820 
4460053983057 999.212891 
4460153971057 999.219482 
4460253959290 999.214844 
4460353947523 999.215576 
4460453935723 999.209961 
4460553923923 999.211670 
4460653912156 999.210693 
4460753900389 999.215820 
4460853888589 999.223145 
4460953876789 999.226074 
4461053864789 999.232178 
4461153852689 999.234863 
4461253840722 999.234619 
4461353828955 999.239014 
4461453817188 999.232178 
4461553805388 999.233154 
4461653793588 999.237061 
4461753781821 999.226318 
4461853770054 999.223389 
4461953758254 999.219971 
4462053746454 999.220459 
4462153734554 999.223877 
4462253722654 999.225830 
4462353710887 999.228516 
4462453699120 999.225586 
4462553687320 999.233643 
4462653675520 999.235352 
4462753663753 999.232422 
4462853651986 999.236816 
4462953640186 999.233643 
4463053628386 999.231689 
4463153616486 999.229492 
4463253604352 999.228271 
4463353592218 999.228760 
4463453580384 999.230713 
4463553568617 999.233154 
4463653556817 999.240723 
4463753545017 999.239502 
4463853533250 999.234619 
4463953521483 999.231445 
4464053509683 999.236816 
4464153497883 999.233887 
4464253485983 999.232666 
4464353473883 999.239258 
4464453461783 999.235107 
4464553450016 999.236084 
4464653438249 999.230469 
4464753426449 999.233643 
4464853414649 999.230713 
4464953402882 999.221191 
4465053391115 999.237061 
4465153379315 999.236084 
4465253367515 999.245361 
4465353355615 999.246826 
4465453343715 999.250000 
4465553331815 999.252930 
4465653320048 999.253662 
4465753308248 999.248779 
4465853296448 999.244141 
4465953284648 999.237305 
4466053272881 999.237061 
4466153261081 999.235596 
4466253249281 999.241211 
4466353237481 999.241455 
4466453225414 999.227051 
4466553213280 999.228271 
4466653201380 999.223877 
4466753189580 999.222900 
4466853177746 999.228027 
4466953165912 999.241455 
4467053154078 999.245605 
4467153142278 999.243652 
4467253130444 999.241943 
4467353118610 999.238770 
4467453106776 999.246582 
4467553094642 999.247070 
4467653082508 999.240479 
4467753070508 999.236572 
4467853058508 999.242188 
4467953046474 999.242920 
4468053034440 999.239502 
4468153022440 999.239990 
4468253010440 999.230713 
4468352998406 999.233154 
4468452986372 999.238281 
4468552974372 999.232666 
4468652962238 999.229004 
4468752950138 999.225830 
4468852938371 999.231934 
4468952926604 999.234863 
4469052914804 999.231689 
4469152903004 999.226318 
4469252891237 999.230957 
4469352879470 999.238770 
4469452867670 999.237549 
4469552855870 999.235352 
4469652843870 999.232422 
4469752831770 999.238281 
4469852819803 999.240967 
4469952808036 999.240967 
4470052796269 999.235352 
4470152784469 999.239502 
4470252772669 999.238037 
4470352760902 999.235840 
4470452749135 999.236084 
4470552737335 999.229980 
4470652725535 999.224121 
4470752713635 999.227295 
4470852701735 999.225586 
4470952689901 999.229248 
4471052678134 999.223877 
4471152666334 999.222412 
4471252654534 999.218506 
4471352642767 999.225342 
4471452631000 999.222900 
4471552619200 999.224854 
4471652607400 999.228027 
4471752595600 999.233154 
4471852583466 999.234375 
4471952571332 999.225342 
4472052559465 999.233154 
4472152547665 999.231445 
4472252535831 999.235352 
4472352523997 999.233887 
4472452512163 999.241699 
4472552500363 999.236084 
4472652488529 999.231934 
4472752476695 999.237061 
4472852464761 999.239014 
4472952452627 999.237549 
4473052440493 999.227295 
4473152428493 999.227539 
4473252416493 999.231445 
4473352404459 999.232666 
4473452392425 999.222412 
4473552380425 999.223389 
4473652368425 999.225586 
4473752356391 999.224121 
4473852344357 999.227539 
4473952332290 999.216309 
4474052320156 999.215332 
4474152308222 999.220215 
4474252296422 999.219482 
4474352284588 999.233154 
4474452272754 999.229736 
4474552260920 999.226318 
4474652249120 999.229980 
4474752237286 999.222168 
4474852225452 999.224365 
4474952213618 999.229004 
4475052201551 999.227295 
4475152189417 999.231934 
4475252177417 999.223145 
4475352165417 999.231689 
4475452153417 999.240967 
4475552141383 999.245361 
4475652129383 999.238525 
4475752117383 999.237305 
4475852105349 999.239258 
4475952093315 999.240479 
4476052081281 999.235596 
4476152069147 999.238281 
4476252057013 999.235352 
4476352045246 999.237305 
4476452033479 999.233887 
4476552021679 999.238770 
4476652009879 999.236328 
4476751998112 999.225830 
4476851986345 999.226563 
4476951974545 999.222656 
4477051962745 999.224121 
4477151950778 999.226807 
4477251938678 999.225586 
4477351926611 999.224121 
4477451914844 999.224121 
4477551903077 999.224854 
4477651891277 999.223145 
4477751879477 999.223145 
4477851867710 999.225342 
4477951855943 999.224609 
4478051844143 999.217773 
4478151832343 999.217285 
4478251820443 999.226074 
4478351808543 999.229736 
4478451796676 999.231445 
4478551784909 999.233154 
4478651773109 999.229980 
4478751761309 999.221680 
4478851749509 999.223877 
4478951737742 999.219238 
4479051725975 999.218018 
4479151714175 999.218262 
4479251702375 999.220215 
4479351690241 999.226074 
4479451678107 999.230469 
4479551666207 999.229248 
4479651654407 999.221680 
4479751642573 999.218262 
4479851630739 999.221191 
4479951618905 999.230713 
4480051607105 999.239746 
4480151595271 999.235107 
4480251583437 999.233887 
4480351571570 999.224121 
4480451559436 999.218018 
4480551547302 999.214355 
4480651535302 999.220703 
4480751523302 999.221191 
4480851511268 999.220459 
4480951499234 999.220947 
4481051487234 999.217529 
4481151475234 999.212646 
4481251463200 999.218262 
4481351451166 999.216797 
4481451439132 999.213623 
4481551426998 999.215576 
4481651414998 999.227539 
4481751403231 999.223633 
4481851391464 999.221436 
4481951379664 999.224609 
4482051367864 999.224121 
4482151356097 999.226074 
4482251344330 999.219482 
4482351332596 999.221436 
4482451320796 999.223145 
4482551308796 999.212158 
4482651296696 999.213135 
4482751284729 999.214355 
4482851273029 999.218018 
4482951261262 999.221924 
4483051249462 999.230957 
4483151237662 999.233154 
4483251225895 999.222900 
4483351214195 999.221191 
4483451202395 999.218018 
4483551190595 999.214355 
4483651178695 999.215088 
4483751166795 999.213623 
4483851155028 999.217529 
4483951143261 999.221680 
4484051131461 999.229736 
4484151119661 999.228760 
4484251107894 999.235107 
4484351096194 999.236328 
4484451084394 999.234863 
4484551072594 999.230957 
4484651060694 999.230225 
4484751048560 999.222656 
4484851036493 999.217041 
4484951024659 999.213867 
4485051012892 999.211914 
4485151001092 999.218994 
4485250989292 999.222168 
4485350977525 999.221191 
4485450965758 999.221191 
4485550953958 999.228516 
4485650942158 999.219238 
4485750930258 999.217529 
4485850918158 999.219727 
4485950906058 999.221191 
4486050894291 999.217529 
4486150882524 999.222656 
4486250870724 999.218994 
4486350858924 999.217285 
4486450847157 999.216309 
4486550835390 999.215088 
4486650823590 999.210693 
4486750811790 999.212646 
4486850799956 999.214844 
4486950788056 999.218994 
4487050776156 999.215820 
4487150764389 999.214355 
4487250752589 999.210938 
4487350740789 999.215332 
4487450728989 999.216553 
4487550717222 999.214355 
4487650705422 999.225830 
4487750693622 999.227051 
4487850681822 999.217773 
4487950669755 999.219971 
4488050657621 999.216064 
4488150645721 999.217529 
4488250633921 999.224609 
4488350622087 999.223877 
4488450610253 999.226807 
4488550598419 999.231689 
4488650586619 999.226318 
4488750574785 999.226318 
4488850562951 999.222900 
4488950551117 999.219971 
4489050538983 999.228760 
4489150526849 999.222656 
4489250514849 999.231445 
4489350502849 999.227295 
4489450490815 999.225586 
4489550478781 999.228271 
4489650466781 999.227295 
4489750454781 999.226563 
4489850442747 999.227783 
4489950430713 999.227783 
4490050418713 999.228760 
4490150406579 999.238770 
4490250394479 999.238281 
4490350382712 999.230469 
4490450370945 999.229980 
4490550359145 999.232910 
4490650347345 999.229004 
4490750335578 999.233643 
4490850323811 999.238281 
4490950312011 999.237793 
4491050300211 999.242676 
4491150288211 999.244385 
4491250276111 999.248535 
4491350264044 999.235352 
4491450252277 999.234619 
4491550240510 999.219727 
4491650228710 999.219971 
4491750216910 999.228516 
4491850205143 999.230957 
4491950193376 999.238525 
4492050181576 999.228516 
4492150169776 999.230713 
4492250157876 999.234619 
4492350145976 999.239014 
4492450134142 999.235107 
4492550122375 999.233643 
4492650110575 999.232910 
4492750098775 999.235107 
4492850087008 999.231445 
4492950075241 999.229492 
4493050063441 999.227051 
4493150051641 999.240479 
4493250039841 999.239258 
4493350027707 999.226563 
4493450015573 999.214111 
4493550003706 999.225586 
4493649991906 999.227051 
4493749980072 999.223145 
4493849968238 999.220215 
4493949956404 999.231201 
4494049944604 999.233643 
4494149932770 999.225342 
4494249920936 999.219727 
4494349909069 999.227539 
4494449896935 999.228760 
4494549884801 999.233887 
4494649872801 999.234619 
4494749860801 999.229492 
4494849848767 999.238770 
4494949836733 999.242188 
4495049824733 999.237549 
4495149812733 999.244141 
4495249800699 999.244629 
4495349788665 999.239258 
4495449776598 999.244385 
4495549764464 999.242676 
4495649752530 999.234619 
4495749740763 999.232178 
4495849728963 999.238037 
4495949717163 999.237793 
4496049705363 999.240723 
4496149693596 999.242676 
4496249681796 999.238770 
4496349669996 999.231934 
4496449658229 999.243164 
4496549646195 999.235352 
4496649634095 999.225830 
4496749622195 999.232422 
4496849610428 999.229492 
4496949598661 999.242920 
4497049586861 999.234619 
4497148918830 999.235107 
4497248907063 999.240234 
4497348895296 999.242432 
4497448883496 999.244385 
4497548871696 999.242432 
4497648859796 999.237793 
4497748847896 999.237793 
4497848836129 999.239502 
4497948824362 999.239502 
4498048812562 999.242676 
4498148800762 999.239990 
4498248788995 999.236572 
4498348777228 999.232422 
4498448765428 999.238037 
4498548753628 999.236328 
4498648741661 999.234375 
4498748729527 999.231201 
4498848717393 999.226318 
4498948705593 999.229004 
4499048693793 999.231445 
4499148681959 999.229248 
4499248670125 999.232910 
4499348658325 999.234619 
4499448646491 999.236572 
4499548634657 999.233643 
4499648622823 999.246826 
4499748610823 999.247314 
4499848598689 999.247559 
4499948586589 999.251953 
4500048574589 999.256836 
4500148562589 999.253906 
4500248550555 999.254883 
4500348538521 999.260254 
4500448526521 999.251953 
4500548514521 999.240967 
4500648502487 999.242432 
4500748490453 999.234619 
4500848478319 999.239502 
4500948466185 999.244629 
4501048454285 999.245850 
4501148442518 999.240723 
4501248430718 999.242920 
4501348418918 999.236328 
4501448407151 999.242676 
4501548395384 999.239746 
4501648383584 999.238525 
4501748371784 999.243164 
4501848360017 999.238770 
4501948347917 999.235352 
4502048335817 999.240967 
4502148323983 999.237061 
4502248312216 999.229736 
4502348300416 999.234375 
4502448288616 999.239502 
4502548276816 999.245850 
4502648265049 999.252197 
4502748253249 999.250488 
4502848241449 999.245361 
4502948229615 999.252930 
4503048217715 999.249023 
4503148205815 999.245605 
4503248194048 999.243408 
4503348182281 999.239990 
4503448170481 999.238525 
4503548158681 999.238037 
4503648146914 999.238037 
4503748135147 999.242676 
4503848123347 999.238525 
4503948111547 999.244385 
4504048099547 999.230713 
4504148087413 999.228516 
4504248075413 999.231689 
4504348063613 999.238281 
4504448051779 999.235596 
4504548039945 999.228027 
4504648028111 999.231689 
4504748016311 999.233398 
4504848004477 999.230225 
4504947992643 999.237061 
4505047980809 999.237549 
4505147968742 999.237793 
4505247956608 999.240723 
4505347944541 999.235107 
4505447932541 999.235352 
4505547920541 999.226563 
4505647908507 999.224365 
4505747896507 999.233154 
4505847884507 999.245605 
4505947872507 999.247070 
4506047860473 999.241211 
4506147848473 999.245117 
4506247836339 999.253174 
4506347824205 999.249512 
4506447812371 999.257080 
4506547800604 999.257568 
4506647788804 999.266602 
4506747777004 999.271240 
4506847765237 999.273682 
4506947753470 999.268066 
4507047741670 999.260986 
4507147729870 999.259277 
4507247717970 999.259033 
4507347705870 999.255127 
4507447693770 999.248535 
4507547682003 999.240234 
4507647670236 999.240479 
4507747658436 999.232910 
4507847646636 999.235352 
4507947634869 999.237061 
4508047623102 999.236816 
4508147611302 999.242188 
4508247599502 999.240479 
4508347587668 999.235596 
4508447575768 999.229736 
4508547563868 999.231445 
4508647552168 999.236328 
4508747540368 999.235107 
4508847528568 999.234375 
4508947516768 999.238525 
4509047505001 999.243164 
4509147493267 999.249268 
4509247481467 999.252197 
4509347469667 999.248291 
4509447457600 999.249756 
4509547445466 999.251221 
4509647433599 999.253174 
4509747421799 999.256836 
4509847409965 999.256592 
4509947398131 999.257813 
4510047386297 999.250732 
4510147374563 999.247070 
4510247362729 999.245361 
4510347350895 999.246582 
4510447339061 999.255859 
4510547326927 999.253906 
4510647314860 999.255615 
4510747302860 999.246826 
4510847290860 999.254150 
4510947278826 999.250244 
4511047266792 999.257080 
4511147254858 999.247314 
4511247242858 999.247803 
4511347230824 999.250732 
4511447218790 999.254150 
4511547206790 999.265625 
4511647194656 999.263672 
4511747182556 999.261963 
4511847170789 999.264648 
4511947159022 999.265625 
4512047147222 999.259033 
4512147135422 999.259766 
4512247123655 999.256104 
4512347111888 999.256592 
4512447100088 999.247559 
4512547088288 999.237793 
4512647076321 999.232666 
4512747064221 999.239502 
4512847052154 999.245361 
4512947040387 999.246094 
4513047028620 999.243896 
4513147016820 999.247314 
4513247005020 999.245117 
4513346993253 999.252441 
4513446981486 999.256592 
4513546969686 999.257324 
4513646957886 999.264160 
4513746945986 999.267822 
4513846934086 999.261230 
4513946922252 999.260010 
4514046910485 999.259033 
4514146898685 999.249756 
4514246886885 999.243408 
4514346875118 999.251221 
4514446863351 999.250732 
4514546851551 999.248535 
4514646839751 999.247314 
4514746827951 999.247559 
4514846815817 999.244629 
4514946803683 999.249756 
4515046791816 999.246826 
4515146780016 999.258057 
4515246768182 999.257568 
4515346756348 999.258545 
4515446744514 999.256348 
4515546732714 999.264893 
4515646720880 999.259521 
4515746709046 999.259521 
4515846697179 999.262695 
4515946685045 999.263184 
4516046672911 999.257324 
4516146660911 999.256836 
4516246648911 999.255127 
4516346636877 999.265869 
4516446624843 999.254395 
4516546612843 999.249756 
4516646600843 999.249268 
4516746588809 999.250244 
4516846576775 999.249023 
4516946564708 999.242920 
4517046552574 999.237793 
4517146540574 999.242432 
4517246528807 999.250732 
4517346517007 999.251953 
4517446505207 999.253906 
4517546493407 999.253906 
4517646481640 999.260986 
4517746469840 999.248779 
4517846458040 999.245850 
4517946446240 999.241943 
4518046434206 999.239502 
4518146422106 999.240967 
4518246410206 999.239746 
4518346398439 999.240234 
4518446386672 999.243652 
4518546374872 999.240967 
4518646363072 999.239990 
4518746351305 999.247314 
4518846339538 999.257813 
4518946327738 999.256348 
4519046315938 999.250244 
4519146304038 999.252930 
4519246292138 999.251953 
4519346280371 999.251221 
4519446268604 999.246094 
4519546256804 999.249268 
4519646245004 999.258789 
4519746233237 999.247314 
4519846221470 999.250488 
4519946209670 999.234619 
4520046197870 999.234375 
4520146185970 999.237061 
4520246173836 999.241943 
4520346161702 999.243408 
4520446149902 999.248779 
4520546138102 999.250488 
4520646126268 999.256348 
4520746114434 999.266602 
4520846102634 999.260742 
4520946090834 999.250000 
4521046079000 999.244629 
4521146067166 999.236328 
4521246055166 999.234375 
4521346043032 999.234863 
4521446030932 999.231201 
4521546018932 999.225830 
4521646006932 999.225586 
4521745994898 999.226318 
4521845982864 999.222900 
4521945970864 999.222656 
4522045958864 999.208984 
4522145946830 999.212402 
4522245934796 999.202881 
4522345922662 999.197510 
