# Created at Fri Jan 31 08:38:48 GMT+01:00 2025 in Burnaby Canada 
71498885746359 994.039063 
71498925746412 994.036621 
71498965736359 994.024170 
71499005746203 994.039551 
71499045745995 994.042236 
71499085746255 994.031494 
71499125726672 994.035645 
71499165746620 994.028076 
71499205746464 994.022949 
71499245745839 994.027588 
71499285746203 994.028564 
71499325746516 994.030518 
71499365746568 994.025635 
71499405736984 994.032471 
71499445741047 994.025146 
71499485746620 994.019043 
71499525746307 994.006348 
71499565737141 994.013672 
71499605746359 994.021729 
71499645745891 994.018311 
71499685746359 994.031982 
71499725736359 994.044678 
71499765745995 994.061523 
71499805745526 994.059326 
71499845745266 994.069580 
71499885746099 994.048340 
71499925745787 994.020996 
71499965745578 994.002930 
71500005745630 993.990479 
71500045741412 993.996094 
71500085744172 994.001221 
71500125745578 994.018066 
71500165736568 994.019775 
71500205745526 994.018555 
71500245745214 994.011475 
71500285745370 994.011475 
71500325737870 994.014160 
71500365741516 994.021973 
71500405742453 994.033203 
71500445745995 994.044189 
71500485741984 994.054688 
71500525741464 994.065430 
71500565740891 994.078857 
71500605745630 994.086426 
71500645746255 994.086914 
71500685746620 994.074463 
71500725740787 994.068115 
71500765746151 994.101807 
71500805740995 994.130615 
71500845740422 994.173340 
71500885745995 994.304443 
71500925746099 994.326660 
71500965746099 994.483398 
71501005736828 994.328125 
71501045746620 994.415771 
71501085741672 994.426758 
71501125746151 994.315674 
71501165724537 994.208252 
71501205745995 994.116699 
71501245746464 993.945313 
71501285746047 993.993164 
71501325738391 994.245850 
71501365740971 994.393066 
71501405746128 994.520020 
71501445736857 994.569580 
71501485745763 994.560303 
71501525746128 994.505127 
71501565746909 994.489258 
71501605737169 994.472656 
71501645741336 994.401611 
71501685745919 994.390625 
71501725745867 994.399414 
71501765725138 994.483154 
71501805745346 994.484131 
71501845746909 994.447021 
71501885746128 994.410156 
71501925745503 994.371826 
71501965746128 994.320801 
71502005746648 994.289063 
71502045745711 994.261230 
71502085745971 994.242432 
71502125745971 994.234131 
71502165746857 994.219971 
71502205737482 994.221191 
71502245743992 994.213135 
71502285741805 994.203613 
71502325746388 994.199463 
71502365737482 994.189209 
71502405745971 994.183350 
71502445746336 994.166504 
71502485746388 994.152344 
71502525790346 994.145264 
71502565745919 994.136963 
71502605746961 994.128662 
71502645745659 994.120361 
71502685745555 994.108887 
71502725746857 994.108154 
71502765746075 994.111572 
71502805737169 994.107910 
71502845740398 994.104004 
71502885746648 994.104004 
71502925746909 994.101318 
71502965737169 994.100098 
71503005745711 994.095215 
71503045746128 994.093018 
71503085746700 994.105225 
71503125727065 994.106445 
71503165746648 994.101563 
71503205748680 994.100586 
71503245746440 994.093506 
71503285746336 994.079590 
71503325746857 994.074463 
71503365745815 994.070801 
71503405749721 994.068359 
71503445741492 994.063477 
71503485741857 994.059082 
71503525747013 994.060059 
71503565737221 994.056152 
71503605745867 994.054932 
71503645747013 994.053955 
71503685746336 994.058350 
71503725737117 994.058838 
71503765746336 994.058594 
71503805768784 994.062988 
71503845747065 994.061768 
71503885746388 994.064453 
71503925746336 994.060059 
71503965746753 994.064209 
71504005746388 994.066895 
71504045741596 994.069824 
71504085802013 994.080811 
71504125746700 994.085449 
71504165737169 994.088623 
71504205747794 994.083496 
71504245746075 994.083008 
71504285746596 994.085449 
71504325737430 994.085938 
71504365795763 994.098389 
71504405746700 994.113770 
71504445746336 994.116211 
71504485726180 994.115967 
71504525746753 994.114014 
71504565746648 994.121582 
71504605746753 994.124023 
71504645739305 994.123291 
71504685747534 994.127930 
71504725747690 994.143799 
71504765739253 994.173096 
71504805746388 994.206055 
71504845746596 994.226563 
71504885746440 994.235352 
71504925737430 994.243164 
71504965742430 994.231445 
71505005749096 994.218018 
71505045746596 994.204590 
71505085737690 994.177490 
71505125746336 994.147949 
71505165746492 994.122559 
71505205746648 994.106689 
71505245740555 994.092285 
71505285744253 994.088867 
71505325746648 994.093262 
71505365746805 994.085205 
71505405748159 994.081055 
71505445746440 994.081299 
71505485747013 994.074219 
71505525738003 994.068359 
71505565740086 994.056152 
71505605745971 994.055176 
71505645746128 994.040527 
71505685737430 994.017578 
71505725747690 993.999023 
71505765745971 993.985840 
71505805746440 993.958740 
71505845726075 993.948730 
71505885741388 993.958252 
71505925746232 994.021729 
71505965746180 994.118408 
71506005747794 994.193359 
71506045746180 994.240967 
71506085746857 994.256592 
71506125737169 994.247803 
71506165895815 994.218506 
71506205745867 994.172119 
71506245745659 994.140869 
71506285737482 994.141113 
71506325746857 994.161133 
71506365746700 994.209229 
71506405746596 994.285156 
71506445737690 994.380615 
71506485746596 994.363281 
71506525725607 994.307861 
71506565745607 994.219727 
71506605745763 994.140869 
71506645746128 994.082764 
71506685746648 994.016113 
71506725746544 993.970703 
71506765740971 993.964844 
71506805739617 993.980225 
71506845746284 994.020996 
71506885736700 994.068359 
71506925746753 994.095947 
71506965746388 994.092285 
71507005746857 994.071777 
71507045737586 994.063232 
71507085725607 994.038086 
71507125746128 993.975586 
71507165745607 993.937012 
71507205724617 993.935791 
71507245747117 993.957764 
71507285747482 993.989258 
71507325746492 994.007813 
71507365743992 994.001465 
71507405747013 994.002441 
71507445746492 994.021973 
71507485737430 994.036377 
71507525746753 994.117676 
71507565746648 994.158203 
71507605746648 994.250244 
71507645737169 994.384277 
71507685744253 994.445068 
71507725740971 994.394287 
71507765746388 994.276855 
71507805742117 994.223145 
71507845746492 994.179688 
71507885746388 994.138184 
71507925748992 994.123047 
71507965741700 994.126709 
71508005739409 994.151123 
71508045746961 994.171875 
71508085747013 994.187500 
71508125746388 994.193848 
71508165746596 994.147217 
71508205746648 994.140625 
71508245737169 994.075684 
71508285744253 993.983398 
71508325746388 993.958252 
71508365745971 993.959229 
71508405737430 993.964600 
71508445746857 993.951172 
71508485746700 993.936523 
71508525746753 993.957764 
71508565737482 994.010498 
71508605758055 994.046875 
71508645757169 994.130371 
71508685745919 994.180908 
71508725747013 994.302979 
71508765746753 994.468018 
71508805746336 994.354736 
71508845736909 994.247314 
71508885763055 994.146240 
71508925746180 994.061523 
71508965746336 994.024414 
71509005737169 994.020508 
71509045746440 994.029297 
71509085746544 994.070068 
71509125746596 994.105957 
71509165729200 994.121338 
71509205740815 994.111572 
71509245851180 994.075439 
71509285746753 994.060547 
71509325746023 993.999023 
71509365745867 993.950684 
71509405746232 993.945313 
71509445748523 993.951416 
71509485741440 993.951660 
71509525737325 993.944580 
71509565746128 993.938965 
71509605736909 993.948730 
71509645746596 993.974121 
71509685748211 994.006348 
71509725745919 994.037598 
71509765737430 994.105713 
71509805739461 994.166504 
71509845747065 994.273926 
71509885745867 994.361572 
71509925724617 994.412354 
71509965745763 994.343750 
71510005746753 994.267578 
71510045746336 994.197754 
71510085740659 994.118408 
71510125743992 994.047119 
71510165746128 994.018799 
71510205737169 994.038574 
71510245747742 994.086914 
71510285746857 994.123779 
71510325746232 994.135010 
71510365737482 994.129639 
71510405725503 994.111328 
71510445741388 994.112061 
71510485739878 994.039063 
71510525724773 993.966064 
71510565746232 993.988037 
71510605746128 994.016357 
71510645746336 994.032715 
71510685743159 994.007568 
71510725746857 993.966553 
71510765746492 993.947510 
71510805746805 993.958740 
71510845746336 994.000488 
71510885746753 994.116211 
71510925746909 994.186035 
71510965737690 994.320801 
71511005743940 994.437744 
71511045746596 994.456055 
71511085746700 994.404297 
71511125737482 994.279053 
71511165746492 994.200195 
71511205746648 994.148193 
71511245746805 994.097656 
71511285822482 994.072754 
71511325743367 994.080811 
71511365746753 994.105469 
71511405746388 994.145996 
71511445746544 994.178955 
71511485746961 994.186768 
71511525745555 994.161133 
71511565737690 994.144531 
71511605739982 994.098389 
71511645748940 994.009033 
71511685745971 993.978516 
71511725736961 993.984131 
71511765746648 994.005371 
71511805746961 993.984375 
71511845746596 993.945557 
71511885726388 993.912598 
71511925745919 993.950195 
71511965746648 994.047852 
71512005747065 994.152344 
71512045748263 994.234375 
71512085747013 994.388428 
71512125746805 994.510498 
71512165743471 994.470703 
71512205848940 994.342773 
71512245754357 994.232422 
71512285746648 994.161621 
71512325737169 994.104004 
71512365745607 994.057373 
71512405746805 994.049805 
71512445746492 994.067139 
71512485738003 994.095703 
71512525741023 994.116211 
71512565746909 994.123535 
71512605746805 994.116699 
71512645746909 994.095459 
71512685746440 994.086914 
71512725746388 994.018066 
71512765746440 993.968994 
71512805742169 993.981445 
71512845896961 994.018799 
71512885746648 994.038086 
71512925737690 994.014893 
71512965746388 993.985107 
71513005746284 993.976074 
71513045746440 993.980713 
71513085737742 994.015137 
71513125746492 994.126709 
71513165741180 994.172363 
71513205745919 994.289795 
71513245726648 994.448975 
71513285746805 994.434570 
71513325746440 994.334229 
71513365746857 994.242676 
71513405741180 994.175293 
71513445747221 994.109131 
71513485746961 994.051025 
71513525737690 994.044922 
71513565746753 994.063721 
71513605746961 994.105713 
71513645746961 994.137939 
71513685738003 994.156006 
71513725744721 994.153809 
71513765741492 994.116699 
71513805746336 994.090820 
71513845737950 994.024902 
71513885748784 993.945068 
71513925748471 993.941895 
71513965747273 993.958740 
71514005745711 993.985840 
71514045741180 993.995850 
71514085745971 994.001953 
71514125748992 994.015869 
71514165746700 994.042969 
71514205746700 994.073730 
71514245746388 994.083740 
71514285737430 994.126953 
71514325746857 994.149414 
71514365747742 994.225586 
71514405746700 994.318604 
71514445736909 994.391357 
71514485746544 994.352783 
71514525746492 994.281738 
71514565746753 994.250488 
71514605725971 994.232178 
71514645740242 994.203857 
71514685744669 994.215088 
71514725745919 994.246094 
71514765746700 994.255859 
71514805746492 994.248779 
71514845746805 994.236816 
71514885737430 994.184326 
71514925803628 994.130859 
71514965793575 994.099365 
71515005746700 994.015625 
71515045737690 993.914551 
71515085746648 993.880371 
71515125747169 993.896240 
71515165746805 993.899658 
71515205742117 993.915771 
71515245742898 993.944336 
71515285746648 993.986572 
71515325739878 994.017334 
71515365746909 994.071777 
71515405746388 994.121582 
71515445746805 994.226807 
71515485747534 994.348145 
71515525741544 994.407715 
71515565746596 994.331299 
71515605747221 994.202148 
71515645737430 994.138672 
71515685747013 994.086426 
71515725746596 994.042725 
71515765746961 994.042725 
71515805737950 994.080566 
71515845740659 994.141357 
71515885747273 994.193604 
71515925746961 994.229004 
71515965724825 994.230713 
71516005745607 994.199219 
71516045746388 994.168213 
71516085746961 994.111572 
71516125739357 994.037598 
71516165743575 993.974365 
71516205746700 993.944824 
71516245736909 993.937500 
71516285746232 993.952393 
71516325746909 993.968994 
71516365746180 993.976563 
71516405737690 993.974609 
71516445897794 993.989990 
71516485746336 994.013672 
71516525746857 994.014404 
71516565725919 994.043457 
71516605745971 994.065186 
71516645746700 994.128662 
71516685746961 994.234131 
71516725740450 994.343018 
71516765740398 994.353516 
71516805746753 994.310059 
71516845746700 994.251709 
71516885746440 994.220215 
71516925747013 994.181152 
71516965746961 994.158691 
71517005737430 994.151855 
71517045741596 994.172607 
71517085746023 994.192139 
71517125746492 994.198242 
71517165737169 994.180664 
71517205746232 994.164551 
71517245746700 994.125977 
71517285747325 994.046631 
71517325742325 993.940186 
71517365746700 993.909912 
71517405746596 993.927246 
71517445748680 993.971191 
71517485748628 993.991943 
71517525749148 993.984863 
71517565747169 993.988281 
71517605737430 993.997559 
71517645741440 994.026367 
71517685741857 994.053711 
71517725746388 994.141846 
71517765736648 994.196533 
71517805746336 994.303955 
71517845746232 994.378418 
71517885746596 994.391602 
71517925724930 994.306152 
71517965741023 994.222900 
71518005745919 994.208984 
71518045808680 994.211670 
71518085746700 994.182861 
71518125746909 994.172119 
71518165746648 994.163330 
71518205750815 994.205078 
71518245742273 994.186768 
71518285746909 994.131592 
71518325746700 994.046631 
71518365737430 993.958252 
71518405746596 993.924805 
71518445746284 993.940430 
71518485746700 993.965820 
71518525737169 993.964111 
71518565746596 993.972412 
71518605747586 993.994629 
71518645747013 993.996094 
71518685746596 994.010986 
71518725746909 994.132324 
71518765746909 994.153809 
71518805744617 994.201416 
71518845742117 994.209961 
71518885744565 994.218750 
71518925746700 994.243652 
71518965737742 994.249756 
71519005746492 994.243896 
71519045749200 994.235840 
71519085746700 994.231201 
71519125738003 994.230225 
71519165725711 994.220215 
71519205840503 994.211670 
71519245746753 994.198486 
71519285726075 994.182617 
71519325746596 994.164795 
71519365747013 994.151123 
71519405746753 994.123535 
71519445741492 994.101563 
71519485738575 994.077637 
71519525747221 994.077881 
71519565737742 994.062256 
71519605746440 994.055176 
71519645746336 994.045654 
71519685746909 994.036133 
71519725737430 994.030762 
71519765749721 994.030273 
71519805741596 994.027588 
71519845742950 994.036621 
71519885738003 994.033691 
71519925747065 994.023682 
71519965746700 994.000732 
71520005746596 993.975098 
71520045764148 993.955078 
71520085744513 993.953125 
71520125746909 993.957275 
71520165747273 993.966064 
71520205746440 994.002930 
71520245747065 994.034424 
71520285746909 994.062256 
71520325737430 994.070068 
71520365739565 994.073975 
71520405746336 994.044678 
71520445740190 994.015869 
71520485737169 993.997803 
71520525746753 993.985107 
71520565746648 993.994385 
71520605747065 994.025391 
71520645727065 994.061279 
71520685746857 994.090576 
71520725741857 994.114502 
71520765747013 994.155762 
71520805746336 994.232422 
71520845747273 994.324951 
71520885746648 994.372070 
71520925738107 994.395020 
71520965823107 994.422119 
71521005746857 994.410156 
71521045746961 994.373535 
71521085738003 994.327148 
71521125746648 994.267822 
71521165747221 994.196533 
71521205746596 994.126465 
71521245738992 994.078857 
71521285746700 994.052002 
71521325743992 994.057617 
71521365746596 994.083740 
71521405746648 994.093750 
71521445746961 994.095947 
71521485746961 994.089600 
71521525747169 994.067627 
71521565742117 994.048828 
71521605746909 994.034668 
71521645746753 993.991699 
71521685737690 993.950684 
71521725746492 993.916016 
71521765747273 993.899414 
71521805746753 993.913330 
71521845738211 993.942383 
71521885742794 993.959961 
71521925746128 993.965088 
71521965745659 993.976074 
71522005724200 993.982666 
71522045746284 994.005371 
71522085748888 994.041504 
71522125746492 994.088867 
71522165740815 994.159180 
71522205746128 994.225098 
71522245745450 994.260498 
71522285736648 994.302734 
71522325745919 994.324951 
71522365746909 994.322266 
71522405746961 994.317383 
71522445737482 994.298828 
71522485739825 994.279053 
71522525817534 994.264648 
71522565745971 994.237793 
71522605728107 994.224121 
71522645746128 994.204102 
71522685746961 994.169678 
71522725747013 994.137939 
71522765740346 994.122314 
71522805746180 994.123291 
71522845751596 994.128662 
71522885745919 994.134277 
71522925745763 994.132324 
71522965746492 994.130859 
71523005746232 994.141357 
71523045737742 994.141846 
71523085740867 994.142334 
71523125741857 994.133789 
71523165745867 994.139648 
71523205737950 994.141357 
71523245746648 994.141602 
71523285746753 994.137939 
71523325746753 994.136230 
71523365765034 994.141357 
71523405725763 994.134277 
71523445745971 994.127197 
71523485747482 994.122559 
71523525746388 994.131348 
71523565746753 994.148438 
71523605748888 994.157227 
71523645737742 994.135010 
71523685739253 994.088867 
71523725746232 994.031982 
71523765745971 993.975586 
71523805736961 993.943359 
71523845746805 993.933105 
71523885746180 993.976563 
71523925746492 994.057373 
71523965725346 994.133301 
71524005741544 994.186523 
71524045745867 994.214355 
71524085746128 994.220703 
71524125747846 994.202148 
71524165746180 994.173584 
71524205746909 994.140869 
71524245746857 994.112305 
71524285742013 994.107910 
71524325725398 994.129883 
71524365745815 994.196289 
71524405737430 994.267090 
71524445747273 994.278076 
71524485747013 994.227051 
71524525746648 994.161133 
71524565737482 994.106689 
71524605746388 994.059082 
71524645746753 994.028320 
71524685746700 994.034180 
71524725746596 994.052246 
71524765746232 994.076416 
71524805747221 994.106934 
71524845746961 994.124268 
71524885742586 994.140625 
71524925747013 994.136963 
71524965746753 994.132568 
71525005737482 994.106934 
71525045746648 994.021729 
71525085746753 993.957764 
71525125746857 993.952148 
71525165737430 993.943359 
71525205767690 993.940674 
71525245745346 993.939453 
71525285745867 993.942871 
71525325726023 993.950684 
71525365746648 993.987549 
71525405746961 994.026367 
71525445746596 994.050049 
71525485741180 994.106689 
71525525746805 994.137939 
71525565746700 994.202881 
71525605738471 994.318359 
71525645746596 994.443115 
71525685747065 994.418457 
71525725747169 994.343994 
71525765737169 994.260742 
71525805744253 994.195313 
71525845746909 994.121826 
71525885746388 994.063232 
71525925737690 994.053223 
71525965746492 994.075195 
71526005746492 994.112305 
71526045747013 994.148682 
71526085748003 994.165283 
71526125743732 994.173096 
71526165746857 994.156250 
71526205746596 994.141113 
71526245746648 994.071777 
71526285746388 993.951660 
71526325746700 993.927734 
71526365738992 993.944824 
71526405740711 993.977295 
71526445740763 993.994141 
71526485746648 994.023438 
71526525737169 994.025635 
71526565747065 994.030029 
71526605746648 994.044678 
71526645746596 994.044922 
71526685726232 994.115479 
71526725746492 994.158447 
71526765910294 994.263184 
71526805746232 994.383301 
71526845746388 994.451416 
71526885746700 994.385742 
71526925746700 994.277100 
71526965737221 994.207031 
71527005802794 994.167236 
71527045746700 994.128906 
71527085746596 994.104004 
71527125737690 994.122559 
71527165747013 994.158691 
71527205747169 994.203857 
71527245746492 994.222900 
71527285736648 994.226318 
71527325746388 994.175049 
71527365725607 994.150391 
71527405745711 994.094971 
71527445746440 993.979004 
71527485746961 993.930908 
71527525748732 993.956299 
71527565746700 993.975098 
71527605741440 993.967529 
71527645739409 993.948730 
71527685746753 993.953369 
71527725737482 993.978027 
71527765746128 994.034424 
71527805747013 994.144043 
71527845746700 994.239502 
71527885737950 994.378906 
71527925742221 994.492432 
71527965725659 994.447266 
71528005746753 994.324951 
71528045723836 994.236084 
71528085746440 994.177490 
71528125746128 994.113037 
71528165746388 994.073486 
71528205740450 994.089844 
71528245746492 994.123047 
71528285746440 994.155029 
71528325737221 994.169678 
71528365745555 994.170898 
71528405746492 994.137207 
71528445746648 994.132813 
71528485737690 994.077881 
71528525867690 993.985107 
71528565743263 993.954346 
71528605746700 993.971191 
71528645736232 994.013428 
71528685746023 994.018311 
71528725746388 993.992188 
71528765746440 993.972656 
71528805740503 993.988281 
71528845744200 994.029785 
71528885746596 994.074463 
71528925746857 994.176758 
71528965746440 994.239990 
71529005746492 994.376953 
71529045747169 994.489502 
71529085737430 994.420654 
71529125744721 994.283691 
71529165745919 994.191162 
71529205744461 994.135010 
71529245737690 994.089844 
71529285746440 994.063232 
71529325746753 994.074707 
71529365746648 994.114258 
71529405772534 994.159912 
71529445746544 994.214844 
71529485746805 994.227783 
71529525747013 994.207764 
71529565746336 994.183594 
71529605746700 994.088379 
71529645746909 993.992188 
71529685736909 993.963867 
71529725762221 993.962646 
71529765746700 993.968994 
71529805745971 993.944824 
71529845736909 993.931152 
71529885745607 993.945557 
71529925747221 993.992432 
71529965746753 994.035400 
71530005725242 994.115967 
71530045744044 994.173340 
71530085746440 994.295898 
71530125746909 994.432861 
71530165746388 994.469482 
71530205746805 994.374756 
71530245746961 994.293945 
71530285748575 994.225098 
71530325743003 994.148438 
71530365750555 994.072021 
71530405746700 994.034424 
71530445736909 994.036865 
71530485746492 994.058594 
71530525746596 994.128174 
71530565746544 994.110107 
71530605737169 994.095215 
71530645739565 994.095703 
71530685746909 994.041016 
71530725746753 993.991943 
71530765746700 993.982178 
71530805746961 993.992920 
71530845746961 993.996582 
71530885746336 993.991455 
71530925741857 993.984619 
71530965748836 994.001709 
71531005746909 994.031250 
71531045737690 994.062256 
71531085746909 994.120117 
71531125746909 994.173584 
71531165746075 994.263672 
71531205737430 994.391113 
71531245742794 994.488281 
71531285746961 994.422607 
71531325747534 994.286865 
71531365729617 994.208252 
71531405746961 994.144775 
71531445746857 994.103027 
71531485746753 994.097412 
71531525743471 994.131104 
71531565740034 994.168701 
71531605746492 994.183838 
71531645738732 994.182861 
71531685746388 994.177734 
71531725746440 994.139648 
71531765745555 994.125000 
71531805737430 994.054688 
71531845744148 993.965820 
71531885746909 993.947510 
71531925746909 993.966309 
71531965737638 993.994873 
71532005746492 994.000977 
71532045746440 993.995117 
71532085746596 993.979736 
71532125740763 993.993652 
71532165737430 994.030518 
71532205746492 994.105225 
71532245746596 994.178955 
71532285746648 994.279785 
71532325746492 994.434570 
71532365746128 994.489014 
71532405736909 994.411377 
71532445740867 994.285889 
71532485879930 994.182373 
71532525746909 994.099365 
71532565737169 994.042236 
71532605746492 994.021240 
71532645746753 994.034668 
71532685747013 994.080566 
71532725725971 994.120117 
71532765742482 994.138428 
71532805740971 994.148438 
71532845746700 994.135010 
71532885746805 994.129395 
71532925746284 994.060303 
71532965746648 993.960449 
71533005737221 993.960693 
71533045869878 993.975830 
71533085742742 994.003174 
71533125746596 994.028076 
71533165737169 994.053223 
71533205745815 994.065186 
71533245746128 994.082031 
71533285745815 994.082031 
71533325737221 994.085205 
71533365725503 994.117188 
71533405745867 994.137451 
71533445747013 994.190186 
71533485745815 994.273193 
71533525746180 994.321045 
71533565745919 994.301758 
71533605745919 994.254395 
71533645740763 994.203613 
71533685746232 994.170898 
71533725746857 994.143799 
71533765736909 994.145264 
71533805745919 994.158691 
71533845745971 994.181152 
71533885746075 994.209717 
71533925737950 994.237061 
71533965745919 994.223877 
71534005725971 994.211182 
71534045746023 994.180176 
71534085723471 994.109863 
71534125745555 994.023193 
71534165746128 993.967285 
71534205745971 993.938477 
71534245742378 993.933350 
71534285740607 993.949219 
71534325746232 993.972656 
71534365736388 993.992920 
71534405746753 994.033691 
71534445747013 994.062256 
71534485746857 994.046875 
71534525737690 994.029053 
71534565745763 994.052979 
71534605746961 994.103271 
71534645746857 994.200439 
71534685738055 994.340332 
71534725745867 994.402344 
71534765745659 994.377930 
71534805748784 994.285889 
71534845739878 994.224609 
71534885743159 994.173584 
71534925746023 994.130371 
71534965746805 994.103027 
71535005745919 994.106934 
71535045745867 994.138428 
71535085746857 994.173096 
71535125737430 994.193848 
71535165741544 994.200684 
71535205724617 994.201660 
71535245745867 994.179688 
71535285737950 994.131104 
71535325746753 994.004395 
71535365745867 993.915039 
71535405746388 993.912598 
71535445772586 993.916016 
71535485740242 993.936035 
71535525742950 993.956299 
71535565746388 993.972168 
71535605745919 993.981201 
71535645746492 994.000244 
71535685745815 994.016602 
71535725736648 994.042480 
71535765738940 994.093262 
71535805786857 994.155273 
71535845746857 994.244629 
71535885736388 994.323975 
71535925748523 994.335205 
71535965746232 994.303223 
71536005747013 994.234619 
71536045725190 994.201904 
71536085745346 994.171387 
71536125748732 994.137207 
71536165745867 994.101807 
71536205746700 994.079590 
71536245746180 994.074219 
71536285746909 994.061523 
71536325747013 994.088623 
71536365741440 994.121338 
71536405747065 994.158447 
71536445746700 994.189209 
71536485737430 994.197510 
71536525746544 994.182617 
71536565746596 994.177246 
71536605746336 994.187012 
71536645736700 994.193604 
71536685746232 994.179199 
71536725739825 994.170166 
71536765725398 994.152832 
71536805746440 994.156250 
71536845746388 994.156006 
71536885746492 994.156006 
71536925747482 994.149414 
71536965742065 994.146484 
71537005744773 994.134277 
71537045747065 994.125000 
71537085737169 994.114502 
71537125746648 994.104004 
71537165745398 994.092041 
71537205747169 994.083740 
71537245737690 994.077148 
71537285740971 994.072998 
71537325746961 994.076172 
71537365746700 994.076416 
71537405727221 994.078857 
71537445746596 994.081787 
71537485747273 994.093750 
71537525746961 994.099854 
71537565740346 994.106445 
71537605746753 994.103760 
71537645746805 994.104736 
71537685738471 994.101807 
71537725746909 994.098633 
71537765746648 994.094727 
71537805746961 994.104980 
71537845737430 994.104492 
71537885740971 994.097656 
71537925906440 994.100830 
71537965746596 994.111328 
71538005737690 994.124268 
71538045746128 994.135010 
71538085747586 994.138428 
71538125746961 994.134277 
71538165741805 994.130859 
71538205743055 994.130371 
71538245746961 994.125977 
71538285746544 994.119629 
71538325746753 994.108887 
71538365747013 994.100342 
71538405746492 994.101074 
71538445737742 994.095947 
71538485742117 994.105713 
71538525738315 994.093262 
71538565746388 994.100586 
71538605736909 994.106934 
71538645748159 994.106201 
71538685746440 994.110840 
71538725746961 994.110840 
71538765727794 994.107910 
71538805725815 994.104736 
71538845747065 994.101563 
71538885746961 994.097168 
71538925745711 994.081787 
71538965746440 994.062256 
71539005746753 994.042236 
71539045737586 994.044434 
71539085769461 994.053955 
71539125746492 994.049805 
71539165745346 994.025146 
71539205737169 993.999023 
71539245746023 993.995605 
71539285746753 994.018799 
71539325745971 994.037842 
71539365737482 994.071045 
71539405746596 994.102539 
71539445746440 994.127686 
71539485746596 994.166748 
71539525746857 994.205322 
71539565746700 994.313965 
71539605746805 994.271729 
71539645746180 994.219482 
71539685741596 994.194092 
71539725724617 994.159668 
71539765746648 994.160156 
71539805737430 994.158691 
71539845746805 994.135254 
71539885747325 994.126465 
71539925746961 994.125000 
71539965738003 994.095215 
71540005740294 994.050537 
71540045746180 993.991211 
71540085746023 993.901367 
71540125723315 993.795898 
71540165746388 993.718994 
71540205745503 993.766602 
71540245746805 994.019531 
71540285738992 994.426758 
71540325746284 994.903076 
71540365746961 995.229736 
71540405737950 995.237061 
71540445746700 995.021484 
71540485746180 994.778809 
71540525746596 994.473877 
71540565737430 994.129395 
71540605894253 993.949219 
71540645741232 993.754395 
71540685747169 993.571045 
71540725732117 993.427979 
71540765746336 993.223877 
71540805746700 993.186279 
71540845746909 993.197998 
71540885741544 993.246094 
71540925744200 993.299316 
71540965746805 993.372559 
71541005746232 993.436523 
71541045746336 993.448730 
71541085746909 993.484131 
71541125748575 993.535156 
71541165737430 993.586670 
71541205739357 993.642578 
71541245742013 993.695068 
71541285746857 993.751465 
71541325737482 993.788818 
71541365746700 993.823730 
71541405738523 993.857422 
71541445746492 993.894531 
71541485747221 993.917969 
71541525746544 993.927979 
71541565741336 993.947998 
71541605740607 993.967529 
71541645743315 993.976807 
71541685746075 993.975830 
71541725740346 993.995361 
71541765746023 994.001221 
71541805739825 994.004639 
71541845736961 994.009521 
71541885740242 994.016113 
71541925745763 994.022949 
71541965739617 994.023438 
71542005736648 994.023682 
71542045740086 994.048828 
71542085745867 994.073486 
71542125739773 994.070557 
71542165821023 994.059814 
71542205739878 994.059082 
71542245745711 994.054932 
71542285739357 994.050049 
71542325747690 994.047119 
71542365739721 994.044678 
71542405745919 994.033691 
71542445737846 994.032471 
71542485741857 994.033691 
71542525740242 994.029053 
71542565745450 994.023926 
71542605738003 994.023193 
71542645745919 994.020264 
71542685739930 994.023193 
71542725745919 994.025391 
71542765741023 994.025391 
71542805745711 994.052490 
71542845739982 994.069092 
71542885745659 994.071289 
71542925740815 994.069824 
71542965746232 994.083496 
71543005739825 994.078857 
71543045744513 994.074463 
71543085740294 994.062500 
71543125745503 994.042236 
71543165739461 994.038574 
71543205736961 994.029297 
71543245740450 994.025391 
71543285745867 994.027344 
71543325739773 994.028564 
71543365736648 994.034180 
71543405739982 994.035400 
71543445769513 994.031738 
71543485739930 994.037354 
71543525725190 994.041504 
71543565739669 994.043213 
71543605746284 994.045898 
71543645739565 994.043213 
71543685742169 994.044189 
71543725740190 994.044678 
71543765745763 994.036865 
71543805738263 994.031982 
71543845746284 994.034424 
71543885739773 994.043457 
71543925746492 994.039063 
71543965738003 994.044434 
71544005739357 994.048096 
71544045741388 994.043457 
71544085745711 994.041260 
71544125740763 994.042236 
71544165745867 994.045654 
71544205739773 994.041260 
71544245747898 994.037109 
71544285740242 994.041016 
71544325745711 994.045166 
71544365740346 994.047607 
71544405736700 994.041016 
71544445740919 994.041748 
71544485745919 994.043213 
71544525740659 994.057861 
71544565736961 994.063232 
