# Created at Fri Mar 14 11:16:07 GMT+01:00 2025 in Burnaby Canada 
154798716441304 986.271729 
154798816429304 986.277100 
154798916417270 986.284668 
154799016405236 986.289795 
154799116393102 986.287598 
154799216380968 986.290771 
154799316369101 986.291016 
154799416357334 986.291016 
154799516345534 986.288818 
154799616333734 986.286621 
154799716321967 986.279541 
154799816310200 986.273926 
154799916298400 986.279785 
154800016286600 986.281006 
154800116274800 986.291016 
154800216262700 986.289307 
154800316250600 986.285645 
154800416238833 986.289551 
154800516227066 986.280273 
154800616215266 986.282227 
154800716203466 986.277344 
154800816191666 986.277100 
154800916179899 986.281738 
154801016168099 986.283936 
154801116156299 986.284424 
154801216144432 986.279053 
154801316132532 986.280762 
154801416120632 986.280518 
154801516108865 986.267578 
154801616097098 986.273193 
154801716085298 986.278320 
154801816073498 986.276123 
154801916061731 986.282227 
154802016049964 986.282471 
154802116038164 986.285156 
154802216026364 986.291016 
154802316014330 986.289307 
154802416002196 986.288330 
154802515990262 986.289795 
154802615978462 986.290283 
154802715966628 986.289551 
154802815954794 986.289795 
154802915942960 986.290039 
154803015931160 986.291748 
154803115919326 986.287842 
154803215907492 986.287598 
154803315895658 986.287354 
154803415883524 986.288330 
154803515871390 986.287109 
154803615859390 986.282715 
154803715847390 986.279297 
154803815835390 986.284424 
154803915823356 986.285645 
154804015811356 986.283691 
154804115799356 986.292725 
154804215787356 986.289551 
154804315775322 986.291748 
154804415763322 986.295166 
154804515751188 986.291016 
154804615739054 986.294434 
154804715727287 986.292725 
154804815715520 986.297119 
154804915703720 986.299561 
154805015691920 986.291992 
154805115680153 986.288818 
154805215668386 986.286865 
154805315656586 986.281738 
154805415644786 986.279785 
154805515632819 986.282715 
154805615620719 986.292725 
154805715608652 986.297607 
154805815596885 986.305176 
154805915585118 986.304443 
154806015573318 986.303955 
154806115561518 986.294434 
154806215549751 986.279053 
154806315537984 986.263916 
154806415526184 986.260010 
154806515514384 986.274658 
154806615502484 986.287109 
154806715490584 986.293945 
154806815478717 986.295898 
154806915466950 986.292969 
154807015455150 986.283203 
154807115443350 986.282471 
154807215431550 986.270996 
154807315419783 986.261230 
154807415407983 986.259521 
154807515396183 986.275635 
154807615384383 986.294189 
154807715372249 986.298340 
154807815360115 986.306885 
154807915348281 986.304932 
154808015336514 986.294434 
154808115324714 986.290283 
154808215312914 986.278809 
154808315301147 986.267334 
154808415289447 986.270996 
154808515277647 986.275391 
154808615265847 986.284912 
154808715254047 986.293213 
154808815241947 986.302246 
154808915229913 986.298096 
154809015218079 986.295166 
154809115206312 986.298340 
154809215194512 986.291504 
154809315182712 986.287354 
154809415171012 986.290283 
154809515159245 986.302246 
154809615147445 986.308594 
154809715135645 986.311523 
154809815123811 986.315430 
154809915111977 986.313965 
154810015100077 986.321045 
154810115088310 986.318115 
154810215076543 986.317627 
154810315064743 986.319092 
154810415053009 986.312744 
154810515041242 986.321533 
154810615029475 986.329590 
154810715017675 986.334473 
154810815005875 986.332275 
154810914993875 986.325195 
154811014981741 986.327393 
154811114969741 986.322754 
154811214957941 986.317383 
154811314946107 986.304443 
154811414934273 986.300781 
154811514922439 986.303711 
154811614910639 986.308350 
154811714898805 986.310791 
154811814886971 986.312988 
154811914875137 986.317627 
154812014863070 986.312500 
154812114850936 986.308350 
154812214838936 986.303955 
154812314826936 986.299805 
154812414814902 986.298828 
154812514802868 986.293213 
154812614790868 986.293213 
154812714778868 986.299805 
154812814766868 986.311279 
154812914754834 986.312500 
154813014742834 986.314941 
154813114730700 986.310791 
154813214718566 986.320068 
154813314706732 986.323975 
154813414694965 986.323975 
154813514683165 986.325195 
154813614671365 986.325684 
154813714659598 986.326416 
154813814647831 986.330811 
154813914636031 986.331787 
154814014624231 986.326172 
154814114612331 986.322510 
154814214600231 986.312012 
154814314588131 986.304199 
154814414576364 986.290771 
154814514564597 986.287842 
154814614552797 986.291992 
154814714540997 986.303711 
154814814529230 986.317627 
154814914517463 986.319092 
154815014505663 986.318848 
154815114493863 986.318848 
154815214481963 986.314209 
154815314470063 986.305176 
154815414458163 986.311523 
154815514446396 986.309570 
154815614434596 986.303711 
154815714422796 986.306641 
154815814410996 986.311279 
154815914399229 986.314941 
154816014387429 986.321045 
154816114375629 986.327393 
154816214363829 986.315918 
154816314351762 986.306396 
154816414339628 986.309082 
154816514327728 986.304932 
154816614315928 986.307617 
154816714304094 986.312988 
154816814292260 986.313965 
154816914280426 986.324219 
154817014268626 986.320557 
154817114256792 986.328125 
154817214244958 986.322266 
154817314233124 986.317627 
154817414220990 986.317383 
154817514208856 986.312744 
154817614196856 986.305176 
154817714184856 986.300049 
154817814172822 986.314697 
154817914160788 986.319824 
154818014148788 986.327637 
154818114136788 986.321533 
154818214124754 986.322021 
154818314112720 986.316162 
154818414100720 986.300049 
154818514088586 986.290283 
154818614076486 986.284912 
154818714064719 986.295166 
154818814052952 986.303955 
154818914041152 986.320068 
154819014029352 986.322021 
154819114017585 986.319092 
154819214005818 986.306396 
154819313994018 986.306885 
154819413982218 986.306885 
154819513970218 986.300293 
154819613958118 986.302002 
154819713946151 986.304688 
154819813934384 986.310547 
154819913922617 986.315918 
154820013910817 986.327148 
154820113899017 986.331299 
154820213887250 986.325928 
154820313875483 986.314209 
154820413863683 986.311035 
154820513851883 986.312988 
154820613839983 986.319092 
154820713828083 986.314697 
154820813816249 986.318115 
154820913804482 986.327393 
154821013792682 986.323242 
154821113780882 986.326904 
154821213769115 986.320557 
154821313757348 986.319824 
154821413745548 986.323242 
154821513733748 986.313965 
154821613721948 986.299316 
154821713709814 986.297119 
154821813697680 986.300293 
154821913685813 986.320068 
154822013674013 986.319092 
154822113662179 986.316406 
154822213650345 986.308838 
154822313638511 986.304688 
154822413626711 986.313232 
154822513614877 986.323730 
154822613603043 986.324463 
154822713591076 986.326660 
154822813578942 986.326416 
154822913566808 986.333740 
154823013554808 986.332520 
154823113542808 986.340820 
154823213530774 986.339355 
154823313518740 986.338867 
154823413506740 986.332031 
154823513494740 986.331543 
154823613482706 986.340332 
154823713470672 986.335693 
154823813458605 986.338867 
154823913446471 986.342041 
154824013434537 986.338623 
154824113422770 986.335693 
154824213410970 986.339111 
154824313399170 986.327637 
154824413387403 986.329834 
154824513375636 986.330078 
154824613363836 986.323486 
154824713352036 986.323730 
154824813340236 986.333740 
154824913328202 986.342529 
154825013316102 986.342285 
154825113304202 986.345947 
154825213292435 986.342041 
154825313280668 986.339355 
154825413268868 986.340088 
154825513257068 986.335693 
154825613245301 986.330566 
154825713233534 986.316162 
154825813221734 986.323242 
154825913209934 986.333496 
154826013198034 986.341797 
154826113186134 986.346680 
154826213174367 986.358643 
154826313162600 986.362305 
154826413150800 986.354736 
154826513139000 986.343262 
154826613127233 986.332031 
154826713115466 986.325195 
154826813103666 986.330078 
154826913091866 986.331543 
154827013079899 986.338135 
154827113067765 986.350586 
154827213055665 986.357178 
154827313043865 986.364502 
154827413032031 986.365479 
154827513020197 986.356689 
154827613008363 986.345215 
154827712996563 986.323242 
154827812984763 986.299316 
154827912972929 986.298340 
154828012961095 986.311768 
154828112949095 986.319336 
154828212936961 986.321533 
154828312924861 986.325439 
154828412912861 986.317871 
154828512900861 986.325195 
154828612888827 986.328613 
154828712876793 986.323486 
154828812864793 986.320313 
154828912852793 986.327881 
154829012840759 986.322510 
154829112828725 986.322754 
154829212816591 986.329102 
154829312804457 986.334229 
154829412792557 986.322754 
154829512780757 986.314453 
154829612768923 986.324463 
154829712757089 986.321289 
154829812745255 986.321045 
154829912733455 986.322266 
154830012721621 986.330322 
154830112709787 986.337158 
154830212697920 986.339844 
154830312685786 986.351563 
154830412673652 986.354004 
154830512661652 986.336914 
154830612649652 986.330078 
154830712637618 986.323242 
154830812625584 986.323975 
154830912613584 986.321777 
154831012601584 986.321289 
154831112589550 986.332275 
154831212577516 986.339844 
154831312565482 986.344238 
154831412553348 986.340088 
154831512541348 986.328369 
154831612529581 986.315186 
154831712517814 986.319092 
154831812506014 986.319092 
154831912494214 986.314453 
154832012482447 986.318115 
154832112470680 986.322754 
154832212458880 986.330078 
154832312447080 986.330566 
154832412435080 986.333008 
154832512422980 986.324707 
154832612411013 986.318848 
154832712399246 986.314697 
154832812387479 986.318604 
154832912375679 986.323975 
154833012363879 986.325684 
154833112352112 986.329590 
154833212340345 986.334717 
154833312328545 986.343262 
154833412316745 986.346436 
154833512304845 986.345215 
154833612292945 986.336914 
154833712281178 986.324463 
154833812269411 986.324951 
154833912257611 986.319336 
154834012245811 986.314453 
154834112234044 986.314453 
154834212222344 986.321533 
154834312210544 986.343994 
154834412198744 986.352051 
154834512186844 986.353760 
154834612174710 986.352783 
154834712162643 986.341553 
154834812150809 986.337891 
154834912139042 986.333496 
154835012127242 986.328369 
154835112115442 986.322266 
154835212103742 986.326904 
154835312091975 986.338135 
154835412080175 986.336914 
154835512068375 986.340820 
154835612056475 986.336426 
154835712044441 986.324707 
154835812032341 986.328125 
154835912020574 986.329834 
154836012008807 986.325928 
154836111997007 986.330811 
154836211985273 986.329346 
154836311973506 986.339844 
154836411961739 986.344482 
154836511949939 986.342285 
154836611938139 986.338379 
154836711926305 986.333496 
154836811914405 986.334473 
154836911902505 986.332764 
154837011890738 986.332031 
154837111878938 986.325928 
154837211867138 986.316650 
154837311855338 986.321777 
154837411843571 986.324219 
154837511831771 986.324707 
154837611819971 986.327881 
154837711808171 986.325439 
154837811796104 986.328857 
154837911783970 986.326172 
154838011772070 986.318115 
154838111760270 986.320801 
154838211748436 986.327637 
154838311736602 986.334229 
154838411724768 986.337158 
154838511712968 986.342285 
154838611701134 986.338379 
154838711689300 986.339355 
154838811677466 986.327393 
154838911665332 986.326660 
154839011653198 986.324219 
154839111641198 986.312744 
154839211629198 986.314697 
154839311617164 986.317871 
154839411605130 986.308105 
154839511593130 986.314453 
154839611581130 986.319092 
154839711569096 986.323975 
154839811557062 986.321289 
154839911545062 986.322266 
154840011532928 986.321289 
154840111520828 986.323730 
154840211509028 986.324951 
154840311497228 986.321533 
154840411485394 986.314209 
154840511473560 986.320801 
154840611461760 986.322266 
154840711449960 986.322998 
154840811438126 986.328125 
154840911426292 986.327393 
154841011414258 986.325684 
154841111402124 986.331787 
154841211390024 986.334229 
154841311378024 986.331055 
154841411366024 986.331299 
154841511353990 986.340088 
154841611341956 986.348145 
154841711329956 986.346924 
154841811317956 986.339600 
154841911305922 986.344238 
154842011293888 986.339111 
154842111281754 986.333984 
154842211269620 986.339600 
154842311257753 986.336670 
154842411245986 986.335693 
154842511234186 986.335693 
154842611222386 986.333740 
154842711210619 986.337158 
154842811198852 986.341797 
154842911187052 986.341797 
154843011175285 986.348877 
154843111163485 986.347412 
154843211151385 986.343506 
154843311139285 986.338379 
154843411127451 986.339355 
154843511115684 986.328857 
154843611103884 986.325928 
154843711092084 986.323242 
154843811080284 986.321777 
154843911068517 986.320313 
154844011056717 986.324951 
154844111044917 986.321533 
154844211033083 986.323975 
154844311021183 986.326416 
154844411009283 986.329346 
154844510997516 986.325928 
154844610985749 986.333740 
154844710973949 986.332031 
154844810962149 986.333496 
154844910950382 986.333984 
154845010938615 986.326416 
154845110926815 986.322754 
154845210915015 986.324707 
154845310902981 986.324951 
154845410890847 986.321533 
154845510878913 986.313721 
154845610867113 986.316895 
154845710855279 986.313232 
154845810843445 986.318115 
154845910831611 986.312256 
154846010819777 986.320557 
154846110807943 986.325928 
154846210796109 986.324951 
154846310784275 986.329590 
154846410772208 986.320801 
154846510760074 986.325195 
154846610748074 986.321289 
154846710736074 986.319580 
154846810724074 986.325195 
154846910712040 986.328369 
154847010700040 986.330078 
154847110688040 986.336670 
154847210676040 986.323486 
154847310664006 986.316162 
154847410651972 986.319580 
154847510639838 986.318848 
154847610627704 986.326660 
154847710615870 986.334717 
154847810604103 986.344238 
154847910592303 986.345703 
154848010580503 986.339111 
154848110568736 986.334473 
154848210556969 986.333740 
154848310545169 986.325439 
154848410533369 986.323486 
154848510521402 986.322266 
154848610509302 986.325439 
154848710497202 986.330566 
154848810485435 986.339844 
154848910473668 986.341309 
154849010461868 986.339600 
154849110450068 986.340820 
154849210438301 986.336670 
154849310426534 986.342041 
154849410414734 986.333740 
154849510402934 986.331543 
154849610391034 986.335693 
154849710379134 986.340820 
154849810367267 986.340332 
154849910355500 986.351563 
154850010343700 986.343262 
154850110331900 986.341309 
154850210320100 986.335938 
154850310308333 986.333252 
154850410296566 986.327637 
154850510284766 986.320068 
154850610272966 986.320557 
154850710260899 986.316650 
154850810248765 986.318604 
154850910236865 986.326172 
154851010225065 986.328613 
154851110213231 986.325439 
154851210201397 986.324219 
154851310189563 986.323486 
154851410177763 986.322266 
154851510165929 986.313477 
154851610154095 986.314453 
154851710142261 986.319336 
154851810130127 986.318115 
154851910117993 986.316406 
154852010105993 986.324219 
154852110093993 986.329102 
154852210081959 986.336182 
154852310069925 986.334473 
154852410057925 986.331299 
154852510045925 986.320557 
154852610033891 986.311768 
154852710021857 986.314453 
154852810009823 986.318115 
154852909997689 986.321045 
154853009985689 986.325928 
154853109973922 986.325195 
154853209962155 986.324951 
154853309950355 986.327148 
154853409938555 986.327881 
154853509926788 986.327637 
154853609915021 986.324951 
154853709903221 986.319824 
154853809891421 986.324951 
154853909879421 986.334473 
154854009867321 986.335938 
154854109855354 986.332275 
154854209843587 986.334473 
154854309831820 986.326904 
154854409820020 986.327393 
154854509808220 986.327637 
154854609796453 986.331055 
154854709784686 986.325928 
154854809772886 986.323730 
154854909761086 986.324951 
154855009749186 986.329346 
154855109737286 986.337646 
154855209725452 986.332520 
154855309713685 986.331055 
154855409701885 986.332520 
154855509690085 986.339600 
154855609678318 986.341553 
154855709666551 986.330078 
154855809654751 986.325195 
154855908981498 986.323975 
154856008969598 986.321045 
154856108957464 986.330322 
154856208945330 986.338623 
154856308933530 986.338867 
154856408921730 986.334717 
154856508909896 986.341553 
154856608898062 986.339111 
154856708886228 986.344238 
154856808874428 986.346680 
154856908862594 986.352295 
154857008850760 986.346191 
154857108838793 986.346436 
154857208826659 986.346436 
154857308814525 986.343506 
154857408802525 986.343262 
154857508790525 986.341553 
154857608778491 986.351074 
154857708766457 986.354736 
154857808754457 986.353516 
154857908742457 986.345459 
154858008730423 986.342041 
154858108718389 986.346436 
154858208706322 986.347656 
154858308694188 986.353516 
154858408682254 986.356689 
154858508670487 986.357666 
154858608658687 986.359375 
154858708646887 986.355713 
154858808635087 986.349609 
154858908623320 986.346924 
154859008611520 986.342285 
154859108599720 986.348633 
154859208587920 986.338623 
154859308575820 986.341309 
154859408563720 986.354736 
154859508551853 986.360840 
154859608540086 986.355957 
154859708528319 986.359131 
154859808516519 986.349365 
154859908504719 986.352539 
154860008492952 986.348877 
154860108481185 986.345703 
154860208469385 986.345459 
154860308457585 986.338379 
154860408445685 986.349121 
154860508433851 986.351074 
154860608422084 986.348877 
154860708410317 986.349854 
154860808398517 986.354736 
154860908386717 986.359375 
154861008375017 986.361816 
154861108363250 986.354736 
154861208351450 986.348877 
154861308339650 986.343018 
154861408327683 986.343018 
154861508315616 986.335449 
154861608303516 986.343018 
154861708291749 986.343018 
154861808279982 986.338623 
154861908268182 986.347412 
154862008256448 986.354248 
154862108244681 986.351563 
154862208232914 986.352051 
154862308221114 986.349365 
154862408209314 986.345947 
154862508197380 986.349854 
154862608185280 986.354492 
154862708173213 986.357666 
154862808161446 986.362549 
154862908149679 986.351074 
154863008137945 986.346924 
154863108126145 986.344971 
154863208114378 986.351318 
154863308102611 986.346680 
154863408090811 986.336182 
154863508079011 986.338623 
154863608067111 986.335205 
154863708055211 986.336426 
154863808043377 986.342285 
154863908031610 986.341064 
154864008019810 986.348633 
154864108008010 986.348389 
154864207996243 986.352295 
154864307984476 986.354736 
154864407972676 986.364746 
154864507960876 986.363037 
154864607949076 986.354980 
154864707936942 986.355957 
154864807924808 986.358643 
154864907912941 986.358154 
154865007901141 986.350586 
154865107889307 986.345215 
154865207877473 986.350586 
154865307865639 986.349609 
154865407853839 986.343018 
154865507842005 986.337891 
154865607830171 986.325195 
154865707818304 986.327637 
154865807806170 986.323975 
154865907794036 986.322754 
154866007782036 986.318604 
154866107770036 986.306885 
154866207758002 986.307861 
154866307745968 986.301514 
