# Created at Fri Mar 14 12:57:56 GMT+01:00 2025 in Burnaby Canada 
160922615653468 1.000000 
160923235583468 2.000000 
160923755519468 3.000000 
160924375444468 4.000000 
160924935373468 5.000000 
160925575302468 6.000000 
160926095239468 7.000000 
160926715162468 8.000000 
160927255106468 9.000000 
160927915021468 10.000000 
160928414968468 11.000000 
160929034891468 12.000000 
160929614822468 13.000000 
160930274738468 14.000000 
160930794682468 15.000000 
160931414604468 16.000000 
160931914545468 17.000000 
160932554472468 18.000000 
160933114406468 19.000000 
160933734337468 20.000000 
160934274268468 21.000000 
160934954187468 22.000000 
160935534115468 23.000000 
160936194041468 24.000000 
160936733973468 25.000000 
160937373896468 26.000000 
160937893835468 27.000000 
160938493765468 28.000000 
160939053706468 29.000000 
160939733619468 30.000000 
160940293552468 31.000000 
160940953470468 32.000000 
160941473414468 33.000000 
160942133330468 34.000000 
160942653269468 35.000000 
160943273196468 36.000000 
160943773140468 37.000000 
160944393068468 38.000000 
160944913006468 39.000000 
160945592923468 40.000000 
160946112858468 41.000000 
160946792781468 42.000000 
160947332714468 43.000000 
160947952639468 44.000000 
160948472575468 45.000000 
160949172497468 46.000000 
160949732430468 47.000000 
160950372355468 48.000000 
160950912292468 49.000000 
160951592205468 50.000000 
160952131197207 51.000000 
160952791113207 52.000000 
160953331049207 53.000000 
160954010967207 54.000000 
160954550906207 55.000000 
160955230823207 56.000000 
160955810750207 57.000000 
160956430682207 58.000000 
160956970615207 59.000000 
160957650538207 60.000000 
160958170474207 61.000000 
160958850391207 62.000000 
160959410328207 63.000000 
160960070247207 64.000000 
160960610184207 65.000000 
160961310096207 66.000000 
160961850039207 67.000000 
160962510955207 68.000000 
160963070893207 69.000000 
160963730815207 70.000000 
160964230752207 71.000000 
160964950672207 72.000000 
160965450609207 73.000000 
160966150530207 74.000000 
160966690463207 75.000000 
160967370381207 76.000000 
160967930310207 77.000000 
160968570239207 78.000000 
160969130174207 79.000000 
160969770093207 80.000000 
160970290037207 81.000000 
160971009947207 82.000000 
160971549889207 83.000000 
160972209805207 84.000000 
160972769740207 85.000000 
160973429665207 86.000000 
160973969598207 87.000000 
160974649515207 88.000000 
160975069462207 89.000000 
160975789382207 90.000000 
160976309317207 91.000000 
160976989242207 92.000000 
160977529174207 93.000000 
160978209093207 94.000000 
160978749028207 95.000000 
160979368955207 96.000000 
160979908892207 97.000000 
160980588805207 98.000000 
160981128748207 99.000000 
160981808662207 100.000000 
160982348598207 101.000000 
160983008515207 102.000000 
160983528460207 103.000000 
160984208385207 104.000000 
160984728318207 105.000000 
160985348245207 106.000000 
160985868178207 107.000000 
160986508108207 108.000000 
160987088036207 109.000000 
160987727964207 110.000000 
160988327890207 111.000000 
160989027805207 112.000000 
160989627740207 113.000000 
