# Created at Fri Mar 14 12:07:42 GMT+01:00 2025 in Burnaby Canada 
623283854772711 984.439209 
623283894805368 984.422363 
623283934774170 984.421631 
623283974873441 984.417480 
623284014772451 984.413574 
623284054853441 984.411621 
623284094852086 984.407471 
623284134847711 984.415283 
623284174773076 984.416992 
623284214775993 984.407959 
623284254758961 984.410400 
623284294877972 984.414551 
623284334759326 984.412842 
623284374881097 984.416504 
623284414877764 984.414551 
623284454772972 984.423584 
623284494776201 984.437012 
623284534773284 984.436035 
623284574780941 984.444092 
623284614772816 984.442627 
623284654889326 984.456543 
623284694867607 984.461670 
623284734858128 984.455078 
623284774772555 984.471436 
623284814774899 984.465576 
623284854776878 984.466064 
623284894774378 984.444336 
623284934759951 984.446045 
623284974775993 984.446045 
623285014876461 984.435059 
623285054772868 984.480957 
623285094774066 984.508301 
623285134877451 984.484131 
623285174939639 984.426514 
623285214772816 984.378418 
623285254890368 984.382324 
623285294880993 984.372803 
623285334843336 984.364990 
623285374773076 984.368408 
623285414874430 984.381592 
623285454860211 984.400635 
623285494773336 984.413330 
623285534771566 984.417725 
623285574879066 984.416016 
623285614880784 984.408691 
623285654884014 984.401855 
623285694775784 984.400879 
623285734777764 984.405273 
623285774774899 984.418701 
623285814845472 984.418945 
623285854846461 984.498779 
623285894772816 984.588623 
623285934774639 984.616211 
623285974869586 984.606689 
623286014774378 984.587891 
623286054772868 984.538574 
623286094879014 984.519775 
623286134899066 984.493896 
623286174774222 984.476318 
623286214768284 984.463379 
623286254772711 984.504639 
623286294881618 984.509766 
623286334772555 984.595947 
623286374775055 984.613525 
623286414865680 984.629639 
623286454890264 984.648926 
623286494772347 984.619873 
623286534782764 984.539063 
623286574874326 984.444092 
623286614873857 984.349854 
623286654773076 984.297119 
623286694875524 984.277344 
623286734887347 984.298096 
623286774870003 984.323730 
623286814775524 984.381104 
623286854771566 984.396484 
623286894774691 984.395508 
623286934878909 984.394043 
623286974776305 984.397705 
623287014863597 984.401611 
623287054888753 984.406738 
623287094772816 984.411377 
623287134776097 984.420410 
623287174877607 984.432861 
623287214871514 984.451416 
623287254772659 984.452637 
623287294893909 984.463379 
623287334897034 984.479492 
623287374873545 984.505127 
623287414772503 984.523193 
623287454877086 984.549316 
623287494894170 984.572754 
623287534775159 984.588867 
623287574779066 984.593018 
623287614893493 984.585938 
623287654882503 984.566406 
623287694772555 984.530029 
623287734775055 984.517090 
623287774774899 984.506592 
623287814874743 984.502197 
623287854772295 984.509521 
623287894866670 984.518066 
623287934886930 984.529053 
623287974869951 984.543457 
623288014772868 984.539551 
623288054871357 984.589844 
623288094773857 984.617676 
623288134775420 984.766602 
623288174758857 984.865234 
623288214881201 984.901855 
623288254879482 984.904297 
623288294772868 984.898682 
623288334775003 984.874756 
623288374891305 984.823730 
623288414772972 984.775146 
623288454772607 984.748291 
623288494897868 984.712158 
623288534884691 984.712158 
623288574888336 984.697998 
623288614771826 984.698975 
623288654775055 984.653076 
623288694887920 984.403809 
623288734780055 984.143311 
623288774776514 984.055664 
623288814895784 984.038330 
623288854877347 984.047363 
623288894772868 984.094238 
623288934774118 984.140381 
623288974884743 984.192627 
623289014773649 984.238281 
623289054772607 984.275879 
623289094886097 984.320313 
623289134759691 984.362793 
623289174903961 984.428711 
623289214773389 984.464355 
623289254774847 984.423828 
623289294888961 984.515625 
623289334885003 984.531250 
623289374776149 984.510254 
623289414895993 984.596924 
623289454858336 984.694336 
623289494771982 984.729248 
623289534775368 984.757324 
623289574774118 984.810791 
623289614887086 984.893799 
623289654772816 984.904541 
623289694883441 984.900879 
623289734892399 984.930664 
623289774882034 984.971436 
623289814772816 984.809082 
623289854773701 984.623047 
623289894885784 984.235352 
623289934874118 984.050293 
623289974772816 983.989502 
623290014876149 983.934570 
623290054866982 983.929688 
623290094883441 984.002441 
623290134775993 984.070801 
623290174773441 984.182129 
623290214774430 984.227539 
623290254773180 984.325195 
623290294867347 984.440674 
623290334879118 984.483643 
623290374905941 984.610107 
623290414772086 984.555908 
623290454813857 984.506836 
623290494774170 984.524658 
623290534773961 984.644043 
623290574772295 984.681152 
623290614880159 984.676758 
623290654904482 984.662354 
623290694776514 984.645752 
623290734758649 984.676514 
623290774776409 984.745117 
623290814858232 984.795410 
623290854772451 984.898926 
623290894893180 985.016113 
623290934889014 984.833984 
623290974885836 984.449463 
623291014772555 984.114746 
623291054775941 983.961182 
623291094871097 983.897461 
623291134781253 983.903076 
623291174772295 983.966553 
623291214909378 984.013916 
623291254910107 984.072266 
623291294884847 984.117920 
623291334772295 984.167236 
623291374882191 984.217773 
623291414774795 984.297852 
623291454771566 984.362549 
623291494933441 984.416016 
623291534856253 984.501953 
623291574879274 984.504395 
623291614772295 984.538086 
623291654774691 984.641357 
623291694772711 984.705078 
623291734772451 984.713379 
623291774772816 984.694336 
623291814894795 984.683105 
623291854881722 984.680176 
623291894882711 984.711914 
623291934776722 984.772949 
623291974883284 984.861816 
623292014773805 984.940918 
623292054773805 984.883789 
623292094775107 984.628174 
623292134877920 984.216309 
623292174892139 984.044922 
623292214772816 983.950195 
623292254934795 983.923096 
623292294895732 983.964600 
623292334774482 984.013672 
623292374773284 984.064209 
623292414876461 984.112305 
623292454878753 984.163086 
623292494884014 984.209717 
623292534771878 984.264404 
623292574779534 984.349365 
623292614773441 984.399902 
623292654871566 984.518066 
623292694772920 984.455811 
623292734902086 984.495850 
623292774894482 984.638916 
623292814772555 984.770508 
623292854776045 984.809326 
623292894775368 984.811768 
623292934786566 984.802246 
623292974772295 984.796631 
623293014880576 984.815186 
623293054871409 984.871826 
623293094892086 984.923340 
623293134772816 984.972412 
623293174881461 984.902100 
623293214773180 984.665283 
623293254773805 984.235352 
623293294760628 983.995605 
623293334884274 983.908691 
623293374875941 983.880127 
623293414772555 983.932861 
623293454774222 983.988525 
623293494888180 984.043945 
623293534775680 984.092285 
623293574773076 984.145996 
623293614882555 984.184570 
623293654891409 984.344971 
623293694862243 984.412109 
623293734773076 984.515869 
623293774871201 984.460693 
623293814773389 984.519043 
623293854886201 984.630615 
623293894772295 984.702637 
623293934872451 984.716797 
623293974869795 984.715576 
623294014773076 984.713135 
623294054776461 984.714355 
623294094875889 984.735596 
623294134772920 984.783691 
623294174773336 984.846680 
623294214905003 984.945313 
623294254875836 984.875488 
623294294889482 984.636230 
623294334772816 984.218994 
623294374772816 984.050537 
623294414882555 983.964844 
623294454773753 983.932129 
623294494772816 983.971191 
623294534878701 984.014648 
623294574899118 984.064453 
623294614882555 984.118652 
623294654778284 984.165771 
623294694775211 984.203857 
623294734773597 984.308350 
623294774773232 984.405029 
623294814872451 984.466064 
623294854897243 984.570313 
623294894875889 984.518799 
623294934760993 984.518311 
623294974775316 984.620117 
623295014776826 984.707520 
623295054773857 984.717285 
623295094772555 984.699707 
623295134872086 984.678467 
623295174905420 984.665283 
623295214908701 984.676514 
623295254776305 984.773438 
623295294891566 984.859863 
623295334772868 984.938477 
623295374773597 984.875000 
623295414858336 984.632324 
623295454881149 984.243896 
623295494881670 984.075439 
623295534771253 983.967773 
623295574774534 983.928223 
623295614774586 983.948730 
623295654773857 983.992188 
623295694772607 984.043457 
623295734885941 984.102295 
623295774870368 984.149902 
623295814888493 984.180664 
623295854758545 984.272949 
623295894776618 984.382324 
623295934775576 984.461426 
623295974772295 984.589844 
623296014878180 984.556396 
623296054881774 984.532227 
623296094854222 984.549805 
623296134773336 984.619385 
623296174898441 984.630615 
623296214872451 984.620850 
623296254774222 984.624756 
623296294773076 984.672607 
623296334886722 984.736572 
623296374878701 984.790039 
623296414901930 984.898682 
623296454772555 984.998535 
623296494812868 984.884766 
623296534875264 984.671631 
623296574880316 984.228516 
623296614774118 984.058105 
623296654864639 983.964111 
623296694877034 983.913330 
623296734772816 983.951660 
623296774774795 984.010742 
623296814894482 984.063477 
623296854879222 984.113037 
623296894773024 984.166504 
623296934888128 984.197754 
623296974874951 984.279541 
623297014875524 984.377441 
623297054772034 984.421631 
623297094871982 984.527344 
623297134773389 984.495605 
623297174774951 984.568115 
623297214759795 984.653320 
623297254877972 984.673828 
623297294857243 984.665771 
623297334772816 984.661865 
623297374780003 984.691406 
623297414879951 984.762695 
623297454782607 984.844238 
623297494772607 984.953369 
623297534869222 985.056396 
623297574875055 984.939697 
623297614889534 984.698975 
623297654773076 984.258057 
623297694774014 984.073242 
623297734775316 983.942383 
623297774861201 983.895752 
623297814759639 983.931641 
623297854879534 983.978760 
623297894896461 984.024902 
623297934772555 984.092041 
623297974775784 984.128418 
623298014885576 984.171631 
623298054866722 984.250977 
623298094773076 984.364502 
623298134892347 984.366455 
623298174880732 984.459717 
623298214887764 984.482910 
623298254772555 984.502441 
623298294787555 984.572998 
623298334773753 984.680908 
623298374912034 984.697021 
623298414758128 984.683105 
623298454879951 984.687500 
623298494872555 984.708984 
623298534771878 984.770996 
623298574829482 984.908447 
623298614774482 985.070313 
623298654775889 984.945068 
623298694772816 984.622070 
623298734891409 984.400146 
623298774886201 984.140869 
623298814880889 983.978516 
623298854772868 983.951416 
623298894923493 983.986328 
623298934875159 984.075684 
623298974774066 984.121826 
623299014773805 984.163818 
623299054870941 984.208496 
623299094881722 984.265869 
623299134773961 984.367432 
623299174779899 984.480713 
623299214777972 984.568604 
623299254773753 984.524170 
623299294772816 984.491211 
623299334891149 984.549316 
623299374886982 984.639160 
623299414860941 984.669434 
623299454774326 984.665771 
623299494878180 984.647949 
623299534778336 984.629395 
623299574894222 984.668701 
623299614772243 984.776611 
623299654882972 984.855957 
623299694881461 984.911865 
623299734897191 984.823730 
623299774954274 984.583984 
623299814774378 984.183838 
623299854898753 983.939941 
623299894773284 983.840088 
623299934855211 983.833740 
623299974883857 983.892090 
623300014886045 983.934814 
623300054773076 983.993652 
623300094878076 984.058838 
623300134773753 984.129639 
623300174880941 984.174072 
623300214772555 984.241943 
623300254891253 984.318848 
623300294879378 984.438477 
623300334901722 984.432861 
623300374759899 984.385498 
623300414774639 984.462891 
623300454776670 984.627686 
623300494771670 984.730957 
623300534877816 984.779297 
623300574773284 984.788818 
623300614882399 984.820801 
623300654772607 984.830322 
623300694776461 984.872314 
623300734774847 984.974854 
623300774883024 984.948975 
623300814772295 984.738525 
623300854882191 984.236084 
623300894872347 984.082275 
623300934891097 983.944336 
623300974769222 983.890625 
623301014774482 983.896729 
623301054887764 983.952393 
623301094772295 983.989502 
623301134786982 984.054932 
623301174897607 984.095947 
623301214892139 984.168213 
623301254773597 984.306396 
623301294776201 984.423828 
623301334890472 984.525635 
623301374877920 984.558105 
623301414771774 984.518311 
623301454907399 984.487549 
623301494910836 984.588867 
623301534876722 984.621582 
623301574772034 984.609131 
623301614773389 984.610840 
623301654876722 984.600586 
623301694773493 984.590576 
623301734775524 984.759277 
623301774864118 984.833008 
623301814868961 984.966064 
623301854772034 984.995605 
623301894774482 984.676270 
623301934774743 984.253418 
623301974775889 984.072998 
623302014773076 983.974365 
623302054880836 983.901611 
623302094891618 983.924316 
623302134885055 983.973389 
623302174760472 984.014893 
623302214894170 984.076660 
623302254773805 984.124023 
623302294773909 984.157471 
623302334774274 984.251465 
623302374875420 984.351318 
623302414885107 984.443359 
623302454771982 984.526123 
623302494775836 984.474854 
623302534876566 984.498779 
623302574776670 984.607178 
623302614773232 984.671631 
623302654773701 984.666992 
623302694876045 984.655518 
623302734787243 984.642578 
623302774773389 984.644287 
623302814774378 984.714600 
623302854773545 984.792969 
623302894775576 984.876953 
623302934760680 984.926514 
623302974889899 984.828369 
623303014895211 984.600342 
623303054772816 984.189941 
623303094775524 984.004639 
623303134878232 983.912598 
623303174778128 983.889404 
623303214773076 983.927246 
623303254889847 983.967773 
623303294871097 984.014893 
623303334871566 984.061035 
623303374772816 984.118164 
623303414777659 984.177734 
623303454774847 984.288086 
623303494775524 984.358154 
623303534758597 984.401611 
623303574889430 984.456787 
623303614872868 984.443115 
623303654772816 984.503174 
623303694773545 984.646240 
623303734774014 984.709717 
623303774775159 984.706787 
623303814772816 984.692871 
623303854870732 984.678955 
623303894896618 984.691650 
623303934866826 984.781006 
623303974773076 984.868408 
623304014776149 984.995117 
623304054889586 984.980469 
623304094773649 984.451416 
623304134774951 984.087158 
623304174888336 984.033203 
623304214893180 983.948730 
623304254773284 983.944824 
623304294864326 983.995117 
623304334890055 984.049805 
623304374777451 984.104004 
623304414772607 984.150879 
623304454875211 984.170898 
623304494898753 984.239990 
623304534879691 984.347900 
623304574772555 984.446045 
623304614874118 984.583740 
623304654872555 984.544434 
623304694889274 984.523926 
623304734773076 984.583740 
623304774881045 984.618652 
623304814870941 984.613281 
623304854882243 984.609375 
623304894993076 984.629150 
623304934774899 984.668213 
623304974773180 984.754150 
623305014772451 984.818848 
623305054899118 984.925537 
623305094891097 984.946045 
623305134759691 984.790283 
623305174772555 984.468506 
623305214774118 984.091797 
623305254773128 983.982910 
623305294774847 983.899902 
623305334772555 983.912842 
623305374848649 983.959473 
623305414887659 983.991699 
623305454773389 984.049316 
623305494760211 984.104492 
623305534773857 984.145020 
623305574884014 984.229980 
623305614772972 984.379150 
623305654889847 984.421143 
623305694873545 984.503418 
623305734876253 984.489014 
623305774772816 984.508057 
623305814774795 984.617676 
623305854775784 984.666748 
623305894773441 984.672119 
623305934772816 984.661377 
623305974885316 984.643311 
623306014899482 984.639160 
623306054895055 984.774170 
623306094775316 984.849609 
623306134888909 984.987305 
623306174774899 985.062744 
623306214773076 984.823975 
623306254772555 984.499268 
623306294900003 984.153564 
623306334898232 984.008789 
623306374772503 983.897949 
623306414773232 983.879150 
623306454774066 983.931396 
623306494774639 983.972412 
623306534771566 984.019043 
623306574886878 984.070801 
623306614904274 984.117432 
623306654869170 984.206543 
623306694774691 984.354248 
623306734771982 984.418701 
623306774783857 984.493652 
623306814776982 984.517334 
623306854774743 984.521240 
623306894873441 984.504639 
623306934886618 984.617432 
623306974772868 984.652100 
623307014775211 984.673340 
623307054773701 984.693604 
623307094773441 984.691650 
623307134772711 984.705566 
623307174875732 984.799805 
623307214882972 984.887451 
623307254863232 985.002197 
623307294772034 984.947510 
623307334774795 984.687256 
623307374775472 984.342041 
623307414772607 984.037109 
623307454760055 983.970947 
623307494885316 983.887939 
623307534835941 983.898193 
623307574772555 983.941162 
623307614775420 984.047852 
623307654773441 984.113281 
623307694773389 984.156250 
623307734772451 984.214600 
623307774881409 984.354980 
623307814899743 984.415283 
623307854888753 984.501709 
623307894772295 984.488281 
623307934874482 984.493896 
623307974773493 984.579834 
623308014772711 984.681641 
623308054774326 984.690918 
623308094898909 984.680420 
623308134840316 984.665771 
623308174772295 984.636475 
623308214774534 984.666260 
623308254775264 984.781982 
623308294878701 984.875488 
623308334773128 984.984863 
623308374880264 984.879883 
623308414891722 984.585693 
623308454880836 984.201172 
623308494772555 984.028320 
623308534772920 983.925049 
623308574774899 983.892334 
623308614772607 983.934326 
623308654776618 983.984863 
623308694875784 984.031494 
623308734848493 984.080811 
623308774773076 984.125732 
623308814775316 984.159424 
623308854883441 984.232910 
623308894773857 984.315430 
623308934773076 984.356689 
623308974894951 984.475830 
623309014773805 984.479736 
623309054892607 984.508301 
623309094772816 984.579346 
623309134774066 984.686523 
623309174775107 984.707031 
623309214772868 984.685547 
623309254776982 984.682617 
623309294897555 984.701660 
623309334879534 984.705078 
623309374772086 984.776855 
623309414820264 984.848633 
623309454777868 984.918213 
623309494904795 984.820313 
623309534771566 984.664795 
623309574898597 984.237549 
623309614888232 984.039307 
623309654883441 983.929199 
623309694788597 983.885254 
623309734775316 983.911621 
623309774773597 983.966797 
623309814773961 984.017090 
623309854773076 984.080322 
623309894884639 984.125977 
623309934774274 984.169922 
623309974884118 984.274902 
623310014983180 984.398193 
623310054773649 984.439941 
623310094774534 984.543457 
623310134773441 984.484131 
623310174904222 984.496094 
623310214898128 984.590332 
623310254892764 984.650635 
623310294772816 984.661377 
623310334894534 984.654541 
623310374773961 984.641357 
623310414773024 984.615234 
623310454773128 984.676025 
623310494885628 984.740723 
623310534872972 984.848877 
623310574894430 984.902100 
623310614760107 984.809570 
623310654775472 984.555176 
623310694773961 984.175537 
623310734772711 984.003174 
623310774869482 983.939697 
623310814886253 983.896240 
623310854878649 983.918213 
623310894772816 983.975342 
623310934773545 984.022705 
623310974775107 984.079590 
623311014894170 984.117676 
623311054773545 984.224365 
623311094907451 984.333008 
623311134908493 984.375000 
623311174890420 984.462891 
623311214775941 984.493408 
623311254773597 984.509521 
623311294890889 984.559082 
623311334772347 984.679443 
623311374919326 984.708252 
623311414894482 984.693115 
623311454871201 984.677246 
623311494772816 984.667236 
623311534878961 984.656250 
623311574775889 984.728271 
623311614787243 984.792236 
623311654772868 984.881592 
623311694895107 984.833984 
623311734899430 984.718018 
623311774888493 984.400635 
623311814775524 984.064941 
623311854898128 983.928223 
623311894892920 983.900146 
623311934771826 983.907715 
623311974775628 983.950928 
623312014892764 984.015137 
623312054883805 984.075684 
623312094772868 984.122559 
623312134819534 984.160645 
623312174872659 984.189697 
623312214875159 984.280273 
623312254773389 984.368164 
623312294859326 984.389404 
623312334890316 984.484619 
623312374899066 984.479248 
623312414773024 984.559570 
623312454773649 984.694824 
623312494890211 984.765869 
623312534772451 984.762207 
623312574774066 984.742188 
623312614775420 984.720215 
623312654892451 984.698242 
623312694772868 984.667480 
623312734773961 984.712158 
623312774774743 984.798340 
623312814781461 984.903076 
623312854772711 984.816162 
623312894892295 984.582031 
623312934900836 984.221191 
623312974884899 983.972900 
623313014773076 983.922852 
623313054777451 983.913086 
623313094773857 983.937500 
623313134874014 983.995117 
623313174773701 984.064697 
623313214885316 984.123291 
623313254896514 984.163818 
623313294772816 984.203613 
623313334775628 984.258545 
623313374776305 984.319580 
623313414892399 984.378174 
623313454772816 984.449463 
623313494884586 984.483887 
623313534878128 984.556885 
623313574899586 984.702148 
623313614772555 984.759277 
623313654774639 984.747559 
623313694882086 984.719482 
623313734774274 984.677734 
623313774758961 984.645264 
623313814887555 984.729980 
623313854891878 984.798584 
623313894772816 984.881348 
623313934774951 984.913330 
623313974774274 984.781738 
623314014773701 984.444824 
623314054772555 984.097168 
623314094773857 983.966553 
623314134884639 983.935547 
623314174884014 983.940918 
623314214772295 983.977539 
623314254774586 984.017334 
623314294778961 984.076660 
623314334774743 984.132080 
623314374772034 984.170166 
623314414874274 984.226318 
623314454880420 984.284912 
623314494773909 984.290039 
623314534773805 984.451416 
623314574773805 984.479980 
623314614772034 984.499512 
623314654772816 984.635010 
623314694862243 984.692139 
623314734872607 984.689453 
623314774895159 984.661621 
623314814773128 984.632813 
623314854777191 984.604980 
623314894774847 984.706787 
623314934880628 984.818604 
623314974772972 984.894043 
623315014885003 984.789551 
623315054888232 984.571533 
623315094878389 984.240967 
623315134968701 984.012207 
623315174775472 983.923828 
623315214888857 983.915771 
623315254772972 983.939453 
623315294855472 983.988281 
623315334880003 984.052979 
623315374882764 984.114746 
623315414772295 984.171143 
623315454774118 984.209717 
623315494900628 984.281494 
623315534774743 984.367920 
623315574772555 984.410400 
623315614879222 984.474854 
623315654881097 984.476563 
623315694883753 984.550293 
623315734760264 984.650635 
623315774886409 984.700439 
623315814774795 984.682129 
623315854772347 984.640381 
623315894884014 984.598877 
623315934885055 984.595459 
623315974889326 984.673096 
623316014772816 984.733887 
623316054892347 984.807861 
623316094775784 984.872803 
623316134774170 984.730957 
623316174773336 984.443115 
623316214895732 984.121338 
623316254880368 984.004395 
623316294859014 983.970215 
623316334766566 983.978760 
623316374774274 984.034424 
623316414880316 984.095459 
623316454772295 984.128174 
623316494776878 984.146240 
623316534899795 984.182861 
623316574890107 984.222412 
623316614772764 984.280029 
623316654775003 984.324219 
623316694774222 984.340820 
623316734889326 984.437012 
623316774772347 984.481934 
623316814882139 984.518799 
623316854883441 984.622314 
623316894888128 984.673340 
623316934773076 984.649902 
623316974773701 984.619141 
623317014774378 984.636230 
623317054878232 984.671631 
623317094776149 984.694580 
623317134877139 984.748047 
623317174866149 984.858154 
623317214772555 984.851807 
623317254774170 984.688232 
623317294774639 984.463623 
623317334775732 984.118652 
623317374772295 984.000244 
623317414874430 983.973877 
623317454778180 983.965088 
623317494895003 984.004150 
623317534772086 984.050537 
623317574775159 984.112305 
623317614773805 984.160156 
623317654773909 984.185547 
623317694774326 984.234375 
623317734774899 984.343506 
623317774887243 984.404053 
623317814772607 984.435791 
623317854775264 984.454834 
623317894775836 984.466797 
623317934873180 984.514648 
623317974772972 984.640625 
623318014888909 984.662109 
623318054903753 984.658691 
623318094894899 984.666748 
623318134772347 984.671631 
623318174775003 984.732422 
623318214872816 984.807617 
623318254773649 984.899658 
623318294760107 984.916504 
623318334898597 984.660156 
623318374843284 984.344238 
623318414773805 984.043213 
623318454773805 983.973389 
623318494774326 983.927734 
623318534775368 983.943848 
623318574772816 983.996338 
623318614898180 984.039795 
623318654897295 984.100098 
623318694887503 984.154785 
623318734772868 984.197021 
623318774773389 984.283447 
623318814774014 984.380859 
623318854773649 984.408203 
623318894760472 984.520508 
623318934889170 984.531250 
623318974853128 984.539063 
623319014772816 984.580811 
623319054773441 984.651367 
623319094874534 984.634521 
623319134774482 984.603271 
623319174772295 984.586426 
623319214880107 984.593994 
623319254884639 984.644043 
623319294883545 984.729248 
623319334772555 984.815918 
623319374775576 984.886230 
623319414773128 984.801514 
623319454774691 984.556152 
623319494773076 984.169434 
623319534885680 983.976318 
623319574881722 983.918213 
623319614774795 983.888672 
623319654775993 983.931885 
623319694882555 983.987793 
623319734883753 984.038086 
623319774773076 984.098145 
623319814903128 984.145996 
623319854890576 984.187012 
623319894901566 984.268311 
623319934773128 984.347412 
623319974963284 984.385742 
623320014773597 984.482178 
623320054776097 984.441162 
623320094774170 984.505615 
623320134882607 984.656738 
623320174891357 984.725342 
623320214885368 984.727539 
623320254778441 984.729492 
623320294961253 984.744873 
623320334772607 984.743896 
623320374772764 984.749023 
623320414851305 984.809570 
623320454881930 984.898438 
623320494899222 984.924805 
623320534771878 984.756348 
623320574777347 984.489990 
623320614773024 984.108398 
623320654900836 983.997803 
623320694772816 983.919922 
623320734902764 983.920166 
623320774886774 983.972900 
623320814892295 984.020020 
623320854769118 984.066895 
623320894774378 984.107422 
623320934774170 984.130127 
623320974773493 984.166504 
623321014872816 984.263672 
623321054886982 984.342041 
623321094887868 984.372070 
623321134772868 984.484375 
623321174774691 984.480469 
623321214773545 984.503906 
623321254777399 984.631592 
623321294772816 984.699951 
623321334893649 984.693359 
623321374887399 984.670654 
623321414878857 984.668701 
623321454758597 984.684570 
623321494773441 984.712158 
623321534774691 984.880615 
623321574773336 984.964600 
623321614867607 984.834473 
623321654890264 984.634766 
623321694880680 984.177490 
623321734772295 984.091553 
623321774785420 983.959717 
623321814876826 983.905518 
623321854773961 983.930176 
623321894772503 983.979736 
623321934883180 984.028076 
623321974891461 984.084717 
623322014890003 984.117920 
623322054772607 984.177734 
623322094772659 984.294678 
623322134939743 984.384033 
623322174773597 984.505127 
623322214939534 984.540527 
623322254869430 984.552490 
623322294874482 984.545410 
623322334774639 984.627686 
623322374775993 984.640381 
623322414776305 984.624268 
623322454776357 984.613037 
623322494772868 984.608398 
623322534902659 984.638184 
623322574890264 984.767822 
623322614888180 984.860107 
623322654789014 984.971191 
623322694777243 985.010254 
623322734774222 984.756104 
623322774773701 984.343506 
623322814758961 984.085449 
623322854900784 983.975098 
623322894876722 983.895752 
623322934772295 983.910156 
623322974775836 983.961426 
623323014774274 983.995117 
623323054774378 984.047363 
623323094772711 984.091309 
623323134884430 984.135010 
623323174872816 984.206787 
623323214888857 984.358398 
623323254772816 984.444824 
623323294776514 984.515625 
623323334892399 984.529541 
623323374892555 984.526855 
623323414759482 984.500488 
623323454885784 984.592285 
623323494882920 984.608643 
623323534771305 984.608643 
623323574774222 984.617432 
623323614774899 984.631104 
623323654881149 984.633057 
623323694772555 984.683838 
623323734883545 984.835693 
623323774891409 984.936035 
623323814874222 984.807617 
623323854772816 984.572998 
623323894887243 984.170410 
623323934773493 983.971924 
623323974773076 983.936523 
623324014759274 983.910156 
623324054887451 983.937256 
623324094876253 983.987549 
623324134772295 984.052490 
623324174775211 984.111328 
623324214776722 984.146729 
623324254773180 984.181396 
623324294773336 984.282471 
623324334877347 984.398926 
623324374872868 984.423584 
623324414893232 984.529541 
623324454772607 984.479492 
623324494773441 984.513184 
623324534888284 984.552246 
623324574775055 984.642578 
623324614772295 984.662354 
623324654880211 984.661133 
623324694880784 984.657959 
623324734753284 984.672852 
623324774811409 984.694336 
623324814773128 984.764404 
623324854773753 984.865234 
623324894773076 984.960693 
623324934869274 984.926270 
623324974773180 984.682129 
623325014775211 984.062256 
623325054772816 983.989990 
623325094774170 983.928467 
623325134880420 983.935791 
623325174774222 983.990479 
623325214774951 984.032959 
623325254893024 984.089600 
623325294897711 984.129883 
623325334887607 984.173584 
623325374776461 984.220215 
623325414827191 984.319336 
623325454774378 984.412598 
623325494773284 984.505127 
623325534773284 984.594482 
623325574776253 984.557129 
623325614759430 984.553711 
623325654772034 984.628174 
623325694775368 984.641602 
623325734775264 984.621094 
623325774871722 984.600586 
623325814772347 984.592529 
623325854883128 984.596680 
623325894836201 984.670654 
623325934771409 984.723633 
623325974773961 984.858643 
623326014773857 984.927002 
623326054780368 984.774170 
623326094772139 984.549561 
623326134888909 984.157471 
623326174900732 984.074707 
623326214900316 983.980469 
623326254772555 983.936523 
623326294775576 983.966309 
623326334890003 984.017334 
623326374773597 984.067627 
623326414772295 984.111328 
623326454886409 984.152588 
623326494776097 984.180420 
623326534884430 984.266357 
623326574760732 984.377686 
623326614776461 984.421387 
623326654775836 984.536865 
623326694772295 984.541016 
623326734866774 984.565918 
623326774895524 984.634277 
623326814889378 984.710449 
623326854772555 984.707031 
623326894828701 984.679688 
623326934773649 984.653564 
623326974864222 984.649170 
623327014772711 984.683350 
623327054906201 984.785400 
623327094901097 984.895752 
623327134773701 984.992188 
623327174772816 984.909424 
623327214780264 984.625732 
623327254894222 984.169189 
623327294893180 983.963867 
623327334960993 983.888916 
623327374774326 983.864746 
623327414899014 983.908936 
623327454773076 983.956543 
623327494775420 984.006592 
623327534773857 984.071777 
623327574886045 984.120117 
623327614772868 984.155518 
623327654874795 984.246582 
623327694914170 984.359131 
623327734889899 984.387207 
623327774773076 984.504883 
623327814774951 984.527344 
623327854894014 984.555420 
623327894774118 984.662354 
623327934759586 984.719238 
623327974885316 984.698486 
623328014892347 984.675049 
623328054772816 984.655029 
623328094775472 984.653564 
623328134771930 984.724854 
623328174846722 984.800537 
623328214773753 984.906982 
623328254893076 984.984131 
623328294893389 984.781250 
623328334902711 984.438721 
623328374773076 984.078857 
623328414773961 983.978516 
623328454774639 983.908447 
623328494771514 983.898682 
623328534775003 984.007813 
623328574877503 984.059570 
623328614890836 984.104492 
623328654772295 984.143555 
623328694777139 984.189453 
623328734880784 984.292969 
623328774884586 984.370361 
623328814773336 984.400635 
623328854874430 984.483398 
623328894884586 984.492676 
623328934888024 984.511719 
623328974772295 984.636719 
623329014782764 984.674561 
623329054773441 984.667969 
623329094771774 984.661377 
623329134758753 984.669434 
623329174772659 984.689209 
623329214877034 984.793945 
623329254772034 984.899902 
623329294773753 985.040039 
623329334773805 984.988281 
623329374879378 984.720459 
623329414773076 984.271484 
623329454887139 984.059326 
623329494775680 983.976563 
623329534886774 983.893311 
623329574773076 983.894043 
623329614773389 983.938232 
623329654875420 983.995361 
623329694778232 984.059326 
623329734772816 984.106689 
623329774877816 984.143555 
623329814881722 984.216553 
623329854772347 984.333252 
623329894773493 984.363281 
623329934866618 984.424561 
623329974876722 984.433594 
623330014772555 984.443115 
623330054887816 984.504395 
623330094880732 984.642578 
623330134901149 984.699219 
623330174772347 984.698486 
623330214773076 984.681885 
623330254774430 984.679443 
623330294774951 984.689453 
623330334776566 984.731201 
623330374888961 984.790527 
623330414889534 984.894043 
623330454773180 984.960449 
623330494896149 984.798584 
623330534773857 984.481934 
623330574894118 984.099365 
623330614773232 983.970459 
623330654886201 983.895996 
623330694901409 983.888672 
623330734892972 983.947266 
623330774772555 983.999268 
623330814891514 984.049805 
623330854774795 984.092285 
623330894774222 984.137207 
623330934773128 984.184082 
623330974882711 984.267578 
623331014906774 984.348389 
623331054773441 984.381592 
623331094774066 984.523926 
623331134884222 984.493408 
623331174773805 984.513184 
623331214773076 984.600098 
623331254888076 984.697266 
623331294882607 984.716797 
623331334888284 984.701416 
623331374772816 984.680664 
623331414774639 984.670654 
623331454880107 984.681885 
623331494876514 984.793457 
623331534771826 984.844971 
623331574892920 984.933350 
623331614891045 984.937988 
623331654904430 984.680420 
623331694758232 984.291016 
623331734774586 984.032227 
623331774773857 983.955566 
623331814772868 983.899414 
623331854900472 983.917725 
623331894887503 983.976807 
623331934881826 984.021729 
623331974771774 984.080078 
623332014773232 984.117920 
623332054773232 984.153564 
623332094774586 984.311523 
623332134772816 984.382324 
623332174890524 984.375000 
623332214883649 984.443359 
623332254904639 984.487793 
623332294772816 984.516602 
623332334773128 984.633057 
623332374773753 984.704590 
623332414875993 984.707031 
623332454938128 984.700928 
623332494868180 984.703125 
623332534880368 984.687012 
623332574772868 984.747803 
623332614775264 984.812012 
623332654775576 984.883057 
623332694773909 984.932617 
623332734772816 984.742432 
623332774877139 984.441650 
623332814890003 984.121094 
623332854889743 983.991943 
623332894772555 983.949219 
623332934884899 983.939941 
623332974771566 983.985840 
623333014773128 984.033936 
623333054760107 984.085205 
623333094773493 984.116943 
623333134891618 984.158691 
623333174772555 984.197998 
623333214773909 984.247070 
623333254774847 984.325684 
623333294885316 984.352295 
623333334773232 984.426758 
623333374884951 984.450195 
623333414887347 984.521484 
623333454758857 984.641113 
623333494772868 984.738525 
623333534774170 984.742188 
623333574777347 984.717285 
623333614773753 984.692871 
623333654775055 984.678467 
623333694886357 984.678223 
623333734886253 984.754150 
623333774779951 984.875977 
623333814774743 984.932861 
623333854774326 984.862061 
623333894774639 984.625244 
623333934773076 984.275879 
623333974884170 984.025635 
623334014885264 983.979248 
623334054895107 983.937744 
623334094772816 983.950928 
623334134939847 984.018311 
623334174773076 984.061035 
623334214773076 984.104736 
623334254759118 984.153076 
623334294886305 984.196777 
623334334877816 984.245605 
623334374772034 984.342529 
623334414776149 984.379150 
623334454886618 984.410400 
623334494773441 984.434326 
623334534771566 984.464355 
623334574903961 984.517822 
623334614886878 984.662354 
623334654901826 984.710205 
623334694772816 984.712646 
623334734891670 984.695313 
623334774776982 984.682129 
623334814776253 984.657227 
623334854772295 984.711182 
623334894772868 984.770752 
623334934896514 984.854980 
623334974772816 984.832275 
623335014777711 984.679199 
623335054839639 984.342529 
623335094773805 984.065186 
623335134772816 983.955566 
623335174894743 983.914307 
623335214893597 983.941650 
623335254909066 983.994385 
623335294772816 984.050293 
623335334882243 984.106445 
623335374775316 984.146729 
623335414773441 984.183838 
623335454775420 984.214111 
623335494905680 984.275391 
623335534879691 984.334961 
623335574942868 984.366455 
623335614773336 984.462402 
623335654773545 984.550781 
623335694775576 984.649414 
623335734772451 984.749023 
623335774847034 984.760010 
623335814871357 984.752197 
623335854894795 984.744141 
623335894772295 984.736084 
623335934774274 984.697998 
623335974775917 984.703369 
623336014777064 984.725830 
623336054772324 984.769775 
623336094887897 984.750000 
623336134904459 984.568359 
623336174894876 984.324463 
623336214777168 984.069824 
623336254776439 984.017578 
623336294772741 983.997070 
623336334772897 983.996094 
623336374897324 984.051514 
623336414886699 984.114258 
623336454886803 984.171143 
623336494772689 984.221436 
623336534874772 984.250000 
623336574772480 984.280518 
623336614870553 984.321289 
623336654772428 984.339844 
623336694889459 984.388672 
623336734874303 984.388916 
623336774878418 984.392578 
623336814758678 984.516357 
623336854886178 984.711182 
623336894773470 984.840576 
623336934772793 984.888672 
623336974773678 984.846680 
623337014898991 984.766602 
623337054902897 984.701416 
623337094773001 984.655518 
623337134957637 984.676758 
623337174885866 984.740967 
623337214773053 984.823730 
623337254773209 984.817383 
623337294885553 984.626465 
623337334883939 984.284912 
623337374894199 984.021729 
623337414774251 983.921143 
623337454759355 983.901855 
623337494773834 983.937988 
623337534771178 984.001953 
623337574921334 984.045410 
623337614864772 984.087646 
623337654890032 984.125000 
623337694772168 984.177979 
623337734774824 984.231445 
623337774772949 984.311768 
623337814773053 984.402588 
623337854772428 984.535645 
623337894899512 984.439697 
623337934892480 984.432617 
623337974881387 984.514648 
623338014775866 984.660889 
623338054774980 984.706543 
623338094773887 984.682861 
623338134773157 984.674072 
623338174785293 984.687500 
623338214883834 984.787598 
623338254895241 984.849854 
623338294772168 984.951904 
623338334774564 985.043213 
623338374775241 984.804199 
623338414880449 984.330322 
623338454772428 984.065186 
623338494897897 983.954102 
623338534882064 983.904297 
623338574898730 983.932861 
623338614772168 983.973389 
623338654773991 984.023926 
623338694774303 984.093018 
623338734774043 984.133301 
623338774759199 984.158691 
623338814874043 984.255615 
623338854896126 984.421143 
623338894772689 984.481201 
623338934776022 984.568359 
623338974774564 984.523682 
623339014776647 984.491943 
623339054772845 984.536377 
623339094849407 984.589355 
623339134896959 984.604736 
623339174884251 984.621826 
623339214772220 984.643311 
623339254774772 984.708740 
623339294897793 984.778564 
623339334777012 984.922607 
623339374759564 984.992676 
623339414881491 984.766357 
623339454885137 984.495117 
623339494772428 984.087646 
623339534774720 983.992920 
623339574773678 983.910156 
623339614777116 983.895020 
623339654773470 983.937988 
623339694892845 983.987793 
623339734892480 984.045166 
623339774889355 984.111816 
623339814772220 984.148926 
623339854872220 984.217285 
623339894889147 984.370117 
623339934780241 984.425781 
623339974773939 984.471436 
623340014887949 984.504150 
623340054895657 984.490723 
623340094771907 984.486084 
623340134818157 984.589111 
623340174888314 984.629395 
623340214773939 984.627441 
623340254772168 984.635010 
623340294893314 984.653320 
623340334871022 984.684814 
623340374897897 984.775391 
623340414772168 984.863770 
623340454773626 984.959961 
623340494870397 984.893066 
623340534775605 984.628174 
623340574776282 984.235840 
623340614892637 984.009766 
623340654786074 983.956055 
623340694772741 983.901367 
623340734879824 983.929199 
623340774776543 983.986328 
623340814892845 984.039795 
623340854773001 984.088867 
623340894889199 984.120361 
623340934886334 984.163818 
623340974903574 984.269043 
623341014772949 984.395264 
623341054772741 984.438477 
623341094775918 984.507568 
623341134772116 984.500488 
623341174772168 984.534912 
623341214870657 984.616699 
623341254882324 984.654297 
623341294871647 984.650879 
623341334794251 984.630371 
623341374894355 984.619873 
623341414877272 984.627930 
623341454772845 984.741455 
623341494879980 984.813721 
623341534880553 984.954590 
623341574774251 985.012207 
623341614772480 984.792725 
623341654774564 984.514404 
623341694774928 984.090088 
623341734773782 984.010742 
623341774771855 983.903564 
623341814898366 983.885742 
623341854886855 983.925049 
623341894773522 983.969238 
623341934765293 984.028320 
623341974772532 984.079102 
623342014775397 984.107666 
623342054772949 984.161133 
623342094778887 984.282959 
623342134885501 984.357666 
623342174913001 984.472900 
623342214772168 984.478271 
623342254861751 984.496094 
623342294772949 984.479004 
623342334880449 984.590332 
623342374773209 984.616455 
623342414898574 984.613281 
623342454875605 984.600342 
623342494896907 984.622803 
623342534759251 984.681396 
623342574772480 984.802002 
623342614889355 984.973633 
623342654772689 984.866211 
623342694955501 984.645752 
623342734882220 984.214600 
623342774887584 983.982666 
623342814772689 983.914063 
623342854774616 983.878418 
623342894772845 983.924561 
623342934890762 983.977295 
623342974772689 984.040039 
623343014884720 984.117676 
623343054882845 984.152100 
623343094876751 984.194824 
623343134777116 984.324707 
623343174805032 984.450439 
623343214774824 984.559082 
623343254887689 984.476074 
623343294962689 984.473389 
623343334875970 984.498047 
623343374898418 984.583008 
623343414772168 984.623779 
623343454926699 984.619385 
623343494851126 984.622070 
623343534882689 984.620361 
623343574773001 984.683838 
623343614904928 984.809082 
623343654892532 984.887451 
623343694885657 984.961914 
623343734772220 984.927490 
623343774773834 984.701904 
623343814774512 984.230713 
623343854775449 984.004883 
623343894761178 983.899658 
623343934882428 983.856445 
623343974901126 983.895752 
623344014772168 983.939453 
623344054774407 983.983887 
623344094772428 984.060547 
623344134866959 984.114990 
623344174772324 984.153076 
623344214893105 984.275391 
623344254773470 984.403320 
623344294778366 984.435059 
623344334773001 984.496338 
623344374874980 984.471680 
623344414773834 984.449951 
623344454775970 984.528564 
623344494774772 984.580078 
623344534883991 984.585205 
623344574888834 984.604736 
623344614772689 984.640869 
623344654775084 984.661865 
623344694879355 984.719482 
623344734775293 984.891846 
623344774772376 985.027344 
623344814884303 984.873291 
623344854772376 984.653809 
623344894897324 984.195801 
623344934772689 984.001953 
623344974903991 983.958496 
623345014775084 983.911621 
623345054775709 983.917725 
623345094759928 983.974609 
623345134879928 984.070801 
623345174886959 984.131836 
623345214772949 984.169434 
623345254773887 984.267334 
623345294775241 984.443848 
623345334777012 984.491943 
623345374772949 984.597900 
623345414888418 984.568115 
623345454888053 984.541992 
623345494889407 984.451172 
623345534771751 984.514160 
623345574773887 984.531738 
623345614775241 984.542969 
623345654773887 984.563965 
623345694775657 984.596436 
623360192812897 983.868164 
623360232815970 983.924561 
623360272816699 983.978027 
623360312807845 984.028076 
623360352816230 984.088379 
623360392816230 984.132568 
623360432816907 984.162354 
623360472867532 984.192627 
623360512816126 984.210693 
623360552816074 984.220947 
623360592817428 984.287354 
623360632808366 984.328369 
