# Created at Fri Mar 14 12:05:44 GMT+01:00 2025 in Burnaby Canada 
157775824243616 986.498047 
157775924231716 986.501465 
157776024219882 986.499268 
157776124208115 986.512451 
157776224196315 986.504395 
157776324184515 986.506104 
157776424172748 986.507324 
157776524160981 986.505859 
157776624149181 986.498047 
157776724137381 986.499023 
157776824125481 986.501953 
157776924113347 986.505371 
157777024101213 986.505615 
157777124089413 986.502197 
157777224077613 986.508301 
157777324065779 986.507324 
157777424053945 986.504639 
157777524042111 986.500732 
157777624030311 986.499023 
157777724018477 986.498291 
157777824006643 986.497803 
157777923994676 986.509521 
157778023982542 986.510254 
157778123970408 986.505127 
157778223958408 986.500977 
157778323946408 986.502197 
157778423934374 986.508545 
157778523922340 986.504883 
157778623910340 986.499023 
157778723898340 986.504639 
157778823886306 986.504150 
157778923874272 986.513428 
157779023862205 986.512939 
157779123850071 986.514648 
157779223838137 986.509766 
157779323826370 986.507568 
157779423814570 986.504150 
157779523802770 986.504883 
157779623791003 986.504639 
157779723779236 986.508545 
157779823767436 986.508545 
157779923755636 986.516113 
157780023743836 986.515869 
157780123731736 986.517334 
157780223719636 986.524902 
157780323707769 986.523682 
157780423696002 986.515137 
157780523684235 986.512207 
157780623672435 986.516113 
157780723660635 986.514160 
157780823648935 986.517822 
157780923637168 986.520752 
157781023625368 986.523926 
157781123613568 986.520264 
157781223601668 986.518555 
157781323589834 986.520264 
157781423578067 986.516602 
157781523566300 986.513672 
157781623554500 986.518066 
157781723542700 986.518066 
157781823531000 986.520508 
157781923519233 986.519043 
157782023507433 986.512695 
157782123495633 986.511475 
157782223483666 986.513184 
157782323471599 986.511963 
157782423459499 986.519531 
157782523447699 986.519531 
157782623435865 986.525635 
157782723424031 986.519775 
157782823412264 986.521240 
157782923400464 986.521729 
157783023388664 986.526855 
157783123376830 986.519043 
157783223364996 986.522217 
157783323353029 986.523438 
157783423340895 986.526611 
157783523328795 986.529297 
157783623316795 986.530762 
157783723304795 986.534912 
157783823292761 986.536865 
157783923280727 986.532227 
157784023268727 986.545410 
157784123256727 986.540283 
157784223244693 986.540283 
157784323232659 986.537598 
157784423220525 986.537598 
157784523208391 986.532715 
157784623196524 986.527588 
157784723184757 986.522949 
157784823172957 986.524170 
157784923161157 986.525146 
157785023149390 986.524414 
157785123137623 986.526855 
157785223125823 986.530273 
157785323114023 986.531494 
157785423102223 986.537109 
157785523090123 986.532471 
157785623078023 986.531250 
157785723066189 986.522461 
157785823054422 986.522705 
157785923042622 986.518311 
157786023030822 986.516846 
157786123019055 986.522949 
157786223007288 986.519775 
157786322995488 986.523193 
157786422983688 986.514404 
157786522971854 986.510010 
157786622959954 986.518311 
157786722948054 986.520996 
157786822936287 986.525146 
157786922924520 986.521484 
157787022912720 986.521484 
157787122900920 986.523926 
157787222889153 986.522461 
157787322877386 986.522705 
157787422865586 986.515137 
157787522853786 986.515869 
157787622841752 986.520996 
157787722829618 986.526855 
157787822817618 986.534424 
157787922805851 986.533203 
157788022794051 986.530029 
157788122782251 986.520020 
157788222770484 986.521240 
157788322758717 986.519287 
157788422746917 986.523926 
157788522735117 986.534424 
157788622723350 986.540039 
157788722711316 986.545654 
157788822699216 986.547852 
157788922687316 986.553711 
157789022675549 986.550781 
157789122663749 986.541748 
157789222651949 986.545410 
157789322640149 986.542969 
157789422628382 986.542969 
157789522616615 986.541016 
157789622604815 986.536133 
157789722593015 986.542480 
157789822581115 986.539551 
157789922569215 986.535889 
157790022557448 986.537598 
157790122545681 986.535645 
157790222533881 986.532471 
157790322522081 986.537598 
157790422510314 986.529053 
157790522498547 986.531250 
157790622486747 986.532959 
157790722474947 986.537842 
157790822463047 986.537109 
157790922450913 986.533691 
157791022438779 986.538818 
157791122426979 986.541260 
157791222415145 986.537598 
157791322403311 986.536133 
157791422391477 986.533203 
157791522379677 986.536377 
157791622367843 986.537109 
157791722356009 986.535156 
157791822344175 986.536621 
157791922332175 986.534180 
157792022320041 986.541992 
157792122307941 986.539551 
157792222295941 986.531006 
157792322283941 986.540527 
157792422271907 986.540527 
157792522259873 986.539551 
157792622247873 986.547607 
157792722235873 986.552490 
157792822223839 986.550537 
157792922211805 986.545654 
157793022199671 986.546387 
157793122187537 986.549561 
157793222175637 986.538330 
157793322163837 986.536377 
157793422152003 986.533691 
157793522140169 986.523926 
157793622128335 986.532471 
157793722116535 986.534912 
157793822104701 986.540527 
157793922092867 986.542480 
157794022081033 986.542480 
157794122068899 986.551270 
157794222056765 986.557129 
157794322044765 986.542725 
157794422032765 986.536865 
157794522020731 986.528320 
157794622008697 986.525146 
157794721996697 986.533203 
157794821984697 986.533936 
157794921972663 986.533936 
157795021960629 986.539063 
157795121948595 986.544434 
157795221936461 986.546875 
157795321924361 986.548340 
157795421912594 986.547363 
157795521900827 986.550049 
157795621889027 986.547119 
157795721877227 986.549805 
157795821865460 986.541748 
157795921853693 986.542725 
157796021841893 986.539795 
157796121830093 986.543701 
157796221818093 986.544678 
157796321805993 986.541992 
157796421794026 986.540283 
157796521782259 986.542236 
157796621770492 986.542725 
157796721758692 986.540771 
157796821746892 986.530273 
157796921735125 986.535400 
157797021723358 986.533691 
157797121711558 986.538818 
157797221699758 986.539551 
157797321687858 986.540771 
157797421675958 986.537109 
157797521664124 986.530273 
157797621652357 986.534424 
157797721640557 986.535400 
157797821628757 986.539795 
157797921616990 986.536865 
157798021605223 986.536865 
157798121593423 986.541992 
157798221581623 986.541260 
157798321569789 986.540527 
157798421557655 986.541992 
157798521545521 986.540039 
157798621533687 986.545654 
157798721521920 986.544434 
157798821510120 986.538330 
157798921498320 986.543701 
157799021486553 986.539063 
157799121474786 986.541504 
157799221462986 986.536865 
157799321451186 986.543945 
157799421439286 986.545166 
157799521427186 986.542725 
157799621415086 986.545166 
157799721403319 986.546143 
157799821391552 986.544922 
157799921379752 986.545166 
157800021367952 986.549805 
157800121356185 986.547119 
157800221344418 986.541992 
157800321332618 986.545166 
157800421320818 986.544922 
157800521308984 986.547119 
157800621297084 986.541016 
157800721285184 986.547607 
157800821273417 986.536865 
157800921261617 986.540039 
157801021249817 986.534180 
157801121238017 986.530273 
157801221226250 986.535156 
157801321214483 986.541748 
157801421202683 986.545166 
157801521190883 986.542725 
157801621178816 986.540527 
157801721166682 986.545898 
157801821154748 986.543701 
157801921142948 986.537842 
157802021131114 986.541016 
157802121119280 986.543701 
157802221107446 986.542725 
157802321095646 986.542236 
157802421083812 986.540039 
157802521071978 986.534424 
157802621060144 986.542236 
157802721048010 986.542236 
157802821035876 986.541504 
157802921023876 986.539063 
157803021011876 986.541504 
157803120999842 986.545654 
157803220987808 986.545654 
157803320975808 986.543457 
157803420963808 986.541992 
157803520951774 986.540771 
157803620939740 986.536865 
157803720927740 986.545654 
157803820915606 986.547363 
157803920903506 986.558350 
157804020891706 986.556152 
157804120879906 986.551270 
157804220868072 986.545654 
157804320856238 986.542969 
157804420844438 986.547852 
157804520832638 986.543457 
157804620820804 986.547852 
157804720808970 986.547852 
157804820796936 986.547852 
157804920784802 986.550049 
157805020772702 986.543457 
157805120760702 986.543457 
157805220748702 986.548828 
157805320736668 986.543945 
157805420724634 986.547363 
157805520712634 986.543213 
157805620700634 986.541504 
157805720688600 986.543945 
157805820676566 986.551025 
157805920664432 986.551025 
157806020652298 986.557373 
157806120640431 986.553955 
157806220628664 986.556885 
157806320616864 986.550781 
157806420605064 986.551025 
157806520593297 986.556885 
157806620581597 986.546387 
157806720569797 986.550049 
157806820557997 986.543457 
157806920546197 986.543945 
157807020534097 986.555176 
157807120522063 986.545898 
157807220510229 986.547607 
157807320498462 986.553955 
157807420486662 986.553223 
157807520474862 986.549072 
157807620463128 986.550537 
157807720451361 986.547607 
157807820439594 986.547852 
157807920427794 986.544189 
157808020415960 986.541260 
157808120404126 986.546875 
157808220392226 986.541992 
157808320380459 986.539307 
157808420368692 986.536133 
157808520356892 986.547607 
157808620345158 986.547852 
157808720333391 986.544189 
157808820321624 986.546143 
157808920309824 986.549561 
157809020298024 986.546143 
157809120286057 986.549561 
157809220273923 986.547852 
157809320261923 986.541260 
157809420250123 986.541748 
157809520238289 986.528076 
157809620226455 986.530273 
157809720214621 986.531982 
157809820202821 986.533936 
157809920190987 986.531982 
157810020179153 986.531250 
157810120167319 986.524902 
157810220155252 986.536133 
157810320143118 986.540527 
157810420131118 986.532959 
157810520119118 986.531006 
157810620107118 986.530273 
157810720095084 986.537109 
157810820083050 986.534912 
157810920071050 986.538818 
157811020059050 986.539551 
157811120047016 986.538574 
157811220035016 986.532715 
157811320022882 986.545898 
157811420010748 986.545166 
157811519998914 986.542236 
157811619987147 986.544678 
157811719975347 986.537842 
157811819963547 986.543701 
157811919951780 986.541504 
157812019940013 986.545654 
157812119928213 986.537354 
157812219916413 986.535645 
157812319904513 986.536133 
157812419892413 986.536621 
157812519880313 986.532227 
157812619868546 986.538818 
157812719856779 986.538818 
157812819844979 986.537842 
157812919833179 986.535156 
157813019821412 986.534424 
157813119809645 986.534912 
157813219797845 986.537842 
157813319786045 986.538818 
157813419774145 986.534180 
157813519762245 986.535889 
157813619750378 986.538086 
157813719738611 986.540283 
157813819726844 986.537842 
157813919715044 986.540039 
157814019703244 986.544922 
157814119691477 986.541992 
157814219679677 986.545898 
157814319667877 986.541992 
157814419656077 986.539551 
157814519644010 986.545654 
157814619631876 986.542969 
157814719619976 986.545898 
157814819608176 986.537598 
157814919596342 986.535889 
157815019584508 986.540771 
157815119572674 986.544189 
157815219560874 986.539551 
157815319549040 986.550049 
157815419537206 986.552002 
157815519525372 986.547852 
157815619513238 986.549072 
157815719501104 986.546875 
157815819489104 986.537109 
157815919477104 986.536621 
157816019465070 986.533691 
157816119453036 986.532227 
157816219441036 986.528076 
157816319429036 986.531494 
157816419417002 986.532471 
157816519404968 986.527100 
157816619392934 986.531006 
157816719380800 986.531982 
157816819368700 986.525635 
157816919356933 986.529785 
157817019345166 986.527832 
157817119333366 986.520508 
157817219321566 986.529053 
157817319309799 986.542480 
157817419298032 986.540039 
157817519286232 986.535645 
157817619274432 986.537109 
157817719262432 986.528076 
157817819250332 986.523438 
157817919238365 986.525146 
157818019226598 986.523193 
157818119214831 986.524658 
157818219203031 986.526611 
157818319191231 986.525391 
157818419179464 986.532715 
157818519167697 986.531738 
157818619155897 986.533203 
157818719144097 986.543701 
157818819132197 986.540283 
157818919120297 986.528076 
157819019108463 986.527588 
157819119096696 986.526123 
157819219084896 986.526123 
157819319073096 986.519531 
157819419061329 986.523682 
157819519049562 986.533203 
157819619037762 986.534668 
157819719025962 986.529053 
157819819014162 986.535645 
157819919002028 986.538330 
157820018989894 986.543213 
157820118978027 986.538086 
157820218966260 986.536133 
157820318954460 986.532471 
157820418942660 986.528809 
157820518930893 986.531250 
157820618919126 986.533936 
157820718907326 986.532471 
157820818895526 986.537598 
157820918883626 986.534668 
157821018871526 986.525146 
157821118859426 986.529785 
157821218847659 986.530029 
157821318835892 986.525146 
157821418824092 986.527832 
157821518812292 986.532715 
157821618800525 986.532471 
157821718788758 986.532227 
157821818776958 986.528076 
157821918765158 986.540283 
157822018753324 986.535156 
157822118741424 986.530029 
157822218729524 986.542969 
157822318717757 986.540039 
157822418705957 986.537598 
157822518694157 986.532471 
157822618682357 986.540527 
157822718670590 986.544189 
157822818658790 986.541260 
157822918646990 986.542236 
157823018635190 986.541992 
157823118623156 986.538574 
157823218611022 986.533203 
157823318599088 986.533691 
157823418587288 986.525635 
157823518575454 986.520996 
157823618563620 986.524658 
157823718551786 986.535400 
157823818539986 986.530273 
157823918528152 986.541016 
157824018516318 986.539551 
157824118504484 986.537598 
157824218492350 986.535156 
157824318480216 986.537354 
157824418468216 986.533203 
157824518456216 986.537354 
157824618444182 986.530029 
157824718432148 986.523682 
157824818420148 986.526855 
157824918408148 986.528564 
157825018396114 986.530762 
157825118384080 986.541016 
157825218372080 986.539795 
157825318359946 986.537109 
157825418347846 986.538086 
157825518336046 986.539551 
157825618324246 986.535156 
157825718312412 986.536377 
157825818300578 986.541748 
157825918288778 986.549072 
157826018276978 986.543701 
157826118265144 986.535156 
157826218253310 986.534668 
157826318241276 986.545898 
157826418229142 986.539307 
157826518217042 986.537598 
157826618205042 986.534424 
157826718193042 986.530273 
157826818181008 986.525146 
157826918168974 986.520996 
157827018156974 986.514893 
157827118144974 986.520264 
157827218132940 986.530273 
157827318120906 986.536621 
157827418108772 986.541748 
157827518096638 986.534424 
157827618084738 986.525879 
157827718072971 986.527100 
157827818061171 986.532227 
157827918049371 986.523438 
157828018037604 986.526123 
157828118025837 986.528564 
157828218014037 986.524658 
157828318002237 986.522461 
157828417990437 986.518311 
157828517978337 986.521484 
157828617966237 986.523682 
157828717954403 986.521729 
157828817942636 986.509033 
157828917930836 986.500488 
157829017919036 986.498291 
157829117907236 986.497559 
157829217895469 986.509033 
157829317883702 986.518799 
157829417871902 986.518799 
157829517860068 986.525146 
157829617848168 986.531006 
157829717836268 986.537354 
157829817824501 986.530029 
157829917812734 986.528809 
157830017800934 986.529785 
157830117789134 986.530273 
157830217777367 986.522217 
157830317765600 986.527100 
157830417753800 986.531494 
157830517742000 986.523682 
157830617730000 986.529053 
157830717717866 986.530273 
157830817705866 986.537354 
157830917694066 986.530762 
157831017682232 986.534668 
157831117670398 986.533936 
157831217658564 986.527832 
157831317646764 986.521973 
157831417634930 986.520996 
157831517623096 986.522461 
157831617611262 986.522461 
157831717599195 986.520508 
157831817587061 986.526855 
157831917575061 986.527588 
157832017563061 986.515625 
157832117551061 986.516846 
157832217539027 986.516113 
157832317527027 986.524170 
157832417515027 986.531006 
157832517503027 986.535889 
157832617490993 986.537109 
157832717478993 986.536133 
157832816570108 986.528809 
157832916558041 986.527344 
157833016546207 986.525635 
157833116534440 986.520508 
157833216522640 986.521484 
157833316510840 986.528076 
157833416499140 986.528076 
157833516487373 986.525635 
157833616475573 986.522461 
157833716463773 986.518799 
157833816451873 986.518555 
157833916439839 986.523193 
157834016427739 986.521484 
157834116415972 986.513672 
157834216404205 986.514893 
157834316392405 986.511475 
157834416380671 986.515137 
157834516368904 986.511719 
157834616357137 986.518066 
157834716345337 986.520508 
157834816333537 986.517090 
157834916321670 986.514160 
157835016309770 986.514160 
157835116297870 986.517334 
157835216286103 986.525879 
157835316274303 986.519287 
157835416262569 986.524658 
157835516250769 986.529785 
157835616239002 986.524902 
157835716227202 986.528809 
157835816215402 986.526611 
157835916203602 986.525879 
157836016191535 986.516846 
157836116179401 986.514160 
157836216167501 986.514648 
157836316155701 986.508789 
157836416143867 986.506592 
157836516132033 986.508301 
157836616120199 986.503418 
157836716108399 986.510010 
157836816096565 986.512451 
157836916084731 986.507324 
157837016072897 986.509277 
157837116060763 986.504883 
157837216048629 986.502930 
157837316036629 986.507324 
157837416024629 986.501953 
157837516012595 986.503662 
157837616000561 986.507813 
157837715988561 986.510254 
157837815976561 986.509033 
157837915964561 986.509277 
157838015952527 986.511719 
157838115940527 986.513428 
157838215928393 986.510498 
157838315916293 986.506592 
157838415904526 986.514893 
157838515892759 986.515869 
157838615880959 986.526123 
157838715869159 986.517578 
157838815857392 986.519775 
157838915845625 986.523438 
157839015833825 986.532227 
157839115822025 986.519043 
157839215810025 986.525146 
157839315797925 986.525391 
157839415785858 986.525635 
157839515774091 986.521729 
157839615762324 986.523682 
157839715750524 986.519287 
157839815738724 986.523438 
157839915726957 986.533203 
157840015715190 986.535400 
157840115703390 986.538086 
157840215691590 986.537354 
157840315679690 986.533936 
157840415667790 986.525635 
157840515655956 986.522217 
157840615644189 986.517090 
157840715632389 986.513184 
157840815620589 986.517822 
157840915608822 986.522217 
157841015597055 986.523926 
157841115585255 986.526367 
157841215573455 986.530518 
157841315561655 986.537598 
157841415549521 986.536377 
157841515537387 986.532715 
157841615525520 986.533691 
157841715513720 986.536377 
157841815501886 986.536133 
157841915490052 986.539307 
157842015478218 986.534424 
157842115466418 986.539795 
157842215454584 986.541016 
157842315442750 986.531494 
157842415430883 986.531494 
157842515418749 986.538818 
157842615406615 986.541992 
157842715394615 986.544189 
157842815382615 986.539795 
157842915370581 986.537109 
157843015358547 986.534180 
157843115346547 986.539063 
157843215334547 986.537354 
157843315322513 986.533203 
157843415310479 986.538818 
157843515298412 986.532471 
157843615286278 986.536865 
157843715274344 986.537842 
157843815262577 986.539795 
157843915250777 986.541260 
157844015238977 986.530762 
157844115227177 986.526123 
157844215215410 986.525635 
157844315203610 986.524414 
157844415191810 986.525146 
157844515180010 986.531250 
157844615167976 986.528564 
157844715155876 986.536133 
157844815143976 986.532715 
157844915132209 986.532959 
157845015120442 986.530029 
157845115108642 986.538818 
157845215096842 986.539551 
157845315085075 986.545898 
157845415073308 986.550537 
157845515061508 986.555420 
157845615049708 986.554199 
157845715037808 986.546875 
157845815025908 986.541748 
157845915014141 986.537842 
157846015002374 986.542725 
157846114990574 986.539795 
157846214978774 986.533691 
157846314967007 986.536377 
157846414955240 986.540283 
157846514943440 986.540039 
157846614931640 986.543701 
157846714919673 986.541992 
157846814907539 986.537842 
157846914895405 986.541504 
157847014883605 986.538818 
157847114871805 986.541260 
157847214859971 986.536377 
157847314848137 986.544189 
157847414836337 986.549561 
157847514824537 986.555420 
157847614812703 986.560059 
157847714800869 986.552490 
157847814788869 986.549072 
157847914776735 986.552002 
157848014764635 986.542969 
157848114752635 986.545410 
157848214740635 986.544922 
157848314728601 986.540527 
157848414716567 986.540771 
157848514704567 986.543457 
157848614692567 986.554932 
157848714680533 986.554932 
157848814668499 986.547852 
157848914656365 986.550537 
157849014644231 986.560059 
157849114632331 986.555664 
157849214620564 986.545898 
157849314608764 986.547363 
157849414596964 986.542725 
157849514585197 986.551514 
157849614573430 986.541504 
157849714561630 986.546875 
157849814549830 986.548340 
157849914538063 986.552246 
157850014525963 986.557129 
157850114513863 986.560303 
157850214502029 986.557861 
157850314490262 986.557861 
157850414478462 986.555176 
157850514466662 986.562988 
157850614454862 986.563721 
157850714443095 986.554443 
157850814431295 986.556885 
157850914419495 986.557373 
157851014407661 986.556152 
157851114395761 986.563965 
157851214383861 986.561279 
157851314372094 986.557861 
157851414360327 986.553955 
157851514348527 986.541260 
157851614336727 986.543213 
157851714324960 986.547852 
157851814313193 986.556885 
157851914301393 986.552490 
157852014289593 986.546631 
157852114277593 986.544434 
157852214265459 986.544434 
157852314253459 986.541992 
157852414241659 986.544922 
157852514229825 986.552490 
157852614217991 986.552490 
157852714206157 986.555176 
157852814194357 986.558838 
157852914182523 986.563477 
157853014170689 986.561279 
157853114158855 986.554199 
157853214146788 986.552490 
157853314134654 986.545654 
157853414122587 986.546143 
157853514110587 986.542236 
157853614098587 986.545166 
157853714086553 986.531494 
157853814074553 986.531006 
157853914062553 986.536621 
157854014050553 986.539551 
157854114038519 986.528320 
157854214026519 986.526367 
157854314014385 986.521973 
157854414002251 986.526855 
157854513990417 986.526123 
157854613978650 986.521240 
157854713966850 986.524658 
157854813955050 986.529541 
157854913943283 986.534180 
157855013931516 986.525879 
157855113919716 986.520996 
157855213907916 986.518555 
157855313896016 986.520264 
157855413883916 986.518066 
157855513871816 986.521973 
157855613860049 986.517822 
157855713848282 986.512451 
157855813836482 986.518799 
157855913824682 986.526611 
157856013812915 986.535400 
157856113801148 986.533203 
157856213789348 986.526367 
157856313777548 986.523926 
157856413765681 986.515625 
157856513753781 986.508789 
157856613741881 986.505371 
157856713730114 986.505859 
157856813718314 986.509766 
157856913706514 986.514404 
