# Created at Fri Jan 31 08:41:56 GMT+01:00 2025 in Burnaby Canada 
71686761743872 -0.228311 0.262825 -0.421955 
71686780501840 -0.319024 -0.043524 -0.476933 
71686799259809 -0.471129 -0.162643 -0.545350 
71686818017726 -0.606131 -0.025809 -0.560010 
71686836775695 -0.707534 0.237474 -0.501367 
71686855533663 -0.804356 0.441503 -0.472351 
71686874291580 -1.028544 0.364839 -0.633314 
71686893049549 -1.057560 0.077122 -0.594830 
71686911807517 -0.816268 -0.196546 -0.421344 
71686930565434 -0.755487 0.056658 -0.253356 
71686949323403 -0.742659 0.258243 0.079871 
71686968081372 -0.550847 0.538630 0.703564 
71686986839288 -0.167224 0.764039 1.068555 
71687005597309 0.228005 1.021519 1.069471 
71687024355226 0.418595 1.100931 0.914312 
71687043113142 0.487317 1.055116 0.821766 
71687061871163 0.510530 0.832151 0.699898 
71687080629080 0.527940 0.417068 0.546571 
71687099386997 0.657749 -0.157756 0.291230 
71687118145017 0.956462 -0.897819 0.377056 
71687136902882 0.954018 -1.125366 0.413403 
71687155660851 0.415235 -1.158047 -0.032223 
71687174418820 0.019700 -1.078940 -0.333379 
71687193176788 -0.092699 -1.108261 -0.455858 
71687211934705 -0.121409 -0.805578 -0.648280 
71687230692674 -0.169668 -0.308945 -0.698677 
71687249450642 -0.069791 -0.274736 -0.348040 
71687268208559 0.215177 -0.589637 -0.060017 
71687286966528 0.545960 -1.028849 -0.211206 
71687305724497 0.557567 -1.173013 -0.622929 
71687324482413 0.530994 -1.210581 -0.681267 
71687343240382 0.556956 -1.473253 -0.693790 
71687361998351 0.295200 -2.011730 -0.828485 
71687380756267 0.090255 -1.626580 -1.104596 
71687399514236 0.169668 -1.054200 -1.044426 
71687418272205 0.144011 -1.351996 -0.823598 
71687437030122 -0.231976 -0.988226 -0.562759 
71687455788038 -0.587805 0.605825 -0.026420 
71687474546059 -0.730747 1.589317 -0.142179 
71687493303976 -0.693179 1.933845 -0.475406 
71687512061892 -0.519999 1.648266 -0.409127 
71687530819913 -0.239612 -0.273515 -0.307418 
71687549577830 0.172111 -1.255480 0.039248 
71687568335747 0.174249 -0.215788 0.238390 
71687587093767 -0.339488 1.182482 0.023366 
71687605851684 -0.647364 0.895375 -0.077427 
71687624609601 -0.174249 -0.244193 0.043219 
71687643367622 0.473267 -0.719141 0.029780 
71687662125538 0.383470 -0.344070 -0.056963 
71687680883455 -0.439364 0.149509 -0.164781 
71687699641476 -0.888350 0.114690 -0.038332 
71687718399392 -0.500146 -0.745713 0.175165 
71687737157309 0.183107 -1.053284 0.180969 
71687755915330 0.052076 -0.372475 0.009927 
71687774673247 -0.707534 0.379194 -0.013286 
71687793431163 -0.854142 0.342237 0.086590 
71687812189184 -0.138208 -0.253356 0.114384 
71687830947101 0.482736 -0.460745 0.085979 
71687849705017 0.455247 -0.268322 -0.104305 
71687868463038 0.202654 -0.219148 -0.335212 
71687887220955 0.140041 -0.155312 -0.265879 
71687905978872 -0.049022 -0.184939 0.046884 
71687924736892 -0.026114 -0.593913 0.019090 
71687943494809 0.009010 -0.880409 -0.150425 
71687962252778 0.129351 -1.093906 -0.248164 
71687981010695 0.494342 -1.421024 -0.017562 
71687999768663 0.596051 -2.060905 0.098197 
71688018526632 0.152563 -2.013563 -0.054825 
71688037284601 0.116522 -1.932623 -0.213955 
71688056042517 1.073442 -3.058142 0.283594 
71688074800538 1.806174 -4.236805 0.880714 
71688093558455 0.909425 -3.588372 1.015715 
71688112316424 -0.126296 -1.929569 1.091157 
71688131074392 -1.300073 1.007163 0.492204 
71688149832309 -1.686139 0.929278 0.539241 
71688168590278 -0.849866 -1.700800 0.981202 
71688187348247 0.356287 -4.071872 1.552360 
71688206106163 1.197753 -5.043147 2.102749 
71688224864184 1.250898 -4.746572 2.601826 
71688243622101 0.858418 -4.143954 2.749655 
71688262380070 -0.029780 -3.705048 2.823875 
71688281138038 -1.077413 -2.845561 2.869385 
71688299895955 -1.565188 -2.191325 2.629925 
71688318653976 -1.289688 -1.830609 2.340070 
71688337411892 -1.006247 -1.414916 2.155895 
71688356169913 -1.252120 -0.869413 1.901469 
71688374927830 -1.641241 -0.443030 1.675755 
71688393685799 -1.843437 -0.097891 1.709047 
71688412443767 -1.841910 0.491593 1.775937 
71688431201736 -1.426217 1.164766 1.656207 
71688449959705 -0.723722 0.939663 1.457371 
71688468717622 -0.216093 0.556040 1.136361 
71688487475642 -0.110414 0.250302 0.523664 
71688506233559 -0.476016 0.610101 0.317497 
71688524991580 -0.872773 1.560607 0.681878 
71688543749497 -0.983645 1.480278 0.837648 
71688562507465 -0.825126 0.683710 0.741132 
71688581265434 -0.607352 0.436921 0.632703 
71688644576215 0.313526 0.298866 -0.199600 
71688663334184 0.512668 0.124769 -0.152563 
71688682092153 0.290313 0.466853 0.029474 
71688700850122 -0.179442 1.000138 0.067348 
71688719608090 -0.419511 1.242652 -0.175776 
71688738366059 -0.400575 1.412472 -0.498924 
71688757124028 -0.243582 1.248150 -0.761596 
71688775881997 -0.163559 0.704480 -0.812297 
71688794639965 -0.141568 0.303142 -0.690735 
71688813397934 -0.049327 0.012981 -0.599716 
71688832155903 0.104000 -0.059712 -0.581391 
71688850913872 0.282372 -0.087201 -0.509309 
71688869671840 0.400269 -0.305891 -0.355981 
71688888429809 0.466243 -0.858112 -0.235030 
71688907187778 0.653778 -1.288161 -0.045051 
71688925945747 0.935387 -1.570992 0.154702 
71688944703715 1.187063 -1.626580 0.357509 
71688963461684 1.213330 -1.583820 0.334296 
71688982219653 0.753349 -1.484249 0.140041 
71689000977622 -0.009010 -0.957072 -0.005956 
71689019735642 -0.660192 0.077122 -0.056047 
71689038493559 -1.009607 0.901789 -0.038332 
71689057251580 -0.896597 0.733801 -0.054825 
71689076009549 -0.235030 -0.399964 -0.114079 
71689094767517 0.494953 -1.512959 0.201127 
71689113525486 0.840703 -1.531285 0.302531 
71689132283455 0.556040 -0.915534 0.323300 
71689151041424 0.342848 -0.541074 0.397826 
71689169799445 0.361785 -0.567952 0.488845 
71689188557413 0.542601 -1.090241 0.440586 
71689207315382 0.911563 -1.654069 0.394161 
71689226073351 1.257923 -2.110996 0.508392 
71689244831320 1.534034 -2.664439 0.611018 
71689263589340 1.729511 -3.046841 0.673937 
71689282347309 1.555414 -3.038289 0.666606 
71689301105278 1.405753 -3.066388 0.499229 
71689319863247 1.066723 -2.441474 0.179747 
71689338621267 0.337350 -1.316261 0.229227 
71689357379236 0.229838 -1.233794 0.045968 
71689376137205 0.264657 -1.556331 -0.405461 
71689394895174 0.031918 -1.410945 -0.476322 
71689413653195 -0.159283 -0.703564 -0.467770 
71689432411163 -0.093310 -0.195324 -0.713337 
71689451169132 -0.010232 0.114995 -0.963792 
71689469927153 0.210290 -0.162337 -1.059698 
71689488685122 0.536492 -0.833678 -0.770759 
71689507443090 1.088103 -1.316261 0.109498 
71689526201111 0.843757 -0.556956 -0.093310 
71689544959080 0.384387 0.553596 -0.363312 
71689563717049 -0.040775 0.964097 -0.510530 
71689582475070 -0.084757 0.663552 -0.299782 
71689601233038 0.450971 -0.340710 0.300087 
71689619991059 0.968373 -1.113454 1.039845 
71689638749028 1.378875 -1.435380 1.979965 
71689657506997 1.257312 -0.361479 2.563341 
71689676265017 1.096655 0.009927 2.654971 
71689695022986 1.070999 0.303753 2.255466 
71689713781007 0.372169 0.926224 1.212719 
71689732538976 0.051465 1.109483 0.461356 
71689751296997 -0.173333 2.428951 0.406378 
71689770054965 0.028863 1.738674 0.229838 
71689788812986 -0.349262 -0.114690 1.196837 
71689807570955 -1.799455 -3.162294 1.918268 
71689826328976 -3.438405 -4.965567 4.004982 
71689845086945 -2.038303 -0.217926 5.496714 
71689863844965 1.155909 2.240805 5.212051 
71689882602986 2.086867 -0.848949 3.428326 
71689901360955 1.637270 -1.904524 1.573740 
71689920118976 0.900567 -1.435990 -0.145233 
71689938876945 -0.186161 0.238390 -0.274126 
71689957634965 -0.787863 -0.294895 -0.379805 
71689976392934 -0.204487 -1.070082 0.109498 
71689995150955 1.230434 -1.382845 0.920726 
71690013908924 0.950658 -0.983950 0.989754 
71690032666945 0.516333 -0.829402 1.070388 
71690051424965 0.841314 -1.131169 1.537699 
71690070182986 1.220050 -1.274111 2.464992 
71690088940955 1.556025 -1.069471 3.056309 
71690107698976 1.005025 -1.886198 2.041663 
71690126456997 0.407600 -0.921031 2.417955 
71690145214965 0.429591 -0.694401 3.107011 
71690163972986 0.994641 -1.318704 3.435045 
71690182731007 1.381318 -2.040746 2.877326 
71690201489028 1.801593 -3.064556 1.433852 
71690220246997 1.035568 -0.877049 0.659887 
71690239005538 0.766177 -0.770759 0.779616 
71690257763038 0.815046 -1.449429 2.431395 
71690276521007 0.763734 -1.298546 2.289063 
71690295279028 0.549931 -1.473253 1.945146 
71690314037049 0.410043 -1.390176 1.750891 
71690332795070 0.152869 -0.818406 1.370322 
71690351553090 -0.004123 -0.342542 0.837648 
71690370311059 -0.118966 -0.148287 0.147982 
71690389069080 -0.209985 -0.033445 -0.164781 
71690407827101 -0.234419 -0.001680 -0.252745 
71690426585122 -0.299171 0.199295 -0.330325 
71690445343142 0.334296 -0.125075 0.149204 
71690464101111 0.574976 0.008094 0.168751 
71690482859132 0.155923 0.130878 -0.024282 
71690501617153 -0.024893 -0.115912 0.149204 
71690520375174 -0.032223 -0.065210 0.071013 
71690539133195 -0.332769 -0.008399 -0.177609 
71690557891215 -0.467159 -0.206930 -0.068875 
71690576649236 -0.454942 -0.207541 -0.073762 
71690595407257 -0.630871 -0.133627 0.019700 
71690614165174 -0.717003 -0.085979 0.063683 
71690632923299 -0.744491 0.014203 0.027642 
71690651681267 -0.870330 0.256105 -0.144011 
71690670439288 -0.768315 0.257327 -0.169057 
71690689197309 -0.607658 0.087506 -0.184939 
71690707955330 -0.632092 -0.122020 -0.187383 
71690726713351 -0.685848 -0.316886 -0.198378 
71690745471372 -0.723722 -0.427453 -0.218537 
71690764229392 -0.868497 -0.437837 -0.160505 
71690782987413 -1.019381 -0.398131 -0.092088 
71690801745434 -1.041983 -0.442724 -0.092699 
71690820503455 -1.046259 -0.699287 -0.048716 
71690839261476 -1.251509 -0.595440 -0.012675 
71690858019497 -1.455538 -0.593608 -0.196546 
71690876777517 -1.452484 -0.728609 -0.497091 
71690895535538 -1.371239 -0.834899 -0.681572 
71690914293559 -1.323591 -1.100015 -0.858112 
71690933051580 -1.252731 -1.150106 -0.940579 
71690951809601 -1.073137 -1.219744 -0.831234 
71690970567674 -1.117119 -1.289383 -0.674853 
71690989325695 -1.240514 -1.094517 -0.467159 
71691008083715 -1.009607 -0.608879 -0.276569 
71691026841736 -0.448222 -0.164781 -0.176998 
71691045599757 -0.067653 -0.016951 -0.271071 
71691064357778 0.053909 -0.271682 -0.381638 
71691083115799 0.231670 -0.613156 -0.298560 
71691101873820 0.530994 -0.699898 -0.226478 
71691120631840 0.731969 -0.458607 -0.166002 
71691139389913 0.708145 -0.211206 -0.118966 
71691158147934 0.573755 -0.193491 -0.036499 
71691176905955 0.552374 -0.206320 0.003207 
71691195663976 0.597578 -0.090866 0.042302 
71691214421997 0.462577 -0.144011 0.031307 
71691233180017 0.146149 -0.471435 -0.065210 
71691251938038 -0.176998 -0.652862 -0.102473 
71691270696111 -0.376140 -0.475100 -0.037110 
71691289454132 -0.503200 -0.207541 0.025809 
71691308212153 -0.583223 -0.115912 0.039248 
71691326970174 -0.621097 -0.219148 0.019090 
71691345728247 -0.621097 -0.228311 0.019700 
71691364486267 -0.212428 -0.432340 0.058796 
71691383244288 0.095448 -0.622929 -0.150731 
71691402002309 0.234725 -0.113468 -0.396299 
71691420760330 0.550542 0.319635 -0.361479 
71691439518403 0.912785 0.751516 -0.282067 
71691458276424 1.397200 1.539532 -0.192270 
71691477034445 1.538921 1.787543 -0.129961 
71691495792465 1.347110 1.602451 -0.106749 
71691514550538 1.201724 1.422857 -0.144622 
71691533308559 1.044731 1.093601 -0.264352 
71691552066580 1.209054 1.048397 -0.271071 
71691570824601 1.380096 1.041066 -0.121409 
71691589582674 1.455233 0.796109 0.185245 
71691608340695 1.609781 0.838870 0.402102 
71691627098715 1.679420 0.780227 0.489455 
71691645856736 1.552360 0.569479 0.577420 
71691664614809 1.407585 0.201738 0.594524 
71691683372830 1.337336 0.006872 0.531605 
71691702130851 1.350164 0.235947 0.443641 
71691720888924 1.295797 0.590859 0.368504 
71691739646945 1.136361 0.806494 0.345291 
71691758404965 0.839481 0.854753 0.402102 
71691777162934 0.703869 0.675769 0.474184 
71691795921059 0.910341 0.427147 0.456469 
71691814679080 1.038623 0.464410 0.311694 
71691833437101 0.961654 0.876744 0.189521 
71691852195174 0.734412 1.143081 0.207236 
71691870953195 0.675769 0.939663 0.395993 
71691889711215 0.603687 0.493121 0.536492 
71691908469288 0.458301 0.548098 0.475406 
71691927227309 0.273820 0.688597 0.317802 
71691945985330 0.087506 0.537714 0.220675 
71691964743403 -0.095142 0.302531 0.207236 
71691983501424 -0.330325 0.328798 0.213345 
71692002259445 -0.613766 0.460745 0.034972 
71692021017517 -1.058476 0.277485 -0.244193 
71692039775538 -1.687667 -0.001680 -0.462272 
71692058533559 -2.313803 -0.310777 -0.567952 
71692077291632 -2.767676 -0.501367 -0.662025 
71692096049653 -2.959487 -0.640034 -0.731663 
71692114807726 -2.505615 -0.605825 -0.732274 
71692133565747 -1.834274 -0.677907 -0.751822 
71692152323715 -1.684001 -1.104902 -0.825126 
71692171081788 -1.991266 -1.536172 -0.919810 
71692189839861 -2.154978 -1.343750 -0.933249 
71692208597830 -1.997375 -1.220355 -0.994946 
71692227355955 -1.724319 -0.786641 -1.025489 
71692246113976 -1.461036 -0.431729 -0.986394 
71692264871997 -1.383456 -0.473267 -0.895986 
71692283630070 -1.328478 -0.715170 -0.847117 
71692302388090 -1.236238 -1.225853 -0.794582 
71692321146111 -1.098182 -1.572824 -0.744491 
71692339904184 -0.808632 -1.525177 -0.617432 
71692358662205 -0.409127 -1.421940 -0.378583 
71692377420278 0.047189 -1.305265 -0.134238 
71692396178299 0.590859 -1.043815 0.031918 
71692414936320 1.267697 -0.629649 0.096669 
71692433694392 1.807091 -0.031001 0.173638 
71692452452413 1.818697 0.545044 0.303142 
71692471210486 0.998306 0.259770 0.345291 
71692489968507 -0.216704 -0.342542 -0.056658 
71692508726528 -0.873995 -0.415235 -0.621708 
71692527484601 -0.811076 -0.760374 -0.707229 
71692546242622 -0.774424 -1.111010 -0.561843 
71692565000695 -0.500146 -0.850171 -0.239917 
71692583758715 0.318413 0.590859 0.031307 
71692602516736 1.043510 2.105193 -0.195324 
71692621274809 0.458301 1.400255 -0.242361 
71692640032830 0.286037 0.023976 -0.358425 
71692658790903 0.682489 -0.018173 -0.061545 
71692677548924 0.933554 0.953713 0.363006 
71692696306945 1.199280 1.878562 0.347124 
71692715065017 1.425911 2.134514 0.228005 
71692733823038 1.581071 1.961640 0.257327 
71692752581059 1.722180 1.822973 0.328798 
71692771339132 1.644601 1.381929 0.519999 
71692790097153 1.502269 0.666606 0.725860 
71692808855226 1.366657 0.200516 0.780838 
71692827613247 1.334892 0.061239 0.672104 
71692846371267 1.448513 0.386830 0.491899 
71692865129340 1.426522 0.989754 0.419206 
71692883887361 1.245706 1.234710 0.494342 
71692902645434 0.987921 1.386816 0.617126 
71692921403455 0.865137 1.340390 0.656222 
71692940161476 0.805273 0.928667 0.709367 
71692958919497 0.920115 0.380111 0.698982 
71692977677570 1.121090 0.348956 0.532216 
71692996435642 1.191950 0.731358 0.346513 
71693015193663 0.908509 0.833983 0.334907 
71693033951632 0.584139 0.499229 0.512057 
71693052709757 0.419206 0.398437 0.646448 
71693071467778 0.352622 0.568868 0.494342 
71693090225799 0.158978 0.604298 0.271377 
71693108983872 -0.131183 0.474795 0.143706 
71693127741892 -0.487317 0.203571 0.154091 
71693146499913 -0.908203 0.209679 0.122326 
71693165257986 -1.424995 0.273820 -0.124464 
71693184016007 -2.095724 -0.070708 -0.361479 
71693202774080 -2.682154 -0.673020 -0.460439 
71693221532101 -3.034624 -0.995557 -0.518471 
71693240290122 -2.736521 -0.982118 -0.627205 
71693259048195 -2.035249 -0.618653 -0.718835 
71693277806215 -1.503186 -0.740826 -0.922253 
71693296564236 -1.588707 -1.176984 -1.101847 
71693315322309 -1.744477 -1.917963 -1.337030 
71693334080330 -1.696830 -2.370003 -1.205694 
71693352838403 -1.503796 -2.010203 -1.030376 
71693371596424 -1.299767 -1.150106 -0.914312 
71693390354445 -1.075580 -0.795804 -0.830623 
71693409112517 -1.190423 -0.751822 -0.695011 
71693427870538 -1.362076 -0.687681 -0.550847 
71693446628559 -1.299767 -0.684016 -0.520304 
71693465386632 -1.079245 -0.991892 -0.538630 
71693484144653 -0.762817 -1.021824 -0.379194 
71693502902674 -0.346208 -1.009607 -0.147066 
71693521660747 0.075900 -1.011439 0.130878 
71693540418767 0.572533 -0.728609 0.312915 
71693559176788 1.176678 -0.227089 0.362396 
71693577934861 1.651931 0.220064 0.377056 
71693596692882 1.741728 0.518777 0.401491 
71693615450955 1.068555 0.158367 0.306196 
71693634208976 -0.261297 -0.279013 -0.123853 
71693652966997 -0.870940 -0.249080 -0.691957 
71693671725070 -0.611323 -0.852004 -0.757930 
71693690483090 -0.641866 -1.381013 -0.611934 
71693709241111 -0.539852 -1.037706 -0.197767 
71693727999184 0.021533 -0.203265 0.297033 
71693746757205 0.595746 1.315345 -0.052993 
71693765515226 0.533438 1.431409 -0.390801 
71693784273299 0.409432 0.889572 -0.415235 
71693803031320 0.777173 0.809549 -0.026114 
71693821789340 0.919504 1.170570 0.556651 
71693840547413 1.416137 1.656207 0.577420 
71693859305434 1.762498 1.818697 0.105832 
71693878063455 1.890779 1.765552 0.023976 
71693896821528 1.891390 1.771661 0.284205 
71693915579549 1.782045 1.329394 0.637285 
71693934337570 1.576795 0.421649 0.832151 
71693953095590 1.414916 0.049633 0.859639 
71693971853663 1.424689 -0.144011 0.671493 
71693990611684 1.524260 0.203571 0.501062 
71694009369705 1.473559 0.720973 0.395382 
71694028127778 1.290299 1.295186 0.405767 
71694046885799 1.094822 1.440572 0.477238 
71694065643820 0.926835 1.402087 0.581696 
71694084401892 0.922559 0.832151 0.705702 
71694103159913 1.055727 0.151036 0.731358 
71694121917934 1.247539 0.352622 0.518166 
71694140675955 1.179122 1.031292 0.260381 
71694159434028 0.813825 1.157741 0.264046 
71694178192049 0.510225 0.651945 0.480903 
71694196950070 0.355676 0.428369 0.596357 
71694215708090 0.209679 0.587194 0.415541 
71694234466163 -0.060323 0.626289 0.160199 
71694253224184 -0.510530 0.347124 0.124769 
71694271982205 -1.049313 0.224951 0.096058 
71694290740226 -1.645517 0.351400 -0.172111 
71694309498299 -2.321133 0.112552 -0.454942 
71694328256320 -2.920392 -0.501978 -0.574060 
71694347014340 -3.219716 -0.877049 -0.665690 
71694365772361 -2.747517 -1.068250 -0.695622 
71694384530382 -1.908800 -0.985172 -0.650418 
71694403288455 -1.626580 -1.170875 -0.869108 
71694422046476 -1.799455 -1.489136 -1.354134 
71694440804497 -1.856876 -2.087172 -1.319315 
71694459562517 -1.796401 -2.266767 -1.118952 
71694478320590 -1.624137 -1.512959 -1.039539 
71694497078611 -1.206916 -0.852004 -0.972344 
71694515836632 -1.011439 -0.684627 -0.862388 
71694534594653 -1.193477 -0.665079 -0.715170 
71694553352726 -1.247844 -0.754265 -0.663246 
71694572110747 -1.244179 -1.154993 -0.642477 
71694590868767 -1.091463 -1.311374 -0.572838 
71694609626788 -0.668133 -1.206305 -0.335212 
71694628384809 -0.161116 -1.085965 0.063072 
71694647142830 0.387441 -0.878882 0.348346 
71694665900851 1.105818 -0.593608 0.343459 
71694684658924 1.716683 -0.086590 0.368504 
71694703416945 1.882838 0.467464 0.534659 
71694722174965 0.881631 0.120493 0.547488 
71694740932986 -0.660192 0.134543 0.017868 
71694759691059 -0.894764 0.340404 -0.764650 
71694778449080 -0.786641 -0.903927 -0.882547 
71694797207101 -0.739605 -1.309541 -0.559399 
71694815965122 -0.350484 -0.497091 0.078343 
71694834723142 0.319635 0.953102 0.102167 
71694853481163 0.461356 1.892612 -0.407294 
71694872239184 0.230449 0.975093 -0.517861 
71694890997205 0.377056 0.023976 -0.172722 
71694909755278 0.714254 0.510836 0.433256 
71694928513299 1.369712 1.815643 0.474184 
71694947271320 1.813810 2.180329 0.285427 
71694966029340 1.973857 1.851073 0.304974 
71694984787361 2.092975 1.732565 0.514501 
71695003545382 2.067930 1.473559 0.634230 
71695022303403 1.811367 0.553596 0.722806 
71695041061424 1.578016 -0.073762 0.953713 
71695059819497 1.535867 -0.306501 0.803440 
71695078577517 1.644601 0.028252 0.496786 
71695097335538 1.642157 0.794277 0.360563 
71695116093559 1.458287 1.371544 0.404545 
71695134851580 1.199280 1.390481 0.556040 
71695153609601 1.028238 1.190728 0.622624 
71695172367622 0.997084 0.691652 0.679434 
71695191125642 1.089325 0.096669 0.723417 
71695209883663 1.233489 0.272598 0.574976 
71695228641684 1.127809 0.829096 0.352622 
71695247399705 0.793055 0.796109 0.330020 
71695266157726 0.549320 0.309861 0.483958 
71695284915747 0.360563 0.208458 0.618348 
71695303673820 0.191353 0.518166 0.502894 
71695322431840 -0.058490 0.410043 0.284816 
71695341189861 -0.466548 0.052076 0.228005 
71695359947882 -0.950353 0.031307 0.124769 
71695378705903 -1.487303 0.217010 -0.249691 
71695397463924 -2.147648 0.057574 -0.584445 
71695416221945 -2.767065 -0.470213 -0.671799 
71695434979965 -3.194670 -0.798248 -0.676075 
71695453737986 -2.880686 -1.024268 -0.628427 
71695472496007 -2.114661 -0.762207 -0.503811 
71695491254028 -1.776853 -0.566119 -0.737161 
71695510012049 -1.791514 -0.916755 -1.195920 
71695528770070 -1.951560 -1.500742 -1.264948 
71695547528090 -2.005316 -1.798844 -1.122006 
71695566286111 -1.817781 -1.165377 -0.999222 
71695585044132 -1.338252 -0.564897 -0.956462 
71695603802153 -1.132391 -0.527634 -0.872162 
71695622560174 -1.294881 -0.800691 -0.720668 
71695641318195 -1.405447 -1.183703 -0.640034 
71695660076215 -1.324202 -1.530064 -0.707229 
71695678834236 -0.993113 -1.443321 -0.665690 
71695697592257 -0.534354 -1.288772 -0.377973 
71695716350278 -0.042608 -1.206305 -0.070708 
71695735108299 0.465632 -0.949131 0.109498 
71695753866320 1.244484 -0.468991 0.110108 
71695772624288 1.980576 0.016646 0.137597 
71695791382309 2.179107 0.625067 0.285427 
71695810140278 1.231656 0.479682 0.416152 
71695828898351 -0.441503 -0.450055 0.042302 
71695847656372 -1.157436 -0.257021 -0.615599 
71695866414392 -0.836732 -0.896597 -0.641866 
71695885172413 -0.660192 -1.117730 -0.413403 
71695903930434 -0.354760 -0.539852 0.044746 
71695922688455 0.041081 0.496175 0.022144 
71695941446476 0.377056 1.515097 -0.561232 
71695960204445 0.406378 1.195004 -0.619264 
71695978962465 0.450360 0.327576 -0.260687 
71695997720486 0.601855 0.261603 0.319024 
71696016478507 1.307403 1.384983 0.342237 
71696035236528 1.699579 2.048993 0.131489 
71696053994549 1.875508 1.867566 0.137597 
71696072752570 1.997681 1.805869 0.328798 
71696091510538 1.997681 1.568243 0.600022 
71696110268559 1.841910 0.744186 0.727693 
71696129026580 1.680031 0.096058 0.749073 
71696147784601 1.600008 -0.136070 0.639728 
71696166542622 1.604284 -0.041997 0.465632 
71696185300642 1.515097 0.352622 0.402713 
71696204058611 1.372155 1.022130 0.471129 
71696222816632 1.211498 1.441183 0.529772 
71696241574653 0.983034 1.391703 0.579863 
71696260332674 0.896291 0.984867 0.675769 
71696279090695 1.044731 0.279929 0.742353 
71696297848663 1.247539 0.211512 0.640339 
71696316606684 1.280525 0.751516 0.400269 
71696335364705 1.008690 0.891404 0.375835 
71696354122726 0.804051 0.513279 0.545655 
71696372880695 0.604909 0.177304 0.657443 
71696391638715 0.421039 0.389274 0.535270 
71696410396736 0.177304 0.527329 0.299476 
71696429154757 -0.152563 0.371558 0.172417 
71696447912726 -0.590554 0.078954 0.257938 
71696466670747 -1.097571 0.143706 0.180358 
71696485428767 -1.706604 0.286648 -0.235030 
71696504186736 -2.496452 -0.111636 -0.561232 
71696522944757 -3.201390 -0.717613 -0.724944 
71696541702778 -3.509265 -1.254564 -0.839175 
71696560460747 -2.714530 -1.498299 -0.709061 
71696579218767 -1.986990 -1.154382 -0.673020 
71696597976736 -1.900248 -1.352913 -1.186758 
71696616734757 -2.144593 -1.676671 -1.333365 
71696635492778 -2.320523 -1.839161 -0.879493 
71696654250799 -2.250273 -1.159269 -0.681572 
71696673008767 -1.791514 -0.392022 -0.784198 
71696691766788 -1.241125 -0.027336 -0.884380 
71696710524809 -1.143386 -0.239917 -0.848338 
71696729282778 -1.225853 -0.662636 -0.793971 
71696748040799 -1.307098 -1.153771 -0.774424 
71696766798820 -1.133001 -1.233794 -0.722500 
71696785556788 -0.634536 -1.078635 -0.471435 
71696804314809 0.034361 -1.028544 -0.002902 
71696823072830 0.726471 -0.873995 0.414930 
71696841830799 1.519373 -0.552680 0.449138 
71696860588820 2.233474 -0.046884 0.370948 
71696879346840 2.343430 0.458912 0.380721 
71696898104809 0.692263 -0.066432 0.355065 
71696916862830 -1.027322 0.143706 -0.474489 
71696935620851 -1.379791 -0.324827 -1.308320 
71696954378820 -1.280220 -1.786016 -1.050535 
71696973136840 -0.823904 -1.515403 -0.291841 
71696991894809 -0.096364 0.056963 0.334907 
71697010652830 0.633009 1.593899 -0.107359 
71697029410851 0.542601 1.640325 -0.537408 
71697048168820 0.437532 0.476627 -0.574671 
71697066926840 0.522442 -0.290619 -0.134238 
71697085684809 1.056338 0.716086 0.290924 
71697104442830 1.534645 2.050826 0.364228 
71697123200799 1.804647 2.301891 0.419817 
71697141958820 1.976300 2.091143 0.599411 
71697160716788 2.105193 2.046550 0.761290 
71697179474809 1.960418 1.532202 0.906065 
71697198232778 1.754556 0.698982 0.908509 
71697216990799 1.595731 0.141262 0.796720 
71697235748767 1.573740 -0.070708 0.613461 
71697254506788 1.620777 0.261603 0.460134 
71697273264757 1.587790 1.005025 0.465632 
71697292022778 1.435074 1.551749 0.544433 
71697310780747 1.259756 1.449124 0.630565 
71697329538663 1.116814 0.936608 0.735634 
71697348296736 1.125977 0.262214 0.781449 
71697367054340 1.188896 0.275653 0.672104 
71697385812778 1.211498 0.805883 0.423482 
71697404570747 0.940274 0.935998 0.358730 
71697423328767 0.657443 0.593913 0.445473 
71697442086736 0.455858 0.412486 0.548098 
71697460844705 0.249386 0.549320 0.534049 
71697479602726 -0.015730 0.482736 0.349567 
71697498360695 -0.318719 0.144928 0.218842 
71697517118663 -0.783587 -0.090866 0.210290 
71697535876684 -1.288772 0.107054 0.012981 
71697554634653 -1.916741 0.206014 -0.385914 
71697573392674 -2.596633 -0.258243 -0.630260 
71697592150642 -3.131140 -0.775646 -0.671188 
71697610908663 -3.256367 -0.925307 -0.628427 
71697629666632 -2.451248 -0.876438 -0.569784 
71697648424601 -1.848935 -0.369420 -0.692568 
71697667182622 -1.698662 -0.486096 -1.196531 
71697685940590 -1.884365 -1.350469 -1.325424 
71697704698559 -2.055407 -1.897193 -1.175762 
71697723456580 -2.008371 -1.601535 -1.106734 
71697742214549 -1.616195 -0.922864 -0.963181 
71697760972570 -1.190423 -0.626595 -0.798858 
71697779730538 -1.180038 -0.792139 -0.643699 
71697798488507 -1.237459 -0.961348 -0.569784 
71697817246528 -1.350469 -1.162323 -0.533132 
71697836004497 -1.206916 -1.183703 -0.566119 
71697854762465 -0.793361 -0.942412 -0.450055 
71697873520486 -0.305891 -0.958294 -0.151953 
71697892278455 0.190743 -1.011439 0.182801 
71697911036424 0.948215 -0.727387 0.289092 
71697929794445 1.884671 -0.213039 0.273820 
71697948552413 2.398408 0.179136 0.365450 
71697967310382 1.739285 0.281761 0.455858 
71697986068403 -0.162948 -0.041386 0.107665 
71698004826372 -1.114065 -0.017562 -0.717003 
71698023584340 -1.060309 -0.993113 -0.836732 
71698042342309 -0.688292 -1.285107 -0.411570 
71698061100330 -0.478154 -0.412792 0.143095 
71698079858299 -0.498924 0.207236 0.023976 
71698098616267 -0.068875 0.968373 -0.740826 
71698117374236 0.771675 1.493717 -0.792750 
71698136132257 0.629343 0.571311 -0.287565 
71698154890226 0.832151 0.415541 0.512668 
71698173648195 1.606116 1.393535 0.381332 
71698192406163 1.781434 1.695913 -0.004734 
71698211164184 1.789376 1.523039 -0.057269 
71698229922153 1.951866 1.642768 0.183412 
71698248680122 2.027613 1.641546 0.609185 
71698267438090 1.953087 1.164461 0.948215 
71698286196059 1.773493 0.571922 0.929278 
71698304954028 1.648266 -0.010843 0.705091 
71698323712049 1.647655 0.052687 0.584139 
71698342470017 1.537699 0.427758 0.519388 
71698361227986 1.419802 0.942106 0.561537 
71698379985955 1.334281 1.123533 0.584139 
71698398743924 1.171791 1.103374 0.602465 
71698417501945 1.120479 1.092990 0.656222 
71698436259913 1.179122 0.714864 0.735023 
71698455017882 1.241430 0.457690 0.682489 
71698473775851 1.175457 0.717919 0.423482 
71698492533820 0.868192 0.904233 0.308029 
71698511291788 0.594524 0.651945 0.385608 
71698530049757 0.378278 0.397826 0.501062 
71698548807726 0.249386 0.336739 0.514501 
71698567565330 0.150425 0.333074 0.355676 
71698586323715 -0.173944 0.326355 0.238390 
71698605081684 -0.708450 0.151036 0.266490 
71698623839653 -1.253342 0.248164 0.036194 
71698642597622 -1.898415 0.239001 -0.363312 
71698661355590 -2.637561 -0.223424 -0.564286 
71698680113559 -3.245372 -0.713948 -0.639423 
71698698871528 -3.325395 -1.144608 -0.677907 
71698717629497 -2.467741 -1.023046 -0.538019 
71698736387465 -1.895972 -0.521526 -0.633314 
71698755145434 -1.817781 -0.767093 -1.137277 
71698773903403 -2.027918 -1.374904 -1.250898 
71698792661372 -2.131155 -1.702938 -1.074969 
71698811419340 -2.040136 -1.497077 -0.966846 
71698830177309 -1.634521 -0.795193 -0.917977 
71698848935278 -1.245401 -0.495869 -0.837954 
71698867693247 -1.277166 -0.764039 -0.700509 
71698886451215 -1.469588 -1.114065 -0.607658 
71698905209184 -1.570381 -1.570381 -0.640644 
71698923967153 -1.315650 -1.500742 -0.660192 
71698942725174 -0.828791 -1.259450 -0.384692 
71698961483090 -0.275347 -1.148884 -0.012065 
71698980241059 0.360563 -0.838565 0.262214 
71698998999028 1.253036 -0.348040 0.265879 
71699017756997 2.186438 -0.062155 0.217621 
71699036514965 2.587165 0.076511 0.242055 
71699055272934 1.463174 0.251218 0.292146 
71699074030903 -0.587499 0.083230 -0.117133 
71699092788872 -1.284496 0.042302 -0.781754 
71699111546840 -1.035874 -1.040761 -0.812908 
71699130304757 -0.671188 -1.230740 -0.370031 
71699149062778 -0.322995 -0.396299 0.105221 
71699167820747 0.091172 0.670271 -0.064599 
71699186578715 0.500451 1.687361 -0.687070 
71699205336684 0.505949 1.234710 -0.684016 
71699224094653 0.506560 -0.040775 -0.387136 
71699242852622 0.888350 0.002596 0.102167 
71699261610590 1.617112 1.232267 0.079565 
71699280368559 1.835191 1.888336 0.034361 
71699299126476 1.918268 1.863901 0.217621 
71699317884445 2.085645 1.714850 0.516944 
71699336642413 2.037998 1.430187 0.805273 
71699355400382 1.902997 0.562759 0.855363 
71699374158351 1.711796 -0.031001 0.887128 
71699392916320 1.678809 -0.094531 0.729525 
71699411674288 1.700800 0.201127 0.557872 
71699430432257 1.610392 0.736245 0.524275 
71699449190174 1.447902 1.207222 0.559705 
71699467948142 1.282358 1.373988 0.571922 
71699486706111 1.109483 1.279304 0.615294 
71699505464080 1.069777 0.731969 0.729525 
71699524222049 1.150411 0.275653 0.748462 
71699542980017 1.271973 0.532216 0.545044 
71699561737934 1.133918 0.882241 0.365450 
71699580495903 0.813825 0.648891 0.372169 
71699599253872 0.583529 0.394771 0.487623 
71699618011840 0.365450 0.457690 0.567646 
71699636769809 0.136986 0.511447 0.444251 
71699655527726 -0.089644 0.417373 0.237779 
71699674285695 -0.484874 0.103389 0.231670 
71699693043663 -0.954018 0.066126 0.132100 
71699711801632 -1.487914 0.303142 -0.244804 
71699730559549 -2.189187 0.148593 -0.557567 
71699749317517 -2.854419 -0.378583 -0.643699 
71699768075486 -3.319287 -0.647364 -0.674853 
71699786833455 -2.909396 -0.711505 -0.635147 
71699805591372 -2.134209 -0.428674 -0.583834 
71699824349340 -1.803731 -0.284510 -0.895986 
71699843107309 -1.815337 -1.007774 -1.287550 
71699861865278 -2.048077 -1.424995 -1.116508 
71699880623195 -2.129322 -1.388343 -1.012050 
71699899381163 -1.902691 -0.744491 -0.890488 
71699918139080 -1.464090 -0.286343 -0.764650 
71699936897049 -1.316872 -0.502589 -0.641866 
71699955655017 -1.387732 -0.853225 -0.577115 
71699974412986 -1.480584 -1.384678 -0.589943 
71699993170955 -1.294881 -1.555720 -0.695622 
71700011928872 -0.835510 -1.261283 -0.602771 
71700030686840 -0.294895 -0.957072 -0.376140 
71700049444809 0.190743 -0.903927 -0.077427 
71700068202778 0.711810 -0.662025 0.114384 
71700086960695 1.553582 -0.300393 0.174860 
71700105718663 2.267683 -0.214261 0.321468 
71700124476632 2.160171 -0.224035 0.458912 
71700143234549 0.223729 0.019090 0.372169 
71700161992517 -1.233183 -0.029169 -0.427453 
71700180750434 -1.366352 -0.698066 -0.891710 
71700199508403 -0.967457 -1.364519 -0.519082 
71700218266372 -0.495869 -0.676685 0.125991 
71700237024288 -0.296728 0.121104 0.159588 
71700255782257 0.000153 1.068555 -0.704785 
71700274540226 0.650113 1.452789 -0.844062 
71700293298142 0.715475 0.833372 -0.434172 
71700312056111 0.736245 0.252440 0.310472 
71700330814080 1.589012 1.122922 0.333074 
71700349571997 1.958585 1.717904 0.048411 
71700368329965 1.890779 1.515097 0.066737 
71700387087882 1.831525 1.570686 0.338572 
71700405845851 1.902997 1.553582 0.739910 
71700424603820 1.874286 1.066112 0.976315 
71700443361736 1.728289 0.365450 0.826042 
71700462119705 1.644601 -0.015730 0.618959 
71700480877622 1.675144 0.226784 0.482125 
71700499635590 1.644601 0.820544 0.439975 
71700518393559 1.507767 1.249371 0.501673 
71700537151476 1.384983 1.390481 0.507170 
71700555909445 1.236543 1.154076 0.533438 
71700574667361 1.211498 0.786947 0.636063 
71700593425330 1.227380 0.406378 0.746629 
71700612183247 1.228602 0.430812 0.687986 
71700630941215 1.115592 0.829707 0.425925 
71700649699184 0.788168 0.842535 0.302531 
71700668457101 0.538325 0.548098 0.365450 
71700687215070 0.303753 0.519999 0.481514 
71700705972986 0.089950 0.547488 0.451582 
71700724730955 -0.164781 0.334296 0.254272 
71700743488872 -0.539852 0.044135 0.201738 
71700762246840 -1.013883 0.152258 0.102167 
71700781004757 -1.474475 0.551153 -0.268628 
71700799762726 -2.094503 0.615294 -0.597273 
71700818520642 -2.771341 0.082619 -0.625984 
71700837278611 -3.288132 -0.325438 -0.560010 
71700856036528 -3.031569 -0.297949 -0.530078 
71700874794445 -2.196517 0.191353 -0.478154 
71700893552413 -1.746921 0.295200 -0.701731 
71700912310382 -1.708436 -0.161116 -1.077413 
71700931068299 -1.886198 -0.829402 -1.154993 
71700949826215 -1.935678 -1.379180 -1.126893 
71700968584184 -1.671173 -1.160490 -1.068250 
71700987342101 -1.219133 -0.702953 -0.998611 
71701006100070 -1.002887 -0.639423 -0.849560 
71701024857986 -1.057865 -0.855669 -0.726776 
71701043615955 -1.140332 -1.275333 -0.704174 
71701062373872 -1.146441 -1.626580 -0.732274 
71701081131840 -0.913090 -1.555109 -0.731052 
71701099889757 -0.420733 -1.228296 -0.539852 
71701118647726 0.095448 -0.904538 -0.202654 
71701137405642 0.504116 -0.795804 0.034972 
71701156163559 0.999528 -0.677296 0.101556 
71701174921528 1.642157 -0.500756 0.140652 
71701193679445 2.060600 -0.419511 0.238390 
71701212437413 1.563967 -0.455552 0.348956 
71701231195330 -0.195935 -0.228922 0.268933 
71701249953247 -1.181871 0.094226 -0.388357 
71701268711215 -1.005331 -0.823904 -0.787252 
71701287469132 -0.974177 -1.575268 -0.454331 
71701306227101 -0.600938 -0.793971 0.123547 
71701324985017 -0.076205 0.064904 0.407600 
71701343742934 -0.045662 0.758847 -0.106749 
71701362500903 0.283594 0.921948 -0.428063 
71701381258820 0.489455 0.987310 -0.327882 
71701400016736 0.607963 0.641561 0.268933 
71701418774705 1.119257 0.904233 0.576198 
71701437532622 1.523649 1.019686 0.422871 
71701456290590 1.493106 0.636063 0.300087 
71701475048507 1.340390 0.496175 0.256716 
71701493806424 1.554804 0.800386 0.221286 
71701512564392 1.695302 0.986088 0.328187 
71701531322309 1.660483 0.577420 0.430202 
71701550080226 1.662927 0.253662 0.430812 
71701568838195 1.591455 0.193797 0.345291 
71701587596111 1.482111 0.468686 0.303753 
71701606354028 1.383761 0.811992 0.338572 
71701625111997 1.332449 0.851087 0.325133 
71701643869913 1.301906 0.800386 0.278707 
71701662627830 1.249982 0.606741 0.256716 
71701681385747 1.188285 0.526107 0.278707 
71701700143715 1.081383 0.399047 0.328187 
71701718901632 0.851087 0.386830 0.388663 
71701737659549 0.607963 0.582918 0.402713 
71701756417517 0.481514 0.614072 0.377667 
71701775175434 0.369115 0.545044 0.370948 
71701793933351 0.178525 0.631176 0.314748 
71701812691320 0.055741 0.581085 0.190743 
71701831449236 -0.122631 0.199295 0.142484 
71701850207101 -0.242971 -0.142179 0.136986 
71701868965070 -0.407294 -0.140957 0.112552 
71701887722986 -0.713337 0.520609 0.017868 
71701906480955 -1.084743 0.950047 -0.069486 
71701925238872 -1.570992 0.771675 -0.168446 
71701943996788 -2.208734 0.430812 -0.241750 
71701962754705 -2.726137 -0.025504 -0.311388 
71701981512674 -2.891681 -0.406683 -0.423177 
71702000270538 -2.591136 -0.262519 -0.523969 
71702019028507 -2.053575 0.354454 -0.557567 
71702037786424 -1.579544 0.403323 -0.683405 
71702056544340 -1.368184 -0.048716 -0.805578 
71702075302309 -1.497688 -0.352316 -0.686459 
71702094060226 -1.575878 -0.453109 -0.545350 
71702112818142 -1.419497 -0.352316 -0.476933 
71702131576059 -1.154382 -0.257632 -0.418290 
71702150333976 -0.957683 -0.525802 -0.420122 
71702169091945 -0.846506 -0.826958 -0.437226 
71702187849861 -0.725555 -1.034041 -0.450055 
71702206607778 -0.538630 -1.205694 -0.462272 
71702225365695 -0.269850 -1.203251 -0.457385 
71702244123611 0.062461 -1.023657 -0.463494 
71702262881580 0.427147 -0.809854 -0.412181 
71702281639445 0.827264 -0.627205 -0.302836 
71702300397361 1.258534 -0.479376 -0.162948 
71702319155278 1.590845 -0.201433 0.016646 
71702337913247 1.711185 0.130878 0.175471 
71702356671163 1.369712 0.402102 0.239001 
71702375429080 0.706312 0.477849 0.073456 
71702394186997 0.083230 0.044135 -0.289397 
71702412944913 -0.208152 -0.925918 -0.729220 
71702431702830 -0.244193 -1.360243 -0.971733 
71702450460747 -0.238695 -0.856280 -0.979064 
71702469218715 0.509003 0.899957 -0.610712 
71702487976632 0.446084 1.202945 0.118050 
71702506734549 -0.283289 -1.264948 0.782670 
71702525492465 -0.004123 -1.360243 0.527940 
71702544250382 0.546877 -0.211817 0.029474 
71702563008299 0.958600 0.193797 -0.065210 
71702581766215 1.093601 -0.144011 -0.002902 
71702600524132 1.059392 -0.756709 0.227394 
71702619282049 1.005636 -0.715781 0.144928 
71702638040017 1.020908 -0.397520 0.038637 
71702656797934 0.863916 -0.258243 0.067959 
71702675555851 0.724027 -0.360258 0.094837 
71702694313767 0.642172 -0.321773 0.055741 
71702713071684 0.647059 -0.071929 0.039859 
71702731829601 0.656222 0.147371 0.056963 
71702750587517 0.520609 0.034972 0.171195 
71702769345434 0.399047 -0.100029 0.330631 
71702788103351 0.367893 -0.063988 0.342848 
71702806861267 0.358730 -0.172111 0.231670 
71702825619184 0.421039 -0.371253 0.108276 
71702844377101 0.498008 -0.352316 -0.006567 
71702863135017 0.467464 -0.225867 -0.002902 
71702881892934 0.368504 -0.203876 0.137597 
71702900650851 0.288481 -0.277791 0.266490 
71702919408767 0.278707 -0.372475 0.242666 
71702938166684 0.336739 -0.218537 0.084452 
71702956924601 0.429591 0.143706 -0.090255 
71702975682517 0.424093 0.262825 -0.096364 
71702994440434 0.350178 0.289703 0.079565 
71703013198351 0.285427 0.312305 0.198073 
71703031956267 0.245720 0.236557 0.190743 
71703050714184 0.217621 0.181580 0.104611 
71703069472101 0.214566 0.312915 0.014203 
71703088230017 0.176693 0.513890 -0.035888 
71703106987934 0.099113 0.563370 -0.057879 
71703125745851 0.003818 0.435088 -0.063988 
71703144503767 -0.045051 0.347124 -0.110414 
71703163261684 -0.080481 0.235336 -0.105527 
71703182019601 -0.112857 0.152869 0.000764 
71703200777517 -0.078038 0.287870 0.112552 
71703219535434 -0.051160 0.406378 0.116828 
71703238293351 -0.059712 0.303753 0.053909 
71703257051267 -0.074373 0.152258 -0.037110 
71703275809184 -0.059101 0.037415 -0.101862 
71703294567101 -0.050549 -0.093920 -0.068875 
71703313328299 -0.030391 -0.060323 0.012370 
71703332082934 -0.012675 0.102778 0.075900 
71703350840851 0.011759 0.160199 0.153480 
71703369598767 0.028252 0.191353 0.209068 
71703388356632 0.028863 0.230449 0.212734 
71703407114549 0.001985 0.243888 0.180969 
71703425872465 -0.025504 0.250607 0.137597 
71703444630434 -0.004123 0.247553 0.079565 
71703463388351 0.023976 0.188910 0.034361 
71703482146267 0.024587 0.136986 0.018479 
71703500904132 0.002596 0.061850 0.028863 
71703519662049 -0.016341 0.044746 0.051465 
71703538419965 -0.015730 0.109498 0.092393 
71703557177882 -0.018173 0.178525 0.135765 
71703575935799 -0.015119 0.173638 0.143706 
71703594693715 -0.001069 0.093004 0.137597 
71703613451632 -0.002291 0.036805 0.134543 
71703632209549 -0.005956 -0.012065 0.176082 
71703650967413 -0.024893 -0.062155 0.228616 
71703669725330 -0.065821 -0.123853 0.227394 
71703688483247 -0.144622 -0.222813 0.157145 
71703707241163 -0.211817 -0.362090 0.067959 
71703725999080 -0.285121 -0.528245 0.012981 
71703744756997 -0.409738 -0.653473 0.008094 
71703763514861 -0.567952 -0.838565 0.032529 
71703782272778 -0.742659 -1.013272 0.039859 
71703801030695 -0.914312 -1.146441 -0.012065 
71703819788611 -1.064585 -1.225853 -0.098197 
71703838546528 -1.170875 -1.187368 -0.182496 
71703857304445 -1.251509 -1.114065 -0.281456 
71703876062309 -1.351080 -0.984561 -0.387136 
71703894820226 -1.396284 -0.869108 -0.527634 
71703913578142 -1.520290 -0.811687 -0.666912 
71703932336059 -1.745088 -1.045648 -0.808021 
71703951093976 -1.865428 -1.355356 -0.941801 
71703969851840 -1.787238 -1.655902 -1.029154 
71703988609757 -1.498909 -1.953393 -1.153160 
71704007367674 -1.137888 -2.038303 -1.225853 
71704026125590 -0.841008 -1.941176 -1.147051 
71704044883455 -0.560621 -1.883143 -1.073137 
71704063641372 -0.297338 -1.985158 -1.100626 
71704082399288 -0.076816 -2.069457 -1.112232 
71704101157205 0.132100 -1.980882 -1.093295 
71704119915070 0.331852 -1.913076 -1.069471 
71704138672986 0.479071 -1.932623 -1.048091 
71704157430903 0.601855 -2.022421 -1.019992 
71704176188820 0.701425 -2.150091 -0.973566 
71704194946684 0.745408 -2.256382 -0.908814 
71704213704601 0.757014 -2.341292 -0.816574 
71704232462517 0.793055 -2.509280 -0.718224 
71704251220434 0.797942 -2.742630 -0.594830 
71704269978299 0.732580 -3.029126 -0.481209 
71704288736215 0.587194 -3.155575 -0.536797 
71704307494132 0.408210 -3.092656 -0.681572 
71704326252049 0.438143 -3.034013 -0.646142 
71704345009913 0.647059 -2.696204 -0.495869 
71704363767830 0.936608 -2.105498 -0.419511 
71704382525747 1.046564 -1.513570 -0.378583 
71704401283663 0.761290 -1.344972 -0.130572 
71704420041528 0.366672 -1.999208 -0.005345 
71704438799445 -0.022449 -2.687042 0.006261 
71704457557309 -0.064599 -2.671159 0.135765 
71704476315226 0.323911 -1.589317 0.174860 
71704495073142 0.543822 -0.909425 0.217621 
71704513831059 0.686154 -0.950964 0.212123 
71704532588924 0.720973 -1.357800 0.210901 
71704551346840 0.611628 -2.175137 0.389274 
71704570104757 0.546877 -2.662607 0.411265 
71704588862622 0.523664 -2.836703 0.290313 
71704607620538 0.493731 -3.132973 0.239612 
71704626378455 0.459523 -3.321119 0.268322 
71704645136320 0.461356 -2.948492 0.227394 
71704663894236 0.356898 -2.410931 0.265879 
71704682652153 0.099113 -2.350455 0.326965 
71704701410017 -0.099418 -2.696204 0.372780 
71704720167934 -0.123853 -2.991863 0.384998 
71704738925799 -0.176998 -3.088380 0.336739 
71704757683715 -0.327882 -3.029737 0.254883 
71704776441632 -0.376140 -2.938107 0.078343 
71704795199497 -0.323606 -2.989419 -0.079260 
71704813957413 -0.307723 -2.957044 -0.070097 
71704832715278 -0.367588 -2.928333 -0.001680 
71704851473195 -0.536187 -2.846477 0.077122 
71704870231111 -0.682794 -2.607018 0.073456 
71704888988976 -0.610712 -2.478737 0.024587 
71704907746892 -0.516639 -2.543488 0.022755 
71704926504757 -0.448222 -2.510502 0.071624 
71704945262674 -0.421344 -2.296088 0.060017 
71704964020538 -0.397520 -2.100000 0.022755 
71704982778455 -0.427453 -1.961945 -0.035277 
71705001536372 -0.403018 -1.668119 -0.109192 
71705020294236 -0.339488 -1.516625 -0.195324 
71705039052153 -0.241750 -1.547168 -0.308945 
71705057810017 -0.146455 -1.419497 -0.461050 
71705076567934 -0.117744 -1.028544 -0.637590 
71705095325799 -0.159894 -1.082300 -0.693179 
71705114083715 -0.228311 -1.213025 -0.561232 
71705132841580 -0.305891 -1.327256 -0.285121 
71705151599497 -0.340099 -1.490357 -0.003512 
71705170357361 -0.313221 -1.632689 0.145539 
71705189115278 -0.312610 -1.359632 0.137597 
71705207873195 -0.276569 -0.906981 -0.024893 
71705226631059 -0.174555 -0.819628 -0.216093 
71705245388924 -0.070097 -0.841619 -0.307723 
71705264146840 -0.015730 -0.693790 -0.369420 
71705282904705 -0.072540 -0.470824 -0.407294 
71705301662622 -0.146455 -0.542906 -0.319940 
71705320420538 -0.122020 -0.784809 -0.155007 
71705339178403 0.039859 -0.739605 -0.089034 
71705357936320 0.138819 -0.348040 -0.103083 
71705376694236 0.073456 -0.103083 -0.073762 
71705395452101 0.000153 -0.042608 0.019090 
71705414209965 -0.078038 -0.056047 0.133932 
71705432967882 -0.096364 -0.004123 0.185856 
71705451725747 -0.041997 0.179136 0.138819 
71705470483663 0.006872 0.441808 0.083230 
71705489241528 -0.072540 0.460745 0.109498 
71705507999445 -0.181274 0.287870 0.146149 
71705526757309 -0.203265 0.268322 0.098502 
71705545515226 -0.134238 0.362396 0.023366 
71705564273090 -0.087812 0.330020 0.012981 
71705583031007 -0.049327 0.199295 0.046578 
71705601788872 0.033750 0.121715 0.044746 
71705620546788 0.125991 0.146149 -0.008399 
71705639304653 0.140041 0.215177 -0.032834 
71705658062570 0.084452 0.234114 0.007483 
71705676820434 0.005040 0.159588 0.049633 
71705695578299 -0.034056 0.099113 0.039248 
71705714336215 -0.016341 0.083841 -0.009621 
71705733094080 -0.009621 0.082009 -0.041386 
71705751851997 -0.030391 0.082009 -0.043830 
71705770609861 -0.018173 0.120493 -0.044440 
71705789367778 -0.001680 0.145539 -0.029780 
71705808125642 -0.014508 0.090561 0.016035 
71705826883507 -0.003512 0.055131 0.053909 
71705845641424 0.020922 0.093615 0.053909 
71705864399288 0.043524 0.176693 0.004429 
71705883157205 0.036194 0.196851 -0.034056 
71705901915070 0.002596 0.154702 -0.015119 
71705920672934 -0.032223 0.101556 0.029474 
71705939430851 -0.044440 0.064904 0.050244 
71705958188715 -0.009010 0.114995 0.034972 
71705976946632 0.030696 0.162032 0.012981 
71705995704497 0.063683 0.098502 0.022144 
71706014462361 0.078954 0.005650 0.044135 
71706033220278 0.069791 0.004429 0.038637 
71706051978142 0.070402 0.096669 -0.002902 
71706070736059 0.060628 0.096058 -0.017562 
71706089493924 0.045968 0.017257 0.014813 
71706108251788 0.041692 -0.007178 0.045968 
71706127009705 0.055741 0.076511 0.044746 
71706145767570 0.045968 0.115606 0.039248 
71706164525434 0.014203 0.069791 0.041081 
71706183337101 -0.010232 0.014203 0.042913 
71706202041163 -0.023671 0.017257 0.026420 
71706220799080 -0.015730 0.083841 0.004429 
71706239556945 -0.000458 0.114384 0.008705 
71706258314809 -0.013897 0.081398 0.023366 
71706277072726 -0.041997 0.087506 0.017257 
71706295830590 -0.032223 0.138208 -0.013897 
71706314588455 -0.034667 0.110108 -0.027336 
71706333346372 -0.061545 0.002596 -0.021838 
71706352104236 -0.115912 -0.007178 -0.021228 
71706370862101 -0.176998 0.061239 -0.031612 
71706389620017 -0.235030 0.098502 -0.057879 
71706408377882 -0.291230 0.065515 -0.090255 
71706427135747 -0.377973 -0.036499 -0.142790 
71706445893663 -0.481209 -0.178220 -0.236863 
71706464651528 -0.604603 -0.253967 -0.370642 
71706483409392 -0.784198 -0.268017 -0.519693 
71706502167257 -0.976620 -0.264963 -0.648586 
71706520925174 -1.126893 -0.234419 -0.716392 
71706539683038 -1.283885 -0.299782 -0.678518 
71706558440903 -1.393230 -0.533132 -0.630260 
71706577198820 -1.371239 -0.950353 -0.600938 
71706595956684 -1.307098 -1.092684 -0.553902 
71706614714497 -1.175151 -0.938746 -0.461661 
71706633472413 -1.038317 -0.951575 -0.305280 
71706652230330 -0.924697 -0.931416 -0.181885 
71706670988195 -0.762817 -0.771370 -0.175776 
71706689746059 -0.512974 -0.542295 -0.245415 
71706708503924 -0.277791 -0.417068 -0.311999 
71706727261840 -0.135459 -0.418290 -0.337045 
71706746019705 -0.020006 -0.470213 -0.326049 
71706764777570 0.075289 -0.458607 -0.261297 
71706783535486 0.141262 -0.387136 -0.195935 
71706802293351 0.213955 -0.302836 -0.138514 
71706821051215 0.204182 -0.209985 -0.103083 
71706839809080 0.178525 -0.098197 -0.045051 
71706858566945 0.154702 -0.048106 0.035583 
71706877324861 0.088117 -0.052382 0.080176 
71706896082726 -0.040775 -0.181885 0.102778 
71706914840590 -0.200822 -0.477544 0.045357 
71706933598455 -0.298560 -0.594219 -0.067042 
71706952356372 -0.296728 -0.525802 -0.070097 
71706971114236 -0.299782 -0.553902 0.027642 
71706989872101 -0.450055 -0.696844 0.080787 
71707008629965 -0.617432 -0.964403 -0.001680 
71707027387830 -0.672409 -1.157436 -0.144622 
71707046145747 -0.523969 -0.968068 -0.184328 
71707064903611 -0.067042 -0.596662 -0.114690 
71707083661476 0.110108 -0.082925 -0.260687 
71707102419340 0.249996 0.503505 -0.258854 
71707121177205 0.633009 0.723417 -0.082314 
71707139935070 1.221271 1.316566 0.100335 
71707158692986 1.320842 1.928042 0.149204 
71707177450851 1.094212 2.107025 0.199295 
71707196208715 1.297019 1.945146 0.206014 
71707214966580 1.303127 1.298240 0.172417 
71707233724445 1.500437 1.011745 0.208458 
71707252482309 1.815643 1.093601 0.221897 
71707271240226 1.797928 1.176067 0.371558 
71707289998090 1.730733 0.945771 0.578642 
71707308755955 1.852295 0.628733 0.630565 
71707327513820 1.906051 0.215788 0.556651 
71707346271684 1.782045 0.025809 0.494953 
71707365029549 1.614057 -0.043830 0.478460 
71707383787413 1.548084 0.108276 0.422871 
71707402545278 1.502269 0.538935 0.329409 
71707421303195 1.383151 0.783281 0.287870 
71707440061059 1.210887 0.879798 0.280540 
71707458818924 1.073442 0.854142 0.276874 
71707477576788 0.962876 0.615294 0.311083 
71707496334653 0.930500 0.204792 0.403323 
71707515092517 0.912785 0.237779 0.389274 
71707533850382 0.932332 0.644004 0.266490 
71707552608247 0.815657 0.795499 0.203571 
71707571366111 0.582307 0.527329 0.298255 
71707590123976 0.491899 0.311083 0.408821 
71707608881892 0.446695 0.350178 0.384387 
71707627639757 0.268322 0.448527 0.240223 
71707646397622 -0.025504 0.513890 0.122326 
71707665155486 -0.395077 0.315359 0.169973 
71707683913351 -0.812908 0.200516 0.175471 
71707702671215 -1.310152 0.202960 -0.067042 
71707721429080 -1.979660 0.061239 -0.351095 
71707740186945 -2.631453 -0.309556 -0.501367 
71707758944809 -3.107927 -0.486707 -0.594830 
71707777702674 -3.136027 -0.624151 -0.635758 
71707796460538 -2.411541 -0.654083 -0.624762 
71707815218403 -1.943619 -0.587499 -0.727998 
71707833976215 -1.814727 -0.995557 -1.084132 
71707852734132 -2.016923 -1.453095 -1.203251 
71707871491997 -2.286314 -1.410945 -1.164766 
71707890249861 -2.170861 -1.072526 -1.216690 
71707909007726 -1.655291 -0.558178 -1.161101 
71707927765278 -1.277166 -0.301004 -0.998611 
71707946523507 -1.391397 -0.688903 -0.781754 
71707965281372 -1.563050 -1.103069 -0.614988 
71707984039236 -1.554498 -1.413388 -0.496480 
71708002797101 -1.332754 -1.478751 -0.409127 
71708021554965 -0.878271 -1.426827 -0.214872 
71708040312830 -0.325438 -1.327867 0.037415 
71708059070695 0.273209 -1.154382 0.254272 
71708077828559 1.039845 -0.827569 0.259159 
71708096586424 1.807702 -0.191048 0.210901 
71708115344288 2.054491 0.695928 0.245109 
71708134102153 1.168126 0.432645 0.292757 
71708152860017 -0.351095 -0.414624 -0.109192 
71708171617882 -1.002276 -0.592386 -0.640644 
71708190375747 -0.780532 -0.812908 -0.704785 
71708209133611 -0.608879 -0.762207 -0.501978 
71708227891476 -0.399353 -0.613156 -0.184328 
71708246649340 -0.070708 0.148593 -0.349262 
71708265407205 0.483958 1.705076 -0.924086 
71708284165070 0.648891 1.687361 -0.669355 
71708302922934 0.551764 0.576809 -0.178831 
71708321680799 0.815657 0.252440 0.356898 
71708340438663 1.574962 1.256091 0.383165 
71708359196528 1.910938 1.898110 0.039859 
71708377954392 1.968970 1.841910 0.086285 
71708396712257 1.971413 1.774104 0.388663 
71708415470122 2.048382 1.619555 0.705702 
71708434227986 2.008676 1.023962 0.852309 
71708452985851 1.757611 0.324522 0.813825 
71708471743715 1.651931 -0.091477 0.603687 
71708490501528 1.694081 0.107665 0.454636 
71708509259445 1.685529 0.765566 0.410654 
71708528017257 1.541975 1.428355 0.533438 
71708546775122 1.355051 1.519373 0.699593 
71708565532986 1.188896 1.454622 0.783892 
71708584290851 1.178511 1.003803 0.766177 
71708603048715 1.271362 0.392328 0.725249 
71708621806580 1.346499 0.506560 0.512057 
71708640564445 1.257312 1.003193 0.256716 
71708659322309 0.878576 0.910341 0.242666 
71708678080174 0.562148 0.411265 0.442419 
71708696837986 0.449749 0.340404 0.618959 
71708715595851 0.298255 0.477238 0.546266 
71708734353715 -0.012065 0.400880 0.333685 
71708753111580 -0.431118 0.226784 0.246331 
71708771869445 -0.950353 0.019090 0.240223 
71708790627309 -1.482416 0.173027 -0.043830 
71708809385174 -2.157422 0.116828 -0.409738 
71708828143038 -2.843423 -0.349262 -0.571006 
71708846900851 -3.264920 -0.540463 -0.657749 
71708865658715 -2.948492 -0.569173 -0.656527 
71708884416580 -2.198961 -0.343764 -0.556345 
71708903174445 -1.922850 -0.461050 -0.764650 
71708921932309 -1.909411 -0.960127 -1.258840 
71708940690174 -2.010814 -1.527620 -1.268003 
71708959448038 -2.167196 -1.492801 -1.133612 
71708978205903 -1.987601 -1.244790 -1.048702 
71708996963767 -1.578933 -0.763428 -0.897819 
71709015721580 -1.415832 -0.631481 -0.717613 
71709034479445 -1.538005 -0.687681 -0.572228 
71709053237309 -1.509905 -1.010828 -0.590554 
71709071995174 -1.409723 -1.388954 -0.629038 
71709090753038 -1.213636 -1.420719 -0.576504 
71709109510903 -0.732885 -1.172708 -0.324827 
71709128268715 -0.211817 -1.171486 -0.024893 
71709147026580 0.342848 -0.991281 0.183412 
71709165784445 1.270751 -0.613156 0.184634 
71709184542309 2.133292 -0.341321 0.215788 
71709203300174 2.272570 0.051465 0.347735 
71709222058038 0.946382 0.210290 0.417373 
71709240815903 -0.866054 0.123547 -0.233198 
71709259573715 -1.549000 -0.963792 -0.899651 
71709278331580 -1.125060 -1.687667 -0.707840 
71709297089445 -0.382859 -0.609490 -0.104305 
71709315847309 0.072846 0.678213 0.235947 
71709334605174 0.173027 1.504713 -0.482430 
71709353362986 0.370337 1.254869 -0.770148 
71709372120851 0.623846 0.394161 -0.467159 
71709390878715 0.882241 0.284816 0.274431 
71709409636580 1.767385 1.537089 0.501673 
71709428394392 1.931707 2.220035 0.248775 
71709447152257 2.097251 1.852906 0.192575 
71709465910122 2.121075 1.642768 0.324522 
71709484667986 2.087478 1.519373 0.515112 
71709503425799 1.835191 0.793055 0.805273 
71709522183663 1.696524 0.256105 0.939052 
71709540941476 1.663538 -0.097586 0.704480 
71709559699392 1.738063 0.004429 0.468686 
71709578457257 1.733787 0.576198 0.363006 
71709597215122 1.563356 1.196837 0.416763 
71709615972934 1.383761 1.373988 0.488845 
71709634730799 1.242041 1.065501 0.525496 
71709653488663 1.237765 0.535881 0.552374 
71709672246528 1.286023 0.140652 0.641561 
71709691004340 1.302516 0.420428 0.576198 
71709709762205 1.094822 0.839481 0.396604 
71709728520070 0.712421 0.708145 0.353233 
71709747277934 0.447917 0.263435 0.428369 
71709766035747 0.315970 0.237779 0.518166 
71709784793611 0.176693 0.418595 0.401491 
71709803551476 -0.073762 0.322689 0.162643 
71709822309288 -0.445779 0.130878 0.132710 
71709841067153 -1.024268 0.096669 0.228616 
71709859825017 -1.623526 0.330020 0.017868 
71709878582882 -2.371224 0.169973 -0.281456 
71709897340695 -3.072497 -0.426231 -0.458607 
71709916098559 -3.385260 -0.698066 -0.600327 
71709934856424 -2.768286 -0.585056 -0.627205 
71709953614288 -2.114050 -0.315664 -0.574060 
71709972372101 -1.893528 -0.425009 -0.844062 
71709991129965 -1.941176 -0.975398 -1.301600 
71710009887830 -2.082896 -1.667508 -1.307709 
71710028645642 -2.105498 -1.542281 -1.164156 
71710047403507 -1.784183 -1.000444 -1.039539 
71710066161372 -1.257007 -0.487317 -0.935081 
71710084919184 -1.059087 -0.589943 -0.843452 
71710103677049 -1.308320 -0.759763 -0.645531 
71710122434913 -1.382845 -0.925307 -0.549015 
71710141192778 -1.211192 -1.318093 -0.584445 
71710159950590 -1.021213 -1.313207 -0.473267 
71710178708455 -0.572228 -1.107345 -0.222813 
71710197466320 -0.015119 -1.112232 0.036805 
71710216224132 0.564592 -1.062752 0.146760 
71710234981997 1.455843 -0.719446 0.118050 
71710253739861 2.153451 -0.271071 0.176082 
71710272497674 2.016006 0.225562 0.300698 
71710291255538 0.578031 -0.296117 0.224951 
71710310013403 -0.932638 -0.335212 -0.337656 
71710328771215 -1.267392 -0.467770 -0.661414 
71710347529080 -0.966846 -1.299157 -0.514195 
71710366286945 -0.630871 -1.150106 -0.193491 
71710385044757 -0.021838 -0.180663 0.281761 
71710403802622 0.418595 0.997695 0.002596 
71710422560486 0.333685 1.438128 -0.664468 
71710441318299 0.283594 0.744797 -0.731663 
71710460076163 0.606741 0.299476 -0.228311 
71710478833976 1.121090 0.774729 0.501673 
71710497591840 1.651931 1.924377 0.530383 
71710516349705 1.918879 2.162614 0.249996 
71710535107570 2.011730 1.641546 0.221897 
71710553865382 2.001957 1.488219 0.330020 
71710572623247 1.926820 1.267697 0.512668 
71710591381059 1.710574 0.631176 0.720973 
71710610138924 1.570686 0.206014 0.769842 
71710628896788 1.553582 -0.137292 0.559705 
71710647654601 1.643990 0.091172 0.386830 
71710666412465 1.655596 0.772286 0.287870 
71710685170330 1.515708 1.244484 0.319024 
71710703928142 1.334281 1.291521 0.371558 
71710722686007 1.224937 1.019075 0.465632 
71710741443872 1.234710 0.482736 0.568257 
71710760201684 1.306182 0.096058 0.678823 
71710778959549 1.297019 0.297644 0.621402 
71710797717361 1.063668 0.720973 0.432645 
71710816475226 0.750906 0.715475 0.341626 
71710835233038 0.488845 0.400269 0.400880 
71710853990903 0.311694 0.212123 0.508392 
71710872748767 0.210290 0.298255 0.385608 
71710891506580 -0.000458 0.287870 0.140041 
71710910264445 -0.436616 0.098502 0.146760 
71710929022257 -0.999222 0.016035 0.187077 
71710947780122 -1.562439 0.178525 -0.101862 
71710966537934 -2.330907 0.022755 -0.368810 
71710985295799 -3.056615 -0.421344 -0.495869 
71711004053663 -3.445735 -0.762817 -0.594219 
71711022811476 -2.847699 -0.824515 -0.557567 
71711041569288 -2.104276 -0.538630 -0.498313 
71711060327153 -1.870315 -0.493426 -0.842230 
71711079085017 -1.958891 -0.981507 -1.206305 
71711097842830 -2.157422 -1.387121 -1.070693 
71711116600695 -2.167196 -1.294270 -1.043815 
71711135358559 -1.779296 -0.689514 -0.961348 
71711154116372 -1.253342 -0.151953 -0.866664 
71711172874236 -1.130558 -0.341321 -0.743270 
71711191632049 -1.299157 -0.740826 -0.605214 
71711210389913 -1.362687 -1.298546 -0.567341 
71711229147726 -1.365741 -1.423773 -0.523969 
71711247905590 -0.991892 -1.172708 -0.448222 
71711266663403 -0.374918 -1.068861 -0.161726 
71711285421267 0.267711 -1.087797 0.096058 
71711304179132 1.012356 -0.788474 0.151036 
71711322936945 1.791819 -0.381027 0.149815 
71711341694809 2.187660 0.023366 0.210901 
71711360452622 1.558469 0.318413 0.266490 
71711379210486 -0.249691 -0.509309 -0.053603 
71711397968299 -1.324202 -0.282678 -0.718224 
71711416726163 -1.096960 -0.501978 -0.742048 
71711435483976 -0.849560 -1.064585 -0.456163 
71711454241840 -0.599106 -1.018159 -0.190437 
71711472999653 0.085674 -0.066432 -0.088423 
71711491757517 0.980591 1.852906 -0.718224 
71711510515330 0.615904 1.954920 -0.727387 
71711529273195 0.200516 0.001374 -0.389579 
71711548031007 0.462577 -0.426842 0.067348 
71711566788872 1.255480 0.918893 0.366061 
71711585546684 1.796095 2.138790 0.162032 
71711604304549 2.085034 2.198044 0.054520 
71711623062361 2.079536 2.138790 0.306807 
71711641820226 2.140012 1.979965 0.548098 
71711660578038 1.942092 1.020908 0.792444 
71711679335903 1.553582 0.060628 0.991586 
71711698093715 1.436296 -0.263741 0.824209 
71711716851580 1.628107 -0.129961 0.516944 
71711735609392 1.683696 0.440586 0.347124 
71711754367257 1.549306 1.059392 0.402102 
71711773125070 1.318399 1.353829 0.532216 
71711791882934 1.115592 1.324508 0.646448 
71711810640747 1.056949 1.054505 0.691652 
71711829398559 1.108261 0.219453 0.750295 
71711848156424 1.252426 -0.016341 0.642172 
71711866914236 1.336725 0.585972 0.395382 
71711885672101 1.061836 0.858418 0.284816 
71711904429913 0.668439 0.383776 0.436310 
71711923187778 0.417373 0.132100 0.646448 
71711941945590 0.259770 0.425315 0.545655 
71711960703455 0.053298 0.477238 0.256105 
71711979461267 -0.318719 0.265268 0.138819 
71711998219080 -0.894764 0.095448 0.229838 
71712016976945 -1.495244 0.263435 0.049633 
71712035734757 -2.235612 0.249386 -0.333379 
71712054492622 -3.004691 -0.238695 -0.536797 
71712073250434 -3.547139 -0.651640 -0.601549 
71712092008299 -3.060891 -0.888045 -0.547182 
71712110766111 -2.172082 -0.377973 -0.403629 
71712129523924 -1.775631 -0.126907 -0.733496 
71712148281788 -1.758527 -0.932638 -1.316261 
71712167039601 -2.022421 -1.459203 -1.213636 
71712185797465 -2.101833 -1.285718 -1.097571 
71712204555278 -1.794568 -0.924086 -1.022435 
71712223313090 -1.334587 -0.324216 -0.883769 
71712242070955 -1.119562 -0.199600 -0.749378 
71712260828767 -1.165988 -0.456163 -0.644310 
71712279586632 -1.186147 -0.996168 -0.638812 
71712298344445 -1.178816 -1.471421 -0.665079 
71712317102257 -0.956462 -1.421940 -0.588721 
71712335860070 -0.440892 -1.210581 -0.338266 
71712354617934 0.120493 -1.055422 -0.001069 
71712373375799 0.724638 -0.789085 0.180358 
71712392133611 1.559690 -0.445168 0.204792 
71712410891476 2.137568 -0.291230 0.296422 
71712429649288 1.836412 -0.060934 0.432034 
71712448407101 0.129656 -0.485485 0.242666 
71712467164965 -1.231961 -0.413403 -0.498313 
71712485922778 -1.274111 -0.478154 -0.724944 
71712504680590 -0.805578 -0.778089 -0.516028 
71712523438455 -0.390801 -0.687070 -0.104305 
71712542196267 -0.233808 -0.246637 -0.101862 
71712560954132 0.058185 1.392314 -1.012661 
71712579711945 0.618348 1.826638 -1.059698 
71712598469757 0.515723 0.819322 -0.429285 
71712617227622 0.469297 -0.165392 0.399658 
71712635985434 1.509600 1.059392 0.536492 
71712654743247 1.932318 2.085645 0.199905 
71712673501111 1.962250 1.963472 0.117439 
71712692258924 1.750891 1.777769 0.391717 
71712711016736 1.786321 1.604284 0.713643 
71712729774601 1.794263 0.946993 0.939663 
71712748532413 1.615279 0.364839 0.914006 
71712767290226 1.579238 0.049022 0.626289 
71712786048038 1.667203 0.155923 0.436310 
71712804805903 1.653153 0.657443 0.367893 
71712823563767 1.524871 1.212108 0.470519 
71712842321580 1.365435 1.429576 0.628733 
71712861079392 1.250593 1.132696 0.713643 
71712879837257 1.191950 0.678823 0.717919 
71712898595070 1.255480 0.191964 0.717919 
71712917352882 1.337336 0.243888 0.623846 
71712936110747 1.281747 0.739299 0.424093 
71712954868559 0.951880 0.833983 0.341015 
71712973626372 0.622624 0.421039 0.453414 
71712992384236 0.391106 0.237168 0.604298 
71713011142049 0.194408 0.425925 0.498618 
71713029899861 -0.028558 0.457690 0.224951 
71713048657726 -0.332158 0.288481 0.099724 
71713067415538 -0.808632 0.049633 0.202960 
71713086173351 -1.325424 0.244499 0.058185 
71713104931163 -1.979049 0.331852 -0.291841 
71713123689028 -2.730413 -0.153785 -0.451887 
71713142446840 -3.263087 -0.519693 -0.528856 
71713161204653 -3.103040 -0.571006 -0.539241 
71713179962465 -2.193463 -0.317497 -0.470213 
71713198720330 -1.822057 -0.225256 -0.581391 
71713217478142 -1.816559 -0.628427 -1.028544 
71713236235955 -1.956447 -1.274111 -1.300378 
71713254993820 -2.051742 -1.495244 -1.211192 
71713273751632 -1.882532 -1.150717 -1.112232 
71713292509445 -1.423162 -0.779311 -1.005331 
71713311267257 -1.092684 -0.374307 -0.861777 
71713330025122 -1.078024 -0.467159 -0.738383 
71713348782934 -1.220966 -0.714559 -0.630260 
71713367540747 -1.189812 -1.118341 -0.684627 
71713386298611 -1.019381 -1.325424 -0.708450 
71713405056424 -0.682183 -1.300378 -0.597884 
71713423814236 -0.224035 -1.173319 -0.297949 
71713442572049 0.228616 -1.081689 0.027642 
71713461329913 0.834594 -0.859945 0.212734 
71713480087726 1.591455 -0.526413 0.262825 
71713498845538 1.975079 -0.143401 0.357509 
71713517603403 1.491884 0.315359 0.413097 
71713536361215 0.103389 -0.200211 0.191353 
71713555119028 -0.838565 -0.431729 -0.363312 
71713573876840 -0.846506 -0.557567 -0.578947 
71713592634705 -0.597273 -0.790917 -0.472046 
71713611392517 -0.443335 -0.863610 -0.269239 
71713630150330 0.106443 -0.158672 -0.111636 
71713648908142 0.400880 1.220050 -0.644920 
71713667666007 0.332463 1.454011 -0.869719 
71713686423820 0.302531 0.400269 -0.526413 
71713705181632 0.364839 -0.224035 0.133932 
71713723939445 0.978758 0.787557 0.639728 
71713742697257 1.460730 2.216370 0.644004 
71713761455122 1.779602 2.304335 0.514501 
71713780212934 1.893223 1.556636 0.442419 
71713798970747 1.886503 1.341001 0.532216 
71713817728559 1.808312 1.006247 0.609796 
71713836486372 1.695302 0.303142 0.642172 
71713855244236 1.585958 -0.164170 0.631176 
71713874002049 1.580460 -0.341932 0.496786 
71713892759861 1.655596 0.067348 0.392939 
71713911517674 1.605505 0.822988 0.412486 
71713930275538 1.477224 1.270751 0.458912 
71713949033351 1.249371 1.193172 0.529162 
71713967791163 1.116203 1.006858 0.584750 
71713986548976 1.132696 0.406989 0.675769 
71714005306788 1.220050 0.022144 0.690430 
71714024064601 1.268919 0.456469 0.461966 
71714042822465 1.017853 0.863305 0.301309 
71714061649288 0.676380 0.600633 0.334296 
71714080338090 0.429591 0.196240 0.516333 
71714099095903 0.188910 0.235947 0.543212 
71714117853715 -0.023671 0.429591 0.271988 
71714136611528 -0.266795 0.321468 0.035583 
71714155369340 -0.723111 0.055741 0.078954 
71714174127205 -1.271057 0.095448 0.082619 
71714192885017 -1.908800 0.348346 -0.173944 
71714211642830 -2.682765 0.052076 -0.362090 
71714230400642 -3.312567 -0.406683 -0.438448 
71714249158455 -3.315011 -0.785419 -0.529467 
71714267916267 -2.466519 -0.401796 -0.434172 
71714286674080 -1.897193 -0.060934 -0.538630 
71714305431945 -1.774409 -0.247858 -0.927751 
71714324189757 -1.968054 -0.826347 -1.192866 
71714342947570 -2.048688 -1.197753 -1.192255 
71714361705382 -1.929569 -1.137277 -1.198364 
71714380463195 -1.509294 -0.663246 -1.179427 
71714399221059 -1.057254 -0.311388 -1.036485 
71714417978872 -1.010828 -0.473267 -0.801302 
71714436736684 -1.184314 -0.811687 -0.641866 
71714455494497 -1.294270 -1.228907 -0.579558 
71714474252309 -1.142775 -1.468977 -0.644310 
71714493010122 -0.765261 -1.373071 -0.543517 
71714511767986 -0.212428 -1.163545 -0.277180 
71714530525799 0.280540 -1.013883 -0.020006 
71714549283611 0.800386 -0.624151 0.165086 
71714568041424 1.650098 -0.152563 0.250607 
71714586799236 2.234085 -0.037110 0.406989 
71714605557049 1.987907 -0.112246 0.556040 
71714624314861 0.303753 -0.208152 0.289703 
71714643072674 -1.192255 -0.221591 -0.635758 
71714661830538 -1.304044 -0.542295 -0.924697 
71714680588351 -0.961959 -1.224020 -0.540463 
71714699346163 -0.418901 -0.828180 -0.007178 
71714718103976 0.133932 0.266490 0.138208 
71714736861788 0.587805 1.532812 -0.594219 
71714755619601 0.537103 1.678198 -0.635758 
71714774377413 0.290924 0.631176 -0.140957 
71714793135226 0.450360 -0.242361 0.407600 
71714811893090 1.112538 0.516944 0.633009 
71714830650903 1.681863 1.642157 0.391717 
71714849408715 1.846797 1.789376 0.271988 
71714868166528 1.797317 1.537699 0.376445 
71714886924340 1.949422 1.402698 0.466243 
71714905682153 1.917046 1.025184 0.632398 
71714924439965 1.742950 0.469908 0.818712 
71714943197778 1.655596 0.077733 0.760679 
71714961955590 1.675144 -0.012675 0.580474 
71714980713403 1.685529 0.394771 0.450971 
71714999471267 1.591455 0.997084 0.402102 
71715018229080 1.482111 1.289688 0.386219 
71715036986892 1.314123 1.204167 0.394771 
71715055744705 1.146135 0.987310 0.464410 
71715074502517 1.108872 0.441197 0.612239 
71715093260330 1.036179 0.064904 0.719751 
71715112018142 0.975093 0.383165 0.541379 
71715130775955 0.809549 0.841924 0.328187 
71715149533767 0.572533 0.710588 0.298866 
71715168291580 0.394771 0.232892 0.445473 
71715187049392 0.273820 0.073456 0.557872 
71715205807205 0.071013 0.190132 0.382554 
71715224565070 -0.196546 0.190132 0.114995 
71715243322882 -0.662025 0.016035 0.088117 
71715262080695 -1.220355 0.061850 0.072846 
71715280838507 -1.812283 0.249386 -0.175165 
71715299596320 -2.530660 -0.016951 -0.404851 
71715318354132 -3.139081 -0.476322 -0.487928 
71715337111945 -3.288743 -0.746935 -0.500756 
71715355869757 -2.608240 -0.606436 -0.411570 
71715374627570 -2.024253 -0.123242 -0.427453 
71715393385330 -1.760970 -0.081092 -0.803745 
71715412143195 -1.845270 -0.728609 -1.174540 
71715430901007 -1.995543 -1.472642 -1.230740 
71715449658820 -1.937510 -1.612530 -1.289383 
71715468416580 -1.530674 -1.184925 -1.283885 
71715487174497 -1.045037 -0.806189 -1.170875 
71715505932257 -0.967457 -0.795193 -0.939968 
71715524690122 -1.129947 -0.908814 -0.696844 
71715543447934 -1.214857 -1.140943 -0.564897 
71715562205747 -1.069471 -1.479362 -0.614988 
71715580963559 -0.759152 -1.425606 -0.618042 
71715599721372 -0.371864 -1.185536 -0.381638 
71715618479184 0.121104 -0.961348 -0.089034 
71715637236997 0.659276 -0.844062 0.096669 
71715655994809 1.455843 -0.423177 0.112552 
71715674752622 2.063654 -0.041997 0.217621 
71715693510434 2.001346 0.286037 0.358119 
71715712268247 0.565813 -0.204487 0.266490 
71715731026059 -0.955240 -0.702342 -0.332158 
71715749783872 -1.084132 -0.500146 -0.751822 
71715768541684 -0.494648 -0.493426 -0.533132 
71715787299497 -0.279013 -0.437226 -0.194102 
71715806057309 -0.158061 0.063683 0.061850 
71715824815122 -0.297949 0.708145 -0.645531 
71715843572934 0.066126 1.114370 -0.983340 
71715862330747 0.392328 0.536492 -0.495869 
71715881088559 0.178525 -0.398131 0.391106 
71715899846372 1.216995 1.000138 0.644004 
71715918604184 1.712407 2.487594 0.421039 
71715937361997 2.062432 2.216981 0.092393 
71715956119809 1.987296 1.646433 0.013592 
71715974877674 1.797317 1.469893 0.262214 
71715993635486 1.735009 0.928667 0.573144 
71716012393247 1.676366 0.256105 0.830929 
71716031151059 1.563967 -0.163559 0.698982 
71716049908924 1.589623 -0.252134 0.471740 
71716068666736 1.581071 0.243277 0.361785 
71716087424549 1.479667 0.882241 0.389274 
71716106182361 1.277471 1.219439 0.476016 
71716124940174 1.121700 1.155909 0.498618 
71716143697986 1.026406 1.060614 0.583529 
71716162455747 1.116814 0.683710 0.717919 
71716181213559 1.238986 0.311694 0.772286 
71716199971424 1.257923 0.491899 0.557261 
71716218729236 1.064890 0.808938 0.366672 
71716237487049 0.763734 0.634841 0.367893 
71716256244861 0.486401 0.269544 0.496786 
71716275002622 0.304363 0.321468 0.518777 
71716293760486 0.206014 0.513890 0.323300 
71716312518247 -0.074984 0.461966 0.179136 
71716331276059 -0.545960 0.292146 0.245109 
71716350033872 -0.977842 0.477238 0.123547 
71716368791684 -1.505629 0.588416 -0.257021 
71716387549497 -2.260658 0.257938 -0.490372 
71716406307309 -2.961320 -0.300393 -0.475711 
71716425065122 -3.419468 -0.638201 -0.375529 
71716443822934 -3.143968 -0.573449 -0.246026 
71716462580747 -2.370614 0.173638 -0.151342 
71716481338559 -1.976606 0.528551 -0.376751 
71716500096372 -1.881311 0.240223 -0.781143 
71716518854184 -1.968054 -0.455552 -0.996168 
71716537611997 -1.981493 -0.770148 -1.155603 
71716556369809 -1.751197 -0.831845 -1.184314 
71716575127622 -1.373071 -0.611323 -1.073748 
71716593885434 -1.138499 -0.578947 -0.894153 
71716612643247 -1.208749 -1.215468 -0.734107 
71716631401059 -1.302822 -1.636965 -0.602160 
71716650158872 -1.089019 -1.649793 -0.593608 
71716668916684 -0.716392 -1.502575 -0.519693 
71716687674497 -0.296728 -1.226464 -0.327882 
71716706432309 0.153480 -0.943633 -0.134848 
71716725190122 0.706923 -0.581391 -0.035277 
71716743947934 1.526093 -0.153785 -0.042608 
71716762705747 2.403906 0.086285 0.014203 
71716781463559 2.681238 0.084452 0.213345 
71716800221372 1.513265 0.207847 0.319635 
71716818979184 -0.778089 0.026420 -0.219148 
71716837736997 -1.640019 -0.557567 -0.890488 
71716856494809 -1.431714 -1.896582 -0.827569 
71716875252570 -0.768315 -1.771966 -0.257632 
71716894010382 0.064904 -0.180052 0.319024 
71716912768195 0.366672 1.097877 0.020311 
71716931526007 -0.014508 1.019686 -0.694401 
71716950283820 -0.062155 0.104611 -0.837343 
71716969041632 0.479071 -0.236252 -0.530689 
71716987799445 0.727082 0.010537 0.250607 
71717006557257 1.421024 1.246928 0.454636 
71717025315070 1.579849 1.850462 0.272598 
71717044072882 1.583514 1.226769 0.113774 
71717062830695 1.567632 1.256091 0.223729 
71717081588507 1.691026 1.331838 0.364839 
71717100346320 1.652542 0.910952 0.556651 
71717119104132 1.593288 0.443030 0.666606 
71717137861945 1.627496 0.249386 0.533438 
71717156619757 1.631773 0.333074 0.400880 
71717175377570 1.455233 0.509614 0.412486 
71717194135382 1.285412 0.689819 0.490677 
71717212893142 1.209665 1.059392 0.527329 
71717231650955 1.181565 1.147968 0.465632 
71717250408767 1.003193 0.840092 0.484568 
71717269166580 0.958600 0.393550 0.570700 
71717287924340 1.008080 0.077733 0.631787 
71717306682205 1.080162 0.289703 0.539546 
71717325440017 0.979369 0.638506 0.382554 
71717344197830 0.730136 0.562148 0.344070 
71717362955642 0.408821 0.267711 0.449749 
71717381713455 0.113163 0.271377 0.432034 
71717400471215 -0.054825 0.351400 0.204182 
71717419229028 -0.317497 0.140041 -0.032834 
71717437986840 -0.760374 -0.022449 -0.118966 
71717456744653 -1.269224 0.326965 -0.255800 
71717475502465 -1.846491 0.678213 -0.508698 
71717494260278 -2.532493 0.524275 -0.626595 
71717513018090 -3.268585 0.001374 -0.432340 
71717531775903 -3.560578 -0.274736 -0.192881 
71717550533663 -2.956433 0.361174 0.032529 
71717569291476 -2.272264 1.287856 0.058796 
71717588049288 -1.924682 1.204167 -0.089644 
71717606807101 -1.727984 0.582307 -0.382859 
71717625564913 -1.854433 0.176693 -0.503200 
71717644322726 -1.900248 -0.228311 -0.613766 
71717663080538 -1.567326 -0.473267 -0.695011 
71717681838351 -1.081078 -0.751211 -0.753654 
71717700596163 -0.815963 -1.088408 -0.760374 
71717719353924 -0.731663 -1.333976 -0.702342 
71717738111736 -0.557567 -1.345582 -0.633314 
71717756869549 -0.294284 -1.252731 -0.574671 
71717775627361 -0.026114 -1.095739 -0.516028 
71717794385174 0.300698 -0.669355 -0.388357 
71717813142986 0.659276 -0.183718 -0.221591 
71717831900799 1.092379 0.050854 -0.101862 
71717850658559 1.695302 0.058796 0.044746 
71717869416372 2.194379 -0.250913 0.259159 
71717888174184 2.259131 -0.720057 0.454025 
71717906931997 1.194393 -0.579558 0.371558 
71717925689809 -0.078649 0.686765 -0.287565 
71717944447622 -0.031001 0.980591 -0.706007 
71717963205434 0.154091 -0.691346 -0.777478 
71717981963195 -0.073762 -1.145830 -0.529467 
71718000721007 -0.146455 -0.472046 -0.461661 
71718019478820 -0.058490 0.337350 -0.439670 
71718038236632 -0.150731 -0.148898 -0.153785 
71718056994445 -0.073151 -0.841619 0.201127 
71718075752257 0.506560 -0.642477 0.169973 
71718094510017 0.925002 -0.157450 0.036805 
71718113267830 0.846811 -0.269850 0.109498 
71718132025642 0.552374 -0.625984 0.257938 
71718150783455 0.491899 -0.578336 0.285427 
71718169541267 0.567646 -0.387136 0.268322 
71718188299080 0.740521 -0.114690 0.099113 
71718207056892 1.015410 0.210901 -0.015119 
71718225814653 1.144302 0.659887 0.035583 
71718244572465 0.973260 0.793666 -0.008399 
71718263330226 0.694706 0.460745 0.130878 
71718282088090 0.500451 0.293979 0.330631 
71718300845903 0.444251 0.386830 0.322078 
71718319603715 0.508392 0.243277 0.196851 
71718338361476 0.507781 -0.098197 0.141873 
71718357119288 0.466243 -0.114690 0.068570 
71718375877101 0.359341 0.067348 0.009316 
71718394634913 0.204792 0.173638 0.014203 
71718413392726 0.018479 0.083230 0.061850 
71718432150486 -0.162948 -0.305891 0.121104 
71718450908299 -0.230143 -0.268628 0.066126 
71718469666111 0.018479 0.347124 -0.056658 
71718488423924 0.289092 0.488234 -0.026114 
71718507181736 0.363617 0.269544 0.188299 
71718525939549 0.389274 0.251829 0.551153 
71718544697309 0.366672 0.212123 0.590248 
71718563455122 0.422871 0.246331 0.290313 
71718582212934 0.463188 0.051465 -0.023671 
71718600970747 0.286648 -0.123242 -0.134848 
71718619728559 0.105832 -0.009010 -0.127518 
71718638486320 0.004429 0.279929 -0.083536 
71718657244132 -0.094531 0.400880 0.023366 
71718676001945 -0.196546 0.337961 0.152869 
71718694759757 -0.167835 0.259770 0.170584 
71718713517570 0.022755 0.097280 0.229227 
71718732275330 0.076511 0.265268 0.141873 
71718751033142 0.149204 0.287259 0.094226 
71718769790955 0.161421 0.188299 0.112552 
71718788548767 0.176082 -0.021228 0.175471 
71718807306580 0.194408 -0.012065 0.180969 
71718826064340 0.146760 0.115606 0.118050 
71718844822101 0.108887 0.105221 0.060017 
71718863579965 0.099724 0.108276 0.014813 
71718882337778 0.088117 0.173638 0.014813 
71718901095538 0.086896 0.122937 0.061239 
71718919853351 0.090561 0.086896 0.097280 
71718938611163 0.121104 -0.009010 0.100335 
71718957368976 0.107054 -0.032223 0.097891 
71718976126736 0.104611 -0.182496 0.111330 
71718994884549 0.162032 -0.259465 0.165086 
71719013642361 0.173638 -0.135459 0.146149 
71719032400174 0.146149 -0.142790 0.074067 
71719051157986 0.132710 -0.007178 0.016646 
71719069915747 0.170584 -0.298560 0.177914 
71719088673559 0.166308 -0.291230 0.209679 
71719107431372 0.156534 -0.228311 0.231060 
71719126189184 0.059407 -0.128740 0.149815 
71719144946945 -0.036499 -0.058490 0.054520 
71719163704757 -0.024893 -0.209985 0.054520 
71719182462570 0.037415 -0.294284 0.111330 
71719201220382 0.082619 -0.319940 0.181580 
71719219978142 0.105832 -0.229532 0.105832 
71719238735955 0.147371 -0.049327 0.020311 
71719257493767 0.153480 -0.069486 0.019700 
71719276251580 0.217621 -0.285121 0.061850 
71719295009340 0.207847 -0.205098 -0.059712 
71719313767153 0.232281 -0.068264 -0.450055 
71719332524965 0.209679 -0.729831 -0.247248 
71719351282778 0.094226 -0.678518 -0.136681 
71719370040590 -0.029169 -0.452498 0.156534 
71719388798351 -0.393855 0.171806 0.331852 
71719407556163 -0.518471 0.301920 0.187688 
71719426313976 -0.451276 -0.045662 0.424704 
71719445071788 -0.384081 -0.338266 0.549320 
71719463829549 -0.288175 -0.010232 0.034361 
71719482587361 0.131489 -1.052978 -0.018784 
71719501345174 0.353843 -1.937510 0.082619 
71719520102934 -0.004734 -0.987005 0.157145 
71719538860747 -1.098793 0.912785 -0.272904 
71719557618559 -2.118326 1.719126 -0.757930 
71719576376372 -1.012661 0.987310 -0.596662 
71719595134132 -0.228922 0.976925 -0.345597 
71719613891945 -0.373086 1.308014 -0.571617 
71719632649757 -0.246026 1.049008 -0.538630 
71719651407570 0.065515 0.728304 -0.484263 
71719670165330 0.335517 1.421635 -0.412792 
71719688923142 0.759458 4.102721 -0.121409 
71719707680955 0.276264 3.017214 -0.185550 
71719726438767 -0.461050 1.056949 -0.563065 
71719745196528 -0.154396 0.470519 -0.506865 
71719763954340 0.119882 0.848644 -0.572838 
71719782712153 0.169362 0.612239 -0.822682 
71719801469965 0.281151 -0.040775 -0.881936 
71719820227726 0.443641 -0.392022 -0.699898 
71719838985538 0.483347 -0.703564 -0.505643 
71719857743351 0.158367 -1.149495 -0.343764 
71719876501111 -0.230143 -1.650404 -0.483652 
71719895258924 0.124158 -1.651015 -0.599106 
71719914016736 -0.056658 0.141873 -0.144011 
71719932774497 -0.071929 -0.115301 -0.120188 
71719951532309 -0.002291 -0.085979 -0.128740 
71719970290122 0.059407 0.174860 -0.177609 
71719989047934 0.152258 0.857196 -0.329714 
71720007805695 0.290924 1.278082 -0.374307 
71720026563507 0.460745 2.488816 -0.528856 
71720045321320 0.531605 2.667799 -0.828180 
71720064079132 0.049633 2.016617 -1.212414 
71720082836892 -0.184939 1.136972 -1.479362 
71720101594705 -0.479376 0.568868 -1.470810 
71720120352517 -0.796415 -0.441503 -1.217912 
71720139110278 -0.821460 0.510836 -0.842230 
71720157868090 -0.828180 1.815032 -0.578947 
71720176625903 -0.541684 1.786932 -0.456774 
71720195383663 -0.719446 0.673937 -0.373086 
71720214141476 -0.526413 0.424093 -0.658360 
71720232899288 -0.026725 0.473573 -1.092074 
71720251657101 0.906065 1.744783 -1.240514 
71720270414861 1.042899 1.974468 -1.063363 
71720289172674 1.274417 1.738674 -0.522748 
71720307930486 1.639103 1.893223 0.237779 
71720326688247 1.322675 0.359341 0.147371 
71720345446059 1.773493 0.970206 0.582307 
71720364203872 2.379471 2.132682 1.411250 
71720382961632 2.907869 1.813810 1.266475 
71720401719445 3.323868 2.825402 1.113148 
71720420477257 3.366628 3.827832 1.633605 
71720439235070 3.341583 3.292103 1.235321 
71720457992830 3.548666 4.001928 1.075886 
71720476750642 2.705673 3.113120 1.180344 
71720495508403 1.708742 1.394146 0.340404 
71720514266215 1.226158 0.630565 -1.222188 
71720533024028 1.347110 0.917061 -2.145815 
71720551781788 1.920712 0.575587 -2.622901 
71720570539601 2.579835 -0.153785 -2.563647 
71720589297361 2.789361 -0.349873 -2.252106 
71720608055122 2.630537 -0.556956 -2.359007 
71720626812517 2.597550 -1.437823 -2.725526 
71720645570747 2.715447 -1.617417 -3.225213 
71720664328559 2.711782 -0.921642 -3.964971 
71720683086372 2.771035 -0.232587 -4.458549 
71720701844132 3.048979 0.638506 -4.370585 
71720720601945 3.168708 0.992808 -3.478111 
71720739359757 2.975064 1.298240 -2.716363 
71720758117517 2.857778 1.669035 -2.344346 
71720776875330 2.620763 1.321453 -2.546543 
71720795633142 2.454607 0.059407 -2.599077 
71720814390903 2.210872 -1.281442 -2.464687 
71720833148715 1.495550 -0.993724 -1.924682 
71720851906476 0.590248 0.805273 -1.705382 
71720870664288 -0.398742 1.509600 -1.801288 
71720889422101 -0.222813 1.362992 -1.794568 
71720908179861 0.513890 0.441197 -1.784794 
71720926937674 0.409432 -0.899651 -1.742645 
71720945695486 -0.081092 -0.709061 -1.754251 
71720964453299 -0.666301 0.264046 -1.734703 
71720983211059 -1.621693 0.051465 -1.444543 
71721001968872 -0.684627 1.793652 -2.222173 
71721020726684 -0.450055 0.349567 -3.153742 
71721039484445 -0.404851 -0.514195 -3.031569 
71721058242257 0.074067 -0.162948 -3.035845 
71721077000070 0.951269 0.368504 -3.224602 
71721095757830 1.583514 0.196240 -3.367545 
71721114515642 1.695302 -0.214872 -3.221548 
71721133273455 1.295186 -0.322995 -2.905120 
71721152031215 0.426536 0.645226 -2.487289 
71721170789028 -0.307723 1.526704 -1.990656 
71721189546788 -0.440281 0.497397 -1.635743 
71721208304601 -0.203265 -0.930805 -1.547168 
71721227062413 0.054520 -1.648571 -1.560607 
71721245820174 -0.076816 -1.010828 -1.578933 
71721264577986 -0.219148 0.099113 -1.530064 
71721283335799 0.152258 0.807716 -1.494022 
71721302093559 0.696539 0.623235 -1.576489 
71721320851372 1.219439 -0.598495 -1.570381 
71721339609132 1.246317 -0.890488 -1.636354 
71721358366945 0.961043 -0.262519 -1.600313 
71721377124757 0.159588 0.503505 -1.039539 
71721395882517 -0.202044 0.076511 -0.219759 
71721414640330 -0.133016 -0.867275 0.235336 
71721433398142 -0.252745 -0.922864 0.306196 
71721452155903 -0.444557 -0.956462 0.171195 
71721470913715 -0.520304 -0.926529 0.229227 
71721489671476 -0.428063 -0.834899 0.240833 
71721508429288 -0.308945 -0.631481 0.280540 
71721527187101 -0.262519 -0.181274 0.289703 
71721545944861 -0.244804 -0.047495 0.252440 
71721564702674 -0.153174 -0.299171 0.336739 
71721583460434 -0.164170 -0.484874 0.325133 
71721602218247 -0.287565 -0.476933 0.314137 
71721620976059 -0.326049 -0.374307 0.211512 
71721639733820 -0.200822 -0.181885 0.029474 
71721658491632 -0.058490 -0.287565 0.003818 
71721677249445 -0.184939 -0.295506 0.152258 
71721696007153 -0.383470 -0.358425 0.223729 
71721714765017 -0.192270 -0.068875 0.105221 
71721733522778 0.227394 0.696539 -0.012065 
71721752280590 0.458301 1.284801 -0.053603 
71721771038351 0.331241 1.521817 -0.031001 
71721820274965 0.160505 0.765261 0.024893 
71721839032778 -0.016646 0.379805 0.088117 
71721857790538 -0.100640 0.328493 0.127823 
71721876548351 -0.018784 0.552374 0.121104 
71721895306163 0.151953 0.731052 0.133016 
71721914063924 0.204792 0.739605 0.231976 
71721932821684 0.118660 0.715781 0.330631 
71721951579497 0.068264 0.985783 0.238390 
71721970337309 0.296422 1.262810 0.297949 
71721989095070 0.484263 1.272889 0.389274 
71722007852882 0.174249 0.094531 0.294590 
71722026610642 -0.451887 -0.802829 0.066126 
71722045368455 -0.620791 -0.723417 -0.197462 
71722064126267 -0.526718 -0.478765 -0.224646 
71722082884028 -0.385608 -0.618042 -0.206320 
71722101641840 -0.228005 -0.792139 -0.188910 
71722120399601 0.011454 -0.895986 -0.048106 
71722139157413 0.407600 -0.850171 0.005956 
71722157915226 0.687070 -0.413708 -0.119577 
71722176672986 0.733801 0.550542 0.049022 
71722195430799 0.604298 0.359036 0.258854 
71722214188559 0.485790 0.186161 0.650113 
71722232946372 0.235030 -0.114079 0.865748 
71722251704132 -0.046273 -0.348651 0.679740 
71722270461945 -0.289397 -0.219453 0.290008 
71722289219705 -0.476933 0.196851 -0.028252 
71722307977517 -0.633925 0.435088 -0.182801 
71722326735330 -0.765566 0.475100 -0.250302 
71722345493090 -0.841924 0.435699 -0.203571 
71722364250903 -0.786030 0.180663 -0.072540 
71722383008663 -0.669661 0.071624 -0.013286 
71722401766476 -0.503505 0.100335 -0.004429 
71722420524288 -0.239612 0.159283 -0.001680 
71722439282049 -0.119271 0.218231 -0.069486 
71722458039861 -0.162337 0.321773 -0.037110 
71722476797622 -0.085979 0.388968 0.112857 
71722495555434 0.041692 0.604603 0.236557 
71722514313247 0.040470 0.840397 0.311694 
71722533071007 -0.088423 0.838259 0.259770 
71722551828820 -0.110108 0.766788 0.241139 
71722570586580 -0.099113 0.818101 0.181274 
71722589344392 -0.188910 0.876438 0.144011 
71722608102205 -0.304974 0.911868 0.034361 
71722626859965 -0.330631 0.774424 -0.096364 
71722645617778 -0.204792 0.521526 -0.091782 
71722664375538 -0.081092 0.212123 -0.196240 
71722683133351 0.071929 -0.247553 -0.273820 
71722701891163 0.171195 -0.475100 -0.304363 
71722720648924 0.038943 -0.310167 -0.398742 
71722739406736 -0.132100 -0.401491 -0.463494 
71722758164497 -0.252745 -0.648586 -0.404545 
71722776922309 -0.328493 -0.716392 -0.190437 
71722795680122 -0.242361 -0.480598 -0.160505 
71722814437882 -0.088423 -0.260381 -0.205098 
71722833195695 -0.038637 0.009316 -0.082619 
71722851953507 -0.162032 0.533743 0.067042 
71722870711267 -0.009621 0.617126 0.076205 
71722889469080 0.561843 -0.042913 0.052687 
71722908226892 0.425009 -0.299476 0.056658 
71722926984653 -0.027031 0.021228 0.185245 
71722945742465 -0.260687 0.111025 0.159588 
71722964500278 -0.224340 -0.045051 0.030085 
71722983258038 0.021838 0.095448 0.005650 
71723002015851 -0.108276 0.001374 0.233198 
71723020773663 -0.257327 -0.315359 0.235336 
71723039531476 -0.162948 -0.344986 0.193797 
71723058289236 0.049938 -0.243888 0.079565 
71723077047049 0.139735 -0.071624 0.006872 
71723095804861 0.043830 0.125075 0.007789 
71723114562622 -0.083536 0.087201 0.023366 
71723133320434 -0.071013 -0.185856 0.086590 
71723152078247 -0.021838 -0.443641 0.082009 
71723170836059 -0.044746 -0.349873 0.033750 
71723189593820 -0.115301 -0.168751 0.025809 
71723208351632 -0.108276 -0.008399 0.050854 
71723227109445 -0.015119 0.067348 0.027947 
71723245867257 0.015119 -0.006261 -0.023060 
71723264625070 -0.019395 -0.209068 -0.034972 
71723283382830 -0.036805 -0.160810 -0.017868 
71723302140642 -0.053603 -0.034972 -0.020922 
71723320898455 -0.062766 0.034667 -0.029169 
71723339656267 -0.056658 -0.012675 -0.035277 
71723358414080 -0.023671 -0.055741 -0.069791 
71723377171840 -0.006567 -0.074067 -0.087812 
71723395929705 0.003512 -0.054520 -0.018784 
71723414687465 0.045357 0.005040 0.033445 
71723433445278 0.069791 0.107054 0.049022 
71723452203090 -0.009010 0.143706 0.062155 
71723470960903 -0.034667 0.232587 0.110108 
71723489718715 0.127823 0.216399 0.132100 
71723508476528 0.241139 0.164475 0.114690 
71723527234340 0.280234 0.023976 0.126296 
71723545992153 0.341932 -0.079565 0.125685 
71723564749965 0.403323 -0.009621 0.171500 
71723583507778 0.571311 0.071318 0.231670 
71723602265538 0.654083 0.055741 0.244804 
71723621023351 0.585972 0.046578 0.259770 
71723639781163 0.550847 0.209679 0.250302 
71723658538976 0.629038 0.445779 0.236557 
71723677296840 0.669355 0.680045 0.220064 
71723696054601 0.627511 0.797942 0.180663 
71723714812465 0.566119 0.647364 0.182190 
71723733570278 0.521220 0.530383 0.213039 
71723752328090 0.431423 0.514195 0.231365 
71723771085851 0.311388 0.554207 0.252440 
71723789843715 0.310777 0.692568 0.210901 
71723808601528 0.355676 0.535270 0.129656 
71723827359340 0.239917 -0.091782 0.074678 
71723846117153 0.009316 -0.531605 0.036805 
71723864874965 0.084147 -0.666606 -0.118660 
71723883632830 0.109192 -0.788168 -0.262825 
71723902390642 0.014203 -1.007774 -0.338877 
71723921148455 -0.129961 -1.071609 -0.345291 
71723939906267 -0.279318 -0.972344 -0.274431 
71723958664080 -0.271988 -0.675464 -0.181885 
71723977421945 -0.230449 -0.513585 -0.083230 
71723996179757 -0.355981 -0.389579 -0.049022 
71724014937570 -0.443641 -0.192881 -0.069791 
71724033695434 -0.361174 -0.430202 -0.147066 
71724052453247 -0.155312 -0.539241 -0.162337 
71724071211111 -0.076205 -0.696233 -0.295811 
71724089968924 -0.271377 -0.783892 -0.451887 
71724108726736 -0.416457 -0.754265 -0.395993 
71724127484601 -0.435088 -0.798553 -0.217621 
71724146242361 -0.230754 -0.574976 -0.130572 
71724165000278 0.016646 -0.261908 -0.077733 
71724183758090 0.032529 0.059712 0.014508 
71724202515903 -0.082314 0.196240 0.202044 
71724221273767 -0.245415 0.381943 0.353843 
71724240031632 -0.250302 0.810770 0.420733 
71724258789445 0.021838 1.250898 0.358119 
71724277547257 0.221286 1.334281 0.314137 
71724296305122 0.200211 1.025489 0.268933 
71724315062986 0.020617 0.509309 0.208763 
71724333820851 -0.072235 0.124464 0.072540 
71724352578715 0.064294 -0.045051 -0.082009 
71724371336528 0.193797 -0.216704 -0.264963 
71724390094392 0.116217 -0.206625 -0.242361 
71724408852257 -0.304669 -0.226173 -0.040470 
71724427610070 -0.619875 -0.395382 -0.025198 
71724446367934 -0.371253 -0.487317 -0.087506 
71724465125799 0.117439 -0.333685 -0.101862 
71724483883611 0.429591 -0.104611 -0.049327 
71724502641476 0.437532 0.084147 0.000458 
71724521399340 0.215788 0.115606 0.022449 
71724540157257 -0.124769 -0.008094 0.004123 
71724558915070 -0.343764 -0.155312 -0.003207 
71724577672934 -0.287870 -0.243582 -0.017868 
71724596430799 -0.078038 -0.249996 -0.060323 
71724615188663 0.046273 -0.217010 -0.117744 
71724633946528 0.005956 -0.259770 -0.150731 
71724652704392 -0.113774 -0.246942 -0.150425 
71724671462257 -0.205403 -0.103389 -0.146455 
71724690220122 -0.267101 -0.050854 -0.149204 
71724708977986 -0.317802 -0.187383 -0.124158 
71724727735903 -0.340099 -0.344680 -0.068264 
71724746493715 -0.393855 -0.493121 -0.027336 
71724765251632 -0.457080 -0.565203 -0.021228 
71724784009445 -0.440892 -0.401491 -0.035277 
71724802767361 -0.357814 -0.297338 0.016646 
71724821525226 -0.283594 -0.384998 0.007483 
71724840283090 -0.132405 -0.339183 0.066737 
71724859041007 -0.014813 -0.229227 0.019090 
71724877798872 -0.026725 -0.115301 -0.087812 
71724896556736 -0.085063 -0.068875 -0.178831 
71724915314653 -0.151342 -0.040470 -0.359952 
71724934072465 -0.193797 -0.064294 -0.446695 
71724952830382 -0.228311 -0.136070 -0.358730 
71724971588299 -0.275958 -0.155312 -0.184328 
71724990346163 -0.369420 0.071318 -0.023060 
71725009104028 -0.438754 0.177304 0.073151 
71725027861945 -0.414014 0.155312 0.114690 
71725046619861 -0.282983 0.252440 0.067653 
71725065377726 -0.082314 0.384692 -0.022144 
71725084135590 0.108887 0.411265 -0.081703 
71725102893507 0.211817 0.265268 -0.130572 
71725121651424 0.193797 0.100335 -0.114995 
71725140409340 0.072540 0.092699 -0.059101 
71725159167153 -0.064294 0.242361 -0.001069 
71725177925070 -0.166613 0.342848 0.038943 
71725196682986 -0.196240 0.218537 0.055436 
71725215440903 -0.129045 0.014508 0.040470 
71725234198820 -0.031001 -0.101862 0.036194 
71725252956736 0.017562 -0.072235 0.047800 
71725271714653 0.000153 0.026420 0.049327 
71725290472465 0.000153 0.063072 0.015119 
71725309230382 0.041997 0.052382 -0.031918 
71725327988299 0.049022 0.118355 -0.037110 
71725346746215 -0.012675 0.116217 -0.045662 
71725365504132 -0.134543 0.078038 -0.052993 
71725384262049 -0.231365 0.010537 -0.050244 
71725403019965 -0.170889 -0.060934 -0.070708 
71725421777882 -0.009927 -0.056963 -0.092393 
71725440535799 0.085368 -0.043830 -0.079260 
71725459293715 0.092393 -0.014508 -0.046884 
71725478051632 0.072540 0.019700 0.001069 
71725496809549 0.051771 0.063377 0.049633 
71725515567465 0.026114 0.170279 0.104305 
71725534325382 0.046273 0.329409 0.119271 
71725553083299 0.341321 0.189521 -0.056658 
71725571841215 0.133627 -0.338572 -0.196546 
71725590599132 -0.316581 -0.404545 -0.132100 
