# Created at Fri Jan 31 08:41:56 GMT+01:00 2025 in Burnaby Canada 
71686776750174 52.518753 108.787506 -59.175003 
71686796750174 51.468754 108.450005 -58.706253 
71686816750174 50.887501 108.318756 -58.443752 
71686836750174 48.656254 108.037506 -57.318752 
71686856750174 47.943752 107.850006 -57.243752 
71686876750174 48.150002 107.831253 -57.581253 
71686896750174 48.843754 108.168755 -58.162502 
71686916750174 47.887501 108.525002 -57.768753 
71686936750174 48.768753 109.012505 -58.218754 
71686956750174 47.212502 109.200005 -57.656254 
71686976750174 46.031250 109.650002 -56.737503 
71686996750174 46.593750 109.893753 -57.093754 
71687016750174 46.968750 110.325005 -57.037502 
71687036750174 46.593750 110.812508 -56.887501 
71687056750174 46.181252 110.887505 -56.643753 
71687076750174 47.681252 111.000008 -57.337502 
71687096750174 47.756252 111.093758 -57.525002 
71687116750174 49.612503 111.262505 -58.368752 
71687136750174 50.793751 111.037506 -59.362503 
71687156750174 52.481251 111.168755 -59.700001 
71687176750174 52.593754 110.793755 -59.850002 
71687196750174 53.306252 110.681252 -59.981251 
71687216750174 53.906254 110.737503 -60.168751 
71687236750174 54.168751 110.737503 -60.243752 
71687256750174 54.281254 110.568756 -59.850002 
71687276750174 54.675003 110.756256 -60.131252 
71687296750174 54.937504 110.718758 -60.112503 
71687316750174 54.675003 110.662506 -60.262501 
71687336750174 54.656254 110.418755 -59.981251 
71687356750174 54.168751 109.931252 -59.793751 
71687376750174 53.756252 109.500008 -59.643753 
71687396750174 52.912502 108.881256 -59.381252 
71687416750174 52.256252 108.525002 -59.156254 
71687436750174 51.393753 107.868752 -58.293751 
71687456750174 50.906254 107.418755 -57.712502 
71687476750174 50.343754 107.156258 -57.281254 
71687496750174 50.118752 107.212502 -57.281254 
71687516750174 49.518753 107.418755 -56.700001 
71687536750174 49.237503 107.418755 -56.437504 
71687556750174 49.275002 107.550003 -56.343754 
71687576750174 49.200001 107.550003 -56.493752 
71687596750174 49.593754 107.812508 -56.850002 
71687616750174 49.462502 108.131256 -57.075001 
71687636750174 49.218754 108.056252 -57.225002 
71687656750174 48.975002 108.187508 -57.262501 
71687676750174 49.387501 108.018753 -57.600002 
71687696750174 49.481251 108.093758 -57.675003 
71687716750174 49.800003 108.093758 -57.862503 
71687736750174 50.287502 108.262505 -57.956253 
71687756750174 50.493752 108.412506 -58.443752 
71687776750174 50.850002 108.468758 -58.593754 
71687796750174 51.506252 108.843758 -58.762501 
71687816750174 51.993752 109.068756 -58.931252 
71687836750174 52.331253 109.537506 -59.043751 
71687856750174 52.481251 109.875008 -59.287502 
71687876750174 52.518753 110.268753 -59.193752 
71687896750174 52.275002 110.437508 -59.175003 
71687916750174 51.937504 110.568756 -58.912502 
71687936750174 51.881252 110.662506 -58.781254 
71687956750174 51.637501 110.643753 -58.762501 
71687976750174 51.075001 110.718758 -58.612503 
71687996750174 50.306252 110.381256 -58.612503 
71688016750174 49.668751 110.156258 -58.425003 
71688036750174 49.087502 109.987503 -58.200001 
71688056750174 48.581253 109.781258 -57.881252 
71688076750174 47.962502 109.631256 -57.225002 
71688096750174 46.725002 109.368752 -56.550003 
71688116750174 45.318752 109.293755 -55.162502 
71688136750174 44.137501 109.106255 -54.018753 
71688156750174 43.256252 109.181252 -53.006252 
71688176750174 42.468750 109.462502 -51.825001 
71688196750174 41.137501 109.650002 -50.775002 
71688216750174 38.793751 109.800003 -48.956253 
71688236750174 36.768753 110.287506 -47.268753 
71688256750174 34.893753 111.281258 -44.887501 
71688276750174 30.975000 111.937508 -42.543751 
71688296750174 29.100000 113.343758 -40.481251 
71688316750174 27.337502 114.881256 -38.175003 
71688336750174 25.650002 116.418755 -35.775002 
71688356750174 24.131250 118.256256 -33.075001 
71688376750174 24.393751 120.337502 -31.425001 
71688396750174 24.468752 122.231255 -29.831251 
71688416750174 24.731251 123.918755 -29.118752 
71688436750174 27.506250 126.056252 -28.612501 
71688456750174 28.331251 127.556252 -27.956251 
71688476750174 29.043751 129.018753 -27.393751 
71688496750174 29.718752 130.462509 -27.206251 
71688516750174 30.525002 131.512512 -27.262501 
71688536750174 30.731251 132.375000 -27.168751 
71688556750174 30.375002 133.200012 -27.356251 
71688576750174 29.381250 133.650009 -27.168751 
71688596750174 27.168751 133.743759 -26.400002 
71688616750174 25.387501 133.706253 -26.043751 
71688636750174 24.881250 134.062500 -25.950001 
71688656750174 24.918751 134.175003 -26.343752 
71688676750174 25.050001 134.381256 -26.906252 
71688696750174 25.162500 134.643753 -27.600000 
71688716750174 25.968752 134.925003 -28.181252 
71688736750174 27.318750 135.206253 -29.006250 
71688756750174 29.831251 135.750000 -30.956251 
71688776750174 31.818750 136.368759 -32.043751 
71688796750174 31.631250 136.012512 -32.737503 
71688816750174 30.787500 135.618759 -32.925003 
71688836750174 30.018751 135.375000 -33.243752 
71688856750174 28.668751 134.831253 -32.850002 
71688876750174 26.643751 134.081253 -32.456253 
71688896750174 24.093752 133.368759 -31.706251 
71688916750174 21.112501 132.525009 -30.656252 
71688936750174 18.468750 131.418762 -29.681252 
71688956750174 16.837502 130.893753 -28.500002 
71688976750174 16.725000 130.706253 -28.050001 
71688996750174 17.100000 130.706253 -27.787500 
71689016750174 18.037500 130.893753 -27.712502 
71689036750174 19.800001 131.437500 -27.750002 
71689056750174 22.012501 131.831253 -28.256250 
71689076750174 24.862501 132.187500 -29.025002 
71689096750174 27.487501 132.806259 -29.681252 
71689116750174 29.831251 133.350006 -30.281252 
71689136750174 30.525002 133.518753 -30.431252 
71689156750174 31.050001 133.631256 -30.093752 
71689176750174 31.331251 133.818756 -29.906252 
71689196750174 31.612501 133.743759 -29.643751 
71689216750174 32.100002 134.118759 -29.343752 
71689236750174 31.931252 134.306259 -28.350000 
71689256750174 32.081253 134.868759 -27.468752 
71689276750174 32.475002 135.075012 -27.000002 
71689296750174 32.756252 135.506256 -25.612501 
71689316750174 32.775002 135.787506 -24.393751 
71689336750174 33.150002 136.275009 -23.325001 
71689356750174 33.300003 136.687500 -22.181252 
71689376750174 33.318752 136.987503 -20.662500 
71689396750174 33.806252 137.418762 -19.706251 
71689416750174 34.106251 137.606262 -18.750000 
71689436750174 33.975002 137.793762 -17.643751 
71689456750174 34.106251 137.775009 -17.381250 
71689476750174 34.237503 137.606262 -16.893751 
71689496750174 34.200001 137.212509 -16.331251 
71689516750174 34.312500 137.025009 -15.675000 
71689536750174 34.406250 136.556259 -15.318750 
71689556750174 34.406250 136.331253 -14.868751 
71689576750174 34.275002 135.750000 -14.718751 
71689596750174 34.387501 135.468750 -14.812501 
71689616750174 34.293751 135.206253 -14.756250 
71689636750174 34.275002 135.093750 -14.718751 
71689656750174 34.387501 135.543762 -14.737500 
71689676750174 34.668751 135.881256 -14.906251 
71689696750174 35.193752 136.762512 -15.131250 
71689716750174 35.512501 137.587509 -15.450001 
71689736750174 36.037502 138.600006 -15.656251 
71689756750174 36.431252 139.575012 -15.825001 
71689776750174 36.693752 140.606262 -15.975000 
71689796750174 36.768753 141.656250 -16.200001 
71689816750174 37.181252 142.500000 -16.518751 
71689836750174 37.612503 143.287506 -16.293751 
71689856750174 38.343750 144.075012 -15.637501 
71689876750174 39.468750 144.862503 -15.281251 
71689896750174 40.687500 146.062500 -14.812501 
71689916750174 42.318752 147.243759 -14.512501 
71689936750174 43.912502 148.518753 -13.556251 
71689956750174 45.337502 149.475006 -12.900001 
71689976750174 46.556252 150.281250 -12.131250 
71689996750174 47.737503 151.106262 -11.775001 
71690016750174 48.487503 151.668762 -11.868751 
71690036750174 49.462502 152.325012 -12.075001 
71690056750174 50.193752 152.587509 -12.318750 
71690076750174 51.150002 153.075012 -12.262501 
71690096750174 52.537502 153.525009 -13.031251 
71690116750174 54.300003 154.218750 -13.518750 
71690136750174 56.287502 155.006256 -14.006250 
71690156750174 58.012501 155.681259 -14.587501 
71690176750174 60.075001 156.206253 -15.487500 
71690196750174 61.725002 156.600006 -15.956250 
71690216750174 63.862503 157.012512 -16.293751 
71690236750174 65.775002 157.181259 -17.025002 
71690256750174 67.462502 157.500000 -17.531250 
71690276750174 69.431252 157.631256 -18.243752 
71690296750174 71.193756 157.612503 -18.918751 
71690316750174 72.862503 157.500000 -19.781250 
71690336750174 74.587502 157.668762 -20.493752 
71690356750174 76.087502 157.350006 -21.337502 
71690376750174 77.268753 157.293762 -22.050001 
71690396750174 78.187500 157.087509 -22.537500 
71690416750174 79.368752 156.937500 -23.081251 
71690436750174 79.837502 156.843750 -23.325001 
71690456750174 80.306252 156.731262 -23.662500 
71690476750174 80.737503 156.712509 -23.981251 
71690496750174 80.906250 156.431259 -23.906250 
71690516750174 80.943756 156.712509 -23.606251 
71690536750174 81.056252 156.693756 -23.681252 
71690556750174 81.131256 156.787506 -23.775002 
71690576750174 81.262505 156.768753 -23.643751 
71690596750174 81.450005 156.806259 -23.718750 
71690616750174 81.412506 156.675003 -23.606251 
71690636750174 81.337502 156.543762 -23.362501 
71690656750174 81.112503 156.487503 -23.250000 
71690676750174 81.225006 156.450012 -23.175001 
71690696750174 81.112503 156.450012 -22.893751 
71690716750174 81.093750 156.450012 -22.181252 
71690736750174 80.831253 156.487503 -21.787500 
71690756750174 80.643753 156.431259 -21.412500 
71690776750174 80.512505 156.506256 -20.962502 
71690796750174 80.231255 156.525009 -20.175001 
71690816750174 79.968750 156.393753 -19.612501 
71690836750174 79.725006 156.243759 -18.862501 
71690856750174 79.650002 155.981262 -18.075001 
71690876750174 79.556252 155.681259 -17.812500 
71690896750174 79.443756 155.325012 -17.081251 
71690916750174 79.237503 154.893753 -16.350000 
71690936750174 79.125000 154.706253 -15.693750 
71690956750174 79.237503 154.518753 -15.300000 
71690976750174 79.368752 154.612503 -14.662500 
71690996750174 79.068756 154.331253 -14.325001 
71691016750174 78.843750 154.237503 -13.856251 
71691036750174 78.525002 154.162506 -13.050000 
71691056750174 78.450005 154.125000 -12.600000 
71691076750174 78.562500 154.050003 -12.225000 
71691096750174 78.468750 153.825012 -11.906250 
71691116750174 78.693756 153.918762 -11.625000 
71691136750174 78.675003 153.881256 -11.643750 
71691156750174 78.750000 154.050003 -11.512501 
71691176750174 79.012505 154.387512 -11.868751 
71691196750174 79.218750 154.650009 -12.337501 
71691216750174 79.031250 154.856262 -12.693750 
71691236750174 79.125000 155.118759 -12.937501 
71691256750174 79.031250 155.381256 -13.312501 
71691276750174 78.918755 155.381256 -13.837501 
71691296750174 78.918755 155.475006 -14.212501 
71691316750174 79.200005 155.643753 -14.400001 
71691336750174 78.937500 155.531250 -14.400001 
71691356750174 79.050003 155.456253 -14.306251 
71691376750174 79.256256 155.306259 -14.193750 
71691396750174 79.275002 155.362503 -14.287500 
71691416750174 79.650002 155.587509 -14.475000 
71691436750174 79.331253 155.456253 -14.418751 
71691456750174 79.312500 155.381256 -14.212501 
71691476750174 79.087502 155.250000 -14.325001 
71691496750174 79.181252 155.343750 -14.456250 
71691516750174 78.918755 155.606262 -14.925000 
71691536750174 78.750000 156.018753 -15.487500 
71691556750174 78.581253 156.300003 -16.087502 
71691576750174 77.962502 156.506256 -16.500000 
71691596750174 77.737503 156.993759 -17.156250 
71691616750174 77.493752 157.312500 -17.962502 
71691636750174 77.531250 157.725006 -18.937500 
71691656750174 77.212502 157.968750 -19.706251 
71691676750174 77.325005 158.343750 -20.568750 
71691696750174 77.287506 158.418762 -21.375000 
71691716750174 77.212502 158.362503 -22.275002 
71691736750174 77.362503 158.325012 -23.100000 
71691756750174 77.887505 158.456253 -23.868752 
71691776750174 78.281250 158.718750 -24.750002 
71691796750174 78.543755 158.775009 -25.387501 
71691816750174 78.975006 158.681259 -26.212502 
71691836750174 79.256256 158.531250 -26.850000 
71691856750174 79.743752 158.550003 -27.487501 
71691876750174 80.118752 158.568756 -27.843752 
71691896750174 80.625000 158.531250 -28.481251 
71691916750174 81.112503 158.362503 -29.006250 
71691936750174 81.581253 158.325012 -29.512501 
71691956750174 81.712502 158.062500 -29.775002 
71691976750174 81.843750 157.987503 -30.018751 
71691996750174 82.293755 157.950012 -30.281252 
71692016750174 82.443756 157.912506 -30.318750 
71692036750174 82.650002 158.062500 -30.318750 
71692056750174 82.931252 158.043762 -29.831251 
71692076750174 82.668755 158.193756 -29.418751 
71692096750174 82.312500 158.250000 -28.518751 
71692116750174 82.312500 158.700012 -27.750002 
71692136750174 82.312500 158.981262 -26.625002 
71692156750174 81.806252 159.000000 -25.350000 
71692176750174 81.393753 159.150009 -24.262501 
71692196750174 80.887505 159.375000 -22.893751 
71692216750174 80.118752 159.618759 -21.543751 
71692236750174 79.593750 159.693756 -20.137501 
71692256750174 79.181252 159.562500 -18.768751 
71692276750174 78.506256 159.525009 -17.212502 
71692296750174 77.793755 159.525009 -15.956250 
71692316750174 77.212502 159.506256 -14.812501 
71692336750174 76.350006 159.187500 -13.593751 
71692356750174 76.012505 158.962509 -12.656251 
71692376750174 75.731255 158.831253 -11.868751 
71692396750174 75.656250 158.568756 -11.156250 
71692416750174 75.150002 158.437500 -11.062500 
71692436750174 74.775002 158.193756 -11.268750 
71692456750174 74.737503 158.193756 -11.662500 
71692476750174 74.643753 158.231262 -11.868751 
71692496750174 75.093750 158.737503 -12.618751 
71692516750174 75.093750 158.925003 -13.256250 
71692536750174 74.962502 159.206253 -13.931251 
71692556750174 74.662506 159.506256 -14.362500 
71692576750174 74.906250 159.937500 -14.512501 
71692596750174 75.206253 160.256256 -14.925000 
71692616750174 75.112503 160.331253 -15.075001 
71692636750174 75.075005 160.537506 -15.375001 
71692656750174 74.606255 160.556259 -15.150001 
71692676750174 74.118752 160.631256 -14.850000 
71692696750174 73.856255 160.593750 -14.718751 
71692716750174 73.687500 160.968750 -15.037500 
71692736750174 73.387505 161.231262 -15.375001 
71692756750174 72.900002 161.362503 -15.693750 
71692776750174 72.862503 161.775009 -16.481251 
71692796750174 72.937500 162.056259 -17.362501 
71692816750174 73.106255 162.281250 -18.225000 
71692836750174 73.425003 162.637512 -19.762501 
71692856750174 73.612503 162.787506 -21.225000 
71692876750174 73.875000 162.843750 -22.462502 
71692896750174 74.175003 162.862503 -23.756250 
71692916750174 74.681252 162.937500 -24.881250 
71692936750174 74.925003 162.806259 -25.781252 
71692956750174 75.225006 162.600006 -26.493752 
71692976750174 75.656250 162.300003 -27.600000 
71692996750174 76.293755 162.075012 -28.256250 
71693016750174 76.856255 161.943756 -28.931252 
71693036750174 77.306252 161.700012 -29.512501 
71693056750174 77.850006 161.550003 -30.075001 
71693076750174 78.506256 161.550003 -30.918751 
71693096750174 79.106255 161.475006 -31.443750 
71693116750174 79.631256 161.568756 -32.081253 
71693136750174 80.025002 161.737503 -32.306252 
71693156750174 80.137505 161.793762 -32.456253 
71693176750174 80.681252 162.150009 -32.493752 
71693196750174 80.793755 162.393753 -32.175003 
71693216750174 80.793755 162.693756 -31.575001 
71693236750174 80.625000 162.918762 -30.356251 
71693256750174 80.456253 163.275009 -28.912500 
71693276750174 79.875000 163.293762 -27.637501 
71693296750174 79.256256 163.387512 -25.837502 
71693316750174 78.618752 163.293762 -23.943750 
71693336750174 77.775002 163.218750 -22.162500 
71693356750174 77.306252 163.162506 -20.568750 
71693376750174 76.818756 163.012512 -19.237501 
71693396750174 76.368752 162.918762 -18.187500 
71693416750174 75.768753 162.750000 -17.231251 
71693436750174 75.337502 162.675003 -15.993751 
71693456750174 74.831253 162.412506 -15.243751 
71693476750174 74.568756 162.337509 -14.681251 
71693496750174 73.893753 162.018753 -13.931251 
71693516750174 73.425003 161.793762 -13.125001 
71693536750174 72.993752 161.400009 -12.375001 
71693556750174 72.675003 161.006256 -11.643750 
71693576750174 72.431252 160.631256 -11.175000 
71693596750174 72.431252 160.537506 -11.062500 
71693616750174 72.637505 160.537506 -11.081250 
71693636750174 72.787506 160.762512 -11.231251 
71693656750174 73.275002 161.156250 -11.587501 
71693676750174 73.462502 161.306259 -12.018750 
71693696750174 73.612503 161.643753 -12.337501 
71693716750174 73.518753 161.793762 -12.712501 
71693736750174 73.406250 161.943756 -12.825001 
71693756750174 73.387505 161.981262 -12.731251 
71693776750174 73.237503 162.206253 -12.787500 
71693796750174 73.068756 162.112503 -12.768750 
71693816750174 72.843750 161.850006 -12.918751 
71693836750174 72.600006 161.831253 -13.050000 
71693856750174 72.525002 161.850006 -13.406251 
71693876750174 72.600006 162.093750 -13.762501 
71693896750174 72.825005 162.506256 -14.606251 
71693916750174 72.525002 162.806259 -15.412500 
71693936750174 72.468750 162.975006 -16.556252 
71693956750174 72.243752 163.143753 -17.512501 
71693976750174 72.337502 163.350006 -18.806252 
71693996750174 72.768753 163.518753 -20.137501 
71694016750174 73.162506 163.687500 -21.262501 
71694036750174 73.537506 163.781250 -22.350000 
71694056750174 73.593750 163.762512 -23.381250 
71694076750174 74.100006 163.650009 -24.562502 
71694096750174 74.775002 163.631256 -25.500002 
71694116750174 75.506256 163.612503 -26.437502 
71694136750174 75.993752 163.631256 -26.981251 
71694156750174 76.293755 163.481262 -27.712502 
71694176750174 76.368752 163.443756 -28.462502 
71694196750174 76.725006 163.350006 -29.306252 
71694216750174 77.625000 163.312500 -29.737501 
71694236750174 78.262505 163.312500 -30.300001 
71694256750174 78.581253 163.200012 -30.525002 
71694276750174 78.825005 163.256256 -30.768751 
71694296750174 79.218750 163.200012 -30.693750 
71694316750174 79.425003 163.181259 -30.375002 
71694336750174 79.518753 163.087509 -29.606251 
71694356750174 79.312500 163.050003 -28.443750 
71694376750174 78.881256 162.825012 -27.206251 
71694396750174 78.525002 162.825012 -25.593752 
71694416750174 78.262505 162.750000 -24.150002 
71694436750174 77.906250 162.562500 -22.687500 
71694456750174 77.418755 162.375000 -21.056252 
71694476750174 76.856255 162.356262 -19.443750 
71694496750174 76.462502 162.187500 -18.000000 
71694516750174 75.825005 161.831253 -16.950001 
71694536750174 74.943756 161.700012 -15.768750 
71694556750174 74.343750 161.456253 -14.906251 
71694576750174 73.687500 161.268753 -13.931251 
71694596750174 72.975006 160.856262 -12.656251 
71694616750174 72.337502 160.500000 -11.831250 
71694636750174 71.906250 160.106262 -10.987500 
71694656750174 71.737503 159.731262 -10.687500 
71694676750174 71.887505 159.637512 -10.331250 
71694696750174 72.450005 159.581253 -10.518750 
71694716750174 72.750000 159.581253 -10.518750 
71694736750174 73.256256 159.600006 -10.631250 
71694756750174 73.668755 159.712509 -11.306251 
71694776750174 73.931252 159.825012 -11.681251 
71694796750174 74.268753 159.993759 -12.093751 
71694816750174 74.343750 160.256256 -12.375001 
71694836750174 74.418755 160.218750 -12.525001 
71694856750174 74.381256 160.031250 -12.487500 
71694876750174 74.175003 159.881256 -12.431251 
71694896750174 73.575005 159.675003 -12.318750 
71694916750174 73.425003 159.693756 -12.018750 
71694936750174 73.200005 159.618759 -12.056251 
71694956750174 73.050003 159.543762 -12.300000 
71694976750174 72.787506 159.393753 -12.656251 
71694996750174 72.562500 159.318756 -13.256250 
71695016750174 72.375000 159.768753 -14.043751 
71695036750174 72.487503 160.106262 -15.187501 
71695056750174 72.768753 160.481262 -16.481251 
71695076750174 73.181252 160.556259 -17.756250 
71695096750174 73.762505 160.762512 -19.350000 
71695116750174 74.268753 160.968750 -20.737501 
71695136750174 74.793755 161.081253 -22.162500 
71695156750174 75.393753 161.437500 -23.362501 
71695176750174 75.787506 161.137512 -24.506250 
71695196750174 76.218750 161.043762 -25.087502 
71695216750174 76.837502 160.781250 -25.781252 
71695236750174 77.156250 160.725006 -26.643751 
71695256750174 77.512505 160.687500 -27.112501 
71695276750174 77.850006 160.331253 -27.975000 
71695296750174 78.525002 160.275009 -28.443750 
71695316750174 78.956253 159.937500 -28.912500 
71695336750174 79.612503 159.825012 -29.343752 
71695356750174 80.212502 159.618759 -29.850000 
71695376750174 80.681252 159.581253 -30.075001 
71695396750174 81.093750 159.412506 -29.906252 
71695416750174 81.600006 159.206253 -29.681252 
71695436750174 81.993752 159.243759 -29.156252 
71695456750174 82.068756 159.112503 -28.237501 
71695476750174 81.862503 159.037506 -27.168751 
71695496750174 81.768753 158.737503 -25.800001 
71695516750174 81.656250 158.625000 -24.487501 
71695536750174 81.300003 158.400009 -23.193750 
71695556750174 80.981255 158.568756 -21.881250 
71695576750174 80.437500 158.700012 -20.793751 
71695596750174 80.025002 158.718750 -19.518751 
71695616750174 79.593750 158.662506 -18.450001 
71695636750174 79.368752 158.737503 -17.550001 
71695656750174 79.012505 158.981262 -17.006250 
71695676750174 78.562500 159.000000 -16.200001 
71695696750174 78.375000 159.112503 -15.487500 
71695716750174 78.243752 159.000000 -14.981251 
71695736750174 78.056252 158.850006 -14.418751 
71695756750174 78.112503 158.868759 -14.062501 
71695776750174 78.150002 158.887512 -14.343751 
71695796750174 78.262505 159.018753 -14.850000 
71695816750174 78.412506 159.243759 -15.356251 
71695836750174 78.825005 159.543762 -16.218750 
71695856750174 79.068756 159.637512 -17.081251 
71695876750174 79.162506 160.031250 -17.868752 
71695896750174 79.481255 160.293762 -18.675001 
71695916750174 79.500000 160.556259 -19.312500 
71695936750174 79.443756 160.893753 -19.668751 
71695956750174 79.406250 161.156250 -19.818750 
71695976750174 79.162506 161.268753 -19.893751 
71695996750174 78.787506 161.493759 -19.818750 
71696016750174 78.431252 161.793762 -19.556252 
71696036750174 78.243752 161.812500 -19.912500 
71696056750174 77.943756 162.018753 -20.175001 
71696076750174 77.775002 162.225006 -20.587502 
71696096750174 77.831253 162.487503 -21.018751 
71696116750174 77.925003 162.750000 -21.862501 
71696136750174 78.112503 163.106262 -22.950001 
71696156750174 78.337502 163.106262 -24.150002 
71696176750174 78.543755 163.237503 -25.743752 
71696196750174 78.843750 163.481262 -26.925001 
71696216750174 79.481255 163.706253 -28.293751 
71696236750174 79.968750 163.668762 -29.681252 
71696256750174 80.400002 163.462509 -31.181252 
71696276750174 81.093750 163.331253 -32.118752 
71696296750174 81.600006 162.937500 -33.150002 
71696316750174 82.050003 162.656250 -34.218750 
71696336750174 82.912506 162.375000 -34.968750 
71696356750174 83.625000 161.981262 -35.643753 
71696376750174 84.018753 161.587509 -36.281250 
71696396750174 84.675003 161.343750 -36.918751 
71696416750174 85.406250 161.156250 -37.518753 
71696436750174 85.762505 160.912506 -38.212502 
71696456750174 86.362503 160.931259 -38.456253 
71696476750174 86.981255 160.987503 -38.475002 
71696496750174 87.281250 161.062500 -38.400002 
71696516750174 87.618752 161.250000 -38.268753 
71696536750174 87.806252 161.775009 -37.443752 
71696556750174 87.375000 162.243759 -36.431252 
71696576750174 87.075005 162.918762 -34.800003 
71696596750174 86.850006 163.481262 -33.300003 
71696616750174 86.287506 164.156250 -31.481251 
71696636750174 85.350006 165.000000 -29.681252 
71696656750174 84.487503 165.656250 -27.731251 
71696676750174 83.362503 166.275009 -25.856251 
71696696750174 82.293755 166.725006 -24.187502 
71696716750174 81.675003 167.231262 -22.668751 
71696736750174 80.643753 167.400009 -21.581251 
71696756750174 79.743752 167.625000 -20.343750 
71696776750174 79.031250 167.625000 -19.368752 
71696796750174 78.450005 167.625000 -18.393751 
71696816750174 77.625000 167.662506 -17.568750 
71696836750174 77.118752 167.737503 -16.575001 
71696856750174 76.762505 167.662506 -16.275002 
71696876750174 76.556252 167.568756 -16.256250 
71696896750174 76.706253 167.700012 -16.575001 
71696916750174 76.687500 167.756256 -17.250000 
71696936750174 76.762505 168.112503 -17.718750 
71696956750174 76.837502 168.150009 -18.056252 
71696976750174 76.950005 168.412506 -18.543751 
71696996750174 77.081253 168.581253 -19.125000 
71697016750174 77.156250 168.750000 -19.312500 
71697036750174 76.950005 168.937500 -19.068750 
71697056750174 76.481255 169.012512 -18.656250 
71697076750174 75.881256 169.181259 -18.018751 
71697096750174 75.543755 169.125000 -17.793751 
71697116750174 75.168755 169.143753 -17.925001 
71697136750174 75.037506 169.181259 -18.412500 
71697156750174 74.868752 169.106262 -19.050001 
71697176750174 74.681252 169.068756 -19.875000 
71697196750174 74.681252 169.162506 -21.168751 
71697216750174 74.962502 169.106262 -22.500000 
71697236750174 75.600006 169.200012 -23.943750 
71697256750174 76.050003 169.087509 -25.518751 
71697276750174 76.650002 169.181259 -27.356251 
71697296750174 77.250000 168.862503 -28.912500 
71697316750174 77.793755 168.937500 -30.393751 
71697336750174 78.525002 168.731262 -31.781252 
71697356750174 79.462502 168.318756 -32.962502 
71697376750174 80.175003 168.056259 -34.181252 
71697396750174 80.793755 167.643753 -35.362503 
71697416750174 81.375000 167.531250 -36.300003 
71697436750174 81.975006 167.137512 -36.975002 
71697456750174 82.575005 166.931259 -37.593750 
71697476750174 83.156250 166.331253 -38.156250 
71697496750174 83.737503 166.012512 -38.737503 
71697516750174 84.168755 165.937500 -39.131252 
71697536750174 84.712502 165.975006 -39.225002 
71697556750174 85.181252 165.918762 -39.225002 
71697576750174 85.500000 165.881256 -38.700001 
71697596750174 85.837502 165.975006 -37.781250 
71697616750174 85.912506 166.331253 -36.675003 
71697636750174 85.950005 166.743759 -35.100002 
71697656750174 85.425003 167.137512 -33.262501 
71697676750174 84.825005 167.475006 -31.481251 
71697696750174 83.850006 167.625000 -29.362501 
71697716750174 82.968750 168.075012 -27.412500 
71697736750174 82.087502 168.262512 -25.612501 
71697756750174 81.131256 168.468750 -23.981251 
71697776750174 80.118752 168.506256 -22.443750 
71697796750174 79.125000 168.637512 -21.000000 
71697816750174 78.412506 168.787506 -19.800001 
71697836750174 77.700005 168.712509 -18.337502 
71697856750174 77.343750 169.012512 -17.343750 
71697876750174 76.593750 168.731262 -16.218750 
71697896750174 76.050003 168.750000 -15.112500 
71697916750174 75.825005 168.731262 -14.362500 
71697936750174 75.787506 168.750000 -13.875001 
71697956750174 75.900002 168.693756 -14.006250 
71697976750174 76.106255 168.918762 -14.512501 
71697996750174 76.481255 169.537506 -15.168751 
71698016750174 76.481255 169.725006 -15.581250 
71698036750174 76.800003 170.193756 -15.712501 
71698056750174 77.062500 170.643753 -16.200001 
71698076750174 76.743752 170.793762 -16.425001 
71698096750174 76.650002 171.018753 -16.425001 
71698116750174 76.425003 171.262512 -15.993751 
71698136750174 76.125000 171.318756 -15.600000 
71698156750174 75.243752 171.056259 -15.300000 
71698176750174 74.962502 170.981262 -15.131250 
71698196750174 74.587502 170.868759 -15.487500 
71698216750174 74.118752 170.737503 -16.012501 
71698236750174 73.987503 171.018753 -16.556252 
71698256750174 73.706253 171.300003 -17.418751 
71698276750174 73.481255 171.506256 -18.881250 
71698296750174 73.331253 171.562500 -19.818750 
71698316750174 73.856255 171.787506 -21.187500 
71698336750174 74.100006 172.012512 -22.781250 
71698356750174 74.625000 172.256256 -24.412500 
71698376750174 75.168755 172.256256 -26.137501 
71698396750174 75.768753 172.125000 -27.900002 
71698416750174 76.312500 171.843750 -29.793751 
71698436750174 77.306252 171.825012 -31.087502 
71698456750174 77.925003 171.693756 -32.568752 
71698476750174 78.581253 171.562500 -33.693752 
71698496750174 79.368752 171.450012 -34.856251 
71698516750174 79.968750 171.206253 -35.831253 
71698536750174 80.587502 171.037506 -36.675003 
71698556750174 81.187500 170.925003 -37.200001 
71698576750174 81.843750 170.812500 -37.556252 
71698596750174 81.956253 170.493759 -38.250000 
71698616750174 82.518753 170.418762 -38.493752 
71698636750174 82.837502 170.400009 -38.437500 
71698656750174 82.968750 170.475006 -37.912502 
71698676750174 83.137505 170.625000 -36.881252 
71698696750174 83.287506 171.018753 -35.512501 
71698716750174 83.118752 171.431259 -33.975002 
71698736750174 82.931252 171.937500 -32.268753 
71698756750174 82.631256 172.181259 -30.000002 
71698776750174 82.181252 172.481262 -27.787500 
71698796750174 81.243752 172.537506 -25.575001 
71698816750174 80.343750 172.481262 -23.493752 
71698836750174 79.537506 172.575012 -21.825001 
71698856750174 78.656250 172.537506 -20.100000 
71698876750174 77.981255 172.518753 -18.600000 
71698896750174 77.137505 172.181259 -16.668751 
71698916750174 76.312500 172.143753 -15.037500 
71698936750174 75.318756 171.862503 -13.443750 
71698956750174 74.962502 171.562500 -11.868751 
71698976750174 74.437500 171.206253 -10.293751 
71698996750174 73.800003 170.850006 -8.868751 
71699016750174 73.218750 170.325012 -7.781250 
71699036750174 73.068756 169.912506 -7.275000 
71699056750174 72.918755 169.762512 -7.593750 
71699076750174 73.350006 169.893753 -8.156250 
71699096750174 73.987503 170.081253 -8.831250 
71699116750174 74.156250 170.343750 -9.543751 
71699136750174 74.362503 170.718750 -10.275001 
71699156750174 74.550003 170.793762 -11.025001 
71699176750174 75.206253 171.150009 -11.587501 
71699196750174 75.375000 171.487503 -11.531250 
71699216750174 75.562500 171.862503 -11.400001 
71699236750174 75.131256 171.825012 -11.081250 
71699256750174 74.568756 171.975006 -10.893750 
71699276750174 74.287506 172.143753 -11.362500 
71699296750174 74.193756 172.425003 -11.943750 
71699316750174 74.250000 172.762512 -12.712501 
71699336750174 73.668755 173.137512 -13.856251 
71699356750174 73.331253 173.231262 -15.506250 
71699376750174 73.387505 173.250000 -17.081251 
71699396750174 73.612503 173.381256 -18.600000 
71699416750174 74.081253 173.550003 -20.568750 
71699436750174 74.887505 173.793762 -22.218750 
71699456750174 75.431252 173.887512 -24.131250 
71699476750174 76.181252 174.093750 -25.781252 
71699496750174 77.137505 174.075012 -27.281252 
71699516750174 77.925003 174.075012 -28.593752 
71699536750174 78.712502 174.112503 -29.793751 
71699556750174 79.537506 174.131256 -31.200001 
71699576750174 80.231255 173.981262 -32.250000 
71699596750174 80.775002 173.737503 -33.187500 
71699616750174 81.450005 173.325012 -33.993752 
71699636750174 81.825005 172.912506 -34.612503 
71699656750174 82.350006 172.556259 -35.306252 
71699676750174 82.912506 172.350006 -35.718750 
71699696750174 83.343750 172.125000 -36.075001 
71699716750174 83.812500 172.068756 -36.168751 
71699736750174 84.243752 172.087509 -35.906250 
71699756750174 84.318756 172.087509 -35.212502 
71699776750174 84.562500 172.443756 -33.918751 
71699796750174 84.412506 172.762512 -32.475002 
71699816750174 84.093750 173.081253 -30.393751 
71699836750174 83.662506 173.437500 -28.387501 
71699856750174 83.193756 173.756256 -26.100000 
71699876750174 82.237503 173.868759 -23.756250 
71699896750174 81.393753 174.000000 -21.262501 
71699916750174 80.550003 173.925003 -18.993752 
71699936750174 79.406250 173.643753 -17.118752 
71699956750174 78.787506 173.493759 -15.281251 
71699976750174 78.075005 173.100006 -13.650001 
71699996750174 77.400002 172.631256 -12.000000 
71700016750174 76.687500 172.237503 -10.556251 
71700036750174 76.200005 171.731262 -9.075001 
71700056750174 75.787506 171.318756 -8.268750 
71700076750174 75.543755 171.112503 -7.593750 
71700096750174 75.487503 170.868759 -7.106250 
71700116750174 75.450005 170.718750 -7.012500 
71700136750174 75.525002 170.868759 -7.406250 
71700156750174 75.750000 171.112503 -8.175000 
71700176750174 75.993752 171.375000 -8.906250 
71700196750174 76.256256 171.581253 -9.675000 
71700216750174 76.556252 171.600006 -10.181251 
71700236750174 76.725006 171.675003 -10.593750 
71700256750174 76.706253 171.693756 -10.893750 
71700276750174 76.706253 171.525009 -10.875000 
71700296750174 76.387505 171.431259 -10.800000 
71700316750174 75.731255 171.187500 -10.687500 
71700336750174 75.262505 170.981262 -10.556251 
71700356750174 74.906250 171.075012 -11.062500 
71700376750174 74.156250 171.281250 -11.662500 
71700396750174 73.800003 171.337509 -12.656251 
71700416750174 73.631256 171.600006 -13.893750 
71700436750174 73.275002 171.900009 -15.525001 
71700456750174 73.443756 172.106262 -16.968750 
71700476750174 73.856255 172.312500 -18.375000 
71700496750174 74.025002 172.462509 -20.193750 
71700516750174 74.587502 172.556259 -21.862501 
71700536750174 75.356255 172.556259 -23.493752 
71700556750174 75.881256 172.631256 -25.031252 
71700576750174 76.350006 172.425003 -26.362501 
71700596750174 77.175003 172.406250 -27.581251 
71700616750174 77.643753 172.331253 -29.062502 
71700636750174 78.506256 172.200012 -30.562502 
71700656750174 79.293755 171.918762 -31.743752 
71700676750174 79.818756 171.600006 -32.568752 
71700696750174 80.475006 171.375000 -33.393753 
71700716750174 81.206253 171.150009 -34.068752 
71700736750174 81.937500 171.093750 -34.706253 
71700756750174 82.500000 170.868759 -35.006252 
71700776750174 82.912506 170.625000 -35.287502 
71700796750174 82.893753 170.325012 -35.006252 
71700816750174 83.062500 170.343750 -34.612503 
71700836750174 83.231255 170.362503 -33.993752 
71700856750174 83.343750 170.418762 -32.850002 
71700876750174 83.118752 170.456253 -31.275002 
71700896750174 82.818756 170.456253 -29.212502 
71700916750174 82.443756 170.400009 -27.243752 
71700936750174 82.106255 170.418762 -24.993752 
71700956750174 81.768753 170.475006 -22.650002 
71700976750174 81.168755 170.756256 -20.381250 
71700996750174 80.512505 170.943756 -18.093750 
71701016750174 79.406250 170.887512 -16.106251 
71701036750174 78.731255 170.906250 -14.381250 
71701056750174 77.906250 170.850006 -13.050000 
71701076750174 77.325005 170.887512 -11.943750 
71701096750174 76.800003 170.681259 -10.762501 
71701116750174 76.556252 170.737503 -9.918751 
71701136750174 76.350006 170.475006 -9.037500 
71701156750174 76.162506 170.287506 -8.625000 
71701176750174 76.331253 170.306259 -8.587501 
71701196750174 76.368752 170.212509 -9.037500 
71701216750174 76.631256 170.175003 -9.806251 
71701236750174 76.893753 170.212509 -10.443750 
71701256750174 77.343750 170.418762 -11.137501 
71701276750174 77.568756 170.681259 -11.718750 
71701296750174 77.793755 170.700012 -12.412500 
71701316750174 78.112503 170.681259 -12.956250 
71701336750174 78.431252 170.643753 -12.993751 
71701356750174 78.450005 170.606262 -12.862500 
71701376750174 78.825005 170.587509 -12.581250 
71701396750174 78.862503 170.493759 -12.206250 
71701416750174 78.918755 170.400009 -12.037500 
71701436750174 78.843750 170.193756 -12.075001 
71701456750174 78.862503 170.081253 -12.056251 
71701476750174 78.731255 170.137512 -12.281251 
71701496750174 78.675003 169.987503 -13.050000 
71701516750174 78.975006 170.287506 -13.800000 
71701536750174 78.937500 170.493759 -14.887501 
71701556750174 78.750000 170.568756 -15.937501 
71701576750174 78.825005 170.943756 -17.437500 
71701596750174 79.125000 171.300003 -18.693750 
71701616750174 79.518753 171.750000 -20.418751 
71701636750174 79.725006 171.918762 -22.143751 
71701656750174 79.987503 171.993759 -23.662500 
71701676750174 80.250000 172.031250 -25.050001 
71701696750174 80.568756 171.937500 -26.137501 
71701716750174 81.168755 171.918762 -27.450001 
71701736750174 81.600006 171.656250 -28.218752 
71701756750174 82.143753 171.318756 -29.437502 
71701776750174 82.575005 171.056259 -30.281252 
71701796750174 83.268753 170.737503 -30.750002 
71701816750174 83.662506 170.831253 -31.106251 
71701836750174 83.962502 170.531250 -31.275002 
71701856750174 84.187500 170.306259 -31.500002 
71701876750174 84.562500 170.212509 -31.518751 
71701896750174 85.012505 170.156250 -31.518751 
71701916750174 85.162506 170.025009 -31.181252 
71701936750174 85.350006 169.706253 -30.431252 
71701956750174 85.687500 169.837509 -29.381250 
71701976750174 85.931252 169.706253 -28.068750 
71701996750174 86.287506 169.537506 -26.756250 
71702016750174 86.381256 169.631256 -25.012501 
71702036750174 86.118752 169.481262 -23.025002 
71702056750174 85.706253 169.256256 -20.906250 
71702076750174 85.462502 169.275009 -18.787500 
71702096750174 85.181252 169.387512 -16.987501 
71702116750174 84.562500 169.031250 -15.543751 
71702136750174 84.168755 168.881256 -14.043751 
71702156750174 83.643753 168.825012 -12.768750 
71702176750174 83.306252 168.656250 -11.737500 
71702196750174 82.931252 168.656250 -10.781250 
71702216750174 82.781250 168.543762 -10.068750 
71702236750174 82.593750 168.337509 -9.356251 
71702256750174 82.387505 168.150009 -8.737500 
71702276750174 82.218750 167.962509 -8.231251 
71702296750174 82.125000 167.962509 -8.287500 
71702316750174 81.975006 167.812500 -8.287500 
71702336750174 81.637505 167.925003 -8.568750 
71702356750174 81.731255 168.075012 -9.281250 
71702376750174 81.712502 168.337509 -10.125000 
71702396750174 81.712502 168.562500 -11.193750 
71702416750174 81.656250 168.731262 -12.262501 
71702436750174 81.675003 169.050003 -12.900001 
71702456750174 81.506256 169.275009 -13.462501 
71702476750174 81.300003 169.818756 -14.231251 
71702496750174 81.375000 170.100006 -14.756250 
71702516750174 81.375000 170.400009 -15.337501 
71702536750174 81.281250 170.737503 -15.543751 
71702556750174 81.093750 170.700012 -15.750001 
71702576750174 81.018753 170.868759 -16.087502 
71702596750174 80.812500 171.262512 -16.800001 
71702616750174 81.112503 171.281250 -17.475000 
71702636750174 81.393753 171.225006 -18.412500 
71702656750174 81.825005 171.318756 -19.275002 
71702676750174 81.787506 171.225006 -20.043751 
71702696750174 81.843750 171.150009 -21.225000 
71702716750174 82.218750 171.562500 -22.387501 
71702736750174 82.312500 171.600006 -23.212502 
71702756750174 82.556252 171.468750 -23.962502 
71702776750174 82.762505 171.656250 -24.806252 
71702796750174 82.837502 171.525009 -25.331251 
71702816750174 82.856255 171.281250 -26.118752 
71702836750174 83.268753 171.300003 -26.400002 
71702856750174 83.512505 171.300003 -26.700001 
71702876750174 83.531250 171.056259 -27.131250 
71702896750174 83.775002 171.000000 -27.656252 
71702916750174 84.037506 171.000000 -28.162500 
71702936750174 84.000000 170.737503 -28.537500 
71702956750174 84.450005 170.850006 -28.818750 
71702976750174 84.600006 171.018753 -29.118752 
71702996750174 84.543755 171.018753 -29.737501 
71703016750174 84.450005 170.643753 -30.187502 
71703036750174 84.693756 170.737503 -30.375002 
71703056750174 84.768753 170.718750 -30.731251 
71703076750174 84.862503 170.737503 -30.918751 
71703096750174 85.050003 170.812500 -31.350000 
71703116750174 84.956253 170.775009 -31.631250 
71703136750174 85.087502 170.662506 -31.575001 
71703156750174 85.200005 170.437500 -31.612501 
71703176750174 85.593750 170.587509 -31.650002 
71703196750174 85.350006 170.568756 -31.725000 
71703216750174 85.481255 170.625000 -31.537500 
71703236750174 85.537506 170.437500 -31.650002 
71703256750174 85.387505 170.287506 -31.350000 
71703276750174 85.500000 170.325012 -31.256250 
71703296750174 85.368752 170.231262 -31.256250 
71703316750174 85.425003 170.343750 -31.218752 
71703336750174 85.087502 170.381256 -31.012501 
71703356750174 85.012505 170.287506 -30.956251 
71703376750174 85.031250 170.343750 -30.956251 
71703396750174 85.031250 170.362503 -30.862501 
71703416750174 85.125000 170.418762 -30.993752 
71703436750174 85.406250 170.456253 -31.050001 
71703456750174 85.837502 170.606262 -31.237501 
71703476750174 85.875000 170.625000 -31.125002 
71703496750174 86.250000 170.775009 -31.125002 
71703516750174 86.287506 170.662506 -31.125002 
71703536750174 86.475006 170.681259 -30.993752 
71703556750174 86.662506 170.831253 -30.881250 
71703576750174 86.868752 171.018753 -30.656252 
71703596750174 86.531250 170.775009 -30.375002 
71703616750174 86.456253 170.737503 -29.962502 
71703636750174 86.718750 170.700012 -29.756250 
71703656750174 86.850006 170.606262 -29.700001 
71703676750174 87.112503 170.662506 -29.418751 
71703696750174 87.112503 170.381256 -29.418751 
71703716750174 87.337502 170.325012 -29.250002 
71703736750174 87.300003 170.137512 -29.250002 
71703756750174 87.656250 170.231262 -29.306252 
71703776750174 87.825005 170.268753 -29.250002 
71703796750174 88.106255 170.418762 -29.250002 
71703816750174 88.312500 170.493759 -29.062502 
71703836750174 88.518753 170.662506 -29.043751 
71703856750174 88.443756 170.887512 -28.556252 
71703876750174 88.331253 170.887512 -28.087502 
71703896750174 88.443756 171.056259 -27.525002 
71703916750174 88.106255 171.112503 -26.887501 
71703936750174 87.750000 171.262512 -26.268751 
71703956750174 87.037506 171.337509 -25.350000 
71703976750174 86.306252 171.375000 -24.225000 
71703996750174 85.800003 171.543762 -22.987501 
71704016750174 85.143753 171.731262 -22.125000 
71704036750174 84.037506 171.975006 -21.018751 
71704056750174 83.231255 172.200012 -20.175001 
71704076750174 82.706253 172.631256 -19.200001 
71704096750174 82.106255 172.856262 -18.468750 
71704116750174 81.375000 173.156250 -18.018751 
71704136750174 80.662506 173.587509 -17.962502 
71704156750174 79.837502 173.775009 -18.093750 
71704176750174 78.993752 174.075012 -18.450001 
71704196750174 78.600006 174.525009 -19.293751 
71704216750174 77.887505 174.900009 -19.875000 
71704236750174 76.912506 175.256256 -20.943750 
71704256750174 75.843750 175.575012 -22.012501 
71704276750174 74.962502 175.893753 -23.418751 
71704296750174 74.025002 176.100006 -24.562502 
71704316750174 73.181252 176.456253 -25.743752 
71704336750174 72.375000 176.587509 -26.643751 
71704356750174 71.343750 176.550003 -27.393751 
71704376750174 70.406250 176.643753 -28.556252 
71704396750174 69.543755 176.625000 -29.268751 
71704416750174 68.850006 176.625000 -30.225000 
71704436750174 68.250000 176.625000 -30.900002 
71704456750174 67.725006 176.812500 -31.781252 
71704476750174 67.087502 176.793762 -32.212502 
71704496750174 66.900002 177.075012 -33.131252 
71704516750174 66.825005 177.281250 -33.975002 
71704536750174 66.562500 177.431259 -34.275002 
71704556750174 66.562500 177.431259 -34.931252 
71704576750174 66.431252 177.412506 -35.437500 
71704596750174 66.525002 177.562500 -35.756252 
71704616750174 66.412506 177.487503 -36.131252 
71704636750174 66.262505 177.375000 -36.881252 
71704656750174 66.093750 177.225006 -37.050003 
71704676750174 65.718750 176.962509 -37.612503 
71704696750174 65.700005 176.831253 -38.175003 
71704716750174 65.343750 176.868759 -38.531250 
71704736750174 64.893753 177.018753 -38.606251 
71704756750174 64.218750 176.943756 -38.775002 
71704776750174 63.956253 176.887512 -38.868752 
71704796750174 63.693752 177.056259 -38.531250 
71704816750174 63.243752 176.962509 -38.437500 
71704836750174 63.093754 177.225006 -37.987503 
71704856750174 62.718754 177.318756 -37.368752 
71704876750174 62.456253 177.562500 -36.525002 
71704896750174 62.156254 177.468750 -35.775002 
71704916750174 61.931252 177.431259 -34.912502 
71704936750174 61.743752 177.675003 -33.918751 
71704956750174 61.556252 177.731262 -33.112503 
71704976750174 61.162502 177.825012 -32.062500 
71704996750174 60.843754 177.787506 -30.900002 
71705016750174 60.393753 177.675003 -30.131250 
71705036750174 60.225002 177.581253 -29.512501 
71705056750174 60.225002 177.750000 -28.650002 
71705076750174 60.150002 177.806259 -27.956251 
71705096750174 59.606251 177.525009 -27.356251 
71705116750174 59.343754 177.393753 -26.775002 
71705136750174 59.156254 177.375000 -26.456251 
71705156750174 58.856251 177.618759 -26.343752 
71705176750174 58.631252 177.450012 -26.062502 
71705196750174 58.312504 177.281250 -25.462502 
71705216750174 58.143753 177.150009 -25.087502 
71705236750174 57.993752 177.093750 -24.618752 
71705256750174 58.012501 176.981262 -24.225000 
71705276750174 57.675003 176.906250 -23.681252 
71705296750174 57.637501 176.887512 -23.081251 
71705316750174 57.506252 176.493759 -22.181252 
71705336750174 57.487503 176.568756 -21.675001 
71705356750174 57.000004 176.343750 -21.150002 
71705376750174 56.681252 176.175003 -21.000000 
71705396750174 56.343754 175.968750 -20.906250 
71705416750174 56.268753 175.875000 -20.456251 
71705436750174 56.381252 175.725006 -20.287500 
71705456750174 56.362503 175.612503 -20.325001 
71705476750174 56.212502 175.481262 -20.493752 
71705496750174 56.306252 175.500000 -20.306252 
71705516750174 56.643753 175.781250 -20.662500 
71705536750174 56.681252 175.706253 -20.475000 
71705556750174 56.962502 175.818756 -20.306252 
71705576750174 56.981251 175.931259 -20.437500 
71705596750174 56.906254 176.043762 -20.587502 
71705616750174 56.643753 175.893753 -20.437500 
71705636750174 56.643753 175.893753 -20.437500 
71705656750174 56.606251 175.875000 -20.437500 
71705676750174 56.737503 175.706253 -20.418751 
71705696750174 56.906254 176.006256 -20.625000 
71705716750174 56.531254 175.800003 -20.718750 
71705736750174 56.512501 175.687500 -20.887501 
71705756750174 56.437504 175.725006 -20.906250 
71705776750174 56.643753 175.893753 -20.831251 
71705796750174 56.512501 175.893753 -20.793751 
71705816750174 56.493752 176.006256 -21.112501 
71705836750174 56.343754 176.081253 -21.187500 
71705856750174 56.175003 175.781250 -21.225000 
71705876750174 56.287502 175.931259 -21.243752 
71705896750174 56.081253 175.837509 -21.000000 
71705916750174 56.006252 175.912506 -20.981251 
71705936750174 55.931252 175.818756 -21.131250 
71705956750174 56.025002 176.006256 -21.093750 
71705976750174 56.100002 175.931259 -21.056252 
71705996750174 55.987503 175.800003 -20.681252 
71706016750174 55.968754 175.912506 -20.681252 
71706036750174 56.043751 175.818756 -20.793751 
71706056750174 56.231251 175.968750 -21.018751 
71706076750174 56.343754 175.950012 -21.018751 
71706096750174 56.400002 176.156250 -20.981251 
71706116750174 56.643753 176.043762 -21.262501 
71706136750174 56.531254 176.006256 -21.093750 
71706156750174 56.681252 176.062500 -21.393751 
71706176750174 56.287502 176.025009 -21.112501 
71706196750174 56.081253 176.156250 -20.981251 
71706216750174 55.987503 176.156250 -20.981251 
71706236750174 56.156254 176.175003 -21.168751 
71706256750174 56.268753 176.175003 -21.318750 
71706276750174 56.156254 176.118759 -21.262501 
71706296750174 56.287502 176.193756 -21.412500 
71706316750174 56.268753 176.231262 -21.431252 
71706336750174 56.681252 176.062500 -21.581251 
71706356750174 56.962502 175.931259 -21.956251 
71706376750174 56.981251 175.987503 -21.787500 
71706396750174 56.906254 175.781250 -21.581251 
71706416750174 57.112503 175.687500 -21.375000 
71706436750174 57.075001 175.781250 -21.225000 
71706456750174 56.925003 175.612503 -20.850000 
71706476750174 56.775002 175.575012 -20.475000 
71706496750174 56.550003 175.575012 -19.987501 
71706516750174 56.231251 175.612503 -19.218750 
71706536750174 55.931252 175.293762 -18.693750 
71706556750174 55.781254 175.125000 -17.962502 
71706576750174 55.162502 174.787506 -17.025002 
71706596750174 54.543751 174.356262 -15.675000 
71706616750174 53.925003 174.075012 -14.512501 
71706636750174 53.418751 173.418762 -13.106251 
71706656750174 53.175003 172.875000 -11.981251 
71706676750174 52.893753 172.237503 -10.518750 
71706696750174 52.856251 171.787506 -9.112500 
71706716750174 52.725002 171.487503 -7.781250 
71706736750174 52.556252 171.075012 -6.918750 
71706756750174 52.612503 170.550003 -6.037500 
71706776750174 52.650002 169.968750 -5.212500 
71706796750174 52.743752 169.800003 -4.856250 
71706816750174 52.631252 169.631256 -4.387500 
71706836750174 52.462502 169.500000 -4.256250 
71706856750174 52.087502 169.312500 -4.162500 
71706876750174 51.731251 168.918762 -4.350000 
71706896750174 51.675003 168.843750 -3.956250 
71706916750174 51.712502 168.900009 -4.125000 
71706936750174 51.862503 169.087509 -4.181250 
71706956750174 51.768753 168.993759 -4.087500 
71706976750174 51.862503 169.050003 -3.993750 
71706996750174 52.125004 168.993759 -3.787500 
71707016750174 52.575001 169.012512 -3.656250 
71707036750174 52.856251 169.012512 -3.168750 
71707056750174 53.287502 168.825012 -2.812500 
71707076750174 53.568752 168.656250 -2.175000 
71707096750174 53.868752 168.637512 -1.725000 
71707116750174 54.093754 168.543762 -1.050000 
71707136750174 54.337502 168.318756 -0.787500 
71707156750174 54.393753 168.225006 -0.637500 
71707176750174 54.243752 168.375000 -0.750000 
71707196750174 54.337502 168.618759 -1.181250 
71707216750174 53.943752 169.012512 -2.231250 
71707236750174 53.550003 169.575012 -3.600000 
71707256750174 53.100002 170.025009 -4.987500 
71707276750174 53.025002 170.700012 -6.993750 
71707296750174 52.668751 171.468750 -8.925000 
71707316750174 52.556252 172.350006 -10.912500 
71707336750174 52.800003 173.025009 -13.050000 
71707356750174 52.837502 173.493759 -15.262501 
71707376750174 53.193752 173.962509 -17.400002 
71707396750174 53.643753 174.393753 -19.312500 
71707416750174 54.000004 174.375000 -21.431252 
71707436750174 54.337502 174.431259 -23.062500 
71707456750174 54.768753 174.675003 -24.693750 
71707476750174 55.143753 174.618759 -26.306252 
71707496750174 55.275002 174.543762 -27.600000 
71707516750174 55.537502 174.581253 -29.043751 
71707536750174 55.912502 174.675003 -30.243752 
71707556750174 56.268753 174.637512 -31.668751 
71707576750174 56.850002 174.862503 -32.962502 
71707596750174 57.262501 175.068756 -34.312500 
71707616750174 57.787502 174.862503 -35.456253 
71707636750174 58.312504 175.087509 -36.600002 
71707656750174 58.968754 175.068756 -37.537502 
71707676750174 59.568752 175.181259 -38.212502 
71707696750174 59.756252 174.993759 -38.381252 
71707716750174 60.281254 175.106262 -38.493752 
71707736750174 60.262501 175.068756 -38.325001 
71707756750174 60.675003 175.350006 -37.556252 
71707776750174 60.543751 175.668762 -36.168751 
71707796750174 60.562504 175.837509 -34.368752 
71707816750174 60.356251 176.175003 -32.118752 
71707836750174 59.906254 176.287506 -29.775002 
71707856750174 59.775002 176.475006 -27.356251 
71707876750174 58.950001 176.100006 -24.356251 
71707896750174 58.425003 175.893753 -21.468750 
71707916750174 57.712502 175.331253 -18.675001 
71707936750174 57.018753 174.806259 -16.125000 
71707956750174 56.306252 173.943756 -13.706250 
71707976750174 55.425003 172.987503 -11.793751 
71707996750174 55.068752 171.956253 -9.450001 
71708016750174 54.600002 171.150009 -7.331250 
71708036750174 54.506252 170.400009 -5.437500 
71708056750174 54.600002 169.631256 -3.750000 
71708076750174 54.825001 169.031250 -2.437500 
71708096750174 55.293751 168.581253 -1.500000 
71708116750174 55.312504 168.375000 -1.143750 
71708136750174 55.556252 168.337509 -0.843750 
71708156750174 55.800003 168.675003 -1.293750 
71708176750174 56.250004 168.862503 -1.856250 
71708196750174 56.681252 169.275009 -2.568750 
71708216750174 56.887501 169.743759 -3.075000 
71708236750174 56.981251 169.818756 -3.487500 
71708256750174 56.925003 169.893753 -3.656250 
71708276750174 57.206253 169.725006 -3.468750 
71708296750174 57.243752 169.331253 -3.431250 
71708316750174 56.587502 169.031250 -3.300000 
71708336750174 55.893753 168.712509 -3.431250 
71708356750174 55.406254 168.600006 -3.806250 
71708376750174 54.862503 168.618759 -4.368750 
71708396750174 54.187504 168.806259 -5.493750 
71708416750174 53.681252 169.125000 -7.237500 
71708436750174 53.343754 169.612503 -9.093750 
71708456750174 53.268753 170.381256 -11.437500 
71708476750174 53.550003 171.093750 -13.687501 
71708496750174 53.812504 171.581253 -16.031250 
71708516750174 53.812504 172.050003 -18.243752 
71708536750174 54.225002 172.481262 -20.793751 
71708556750174 54.712502 172.875000 -23.100000 
71708576750174 55.425003 173.081253 -25.293751 
71708596750174 56.212502 173.287506 -27.450001 
71708616750174 56.887501 173.568756 -29.193750 
71708636750174 57.637501 173.625000 -30.975000 
71708656750174 58.481251 173.793762 -32.718750 
71708676750174 59.268753 173.756256 -34.668751 
71708696750174 60.112503 173.700012 -36.000000 
71708716750174 60.881252 173.775009 -37.218750 
71708736750174 61.612503 173.737503 -38.306252 
71708756750174 62.043751 173.662506 -39.168751 
71708776750174 62.568752 173.437500 -39.806252 
71708796750174 63.018753 173.268753 -40.125000 
71708816750174 63.581253 173.343750 -40.031250 
71708836750174 64.106255 173.606262 -39.468750 
71708856750174 64.218750 173.887512 -38.568752 
71708876750174 64.143753 174.037506 -37.181252 
71708896750174 63.975002 174.300003 -35.550003 
71708916750174 63.768753 174.675003 -33.431252 
71708936750174 63.337502 174.843750 -30.937502 
71708956750174 62.718754 175.050003 -28.425001 
71708976750174 61.650002 175.068756 -25.687502 
71708996750174 60.768753 174.900009 -23.175001 
71709016750174 59.700001 174.412506 -20.512501 
71709036750174 58.893753 174.093750 -18.187500 
71709056750174 58.237503 173.681259 -15.843751 
71709076750174 57.356251 173.118759 -13.650001 
71709096750174 56.793751 172.518753 -11.718750 
71709116750174 56.362503 172.143753 -9.656250 
71709136750174 56.306252 171.656250 -7.893750 
71709156750174 56.118752 171.243759 -6.487500 
71709176750174 56.418751 171.037506 -5.381250 
71709196750174 56.512501 170.793762 -4.893750 
71709216750174 56.550003 170.681259 -4.631250 
71709236750174 56.662502 170.812500 -4.987500 
71709256750174 56.868752 171.225006 -5.193750 
71709276750174 57.037502 171.206253 -5.643750 
71709296750174 57.093754 171.450012 -6.037500 
71709316750174 57.318752 171.768753 -5.943750 
71709336750174 57.131252 172.125000 -6.037500 
71709356750174 56.925003 172.181259 -5.850000 
71709376750174 56.493752 172.125000 -5.793750 
71709396750174 56.250004 172.068756 -5.531250 
71709416750174 55.800003 172.106262 -5.756250 
71709436750174 55.443752 172.331253 -6.393750 
71709456750174 55.050003 172.462509 -7.256250 
71709476750174 54.618752 172.743759 -8.943750 
71709496750174 54.337502 172.950012 -10.743751 
71709516750174 54.300003 173.512512 -12.525001 
71709536750174 54.375004 174.206253 -14.137501 
71709556750174 54.581253 174.731262 -16.050001 
71709576750174 54.806252 175.068756 -18.168751 
71709596750174 55.106251 175.312500 -20.081251 
71709616750174 55.650002 175.837509 -22.312500 
71709636750174 56.175003 176.025009 -24.000000 
71709656750174 56.625004 176.268753 -25.912500 
71709676750174 57.168751 176.456253 -27.600000 
71709696750174 57.993752 176.625000 -29.625002 
71709716750174 58.650002 176.756256 -31.443750 
71709736750174 59.193752 176.625000 -32.775002 
71709756750174 59.925003 176.737503 -34.312500 
71709776750174 60.450001 176.400009 -35.606251 
71709796750174 61.031254 176.343750 -36.656250 
71709816750174 61.837502 176.343750 -37.462502 
71709836750174 62.118752 176.231262 -37.893753 
71709856750174 62.475002 176.175003 -38.418751 
71709876750174 62.756252 176.006256 -38.175003 
71709896750174 63.262501 176.456253 -37.743752 
71709916750174 63.393753 176.643753 -36.431252 
71709936750174 63.468754 176.868759 -34.368752 
71709956750174 63.262501 176.756256 -31.968752 
71709976750174 62.887501 176.400009 -29.512501 
71709996750174 62.550003 176.100006 -26.962502 
71710016750174 62.043751 175.818756 -23.812500 
71710036750174 61.500004 175.462509 -20.737501 
71710056750174 60.862503 174.693756 -17.812500 
71710076750174 60.300003 173.737503 -15.318750 
71710096750174 59.756252 172.950012 -13.368751 
71710116750174 59.437504 172.387512 -11.812500 
71710136750174 59.175003 171.881256 -10.050000 
71710156750174 59.025002 171.093750 -8.775001 
71710176750174 58.762501 170.175003 -7.106250 
71710196750174 58.650002 169.556259 -6.018750 
71710216750174 58.575001 168.881256 -5.081250 
71710236750174 58.331253 168.337509 -4.125000 
71710256750174 58.350002 167.812500 -3.562500 
71710276750174 58.443752 167.662506 -3.131250 
71710296750174 58.443752 167.475006 -3.412500 
71710316750174 58.837502 167.662506 -3.618750 
71710336750174 59.362503 167.831253 -4.275000 
71710356750174 59.606251 167.850006 -4.518750 
71710376750174 60.000004 168.075012 -4.631250 
71710396750174 60.412502 168.337509 -4.912500 
71710416750174 60.468754 168.525009 -4.931250 
71710436750174 60.450001 168.206253 -5.062500 
71710456750174 60.206253 168.150009 -4.706250 
71710476750174 59.943752 168.112503 -4.275000 
71710496750174 59.475002 167.962509 -4.218750 
71710516750174 59.531254 168.112503 -4.800000 
71710536750174 59.156254 168.243759 -5.850000 
71710556750174 58.800003 168.506256 -6.900000 
71710576750174 58.500004 168.787506 -8.512501 
71710596750174 58.387501 169.443756 -9.881250 
71710616750174 58.631252 170.006256 -11.662500 
71710636750174 58.706253 170.418762 -13.612500 
71710656750174 58.931252 171.056259 -15.656251 
71710676750174 59.006252 171.637512 -17.700001 
71710696750174 59.400002 172.068756 -19.800001 
71710716750174 59.718754 172.350006 -21.806252 
71710736750174 60.206253 172.781250 -23.568750 
71710756750174 60.356251 172.875000 -25.425001 
71710776750174 60.693752 172.856262 -27.037500 
71710796750174 61.087502 172.968750 -28.650002 
71710816750174 61.237503 172.875000 -29.793751 
71710836750174 61.481251 172.725006 -30.975000 
71710856750174 61.762501 172.668762 -31.762501 
71710876750174 62.306252 172.706253 -32.756252 
71710896750174 62.775002 172.593750 -33.412502 
71710916750174 63.206253 172.650009 -34.068752 
71710936750174 63.618752 172.931259 -34.481251 
71710956750174 64.012505 172.931259 -34.781250 
71710976750174 64.350006 173.175003 -34.800003 
71710996750174 64.237503 173.456253 -33.993752 
71711016750174 64.031250 173.625000 -32.887501 
71711036750174 63.731251 173.775009 -30.918751 
71711056750174 63.281254 173.775009 -28.818750 
71711076750174 62.925003 173.737503 -26.325001 
71711096750174 62.156254 173.437500 -23.662500 
71711116750174 61.350002 173.137512 -20.962502 
71711136750174 60.562504 172.537506 -18.150002 
71711156750174 60.243752 171.787506 -15.525001 
71711176750174 59.306252 170.906250 -13.162500 
71711196750174 58.368752 169.950012 -11.231251 
71711216750174 57.543751 168.975006 -9.281250 
71711236750174 56.962502 168.037506 -7.556250 
71711256750174 56.343754 166.875000 -5.681250 
71711276750174 56.006252 166.068756 -4.087500 
71711296750174 55.762501 165.487503 -2.681250 
71711316750174 55.462502 164.925003 -1.856250 
71711336750174 55.931252 164.737503 -1.181250 
71711356750174 56.437504 164.775009 -1.143750 
71711376750174 56.700001 165.150009 -1.125000 
71711396750174 56.868752 165.300003 -1.218750 
71711416750174 57.225002 165.543762 -1.706250 
71711436750174 57.000004 165.562500 -1.856250 
71711456750174 56.925003 165.468750 -2.081250 
71711476750174 56.718754 165.375000 -2.100000 
71711496750174 56.287502 165.131256 -1.893750 
71711516750174 55.800003 164.606262 -1.650000 
71711536750174 55.312504 164.100006 -1.443750 
71711556750174 54.768753 163.743759 -1.575000 
71711576750174 54.525002 163.762512 -1.631250 
71711596750174 54.543751 163.856262 -1.893750 
71711616750174 54.262501 163.931259 -2.793750 
71711636750174 53.812504 164.268753 -4.162500 
71711656750174 53.193752 164.606262 -5.718750 
71711676750174 52.893753 165.356262 -7.256250 
71711696750174 52.950001 166.068756 -9.187500 
71711716750174 52.893753 166.612503 -10.687500 
71711736750174 52.725002 167.118759 -12.600000 
71711756750174 52.762501 167.756256 -14.775001 
71711776750174 52.950001 168.431259 -16.687500 
71711796750174 53.362503 168.862503 -18.412500 
71711816750174 54.150002 169.312500 -20.025002 
71711836750174 54.918751 169.612503 -21.543751 
71711856750174 55.312504 169.725006 -23.006250 
71711876750174 56.043751 170.100006 -24.525002 
71711896750174 56.587502 170.193756 -26.193750 
71711916750174 56.962502 170.118759 -27.693750 
71711936750174 57.543751 170.231262 -28.837502 
71711956750174 57.993752 170.212509 -29.925001 
71711976750174 58.368752 170.231262 -30.825001 
71711996750174 58.500004 170.062500 -31.650002 
71712016750174 58.950001 170.025009 -32.156250 
71712036750174 59.156254 169.912506 -32.343750 
71712056750174 59.512501 170.156250 -31.856251 
71712076750174 59.718754 170.306259 -30.843752 
71712096750174 59.681252 170.212509 -29.568750 
71712116750174 59.718754 170.175003 -27.637501 
71712136750174 59.700001 170.137512 -25.893751 
71712156750174 59.512501 170.212509 -23.587502 
71712176750174 59.287502 170.137512 -21.262501 
71712196750174 58.950001 169.856262 -18.918751 
71712216750174 58.312504 169.293762 -16.593750 
71712236750174 57.600002 168.656250 -14.587501 
71712256750174 57.018753 167.981262 -12.750001 
71712276750174 56.287502 167.306259 -11.212501 
71712296750174 55.575001 166.500000 -9.337501 
71712316750174 55.068752 165.525009 -7.912500 
71712336750174 54.581253 164.700012 -6.225000 
71712356750174 54.262501 163.800003 -4.875000 
71712376750174 54.131252 163.050003 -3.768750 
71712396750174 54.318752 162.581253 -2.700000 
71712416750174 54.543751 162.393753 -2.081250 
71712436750174 54.843754 162.262512 -1.875000 
71712456750174 55.275002 162.356262 -2.006250 
71712476750174 55.537502 162.581253 -2.006250 
71712496750174 55.612503 162.656250 -2.137500 
71712516750174 55.687504 162.693756 -2.250000 
71712536750174 55.875004 162.731262 -2.193750 
71712556750174 55.987503 162.581253 -2.400000 
71712576750174 55.818752 162.225006 -2.475000 
71712596750174 55.368752 161.831253 -2.343750 
71712616750174 54.993752 161.606262 -2.062500 
71712636750174 54.712502 161.325012 -2.156250 
71712656750174 54.206253 160.912506 -2.625000 
71712676750174 53.868752 161.025009 -3.337500 
71712696750174 53.156254 161.212509 -4.481250 
71712716750174 52.650002 161.700012 -5.793750 
71712736750174 52.181252 162.318756 -7.087500 
71712756750174 52.256252 163.012512 -8.793751 
71712776750174 51.993752 163.425003 -10.912500 
71712796750174 52.162502 163.912506 -12.750001 
71712816750174 52.612503 164.568756 -14.400001 
71712836750174 52.893753 165.150009 -16.350000 
71712856750174 53.175003 165.393753 -17.812500 
71712876750174 53.343754 165.637512 -19.368752 
71712896750174 54.075001 165.956253 -20.831251 
71712916750174 54.375004 166.125000 -22.331251 
71712936750174 54.900002 166.256256 -23.475000 
71712956750174 55.293751 166.387512 -24.825001 
71712976750174 55.481251 166.500000 -26.306252 
71712996750174 55.800003 166.612503 -27.393751 
71713016750174 56.643753 166.818756 -28.593752 
71713036750174 57.300003 167.025009 -29.587502 
71713056750174 57.543751 166.893753 -30.393751 
71713076750174 57.900002 166.650009 -30.731251 
71713096750174 58.200001 166.556259 -30.993752 
71713116750174 58.162502 166.462509 -30.956251 
71713136750174 58.612503 166.312500 -30.300001 
71713156750174 58.762501 165.918762 -29.362501 
71713176750174 58.462502 165.675003 -28.350000 
71713196750174 58.350002 165.318756 -26.756250 
71713216750174 58.293751 164.962509 -25.312502 
71713236750174 58.143753 164.793762 -23.512501 
71713256750174 57.787502 164.475006 -21.450001 
71713276750174 57.506252 163.931259 -19.462502 
71713296750174 56.831253 163.406250 -17.662500 
71713316750174 56.268753 162.975006 -16.125000 
71713336750174 55.931252 162.243759 -14.606251 
71713356750174 55.368752 161.381256 -13.293751 
71713376750174 54.712502 160.331253 -12.000000 
71713396750174 54.337502 159.468750 -10.875000 
71713416750174 54.037502 158.587509 -9.975000 
71713436750174 54.056252 158.006256 -9.281250 
71713456750174 54.075001 157.443756 -8.831250 
71713476750174 54.150002 156.881256 -8.400001 
71713496750174 54.450001 156.731262 -7.987500 
71713516750174 54.825001 156.712509 -7.987500 
71713536750174 55.237503 157.050003 -8.100000 
71713556750174 55.537502 157.200012 -8.493751 
71713576750174 55.743752 157.668762 -8.943750 
71713596750174 55.668751 157.950012 -9.356251 
71713616750174 55.818752 158.137512 -9.618751 
71713636750174 55.987503 158.475006 -9.712501 
71713656750174 55.687504 158.531250 -10.087501 
71713676750174 55.462502 158.512512 -10.293751 
71713696750174 55.162502 158.550003 -10.425000 
71713716750174 54.693752 158.325012 -10.293751 
71713736750174 54.318752 158.118759 -10.387501 
71713756750174 53.906254 157.912506 -10.556251 
71713776750174 53.625004 158.137512 -11.250000 
71713796750174 53.475002 158.212509 -12.356251 
71713816750174 53.212502 158.250000 -13.500001 
71713836750174 53.062504 158.512512 -14.775001 
71713856750174 53.175003 158.812500 -16.162500 
71713876750174 53.831253 159.375000 -17.850000 
71713896750174 54.581253 159.843750 -19.875000 
71713916750174 55.237503 160.387512 -21.712502 
71713936750174 55.668751 160.668762 -23.456251 
71713956750174 56.006252 160.837509 -25.181252 
71713976750174 56.793751 161.362503 -26.681252 
71713996750174 57.750004 161.475006 -28.031252 
71714016750174 58.443752 161.662506 -29.418751 
71714036750174 58.762501 161.606262 -30.975000 
71714056750174 59.250004 161.475006 -32.137501 
71714076750174 59.737503 161.325012 -33.431252 
71714096750174 60.468754 161.325012 -34.387501 
71714116750174 61.031254 161.287506 -34.912502 
71714136750174 61.481251 161.043762 -35.531250 
71714156750174 61.687504 160.968750 -36.168751 
71714176750174 61.912502 160.743759 -36.637501 
71714196750174 62.325001 160.931259 -36.600002 
71714216750174 62.512501 161.062500 -36.450001 
71714236750174 62.812504 161.362503 -35.793751 
71714256750174 62.812504 161.418762 -34.725002 
71714276750174 62.981251 161.662506 -33.506252 
71714296750174 62.962502 161.868759 -32.100002 
71714316750174 62.981251 162.243759 -30.337502 
71714336750174 62.925003 162.375000 -28.406252 
71714356750174 62.475002 162.187500 -26.306252 
71714376750174 61.987503 162.262512 -24.037500 
71714396750174 61.537502 162.037506 -21.956251 
71714416750174 60.993752 161.850006 -20.400002 
71714436750174 60.412502 161.475006 -19.068750 
71714456750174 59.775002 161.100006 -17.550001 
71714476750174 59.118752 160.537506 -16.218750 
71714496750174 58.537502 160.050003 -14.756250 
71714516750174 58.350002 159.618759 -13.593751 
71714536750174 58.125004 159.187500 -12.712501 
71714556750174 57.693752 158.831253 -12.093751 
71714576750174 57.768753 158.475006 -11.493751 
71714596750174 57.468754 158.437500 -11.231251 
71714616750174 57.750004 158.625000 -11.250000 
71714636750174 57.937504 158.962509 -11.737500 
71714656750174 58.087502 159.375000 -12.337501 
71714676750174 58.237503 159.675003 -12.787500 
71714696750174 58.275002 159.731262 -12.956250 
71714716750174 58.443752 159.843750 -13.125001 
71714736750174 58.312504 159.862503 -13.162500 
71714756750174 58.162502 160.012512 -13.218751 
71714776750174 57.862503 159.918762 -13.218751 
71714796750174 57.412502 159.637512 -12.956250 
71714816750174 57.356251 159.731262 -12.881250 
71714836750174 57.168751 159.937500 -12.918751 
71714856750174 57.075001 159.956253 -13.537500 
71714876750174 56.925003 160.275009 -14.268750 
71714896750174 56.887501 160.800003 -15.356251 
71714916750174 57.225002 161.006256 -16.537500 
71714936750174 57.412502 161.212509 -17.906250 
71714956750174 57.712502 161.512512 -19.181252 
71714976750174 57.825001 161.775009 -20.756250 
71714996750174 57.918751 162.093750 -22.500000 
71715016750174 58.050003 162.468750 -24.037500 
71715036750174 58.443752 162.600006 -25.743752 
71715056750174 58.725002 162.525009 -27.243752 
71715076750174 59.118752 162.637512 -28.631250 
71715096750174 59.550003 162.712509 -30.225000 
71715116750174 60.206253 163.012512 -31.556252 
71715136750174 60.806252 163.050003 -32.775002 
71715156750174 61.200001 162.956253 -33.618752 
71715176750174 61.818752 163.012512 -34.706253 
71715196750174 62.306252 162.918762 -35.531250 
71715216750174 63.131252 163.181259 -36.206253 
71715236750174 63.487503 163.143753 -36.600002 
71715256750174 63.975002 163.256256 -36.693752 
71715276750174 64.218750 163.237503 -36.918751 
71715296750174 64.425003 163.275009 -36.656250 
71715316750174 64.612503 163.406250 -36.618752 
71715336750174 64.706253 163.518753 -35.418751 
71715356750174 64.631256 163.875000 -33.975002 
71715376750174 64.256256 163.912506 -32.381252 
71715396750174 64.087502 163.987503 -30.806252 
71715416750174 63.393753 163.818756 -28.687502 
71715436750174 62.943752 163.762512 -26.493752 
71715456750174 62.418751 163.537506 -24.056252 
71715476750174 61.856251 163.275009 -21.787500 
71715496750174 61.293751 163.031250 -20.287500 
71715516750174 60.525002 162.468750 -18.543751 
71715536750174 59.700001 161.943756 -17.025002 
71715556750174 59.006252 161.493759 -15.675000 
71715576750174 58.706253 161.137512 -14.700001 
71715596750174 58.087502 160.556259 -13.387501 
71715616750174 57.412502 160.068756 -12.712501 
71715636750174 57.187504 159.637512 -11.812500 
71715656750174 56.943752 159.093750 -10.781250 
71715676750174 57.018753 158.906250 -10.518750 
71715696750174 57.187504 158.981262 -10.387501 
71715716750174 57.225002 158.981262 -10.125000 
71715736750174 57.487503 159.300003 -10.068750 
71715756750174 57.862503 159.487503 -10.462501 
71715776750174 58.350002 159.618759 -10.725000 
71715796750174 58.237503 159.618759 -11.025001 
71715816750174 58.237503 159.881256 -11.250000 
71715836750174 58.237503 159.975006 -11.212501 
71715856750174 57.993752 159.862503 -11.100000 
71715876750174 57.881252 159.731262 -10.875000 
71715896750174 57.468754 159.393753 -10.856251 
71715916750174 56.925003 159.337509 -10.725000 
71715936750174 56.625004 159.393753 -11.137501 
71715956750174 56.381252 159.506256 -12.056251 
71715976750174 56.175003 159.656250 -13.218751 
71715996750174 55.950001 159.750000 -14.437501 
71716016750174 56.062504 160.050003 -15.956250 
71716036750174 56.043751 160.368759 -17.606251 
71716056750174 56.156254 160.837509 -18.956251 
71716076750174 56.568752 161.212509 -20.737501 
71716096750174 56.775002 161.475006 -22.425001 
71716116750174 57.318752 161.962509 -23.625000 
71716136750174 57.600002 162.018753 -24.993752 
71716156750174 58.350002 162.375000 -26.175001 
71716176750174 58.931252 162.468750 -27.018751 
71716196750174 59.381252 162.506256 -28.031252 
71716216750174 59.550003 162.487503 -29.212502 
71716236750174 59.850002 162.393753 -30.318750 
71716256750174 60.281254 162.450012 -31.237501 
71716276750174 60.637501 162.225006 -32.118752 
71716296750174 61.256252 162.356262 -32.606251 
71716316750174 61.425003 162.206253 -33.412502 
71716336750174 61.631252 162.037506 -34.125000 
71716356750174 61.931252 162.093750 -34.331253 
71716376750174 62.568752 162.112503 -34.518753 
71716396750174 62.925003 162.262512 -34.350002 
71716416750174 62.850002 162.093750 -33.693752 
71716436750174 62.756252 162.168762 -32.662502 
71716456750174 62.606251 162.018753 -31.406252 
71716476750174 62.193752 162.018753 -29.718752 
71716496750174 61.612503 161.943756 -27.843752 
71716516750174 61.406254 161.868759 -26.381250 
71716536750174 60.881252 161.606262 -24.412500 
71716556750174 60.412502 161.400009 -22.406250 
71716576750174 60.000004 161.118759 -20.493752 
71716596750174 59.775002 160.762512 -18.862501 
71716616750174 59.212502 160.443756 -17.550001 
71716636750174 58.781254 159.862503 -16.143751 
71716656750174 58.237503 159.187500 -14.868751 
71716676750174 57.881252 158.531250 -13.518750 
71716696750174 57.506252 158.043762 -12.825001 
71716716750174 57.056252 157.293762 -12.018750 
71716736750174 57.206253 157.162506 -11.512501 
71716756750174 56.868752 156.918762 -11.118751 
71716776750174 56.962502 156.806259 -11.231251 
71716796750174 57.056252 156.937500 -11.793751 
71716816750174 57.450001 157.593750 -12.431251 
71716836750174 57.525002 158.231262 -13.068750 
71716856750174 57.356251 158.400009 -13.331250 
71716876750174 57.168751 158.737503 -13.537500 
71716896750174 56.681252 158.550003 -13.687501 
71716916750174 56.775002 158.737503 -13.950001 
71716936750174 56.793751 158.812500 -13.856251 
71716956750174 56.756252 158.700012 -13.462501 
71716976750174 56.381252 158.156250 -13.162500 
71716996750174 55.950001 157.556259 -12.956250 
71717016750174 55.912502 157.368759 -13.068750 
71717036750174 55.856251 157.350006 -13.406251 
71717056750174 55.856251 157.743759 -14.193750 
71717076750174 55.387501 157.650009 -14.850000 
71717096750174 54.975002 157.706253 -15.693750 
71717116750174 54.787502 157.837509 -16.837502 
71717136750174 54.618752 158.193756 -18.262501 
71717156750174 54.881252 158.625000 -19.537500 
71717176750174 55.031254 158.962509 -20.868752 
71717196750174 55.237503 159.168762 -22.312500 
71717216750174 55.443752 159.281250 -23.475000 
71717236750174 56.100002 159.581253 -24.975000 
71717256750174 56.343754 159.712509 -26.287500 
71717276750174 56.662502 159.843750 -27.543751 
71717296750174 57.206253 159.825012 -28.875002 
71717316750174 57.468754 159.843750 -30.187502 
71717336750174 57.787502 159.993759 -31.387501 
71717356750174 58.068752 160.012512 -32.268753 
71717376750174 58.481251 159.937500 -33.712502 
71717396750174 58.781254 160.031250 -34.631252 
71717416750174 59.475002 159.975006 -35.268753 
71717436750174 59.400002 159.768753 -35.850002 
71717456750174 59.587502 159.843750 -35.756252 
71717476750174 59.812504 159.918762 -35.700001 
71717496750174 59.887501 159.993759 -35.306252 
71717516750174 60.000004 160.181259 -35.137501 
71717536750174 60.000004 160.275009 -34.256252 
71717556750174 59.737503 160.106262 -32.962502 
71717576750174 59.437504 160.293762 -31.350000 
71717596750174 59.493752 160.331253 -29.681252 
71717616750174 59.400002 160.237503 -28.087502 
71717636750174 59.081253 160.031250 -26.493752 
71717656750174 58.818752 159.600006 -24.843752 
71717676750174 58.331253 159.075012 -22.837502 
71717696750174 57.731251 158.625000 -20.812500 
71717716750174 57.168751 158.343750 -19.312500 
71717736750174 56.756252 157.856262 -18.225000 
71717756750174 56.493752 157.406250 -17.100000 
71717776750174 56.343754 156.993759 -16.106251 
71717796750174 56.025002 156.656250 -15.150001 
71717816750174 55.837502 156.356262 -14.325001 
71717836750174 55.668751 156.112503 -14.062501 
71717856750174 55.687504 156.000000 -14.118751 
71717876750174 55.481251 155.681259 -14.156251 
71717896750174 55.293751 155.606262 -14.662500 
71717916750174 55.181252 155.812500 -15.468751 
71717936750174 55.125004 155.868759 -16.312500 
71717956750174 54.993752 155.887512 -17.081251 
71717976750174 55.012501 156.112503 -17.831251 
71717996750174 55.012501 156.262512 -18.675001 
71718016750174 54.881252 156.318756 -19.087502 
71718036750174 55.181252 156.543762 -19.668751 
71718056750174 55.031254 156.468750 -19.818750 
71718076750174 54.975002 156.337509 -19.818750 
71718096750174 54.675003 156.243759 -19.687500 
71718116750174 54.618752 156.112503 -19.762501 
71718136750174 54.543751 156.018753 -20.100000 
71718156750174 54.637501 155.981262 -19.950001 
71718176750174 54.693752 156.000000 -20.306252 
71718196750174 54.618752 155.943756 -20.550001 
71718216750174 55.087502 156.131256 -20.850000 
71718236750174 55.406254 156.431259 -21.281250 
71718256750174 55.518753 156.487503 -21.750000 
71718276750174 55.593754 156.900009 -22.481251 
71718296750174 55.668751 157.031250 -23.006250 
71718316750174 55.800003 157.256256 -23.981251 
71718336750174 55.837502 157.368759 -24.412500 
71718356750174 55.968754 157.406250 -24.825001 
71718376750174 55.893753 157.612503 -25.537500 
71718396750174 55.687504 157.462509 -25.837502 
71718416750174 55.725002 157.612503 -26.475000 
71718436750174 56.006252 157.425003 -26.775002 
71718456750174 56.250004 157.481262 -26.887501 
71718476750174 56.268753 157.593750 -26.887501 
71718496750174 56.325001 157.406250 -27.093752 
71718516750174 56.437504 157.462509 -27.318750 
71718536750174 56.568752 157.331253 -27.093752 
71718556750174 56.700001 157.406250 -27.150002 
71718576750174 57.131252 157.537506 -27.300001 
71718596750174 57.168751 157.443756 -27.393751 
71718616750174 56.943752 157.331253 -27.787500 
71718636750174 57.075001 157.200012 -27.993752 
71718656750174 57.243752 157.406250 -28.387501 
71718676750174 57.450001 157.425003 -28.743752 
71718696750174 57.337502 157.312500 -29.081251 
71718716750174 57.412502 157.406250 -29.568750 
71718736750174 57.337502 157.368759 -29.550001 
71718756750174 57.431252 157.443756 -29.456251 
71718776750174 57.806252 157.575012 -29.550001 
71718796750174 57.900002 157.631256 -29.550001 
71718816750174 58.087502 157.687500 -29.681252 
71718836750174 58.050003 157.725006 -29.943750 
71718856750174 58.256252 157.856262 -30.431252 
71718876750174 58.425003 157.856262 -30.468752 
71718896750174 58.556252 157.931259 -30.656252 
71718916750174 58.687504 158.175003 -30.843752 
71718936750174 58.781254 158.175003 -30.750002 
71718956750174 58.762501 158.156250 -30.937502 
71718976750174 58.856251 158.137512 -30.918751 
71718996750174 58.968754 158.231262 -30.675001 
71719016750174 59.137501 158.175003 -30.450001 
71719036750174 59.250004 158.287506 -30.393751 
71719056750174 59.325001 158.325012 -30.450001 
71719076750174 59.250004 158.231262 -30.618752 
71719096750174 59.268753 158.081253 -30.937502 
71719116750174 59.418751 157.893753 -30.937502 
71719136750174 59.306252 157.706253 -30.825001 
71719156750174 59.343754 157.387512 -31.068750 
71719176750174 59.343754 157.331253 -31.087502 
71719196750174 59.381252 157.331253 -31.218752 
71719216750174 59.062504 157.050003 -31.012501 
71719236750174 59.175003 157.031250 -31.162500 
71719256750174 59.268753 157.087509 -31.031252 
71719276750174 59.362503 157.181259 -31.106251 
71719296750174 59.625004 157.406250 -31.387501 
71719316750174 59.643753 157.668762 -31.106251 
71719336750174 59.418751 157.706253 -31.443750 
71719356750174 59.456253 157.593750 -31.462502 
71719376750174 59.531254 157.556259 -31.631250 
71719396750174 59.587502 157.575012 -31.500002 
71719416750174 59.343754 157.462509 -31.406252 
71719436750174 59.325001 157.500000 -31.331251 
71719456750174 59.175003 157.368759 -31.125002 
71719476750174 59.212502 157.368759 -31.031252 
71719496750174 59.362503 157.443756 -30.768751 
71719516750174 58.800003 157.406250 -30.168751 
71719536750174 58.462502 157.518753 -29.643751 
71719556750174 58.106251 157.387512 -29.268751 
71719576750174 58.256252 157.687500 -29.006250 
71719596750174 58.218754 157.781250 -28.706251 
71719616750174 58.012501 157.893753 -28.143751 
71719636750174 57.900002 157.912506 -28.087502 
71719656750174 57.975002 157.912506 -27.750002 
71719676750174 58.181252 157.893753 -27.975000 
71719696750174 58.575001 157.856262 -28.050001 
71719716750174 58.631252 158.025009 -28.200001 
71719736750174 58.425003 157.931259 -28.350000 
71719756750174 58.218754 157.743759 -28.650002 
71719776750174 58.218754 157.575012 -29.100000 
71719796750174 57.993752 157.462509 -29.193750 
71719816750174 57.506252 157.368759 -29.531252 
71719836750174 57.337502 157.293762 -29.775002 
71719856750174 56.887501 157.162506 -30.393751 
71719876750174 56.512501 156.918762 -30.581251 
71719896750174 56.100002 156.675003 -30.487501 
71719916750174 55.575001 156.525009 -30.562502 
71719936750174 54.750004 156.393753 -30.543751 
71719956750174 54.375004 156.131256 -30.618752 
71719976750174 54.093754 156.056259 -30.393751 
71719996750174 54.018753 156.018753 -30.262501 
71720016750174 53.662502 155.943756 -30.075001 
71720036750174 53.400002 155.962509 -30.093752 
71720056750174 53.250004 155.643753 -30.450001 
71720076750174 53.137501 155.418762 -30.675001 
71720096750174 53.193752 155.418762 -31.162500 
71720116750174 52.800003 155.175003 -31.743752 
71720136750174 52.200001 154.631256 -32.081253 
71720156750174 51.562504 154.275009 -32.456253 
71720176750174 51.206253 153.956253 -32.756252 
71720196750174 50.906254 153.525009 -33.037502 
71720216750174 50.381252 153.431259 -33.281250 
71720236750174 49.837502 153.356262 -33.281250 
71720256750174 49.481251 152.981262 -33.187500 
71720276750174 49.218754 152.831253 -33.243752 
71720296750174 49.012501 152.662506 -33.543751 
71720316750174 48.712502 152.418762 -34.237503 
71720336750174 48.581253 152.193756 -34.987503 
71720356750174 48.243752 151.725006 -35.718750 
71720376750174 48.262501 151.462509 -36.806252 
71720396750174 48.581253 150.993759 -38.006252 
71720416750174 49.012501 150.506256 -39.768753 
71720436750174 49.668751 149.962509 -41.606251 
71720456750174 50.718754 149.381256 -43.931252 
71720476750174 52.181252 148.443756 -45.993752 
71720496750174 53.925003 147.375000 -48.112503 
71720516750174 56.043751 146.625000 -50.156254 
71720536750174 57.562504 145.406250 -52.181252 
71720556750174 59.043751 144.281250 -54.112503 
71720576750174 60.318752 143.118759 -55.743752 
71720596750174 61.087502 141.675003 -57.075001 
71720616750174 61.462502 140.043762 -58.050003 
71720636750174 61.406254 138.450012 -58.950001 
71720656750174 60.600002 136.575012 -59.737503 
71720676750174 59.587502 134.400009 -60.693752 
71720696750174 58.575001 131.981262 -61.275002 
71720716750174 57.731251 129.393753 -61.781254 
71720736750174 57.075001 126.562508 -62.156254 
71720756750174 56.775002 123.806252 -62.475002 
71720776750174 56.831253 121.106255 -62.362503 
71720796750174 56.943752 118.181252 -62.362503 
71720816750174 57.506252 115.368752 -62.137501 
71720836750174 57.768753 112.762505 -61.556252 
71720856750174 58.575001 110.550003 -61.050003 
71720876750174 59.137501 108.562508 -60.731251 
71720896750174 59.925003 106.912506 -60.206253 
71720916750174 60.712502 105.675003 -59.850002 
71720936750174 61.293751 104.531258 -59.662502 
71720956750174 61.800003 103.912506 -59.456253 
71720976750174 62.606251 103.818756 -59.400002 
71720996750174 63.525002 103.912506 -59.418751 
71721016750174 64.443756 104.025002 -59.437504 
71721036750174 65.568756 104.062508 -59.606251 
71721056750174 66.337502 104.231255 -59.775002 
71721076750174 67.275002 104.381256 -59.493752 
71721096750174 68.137505 104.718758 -59.662502 
71721116750174 69.412506 104.756256 -59.606251 
71721136750174 70.181252 104.512505 -59.681252 
71721156750174 71.287506 104.175003 -59.625004 
71721176750174 72.393753 104.043755 -59.550003 
71721196750174 73.631256 104.156258 -59.193752 
71721216750174 74.718750 104.156258 -58.837502 
71721236750174 75.731255 104.062508 -58.950001 
71721256750174 76.237503 103.912506 -58.612503 
71721276750174 76.837502 104.193756 -58.481251 
71721296750174 77.493752 104.756256 -58.050003 
71721316750174 78.150002 105.243752 -57.975002 
71721336750174 78.525002 105.431252 -57.843754 
71721356750174 78.637505 105.375008 -57.881252 
71721376750174 78.618752 105.375008 -57.618752 
71721396750174 78.825005 105.431252 -57.393753 
71721416750174 79.425003 105.637505 -57.412502 
71721436750174 79.575005 105.675003 -57.300003 
71721456750174 79.743752 105.581253 -57.487503 
71721476750174 79.518753 105.543755 -57.431252 
71721496750174 79.368752 105.562508 -57.393753 
71721516750174 78.768753 105.806252 -57.487503 
71721536750174 78.375000 106.012505 -57.881252 
71721556750174 77.793755 106.050003 -58.256252 
71721576750174 77.343750 106.031258 -58.612503 
71721596750174 77.025002 106.181252 -58.931252 
71721616750174 76.425003 106.331253 -58.987503 
71721636750174 75.993752 106.443756 -59.175003 
71721656750174 75.618752 106.650002 -59.531254 
71721676750174 75.656250 106.781258 -59.531254 
71721696750174 75.656250 106.893753 -59.606251 
71721716750174 75.356255 106.987503 -59.493752 
71721736750174 75.187500 107.343758 -59.493752 
71721756750174 74.568756 107.156258 -59.418751 
71721776750174 73.031250 106.950005 -58.725002 
71721796750174 69.881256 106.012505 -57.487503 
71721816750174 66.450005 105.281258 -55.612503 
71721836750174 61.500004 104.381256 -53.231251 
71721856750174 59.793751 103.556252 -52.181252 
71721876750174 58.950001 103.350006 -51.637501 
71721896750174 58.837502 103.012505 -50.906254 
71721916750174 59.043751 102.900002 -50.156254 
71721936750174 60.056252 102.543755 -50.175003 
71721956750174 62.587502 102.956253 -50.568752 
71721976750174 66.375000 103.237503 -51.750004 
71721996750174 71.325005 103.537506 -53.381252 
71722016750174 73.106255 103.781258 -53.868752 
71722036750174 73.031250 103.368752 -53.362503 
71722056750174 72.712502 103.031258 -52.781254 
71722076750174 73.256256 103.050003 -53.118752 
71722096750174 74.006256 103.256256 -53.381252 
71722116750174 75.318756 103.818756 -54.000004 
71722136750174 74.850006 103.931252 -54.168751 
71722156750174 74.831253 104.381256 -54.693752 
71722176750174 75.000000 104.718758 -55.143753 
71722196750174 76.387505 105.112503 -55.593754 
71722216750174 77.156250 105.300003 -56.193752 
71722236750174 76.687500 105.168755 -56.043751 
71722256750174 76.406250 105.018753 -55.912502 
71722276750174 75.750000 104.531258 -55.762501 
71722296750174 76.012505 104.493752 -55.462502 
71722316750174 76.275002 103.987503 -55.368752 
71722336750174 76.218750 103.762505 -54.918751 
71722356750174 76.125000 104.025002 -55.143753 
71722376750174 76.125000 104.250008 -55.406254 
71722396750174 76.631256 104.587502 -55.725002 
71722416750174 76.725006 104.925003 -55.837502 
71722436750174 76.950005 105.281258 -55.762501 
71722456750174 77.250000 105.787506 -55.987503 
71722476750174 77.231255 106.368752 -56.118752 
71722496750174 77.325005 106.856255 -56.362503 
71722516750174 77.775002 106.950005 -56.456253 
71722536750174 77.737503 107.081253 -56.343754 
71722556750174 77.662506 106.987503 -56.118752 
71722576750174 78.112503 107.006256 -56.343754 
71722596750174 78.600006 107.100006 -56.287502 
71722616750174 78.750000 106.781258 -56.287502 
71722636750174 79.293755 106.893753 -55.931252 
71722656750174 79.950005 106.837502 -55.950001 
71722676750174 79.950005 106.743752 -55.518753 
71722696750174 80.418755 106.706253 -55.462502 
71722716750174 80.906250 106.893753 -55.368752 
71722736750174 81.262505 107.025002 -55.106251 
71722756750174 81.412506 107.118752 -55.162502 
71722776750174 81.525002 107.531258 -55.143753 
71722796750174 80.943756 107.587502 -55.162502 
71722816750174 80.437500 107.681252 -55.087502 
71722836750174 80.456253 107.831253 -55.518753 
71722856750174 80.400002 108.093758 -55.668751 
71722876750174 80.287506 108.356255 -55.875004 
71722896750174 80.550003 108.581253 -56.118752 
71722916750174 79.893753 108.675003 -56.081253 
71722936750174 78.450005 108.393753 -55.612503 
71722956750174 77.137505 108.018753 -55.200001 
71722976750174 76.050003 107.831253 -54.918751 
71722996750174 74.775002 107.868752 -54.300003 
71723016750174 71.587502 107.212502 -53.418751 
71723036750174 68.812500 106.537506 -52.143753 
71723056750174 64.912506 105.525002 -50.700001 
71723076750174 62.868752 105.262505 -49.481251 
71723096750174 63.037502 105.075005 -50.400002 
71723116750174 63.281254 105.243752 -49.893753 
71723136750174 63.506252 105.393753 -50.081253 
71723156750174 62.062504 105.262505 -49.331253 
71723176750174 64.631256 105.881256 -50.118752 
71723196750174 66.993752 106.912506 -50.718754 
71723216750174 70.387505 107.962502 -52.181252 
71723236750174 72.618752 108.318756 -53.231251 
71723256750174 73.481255 108.656258 -53.100002 
71723276750174 74.175003 109.143753 -54.056252 
71723296750174 74.343750 109.125008 -54.300003 
71723316750174 76.237503 109.406258 -55.575001 
71723336750174 75.262505 108.806252 -54.843754 
71723356750174 74.718750 108.093758 -55.612503 
71723376750174 73.856255 107.812508 -55.350002 
71723396750174 71.831253 107.306252 -55.162502 
71723416750174 69.375000 106.837502 -53.981251 
71723436750174 67.668755 106.200005 -53.681252 
71723456750174 67.293755 105.993752 -52.762501 
71723476750174 67.143753 105.656258 -52.668751 
71723496750174 67.781250 106.106255 -52.856251 
71723516750174 68.850006 106.406258 -52.950001 
71723536750174 69.712502 106.912506 -52.706253 
71723556750174 71.906250 107.718758 -52.800003 
71723576750174 74.587502 108.581253 -53.681252 
71723596750174 76.950005 109.200005 -53.812504 
71723616750174 78.018753 109.575005 -54.693752 
71723636750174 78.956253 109.781258 -54.543751 
71723656750174 79.706253 109.725006 -55.462502 
71723676750174 79.087502 109.331253 -55.087502 
71723696750174 78.881256 108.506256 -55.406254 
71723716750174 79.312500 107.775002 -55.631252 
71723736750174 78.862503 106.462502 -55.125004 
71723756750174 79.293755 105.581253 -55.218754 
71723776750174 79.387505 104.662506 -54.562504 
71723796750174 79.706253 104.006256 -54.525002 
71723816750174 79.912506 103.443756 -53.700001 
71723836750174 79.481255 103.031258 -52.818752 
71723856750174 78.956253 102.637505 -51.618752 
71723876750174 78.225006 102.112503 -51.281254 
71723896750174 78.262505 102.393753 -50.681252 
71723916750174 77.418755 102.243752 -50.531254 
71723936750174 77.062500 102.768753 -50.231251 
71723956750174 76.312500 102.993752 -50.137501 
71723976750174 75.468750 103.200005 -50.118752 
71723996750174 75.937500 103.406258 -50.756252 
71724016750174 76.143753 103.631256 -51.693752 
71724036750174 75.881256 103.687508 -51.881252 
71724056750174 75.825005 104.043755 -52.743752 
71724076750174 75.806252 104.212502 -52.931252 
71724096750174 75.993752 104.100006 -53.943752 
71724116750174 75.843750 103.818756 -54.018753 
71724136750174 76.443756 103.987503 -54.487503 
71724156750174 76.087502 103.987503 -54.693752 
71724176750174 76.312500 104.118752 -55.106251 
71724196750174 76.275002 104.531258 -55.275002 
71724216750174 76.537506 104.493752 -55.893753 
71724236750174 76.762505 104.756256 -56.343754 
71724256750174 76.612503 105.150002 -56.025002 
71724276750174 76.575005 105.712502 -56.325001 
71724296750174 76.275002 105.900002 -55.968754 
71724316750174 77.062500 106.312508 -56.137501 
71724336750174 77.568756 106.668755 -55.818752 
71724356750174 78.093750 106.818756 -55.931252 
71724376750174 78.093750 106.818756 -55.725002 
71724396750174 78.225006 107.006256 -55.387501 
71724416750174 78.168755 106.368752 -55.200001 
71724436750174 78.993752 106.237503 -55.275002 
71724456750174 79.500000 105.993752 -55.837502 
71724476750174 79.368752 105.862503 -55.931252 
71724496750174 79.181252 105.656258 -55.875004 
71724516750174 79.237503 105.506256 -56.006252 
71724536750174 77.343750 105.018753 -55.350002 
71724556750174 76.537506 104.662506 -54.768753 
71724576750174 75.637505 104.831253 -54.581253 
71724596750174 74.531250 104.943756 -53.906254 
71724616750174 74.625000 105.150002 -53.981251 
71724636750174 74.662506 105.412506 -53.981251 
71724656750174 74.550003 105.375008 -54.543751 
71724676750174 74.643753 105.393753 -54.450001 
71724696750174 76.650002 105.993752 -55.331253 
71724716750174 77.531250 106.125008 -56.325001 
71724736750174 78.037506 106.050003 -56.625004 
71724756750174 77.362503 105.731255 -56.943752 
71724776750174 74.493752 105.318756 -56.175003 
71724796750174 71.175003 104.550003 -55.125004 
71724816750174 68.343750 104.287506 -53.868752 
71724836750174 66.712502 104.268753 -53.943752 
71724856750174 65.625000 104.193756 -53.418751 
71724876750174 65.343750 104.531258 -53.400002 
71724896750174 65.756256 105.037506 -53.925003 
71724916750174 66.843750 105.731255 -54.112503 
71724936750174 69.337502 106.443756 -54.993752 
71724956750174 72.506256 107.343758 -56.306252 
71724976750174 75.281250 108.037506 -57.637501 
71724996750174 76.631256 108.618752 -57.825001 
71725016750174 77.156250 108.656258 -58.425003 
71725036750174 77.381256 108.825005 -58.537502 
71725056750174 77.381256 108.975006 -58.631252 
71725076750174 77.475006 108.918755 -59.043751 
71725096750174 77.662506 109.050003 -58.987503 
71725116750174 77.531250 109.050003 -58.968754 
71725136750174 77.493752 109.162506 -58.856251 
71725156750174 77.606255 109.218758 -58.968754 
71725176750174 78.037506 109.575005 -58.743752 
71725196750174 77.943756 109.762505 -58.575001 
71725216750174 78.150002 109.762505 -58.368752 
71725236750174 78.525002 109.856255 -58.256252 
71725256750174 78.562500 109.725006 -58.293751 
71725276750174 78.712502 109.800003 -58.500004 
71725296750174 78.712502 109.893753 -58.556252 
71725316750174 78.825005 109.837502 -58.387501 
71725336750174 78.975006 110.025002 -58.537502 
71725356750174 79.050003 109.800003 -58.612503 
71725376750174 79.143753 109.987503 -58.781254 
71725396750174 79.012505 110.062508 -58.706253 
71725416750174 79.031250 110.287506 -58.818752 
71725436750174 79.181252 110.550003 -58.781254 
71725456750174 79.200005 110.531258 -58.856251 
71725476750174 79.143753 110.606255 -58.800003 
71725496750174 79.218750 110.493752 -58.800003 
71725516750174 79.462502 110.662506 -58.987503 
71725536750174 79.481255 110.437508 -58.968754 
71725556750174 79.425003 110.231255 -59.231251 
71725576750174 79.293755 110.025002 -59.268753 
71725596750174 79.275002 109.987503 -59.062504 
