# Created at Fri Jan 31 08:41:56 GMT+01:00 2025 in Burnaby Canada 
71686805745278 994.095703 
71686845747882 994.093994 
71686885745642 994.078857 
71686925745747 994.075439 
71686965746007 994.093994 
71687005741215 994.125732 
71687045744965 994.114014 
71687085745174 994.089111 
71687125736528 994.096436 
71687165746424 994.107178 
71687205745695 994.124268 
71687245745642 994.137207 
71687285737049 994.151611 
71687325740538 994.165527 
71687365746320 994.178955 
71687405746320 994.175049 
71687445726163 994.172607 
71687485746267 994.190430 
71687525746059 994.189941 
71687565745382 994.181396 
71687605742986 994.170898 
71687645745695 994.149414 
71687685745330 994.127197 
71687725736788 994.113525 
71687765746372 994.117920 
71687805745434 994.083008 
71687845745538 994.070557 
71687885736007 994.057129 
71687925741528 994.105469 
71687965746424 994.129395 
71688005745538 994.103516 
71688045736007 994.046875 
71688085746267 994.077393 
71688125746007 994.088379 
71688165745799 994.108154 
71688205741320 994.134277 
71688245746267 994.146240 
71688285745174 994.092041 
71688325745330 994.077881 
71688365743195 994.093994 
71688405746215 994.090820 
71688445745330 994.113037 
71688485736788 994.138428 
71688525740590 994.150391 
71688565746632 994.154541 
71688605741163 994.165283 
71688645746163 994.172363 
71688685746528 994.153564 
71688725738090 994.146484 
71688765746320 994.143066 
71688805746007 994.132813 
71688845746059 994.137207 
71688885740486 994.144775 
71688925743507 994.155762 
71688965746580 994.139648 
71689005746476 994.132324 
71689045746007 994.139160 
71689085746736 994.174072 
71689125746528 994.186035 
71689165737309 994.210449 
71689205743195 994.239014 
71689245746320 994.285156 
71689285745747 994.292236 
71689325736528 994.305664 
71689365746059 994.348145 
71689405745434 994.395752 
71689445746007 994.510010 
71689485725226 994.560791 
71689525743403 994.629639 
71689565745799 994.572266 
71689605745799 994.501953 
71689645746111 994.521240 
71689685745799 994.217773 
71689725746267 994.002197 
71689765737361 993.846924 
71689805843924 993.741455 
71689845738299 993.756836 
71689885746059 993.875244 
71689925736528 993.914551 
71689965745955 993.949219 
71690005745434 994.072266 
71690045745747 994.167969 
71690085740642 994.228516 
71690125740070 994.258301 
71690165745851 994.317139 
71690205745590 994.400146 
71690245745590 994.467773 
71690285745695 994.537354 
71690325746267 994.527832 
71690365746736 994.486572 
71690405741476 994.445557 
71690445739080 994.443848 
71690485745174 994.432617 
71690525735955 994.395508 
71690565748142 994.340332 
71690605746476 994.291748 
71690645746320 994.229492 
71690685737257 994.170410 
71690725724913 994.137207 
71690765745538 994.108398 
71690805745538 994.092041 
71690845723090 994.086914 
71690885745486 994.119629 
71690925745799 994.202881 
71690965746267 994.252441 
71691005743715 994.337891 
71691045746215 994.451660 
71691085745590 994.511963 
71691125736007 994.509766 
71691165746059 994.439209 
71691205745747 994.340088 
71691245746476 994.283936 
71691285737309 994.255615 
71691325738715 994.281494 
71691365746111 994.325439 
71691405745955 994.420410 
71691445739392 994.473877 
71691485746059 994.417236 
71691525745747 994.256836 
71691565745747 994.130859 
71691605739236 993.925537 
71691645741632 993.877686 
71691685745955 993.899170 
71691725746528 993.980225 
71691765746215 994.047363 
71691805746528 994.114502 
71691845746007 994.184814 
71691885736997 994.254639 
71691925740070 994.320068 
71691965725330 994.350098 
71692005745955 994.338135 
71692045736736 994.291016 
71692085745486 994.183594 
71692125745330 994.066406 
71692165746840 993.920898 
71692205740799 993.892578 
71692245746215 993.862549 
71692285745174 993.846191 
71692325745382 993.860352 
71692365745955 993.942871 
71692405745382 994.032227 
71692445745799 994.108154 
71692485737986 994.227051 
71692525738663 994.387207 
71692565743507 994.501953 
71692605745695 994.511230 
71692645736476 994.411621 
71692685747413 994.225830 
71692725745382 994.052734 
71692765746215 993.969727 
71692805723715 993.928711 
71692845741163 993.958008 
71692885745851 994.022949 
71692925746528 994.112305 
71692965746007 994.197021 
71693005745851 994.268799 
71693045748611 994.341309 
71693085745538 994.397217 
71693125741528 994.426514 
71693165744132 994.424805 
71693205746424 994.353760 
71693245736267 994.237305 
71693285745955 994.090332 
71693325745695 993.972656 
71693365746684 993.942139 
71693405737049 993.889648 
71693445891476 993.858154 
71693485745486 993.871338 
71693525746111 993.962402 
71693565724861 994.063477 
71693605744913 994.142334 
71693645746215 994.253662 
71693685746892 994.401367 
71693725740174 994.517334 
71693765744132 994.537109 
71693805745903 994.467529 
71693845736476 994.263428 
71693885746007 994.088379 
71693925746320 994.016357 
71693965746215 993.949463 
71694005736215 993.969727 
71694045739653 994.044434 
71694085746580 994.117432 
71694125724236 994.207764 
71694165724236 994.271484 
71694205746111 994.343262 
71694245745747 994.403809 
71694285745695 994.436523 
71694325740330 994.409912 
71694365739184 994.299316 
71694405745799 994.170166 
71694445750070 993.996582 
71694485746007 993.949463 
71694525745486 993.902588 
71694565746528 993.860840 
71694605736267 993.847900 
71694645745278 993.926025 
71694685725590 994.155273 
71694725746320 994.304688 
71694765737049 994.461914 
71694805747882 994.532227 
71694845745434 994.494385 
71694885745590 994.343506 
71694925781215 994.166016 
71694965747309 994.039307 
71695005740174 993.964355 
71695045745955 993.949707 
71695085746215 994.017822 
71695125746215 994.100098 
71695165746424 994.178223 
71695205737570 994.251953 
71695245742830 994.315430 
71695285745538 994.379395 
71695325745903 994.421631 
71695365736267 994.431641 
71695405745851 994.375244 
71695445745070 994.254639 
71695485746528 994.095947 
71695525725955 994.001465 
71695565725174 993.949463 
71695605745434 993.890869 
71695645745590 993.848633 
71695685747309 993.882568 
71695725745799 993.984619 
71695765746476 994.095703 
71695805737309 994.214111 
71695845878455 994.384033 
71695885745695 994.538086 
71695925746163 994.595215 
71695965736215 994.525635 
71696005745330 994.307861 
71696045745695 994.130615 
71696085746476 994.005859 
71696125737257 993.932373 
71696165746215 993.942871 
71696205737622 994.023682 
71696245746215 994.103271 
71696285746267 994.176514 
71696325746215 994.248047 
71696365746632 994.324951 
71696405746424 994.394775 
71696445739913 994.427979 
71696485745903 994.440674 
71696525748299 994.375488 
71696565737309 994.260010 
71696605745226 994.061035 
71696645745799 993.994873 
71696685745486 993.930664 
71696725736528 993.888916 
71696765746320 993.866699 
71696805746320 993.923584 
71696845746632 994.028809 
71696885725695 994.131104 
71696925745590 994.273438 
71696965746632 994.419922 
71697005746320 994.518066 
71697045742778 994.509521 
71697085792205 994.360840 
71697125745434 994.172119 
71697165735747 994.031006 
71697205745278 993.934814 
71697245745695 993.926758 
71697285746320 993.998047 
71697325737257 994.090088 
71697365743559 994.175293 
71697405740226 994.255859 
71697445745434 994.331543 
71697485737257 994.411133 
71697525746111 994.446777 
71697565745122 994.460693 
71697605745747 994.377930 
71697645739549 994.260742 
71697685750070 994.068604 
71697725745747 993.987549 
71697765745642 993.879150 
71697805745278 993.847168 
71697845745695 993.883545 
71697885745955 993.979248 
71697925736945 994.100586 
71697965740538 994.214111 
71698005739288 994.364746 
71698045745382 994.485352 
71698085736215 994.536377 
71698125745226 994.395752 
71698165746476 994.214600 
71698205746528 994.100098 
71698245726267 993.995605 
71698285746372 993.942627 
71698325742257 993.985840 
71698365746007 994.069092 
71698405747413 994.143066 
71698445746007 994.219238 
71698485746945 994.281738 
71698525736997 994.355957 
71698565837205 994.407715 
71698605741267 994.433105 
71698645745642 994.416992 
71698685736007 994.315918 
71698725746007 994.188965 
71698765745642 994.028809 
71698805745382 993.961670 
71698845740642 993.888672 
71698885745486 993.842285 
71698925745642 993.854248 
71698965745486 993.955811 
71699005745122 994.074707 
71699045745747 994.162354 
71699085746163 994.337891 
71699125746320 994.475098 
71699165741007 994.575439 
71699205739965 994.541992 
71699245746320 994.333008 
71699285736736 994.157715 
71699325745486 994.037842 
71699365746528 993.956787 
71699405746215 993.953125 
71699445736997 994.030273 
71699485725955 994.111572 
71699525746632 994.195313 
71699565745538 994.269775 
71699605723611 994.331543 
71699645745799 994.401855 
71699685746163 994.433105 
71699725746684 994.435791 
71699765740226 994.354492 
71699805750070 994.233398 
71699845746476 994.031738 
71699885736476 993.963379 
71699925745434 993.896973 
71699965746007 993.829590 
71700005745434 993.798340 
71700045737049 993.866211 
71700085739809 993.977295 
71700125734965 994.086914 
71700165745174 994.233154 
71700205730017 994.390625 
71700245745799 994.530518 
71700285746059 994.563477 
71700325745122 994.348145 
71700365739236 994.155029 
71700405725122 994.032227 
71700445745955 993.924561 
71700485745903 993.896484 
71700525745955 993.963379 
71700565745174 994.059082 
71700605745330 994.162354 
71700645736997 994.241455 
71700685741215 994.325928 
71700725745486 994.399902 
71700765746476 994.439453 
71700805737517 994.449951 
71700845746267 994.266846 
71700885746840 994.092041 
71700925746528 994.010986 
71700965745955 993.944824 
71701005739497 993.872803 
71701045743038 993.822021 
71701085745226 993.849854 
71701125745955 993.926514 
71701165746424 994.026855 
71701205745226 994.124268 
71701245736736 994.308105 
71701285741684 994.439697 
71701325736111 994.517334 
71701365746007 994.490479 
71701405736424 994.276611 
71701445745799 994.078857 
71701485746059 993.986816 
71701525745642 993.917969 
71701565725695 993.906006 
71701605832049 993.971191 
71701645746059 994.051758 
71701685746215 994.147461 
71701725745903 994.254395 
71701765745799 994.339600 
71701805746372 994.403809 
71701845746059 994.427979 
71701885740799 994.436279 
71701925739601 994.420654 
71701965746215 994.341553 
71702005736476 994.206543 
71702045746111 994.064209 
71702085746528 993.963379 
71702125746528 993.890869 
71702165736736 993.852539 
71702205746424 993.838623 
71702245746215 993.883545 
71702285745955 993.959473 
71702325746007 994.021484 
71702365746320 994.080322 
71702405746215 994.158203 
71702445746215 994.227783 
71702485741007 994.274902 
71702525724913 994.274414 
71702565745486 994.242676 
71702605736476 994.125244 
71702645745955 994.091797 
71702685746528 994.073486 
71702725745799 994.075684 
71702765736267 994.083008 
71702805818142 994.088135 
71702845745955 994.095947 
71702885746007 994.121826 
71702925726007 994.130127 
71702965747309 994.133301 
71703005745903 994.154541 
71703045745590 994.190186 
71703085739445 994.222656 
71703125740070 994.255859 
71703165799757 994.294434 
71703205741997 994.296631 
71703245745382 994.266357 
71703285745903 994.241455 
71703325746267 994.228027 
71703365737309 994.214355 
71703405741997 994.189209 
71703445745695 994.163574 
71703485748559 994.157715 
71703525736997 994.163574 
71703565746476 994.170166 
71703605746580 994.161377 
71703645746372 994.146973 
71703685786840 994.133301 
71703725746007 994.139648 
71703765745955 994.142822 
71703805746320 994.139893 
71703845746163 994.107666 
71703885745903 994.043213 
71703925745226 994.038330 
71703965737257 994.054932 
71704005739653 994.125488 
71704045725017 994.191895 
71704085746059 994.240234 
71704125737049 994.260010 
71704165747986 994.259033 
71704205746372 994.247559 
71704245746267 994.245605 
71704285724913 994.261475 
71704325740226 994.252197 
71704365740382 994.217773 
71704405745538 994.164063 
71704445746059 994.095215 
71704485745955 994.070068 
71704525745226 994.053467 
71704565736736 994.056152 
71704605910017 994.036621 
71704645827934 994.047363 
71704685745382 994.054443 
71704725737049 994.084473 
71704765746267 994.093262 
71704805746372 994.081787 
71704845746267 994.090332 
71704885737257 994.108887 
71704925746267 994.120850 
71704965745122 994.156006 
71705005746476 994.179199 
71705045746528 994.173584 
71705085746215 994.181885 
71705125746215 994.145020 
71705165746424 994.089111 
71705205740799 994.071045 
71705245745695 994.058838 
71705285746215 994.082031 
71705325736997 994.097412 
71705365745278 994.109375 
71705405745747 994.119629 
71705445745486 994.107666 
71705485736736 994.104980 
71705525745486 994.101563 
71705565857309 994.110107 
71705605746684 994.111572 
71705645724184 994.126709 
71705685745695 994.140869 
71705725746007 994.143311 
71705765746580 994.138184 
71705805740799 994.144287 
71705845740486 994.148926 
71705885746163 994.142090 
71705925737257 994.138916 
71705965746215 994.142822 
71706005745382 994.151611 
71706045745382 994.166992 
71706085736476 994.165771 
71706125747882 994.166260 
71706165745434 994.181396 
71706205745174 994.178223 
71706245740434 994.177734 
71706285745382 994.178467 
71706325745226 994.187256 
71706365745434 994.204834 
71706405739913 994.227783 
71706445785278 994.221436 
71706485745382 994.221436 
71706525745538 994.233887 
71706565745590 994.259033 
71706605745590 994.303711 
71706645746163 994.359619 
71706685737049 994.401123 
71706725742674 994.452637 
71706765743767 994.496338 
71706805746528 994.522949 
71706845737309 994.538574 
71706885746111 994.521484 
71706925746424 994.487061 
71706965746007 994.459961 
71707005744445 994.433594 
71707045725330 994.418213 
71707085725955 994.424561 
71707125746372 994.374512 
71707165746215 994.195313 
71707205746840 994.025391 
71707245748403 993.876221 
71707285736476 993.759766 
71707325741424 993.692871 
71707365745799 993.711670 
71707405746424 993.812256 
71707445736997 993.941406 
71707485748090 994.055420 
71707525740070 994.156250 
71707565746788 994.253418 
71707605724861 994.333984 
71707645741892 994.392822 
71707685746580 994.424805 
71707725746320 994.386963 
71707765746320 994.288086 
71707805746476 994.145508 
71707845747101 993.993164 
71707885746528 993.934326 
71707925741059 993.904297 
71707965746788 993.892090 
71708005746424 993.909180 
71708045736997 993.979736 
71708085745486 994.089600 
71708125745799 994.214355 
71708165745903 994.362549 
71708205736997 994.520264 
71708245745382 994.609863 
71708285883715 994.553711 
71708325746476 994.336182 
71708365725226 994.145508 
71708405745903 993.999268 
71708445745955 993.890137 
71708485746580 993.879395 
71708525741892 993.941162 
71708565741007 994.021973 
71708605745642 994.121094 
71708645735955 994.216309 
71708685746424 994.304932 
71708725746476 994.388428 
71708765746476 994.437988 
71708805737517 994.439941 
71708845740174 994.347412 
71708885738559 994.234619 
71708925745851 994.043945 
71708965723872 993.974121 
71709005745226 993.900391 
71709045747049 993.843262 
71709085746736 993.817871 
71709125742101 993.882324 
71709165741372 993.982178 
71709205746736 994.106934 
71709245745903 994.292969 
71709285746059 994.456787 
71709325746580 994.578613 
71709365745122 994.567383 
71709405736997 994.336182 
71709445741163 994.108154 
71709485743715 993.977783 
71709525746320 993.863525 
71709565736997 993.838379 
71709605745382 993.916504 
71709645745799 994.011719 
71709685745486 994.114014 
71709725779288 994.198242 
71709765738872 994.287354 
71709805746476 994.380127 
71709845745538 994.417969 
71709885746007 994.440186 
71709925745955 994.350586 
71709965746059 994.234863 
71710005737257 994.050537 
71710045746215 993.939697 
71710085725017 993.875732 
71710125744809 993.841064 
71710165736424 993.889404 
71710205746267 993.994385 
71710245746580 994.118408 
71710285748611 994.282959 
71710325724809 994.433838 
71710365743820 994.549072 
71710405746476 994.589111 
71710445746320 994.459229 
71710485746267 994.237061 
71710525746476 994.054932 
71710565746320 993.929199 
71710605737309 993.840332 
71710645790486 993.860840 
71710685746424 993.957275 
71710725745695 994.050049 
71710765737257 994.154785 
71710805748038 994.259766 
71710845746059 994.349609 
71710885746267 994.411133 
71710925737570 994.448975 
71710965746632 994.425781 
71711005745903 994.318359 
71711045746007 994.156982 
71711085746215 994.053711 
71711125745747 993.995605 
71711165746580 993.937744 
71711205746528 993.873779 
71711245741424 993.881592 
71711285746840 993.963867 
71711325746632 994.079346 
71711365736736 994.221924 
71711405748038 994.374512 
71711445746424 994.534668 
71711485746840 994.616943 
71711525736788 994.545654 
71711565848820 994.341797 
71711605745695 994.142090 
71711645745903 994.021729 
71711685725642 993.934814 
71711725745799 993.932373 
71711765746424 994.000000 
71711805746163 994.072266 
71711845740070 994.156738 
71711885746320 994.233887 
71711925745486 994.316895 
71711965736528 994.385742 
71712005746059 994.430176 
71712045747101 994.430420 
71712085746007 994.330566 
71712125736997 994.194092 
71712165744861 994.053711 
71712205743663 993.986572 
71712245746580 993.921631 
71712285737257 993.864990 
71712325746476 993.848877 
71712365746476 993.920654 
71712405746059 994.034912 
71712445740486 994.157715 
71712485745747 994.365723 
71712525745434 994.531494 
71712565746736 994.630615 
71712605746528 994.583984 
71712645746267 994.352295 
71712685745486 994.163330 
71712725736736 994.023682 
71712765739497 993.931885 
71712805746684 993.945801 
71712845746007 994.010254 
71712885736997 994.084717 
71712925745226 994.167480 
71712965745799 994.243164 
71713005745590 994.331299 
71713045725070 994.406250 
71713085738299 994.441406 
71713125746163 994.349365 
71713165746163 994.238770 
71713205746059 994.069580 
71713245746163 994.001221 
71713285746267 993.947754 
71713325737257 993.891357 
71713365740434 993.848145 
71713405745799 993.893066 
71713445745955 993.999512 
71713485736997 994.108398 
71713525745955 994.258789 
71713565746580 994.396484 
71713605745642 994.537842 
71713645736111 994.604248 
71713685746215 994.458008 
71713725745903 994.253418 
71713765745538 994.076416 
71713805745434 993.958984 
71713845747101 993.892578 
71713885746528 993.916260 
71713925746007 993.991455 
71713965741580 994.074951 
71714005745695 994.171631 
71714045746163 994.260986 
71714085736476 994.356445 
71714125745955 994.431885 
71714165746580 994.469482 
71714205746892 994.444336 
71714245736736 994.332764 
71714285746163 994.180908 
71714325725278 994.041016 
71714365746424 993.984619 
71714405725226 993.925781 
71714445746059 993.861084 
71714485745590 993.852051 
71714525746528 993.920410 
71714565739965 994.021973 
71714605746320 994.118164 
71714645746476 994.329102 
71714685737934 994.494629 
71714725746320 994.599365 
71714765746320 994.554199 
71714805746632 994.340332 
71714845737570 994.151611 
71714885842726 994.017578 
71714925743299 993.922119 
71714965746424 993.906494 
71715005724340 993.985352 
71715045748403 994.068359 
71715085746267 994.148438 
71715125748351 994.235840 
71715165742101 994.317627 
71715205725330 994.386963 
71715245745486 994.428955 
71715285745747 994.448486 
71715325746267 994.395508 
71715365746163 994.295898 
71715405746059 994.129395 
71715445736997 994.040771 
71715485740590 993.976563 
71715525738195 993.916260 
71715565745747 993.877930 
71715605737049 993.889404 
71715645746215 993.966064 
71715685746163 994.084961 
71715725746372 994.214111 
71715765800538 994.371582 
71715805740017 994.544434 
71715845740747 994.613770 
71715885746580 994.471436 
71715925748351 994.259521 
71715965746476 994.099609 
71716005748767 993.997803 
71716045737517 993.930664 
71716085741528 993.959961 
71716125741788 994.034668 
71716165746163 994.116943 
71716205736736 994.273926 
71716245745955 994.356445 
71716285745695 994.422363 
71716325746580 994.454102 
71716365726320 994.447754 
71716405746424 994.345947 
71716445744392 994.235840 
71716485745017 994.071045 
71716525745174 993.991455 
71716565745486 993.912109 
71716605746476 993.854736 
71716645744028 993.846436 
71716685743715 993.907959 
71716725725330 993.992920 
71716765745122 994.076904 
71716805736997 994.219238 
71716845745174 994.383545 
71716885746580 994.531006 
71716925745799 994.574707 
71716965736476 994.456055 
71717005741476 994.252686 
71717045740747 994.105469 
71717085745799 993.999268 
71717125745903 993.940918 
71717165746215 993.963623 
71717205746528 994.035156 
71717245745955 994.105957 
71717285742309 994.192627 
71717325746267 994.257324 
71717365746059 994.332275 
71717405737257 994.396240 
71717445745486 994.409912 
71717485745434 994.382813 
71717525746215 994.291992 
71717565736997 994.192871 
71717605738872 994.068848 
71717645746580 993.988770 
71717685745434 993.910645 
71717725725226 993.855469 
71717765745903 993.836670 
71717805745747 993.863281 
71717845745799 993.923096 
71717885740330 994.019775 
71717925743507 994.118408 
71717965746007 994.235596 
71718005736215 994.325195 
71718045745382 994.352539 
71718085745747 994.254883 
71718125745799 994.162354 
71718165736997 994.115234 
71718205738455 994.071289 
71718245745278 994.042236 
71718285745903 994.029053 
71718325736788 994.057373 
71718365745695 994.099365 
71718405745642 994.149170 
71718445746163 994.176514 
71718485740851 994.205078 
71718525746163 994.203613 
71718565746007 994.213623 
71718605746059 994.254150 
71718645745955 994.270020 
71718685746476 994.271240 
71718725746059 994.242920 
71718765736997 994.209473 
71718805740747 994.181885 
71718845746059 994.149902 
71718885746320 994.124023 
71718925737101 994.105957 
71718965746215 994.090088 
71719005746059 994.076172 
71719045745955 994.050049 
71719085727257 994.020020 
71719125746632 994.012207 
71719165746163 994.001953 
71719205746215 994.003906 
71719245746267 994.013916 
71719285746736 993.992920 
71719325746840 993.978516 
71719365736788 993.934570 
71719405782934 993.907227 
71719445740278 993.895508 
71719485746736 993.878174 
71719525737465 993.834473 
71719565746059 993.918945 
71719605745799 994.094238 
71719645746059 994.262695 
71719685740434 994.379883 
71719725743611 994.516602 
71719765737934 994.632568 
71719805745695 994.590088 
71719845744965 994.433594 
71719885745903 994.221924 
71719925746007 994.109375 
71719965745747 994.046631 
71720005741372 994.024902 
71720045746163 994.072754 
71720085745590 994.244873 
71720125736215 994.435303 
71720165745955 994.639404 
71720205746424 994.645020 
71720245746007 994.490479 
71720285736997 994.323730 
71720325861424 994.181152 
71720365847257 994.001953 
71720405746007 993.867432 
71720445723976 993.775391 
71720485746215 993.718750 
71720525745955 993.720459 
71720565746320 993.738281 
71720605738663 993.744629 
71720645746059 993.760498 
71720685745278 993.766602 
71720725736736 993.777344 
71720765748611 993.787354 
71720805746476 993.811035 
71720845746267 993.834473 
71720885736997 993.870117 
71720925740122 993.899902 
71720965745799 993.918701 
71721005746163 993.950684 
71721045724965 993.990234 
71721085746267 994.013916 
71721125746736 994.057373 
71721165746476 994.074219 
71721205741267 994.068359 
71721245740070 994.046631 
71721285746267 994.049316 
71721325746163 994.068604 
71721365746215 994.083008 
71721405746840 994.067627 
71721445746059 994.075684 
71721485737257 994.095459 
71721525740642 994.108398 
71721565745851 994.102295 
71721605746007 994.097412 
71721645737205 994.089111 
71721685745590 994.098389 
71721725745538 994.122803 
71721765741267 994.171143 
71721805747101 994.223145 
71721845746892 994.215332 
71721885746476 994.167725 
71721925746320 994.112061 
71721965746945 994.089600 
71722005746580 994.084473 
71722045740955 994.101074 
71722085746840 994.114502 
71722125745851 994.127686 
71722165736476 994.135254 
71722205746372 994.137207 
71722245746528 994.112549 
71722285746528 994.082520 
71722325736528 994.080078 
71722365738924 994.074219 
71722405741111 994.081299 
71722445746632 994.072998 
71722485725017 994.069336 
71722525746372 994.071533 
71722565745955 994.079590 
71722605745747 994.097168 
71722645739653 994.107666 
71722685745642 994.113037 
71722725746320 994.131104 
71722765736476 994.134766 
71722805746528 994.129883 
71722845746267 994.126953 
71722885745955 994.146729 
71722925737049 994.148682 
71722965739809 994.144287 
71723005745590 994.140869 
71723045745486 994.142822 
71723085725486 994.145020 
71723125748142 994.140137 
71723165745486 994.137939 
71723205745695 994.134033 
71723245741736 994.119629 
71723285746580 994.103760 
71723325746267 994.102295 
71723365736997 994.094727 
71723405746424 994.097168 
71723445745799 994.091797 
71723485745590 994.096191 
71723525737309 994.104980 
71723565740851 994.112305 
71723605748299 994.119385 
71723645746840 994.122559 
71723685737309 994.127197 
71723725746059 994.141846 
71723765745174 994.153809 
71723805745747 994.178467 
71723845742153 994.189209 
71723885746111 994.172363 
71723925746111 994.131836 
71723965746267 994.106689 
71724005745278 994.115234 
71724045745538 994.119385 
71724085745486 994.115967 
71724125737570 994.096436 
71724165808455 994.083496 
71724205738455 994.087646 
71724245746059 994.089600 
71724285736788 994.111816 
71724325746684 994.124756 
71724365745955 994.148926 
71724405746632 994.148193 
71724445726840 994.123535 
71724485745747 994.117432 
71724525745799 994.109863 
71724565746684 994.104980 
71724605746007 994.113281 
71724645746580 994.120850 
71724685746320 994.119873 
71724725737101 994.121338 
71724765839392 994.115967 
71724805745486 994.099121 
71724845746320 994.082275 
71724885737049 994.091064 
71724925748247 994.104248 
71724965746476 994.121826 
71725005746476 994.135254 
71725045736476 994.140137 
71725085739236 994.130127 
71725125745434 994.118896 
71725165746267 994.106201 
71725205745903 994.101563 
71725245746372 994.097656 
71725285746580 994.094971 
71725325745955 994.102051 
71725365740799 994.104980 
71725405745955 994.105225 
71725445748403 994.110596 
71725485736788 994.108887 
71725525746111 994.109375 
71725565745955 994.117432 
71725605745747 994.120850 
