# Created at Thu Mar 27 08:59:52 GMT+01:00 2025 in Burnaby Canada 
699937019326 999.070557 
700037007326 999.073730 
700136995292 999.067871 
700236983258 999.071533 
700336971258 999.069336 
700436959258 999.065674 
700536947224 999.067871 
700636935190 999.072510 
700736923123 999.067139 
700836910989 999.060547 
700936899055 999.054443 
701036887288 999.048828 
701136875488 999.057617 
701236863688 999.059326 
701336851888 999.063232 
701436840121 999.064941 
701536828321 999.069824 
701636816521 999.076904 
701736804721 999.067627 
701836792687 999.073242 
701936780587 999.079346 
702036768687 999.070068 
702136756920 999.071777 
702236745153 999.070313 
702336733353 999.079102 
702436721553 999.078125 
702536709786 999.079590 
702636698019 999.081055 
702736686219 999.082764 
702836674419 999.084473 
702936662519 999.094482 
703036650619 999.100586 
703136638852 999.098389 
703236627085 999.093262 
703336615285 999.090088 
703436603485 999.087891 
703536591718 999.089355 
703636579951 999.088623 
703736568151 999.088379 
703836556351 999.090088 
703936544384 999.091064 
704036532250 999.089111 
704136520116 999.086426 
704236508316 999.086914 
704336496516 999.089355 
704436484682 999.091797 
704536472848 999.089844 
704636461048 999.088379 
704736449248 999.085449 
704836437414 999.089844 
704936425580 999.085449 
705036413580 999.088379 
705136401446 999.083984 
705236389346 999.085693 
705336377346 999.079346 
705436365346 999.083008 
705536353312 999.081543 
705636341278 999.084473 
705736329278 999.090088 
705836317278 999.094238 
705936305244 999.091797 
706036293210 999.097412 
706136281076 999.093262 
706236268942 999.095947 
706336257042 999.097412 
706436245275 999.087158 
706536233475 999.092041 
706636221675 999.089600 
706736209908 999.086914 
706836198141 999.087646 
706936186341 999.084961 
707036174541 999.087891 
707136162774 999.082520 
707236150674 999.081543 
707336138574 999.086182 
707436126740 999.095459 
707536114973 999.091553 
707636103173 999.085449 
707736091373 999.083984 
707836079573 999.079590 
707936067806 999.081543 
708036056006 999.073975 
708136044206 999.080811 
708236032372 999.082275 
708336020472 999.081055 
708436008572 999.089844 
708535996805 999.091064 
708635985038 999.091797 
708735973238 999.086426 
708835961438 999.085205 
708935949671 999.089844 
709035937904 999.089600 
709135926104 999.092285 
709235914304 999.097656 
709335902304 999.093262 
709435890170 999.090820 
709535878170 999.089355 
709635866370 999.090088 
709735854536 999.094482 
709835842702 999.092041 
709935830868 999.093994 
710035819068 999.098389 
710135807234 999.090332 
710235795400 999.088623 
710335783566 999.088379 
710435771499 999.094971 
710535759365 999.097168 
710635747298 999.099854 
710735735298 999.102295 
710835723298 999.099609 
710935711264 999.093262 
711035699264 999.087891 
711135687264 999.086182 
711235675264 999.093994 
711335663230 999.093750 
711435651230 999.094238 
711535639096 999.092285 
711635626962 999.091797 
711735615128 999.098389 
711835603361 999.094238 
711935591561 999.087402 
712035579761 999.084717 
712135567994 999.089600 
712235556227 999.084473 
712335544427 999.086914 
712435532627 999.088867 
712535520727 999.086426 
712635508627 999.091797 
712735496527 999.089355 
712835484760 999.089600 
712935472993 999.086182 
713035461193 999.083496 
713135449393 999.079834 
713235437626 999.082275 
713335425859 999.079590 
713435414059 999.089111 
713535402259 999.080811 
713635390425 999.074463 
713735378525 999.074951 
713835366625 999.081055 
713935354858 999.083984 
714035343058 999.083496 
714135331258 999.091064 
714235319458 999.086670 
714335307691 999.079102 
714435295891 999.072998 
714535284091 999.070801 
714635272291 999.068604 
714735260224 999.068848 
714835248090 999.064209 
714935236223 999.067627 
715035224423 999.076416 
715135212589 999.071777 
715235200755 999.074219 
715335188921 999.066162 
715435177187 999.071777 
715535165353 999.077148 
715635153519 999.080811 
715735141685 999.085693 
715835129551 999.082764 
715935117484 999.085938 
716035105484 999.089355 
716135093484 999.085205 
716235081450 999.088135 
716335069416 999.083984 
716435057482 999.081543 
716535045482 999.077148 
716635033448 999.079102 
716735021414 999.077393 
716835009414 999.073486 
716934997347 999.073730 
717034985247 999.074707 
717134973480 999.080566 
717234961713 999.078613 
717334949913 999.082275 
717434938179 999.076904 
717534926412 999.079834 
717634914645 999.078613 
717734902845 999.080078 
717834891045 999.081543 
717934879078 999.084229 
718034866978 999.072021 
718134854911 999.071289 
718234843144 999.068115 
718334831377 999.068848 
718434819577 999.069580 
718534807777 999.068848 
718634796010 999.073975 
718734784243 999.075195 
718834772443 999.075684 
718934760643 999.076416 
719034748743 999.079346 
719134736843 999.083252 
719234725009 999.081543 
719334713242 999.074463 
719434701442 999.072510 
719534689642 999.072266 
719634677875 999.069336 
719734666108 999.070557 
719834654308 999.069092 
719934642508 999.071777 
720034630708 999.073730 
720134618574 999.070068 
720234606440 999.073975 
720334594573 999.079590 
720434582773 999.084961 
720534570939 999.073242 
720634559105 999.069824 
720734547271 999.068604 
720834535471 999.070313 
720934523637 999.070068 
721034511803 999.068604 
721134499936 999.070068 
721234487802 999.067139 
721334475668 999.073730 
721434463668 999.068604 
721534451668 999.068115 
721634439634 999.075439 
721734427600 999.075195 
721834415600 999.076904 
721934403600 999.074707 
722034391566 999.072754 
722134379532 999.074707 
722234367465 999.079346 
722334355331 999.077881 
722434343331 999.075928 
722534331564 999.077881 
722634319764 999.069092 
722734307964 999.061768 
722834296164 999.071289 
722934284397 999.069336 
723034272597 999.068604 
723134260797 999.066406 
723234248997 999.066650 
723334236963 999.074219 
723434224863 999.072754 
723534212963 999.081299 
723634201196 999.078613 
723734189429 999.081299 
723834177629 999.082520 
723934165829 999.079346 
724034154062 999.080811 
724134142295 999.076660 
724234130495 999.070068 
724334118695 999.063477 
724434106795 999.065674 
724534094895 999.067871 
724634083128 999.071289 
724734071361 999.072998 
724834059561 999.074707 
724934047761 999.082520 
725034035994 999.084961 
725134024227 999.091309 
725234012427 999.091309 
725334000627 999.085938 
725433988727 999.076172 
725533976593 999.076660 
725633964459 999.080566 
725733952692 999.080322 
725833940892 999.075195 
725933929058 999.076172 
726033917224 999.075684 
726133905424 999.067627 
726233893624 999.066162 
726333881790 999.067383 
726433869956 999.065186 
726533857956 999.072510 
726633845822 999.078369 
726733833722 999.078125 
726833821722 999.076416 
726933809722 999.085693 
727033797688 999.082520 
727133785654 999.070801 
727233773654 999.059814 
727333761654 999.059326 
727433749620 999.060303 
727533737586 999.061035 
727633725452 999.065674 
727733713318 999.071533 
727833701418 999.071289 
727933689651 999.060547 
728033677851 999.057861 
728133666051 999.057617 
728233654284 999.056396 
728333642517 999.054199 
728433630717 999.054443 
728533618917 999.060303 
728633607150 999.059082 
728733595016 999.061279 
728833582916 999.060547 
728933571049 999.062256 
729033559282 999.072998 
729133547482 999.071777 
729233535682 999.071045 
729333523882 999.070801 
729433512115 999.077881 
729533500315 999.069580 
729633488515 999.068359 
729733476681 999.065674 
729833464781 999.058594 
729933452881 999.062744 
730033441114 999.068604 
730133429347 999.069092 
730233417547 999.078125 
730333405747 999.075684 
730433393980 999.072266 
730533382213 999.065674 
730633370413 999.063721 
730733358613 999.064453 
730833346613 999.069092 
730933334479 999.066162 
731033322479 999.064941 
731133310679 999.067871 
731233298845 999.076416 
731333287011 999.076904 
731433275177 999.080078 
731533263377 999.077148 
731633251543 999.074707 
731733239709 999.078125 
731833227875 999.076416 
731933215841 999.071045 
732033203707 999.076172 
732133191640 999.074951 
732233179640 999.072754 
732333167640 999.073486 
732433155606 999.076660 
732533143606 999.077393 
732633131606 999.072510 
732733119606 999.069824 
732833107572 999.071533 
732933095538 999.061279 
733033083404 999.073730 
733133071270 999.072510 
733233059436 999.070313 
733333047669 999.064697 
733433035869 999.062988 
733533024069 999.068115 
733633012302 999.072510 
733733000535 999.070313 
733832988735 999.071289 
733932976935 999.078857 
734032965035 999.079346 
734132952935 999.077148 
734232940835 999.069824 
734332929068 999.069824 
734432917301 999.082520 
734532905501 999.083252 
734632893701 999.074463 
734732881934 999.073486 
734832870167 999.064941 
734932858367 999.058350 
735032846567 999.065430 
735132834733 999.065918 
735232822833 999.067627 
735332810933 999.070801 
735432799166 999.072510 
735532787366 999.070068 
735632775566 999.068604 
735732763766 999.077148 
735832751999 999.069580 
735932740232 999.065186 
736032728432 999.072754 
736132716632 999.072266 
736232704565 999.070557 
736332692431 999.077393 
736432680497 999.071289 
736532668697 999.076172 
736632656863 999.078613 
736732645029 999.080811 
736832633195 999.074707 
736932621395 999.070068 
737032609561 999.077393 
737132597727 999.086182 
737232585893 999.084961 
737332573759 999.078613 
737432561625 999.076416 
737532549625 999.077637 
737632537625 999.078125 
737732525591 999.073975 
737832513557 999.065430 
737932501557 999.064697 
738032489557 999.071533 
738132477523 999.069580 
738232465489 999.073975 
738332453489 999.069092 
738432441355 999.071533 
738532429255 999.071289 
738632417455 999.070801 
738732405655 999.068604 
738832393821 999.059082 
738932381987 999.059814 
739032370187 999.058838 
739132358387 999.070313 
739232346553 999.079834 
739332334719 999.073486 
739432322685 999.075439 
739532310551 999.080811 
739632298451 999.079590 
739732286451 999.081787 
739832274451 999.076172 
739932262417 999.080322 
740032250383 999.081055 
740132238383 999.081543 
740232226383 999.083496 
740332214349 999.077148 
740432202315 999.068604 
740532190181 999.070068 
740632178047 999.064941 
740732166180 999.067383 
740832154413 999.073242 
740932142613 999.078857 
741032130813 999.076416 
741132119046 999.076416 
741232107346 999.075439 
741332095546 999.079346 
741432083746 999.065918 
741532071946 999.075439 
741632059846 999.083740 
741732047812 999.080566 
741832035978 999.084229 
741932024211 999.083496 
742032012411 999.089844 
742132000611 999.087646 
742231988877 999.085693 
742331977110 999.081543 
742431965343 999.080811 
742531953543 999.077637 
742631941709 999.083252 
742731929875 999.077881 
742831917975 999.077393 
742931906208 999.072266 
743031894441 999.070801 
743131882641 999.066895 
743231870907 999.062744 
743331859140 999.061279 
743431847373 999.066406 
743531835573 999.065674 
743631823773 999.071289 
743731811806 999.070068 
743831799672 999.073730 
743931787672 999.071533 
744031775905 999.068115 
744131764105 999.065186 
744231752305 999.067139 
744331740505 999.066162 
744431728738 999.061279 
744531716938 999.067383 
744631705138 999.076660 
744731693338 999.074951 
744831681304 999.075928 
744931669204 999.077637 
745031657304 999.076660 
745131645537 999.076416 
745231633770 999.074219 
745331621970 999.086426 
745431610170 999.074951 
745531598403 999.079102 
745631586636 999.084961 
745731574836 999.082275 
745831563036 999.078125 
745931551136 999.068115 
746031539236 999.070068 
746131527469 999.071777 
746231515702 999.070068 
746331503902 999.070801 
746431492102 999.066406 
746531480335 999.066406 
746631468568 999.074707 
746731456768 999.071533 
746831444968 999.076172 
746931433068 999.075195 
747031420934 999.077881 
747131408800 999.077881 
747231397000 999.074463 
747331385200 999.071045 
747431373366 999.070801 
747531361532 999.063477 
747631349732 999.062988 
747731337932 999.057617 
747831326098 999.056885 
747931314264 999.055908 
748031302264 999.061279 
748131290130 999.062256 
748231277996 999.068848 
748331265996 999.068115 
748431253996 999.082031 
748531241962 999.076172 
748631229928 999.070801 
748731217928 999.067627 
748831205928 999.074219 
748931193894 999.074951 
749031181860 999.075439 
749131169726 999.067871 
749231157592 999.072510 
749331145692 999.073242 
749431133925 999.068604 
749531122125 999.076904 
749631110325 999.073486 
749731098558 999.074463 
749831086791 999.085938 
749931074991 999.086182 
750031063191 999.083008 
750131051424 999.081543 
750231039324 999.078125 
750331027224 999.072754 
750431015357 999.071045 
750531003590 999.077148 
750630991790 999.078369 
750730979990 999.087402 
750830968190 999.082031 
750930956423 999.088867 
751030944623 999.092041 
751130932823 999.090088 
751230921023 999.079102 
751330909123 999.077637 
751430897223 999.081055 
751530885456 999.073730 
751630873689 999.064697 
751730861889 999.072510 
751830850089 999.075439 
751930838322 999.083252 
752030826555 999.086182 
752130814755 999.085449 
752230802955 999.070557 
752330790955 999.079834 
752430778821 999.072510 
752530766821 999.074463 
752630755021 999.074463 
752730743187 999.072998 
752830731353 999.078857 
752930719519 999.085205 
753030707719 999.082764 
753130695885 999.083008 
753230684051 999.079590 
753330672217 999.079834 
753430660183 999.078857 
753530648049 999.074951 
753630635982 999.081055 
753730623982 999.080078 
753830611982 999.080322 
753930599948 999.084229 
754030587948 999.081543 
754130575948 999.078857 
754230563948 999.072754 
754330551914 999.071533 
754430539880 999.069092 
754530527746 999.069824 
754630515612 999.062012 
754730503745 999.063721 
754830491978 999.068115 
754930480178 999.065918 
755030468378 999.071533 
755130456611 999.076172 
755230444844 999.073730 
755330433044 999.072021 
755430421244 999.074951 
755530409344 999.068115 
755630397244 999.063721 
755730385144 999.069336 
755830373377 999.069824 
755930361610 999.066650 
756030349810 999.072510 
756130338010 999.081543 
756230326243 999.078613 
756330314476 999.075928 
756430302676 999.072998 
756530290876 999.070068 
756630279042 999.066650 
756730267142 999.075195 
756830255242 999.067139 
756930243475 999.069824 
757030231675 999.063965 
757130219875 999.069092 
757230208075 999.067871 
757330196308 999.070801 
757430184541 999.069580 
757530172741 999.073486 
757630160941 999.076660 
757730148907 999.078613 
757830136773 999.074463 
757930124839 999.077881 
758030113039 999.075195 
758130101205 999.064941 
758230089371 999.063965 
758330077537 999.062256 
758430065737 999.063232 
758530053903 999.071045 
758629375892 999.070068 
758729364058 999.077637 
758829351924 999.070557 
758929339790 999.069580 
759029327790 999.067627 
759129315790 999.070801 
759229303756 999.076416 
759329291722 999.079834 
759429279722 999.079590 
759529267722 999.081055 
759629255688 999.083984 
759729243654 999.079834 
759829231654 999.074951 
759929219520 999.064941 
760029207420 999.066162 
760129195653 999.072754 
760229183886 999.076416 
760329172086 999.073730 
760429160286 999.072754 
760529148519 999.077881 
760629136752 999.077637 
760729124952 999.077148 
760829113152 999.080811 
760929101185 999.079346 
761029089085 999.075439 
761129077018 999.085693 
761229065251 999.087646 
761329053484 999.081787 
761429041684 999.081299 
761529029884 999.081787 
761629018117 999.072266 
761729006350 999.077881 
761828994550 999.069336 
761928982750 999.064941 
762028970850 999.061768 
762128958950 999.069336 
762228947083 999.077393 
762328935316 999.084717 
762428923516 999.081787 
762528911716 999.079590 
762628899949 999.077393 
762728888182 999.077637 
762828876382 999.076904 
762928864582 999.075928 
763028852782 999.077881 
763128840648 999.080078 
763228828514 999.075439 
763328816647 999.075439 
763428804847 999.079590 
763528793013 999.076904 
763628781179 999.079102 
763728769345 999.068359 
763828757545 999.068604 
763928745711 999.065674 
764028733877 999.066162 
764128722010 999.067627 
764228709876 999.068848 
764328697742 999.077881 
764428685742 999.077637 
764528673742 999.078125 
764628661708 999.082031 
764728649674 999.087402 
764828637674 999.081055 
764928625674 999.081299 
765028613640 999.080322 
765128601606 999.077148 
765228589572 999.074219 
765328577438 999.077881 
765428565438 999.083008 
765528553671 999.086914 
765628541871 999.082764 
765728530071 999.075684 
765828518271 999.068604 
765928506504 999.072998 
766028494704 999.073975 
766128482904 999.078613 
766228471104 999.082520 
766328459070 999.077637 
766428446970 999.086914 
766528435070 999.089111 
766628423303 999.082275 
766728411536 999.082764 
766828399736 999.086670 
766928387936 999.079590 
767028376169 999.072754 
767128364402 999.067139 
767228352602 999.068848 
767328340802 999.065430 
767428328902 999.063232 
767528317068 999.073486 
767628305301 999.078613 
767728293534 999.077393 
767828281767 999.069336 
767928269967 999.072510 
768028258267 999.070557 
768128246500 999.073486 
768228234700 999.071777 
768328222900 999.070313 
768428211000 999.070557 
768528198933 999.071533 
768628186799 999.073975 
768728174999 999.079590 
768828163199 999.081299 
768928151365 999.072510 
769028139598 999.074219 
769128127798 999.072754 
769228115998 999.072510 
769328104164 999.065430 
769428092330 999.059814 
769528080363 999.066895 
769628068229 999.074463 
769728056095 999.081787 
769828044095 999.074951 
769928032095 999.069580 
770028020128 999.071533 
770128008094 999.070801 
770227996094 999.069092 
770327984094 999.072266 
770427972060 999.066650 
770527960026 999.072510 
770627947892 999.071533 
770727935758 999.066406 
770827923824 999.069824 
770927912057 999.062012 
771027900257 999.055420 
771127888457 999.059326 
771227876690 999.057861 
771327864923 999.058838 
771427853123 999.060791 
771527841323 999.060547 
771627829556 999.061523 
771727817456 999.069580 
771827805356 999.072510 
771927793489 999.075684 
772027781722 999.068359 
772127769922 999.063477 
772227758122 999.062500 
772327746322 999.069336 
772427734555 999.075195 
772527722788 999.074219 
772627710988 999.073242 
772727699188 999.073730 
772827687288 999.073975 
772927675388 999.073242 
773027663621 999.062744 
773127651854 999.058838 
773227640054 999.067139 
773327628254 999.078857 
773427616487 999.067383 
773527604720 999.065186 
773627592920 999.064453 
773727581120 999.072754 
773827569120 999.079102 
773927556986 999.080811 
774027544886 999.083984 
774127533086 999.089355 
774227521252 999.086426 
774327509418 999.076904 
774427497584 999.074463 
774527485784 999.076416 
774627473950 999.079834 
774727462116 999.087402 
774827450282 999.093506 
774927438248 999.088379 
775027426114 999.079590 
775127414047 999.076172 
775227402047 999.068848 
775327390047 999.066162 
775427378013 999.062012 
775527365979 999.064209 
775627353979 999.069092 
775727341979 999.075684 
775827329945 999.077637 
775927317911 999.084229 
776027305777 999.090332 
776127293643 999.090820 
776227281776 999.083252 
776327270009 999.080078 
776427258209 999.072754 
776527246409 999.081787 
776627234642 999.076172 
776727222875 999.068359 
776827211075 999.061279 
776927199275 999.064209 
777027187475 999.078125 
777127175375 999.074707 
777227163275 999.068604 
777327151508 999.068604 
777427139741 999.072266 
777527127941 999.063477 
777627116141 999.065918 
777727104374 999.062500 
777827092607 999.071777 
777927080807 999.069580 
778027069007 999.077148 
778127057173 999.084717 
778227045273 999.086670 
778327033373 999.081299 
778427021606 999.083496 
778527009839 999.084473 
778626998039 999.083252 
778726986239 999.072510 
778826974472 999.075684 
778926962705 999.078369 
779026950905 999.074463 
779126939105 999.070557 
779226927071 999.075195 
779326914937 999.072754 
779426903003 999.073242 
779526891203 999.066406 
779626879369 999.064697 
779726867535 999.069580 
779826855701 999.068848 
779926843901 999.065186 
780026832067 999.076172 
780126820233 999.083008 
780226808399 999.082520 
780326796265 999.070068 
780426784131 999.076660 
780526772131 999.068359 
780626760131 999.065430 
780726748097 999.055908 
780826736063 999.054443 
780926724063 999.048096 
781026712063 999.047852 
781126700029 999.054199 
781226687995 999.069336 
781326675995 999.061279 
781426663861 999.060303 
781526651727 999.061768 
781626639960 999.056396 
781726628193 999.055908 
781826616393 999.050537 
781926604593 999.050049 
782026592826 999.054443 
782126581059 999.060547 
782226569259 999.060303 
782326557459 999.063965 
782426545492 999.061768 
782526533392 999.054932 
782626521325 999.059326 
782726509558 999.060303 
782826497791 999.059082 
782926485991 999.061035 
783026474191 999.058350 
783126462424 999.067871 
783226450657 999.059814 
783326438857 999.066650 
783426427057 999.070557 
783526415157 999.075195 
783626403257 999.069336 
783726391390 999.069580 
783826379623 999.061035 
783926367823 999.061035 
784026356023 999.057373 
784126344256 999.060303 
784226332489 999.063477 
784326320689 999.066162 
784426308889 999.059082 
784526297089 999.061768 
784626284955 999.060303 
784726272821 999.059814 
784826260954 999.064697 
784926249154 999.065430 
785026237320 999.064941 
785126225486 999.070801 
785226213652 999.074707 
785326201852 999.069580 
785426190018 999.073242 
785526178184 999.066406 
785626166317 999.063965 
785726154183 999.059814 
785826142049 999.055664 
785926130049 999.062012 
786026118049 999.061035 
786126106015 999.066162 
786226093981 999.076172 
786326081981 999.071045 
786426069981 999.070068 
786526057947 999.070313 
786626045913 999.072510 
786726033879 999.061035 
786826021745 999.054932 
786926009745 999.055664 
787025997978 999.047852 
787125986178 999.046143 
787225974378 999.048340 
787325962578 999.051270 
787425950811 999.051758 
787525939044 999.052734 
787625927244 999.051025 
787725915444 999.049561 
787825903410 999.056885 
787925891310 999.055176 
788025879343 999.054199 
788125867576 999.053711 
788225855809 999.044922 
788325844009 999.042725 
788425832209 999.055420 
788525820442 999.055420 
788625808675 999.059326 
788725796875 999.064697 
788825785075 999.063721 
788925773175 999.058105 
789025761275 999.053711 
789125749508 999.049805 
789225737741 999.052490 
789325725941 999.051270 
789425714141 999.053467 
789525702374 999.055176 
789625690607 999.058594 
