# Created at Fri Jan 31 08:54:20 GMT+01:00 2025 in Burnaby Canada 
72431049971721 0.760918 5.065606 7.994421 
72431068729742 0.569492 5.150551 7.787441 
72431087487867 0.301496 5.117051 7.982456 
72431106245888 0.277567 5.070391 8.553144 
72431125003909 0.397209 5.071588 9.140582 
72431143762034 0.574277 5.072784 8.852247 
72431162520055 0.713061 4.987839 8.414361 
72431181278075 1.131805 5.040481 7.887940 
72431200036200 1.060020 4.882555 7.150950 
72431218794221 0.857827 4.995017 6.162714 
72431237552346 0.916451 5.663811 6.747760 
72431256310367 -1.472782 6.112465 7.542177 
72431275069117 -0.939183 5.461617 6.630512 
72431293826513 0.477368 4.372883 6.991828 
72431312584534 -0.055035 4.700700 7.226325 
72431331342659 -0.902094 4.957929 8.098508 
72431350100680 0.378066 4.608576 7.204789 
72431368858700 -0.652044 4.579863 7.622336 
72431387616825 -0.602991 5.199604 10.449456 
72431406374846 -0.478565 4.658826 8.757730 
72431425132971 -1.343570 4.342973 7.509874 
72431443890992 0.224925 4.232903 6.340980 
72431462649013 1.914258 3.452843 5.980860 
72431481407138 0.678365 3.327220 7.757531 
72431500165159 -4.246064 4.418347 7.972885 
72431518923180 -5.184050 5.400601 9.075976 
72431537681305 -0.199801 3.923033 7.515856 
72431556439325 -1.308874 3.918247 8.044670 
72431575197450 0.884148 2.267200 9.218349 
72431593955471 1.233500 1.594816 10.229317 
72431612713492 -1.477568 3.290131 9.229117 
72431631471617 -2.681158 5.763113 8.197810 
72431650229638 -1.970490 3.850052 7.954939 
72431668987659 -1.006182 1.598405 7.334002 
72431687745784 -1.537389 1.903490 8.775677 
72431706503805 -4.546363 3.944568 10.297512 
72431725261930 -2.568695 3.722036 10.554741 
72431744019950 -1.661815 1.003789 9.156136 
72431762777971 -2.967100 0.050249 8.036295 
72431781536096 -4.217350 -0.553938 7.871190 
72431800294117 -4.490132 0.726222 7.652247 
72431819052138 -2.877369 2.415555 6.246463 
72431837810263 -3.571288 1.143769 6.160322 
72431856568284 -4.427918 -0.163908 5.989235 
72431875326409 -3.974478 -0.368495 5.486742 
72431894084430 -1.654637 0.794417 5.223532 
72431912842450 0.610170 0.437887 4.476971 
72431931600575 1.365105 -1.215554 6.449853 
72431950358596 0.658026 -1.283749 8.638090 
72431969116721 1.426122 -1.037289 4.723432 
72431987874742 3.160919 -1.067199 3.531806 
72432006632763 5.676972 -1.434497 4.505685 
72432025390888 8.062616 -1.308874 5.278567 
72432044148909 7.793423 -2.115255 5.669793 
72432062906930 7.841280 -3.359523 5.994021 
72432081665055 8.611769 -4.987839 8.435896 
72432100423075 9.610772 -7.241878 10.755738 
72432119181200 11.005788 -8.498110 9.012567 
72432137939221 14.567504 -8.043473 5.257031 
72432156697242 18.041883 -7.964510 4.072584 
72432175455367 18.719051 -8.626125 5.381458 
72432194213388 16.651653 -8.726624 3.426522 
72432212971513 14.267205 -8.866604 -0.040678 
72432231729534 13.725230 -7.673782 -0.056231 
72432250487555 14.140386 -6.288338 1.418944 
72432269245680 12.483356 -5.985646 2.687140 
72432288003700 11.459228 -4.065406 -6.458228 
72432306761825 8.846265 -5.190032 -9.292527 
72432325519846 12.026326 -7.185647 2.827120 
72432344277867 11.211571 -4.828716 2.999403 
72432363035992 9.653843 -4.856234 1.744368 
72432381794013 9.479167 -3.487539 1.688136 
72432400552138 10.948360 -1.945365 0.928415 
72432419310159 11.441281 -1.902294 -0.117248 
72432438068284 9.052048 -4.855037 1.360320 
72432456826305 6.897311 -7.153343 6.362515 
72432475584325 6.652047 -5.848059 1.290928 
72432494342450 8.976674 -3.769892 -1.576870 
72432513100471 10.280763 -3.244668 -0.635294 
72432531858596 11.371890 -2.502892 6.557530 
72432550616617 5.655437 -4.447061 7.948957 
72432569374742 2.949154 -3.839284 8.208578 
72432588132763 4.017549 -2.910869 5.123033 
72432606890888 2.088934 -4.738985 -4.957929 
72432625648909 -3.157330 -8.705089 -9.273384 
72432644406930 -6.674779 -12.829119 -5.417350 
72432663165055 -6.068198 -14.431113 -3.140580 
72432681923075 1.661815 -10.234102 2.047060 
72432700681200 24.232115 -3.397808 9.372686 
72432719439221 20.170298 -5.252246 11.368300 
72432738197346 8.201400 -7.820941 2.385644 
72432756955367 -1.905883 -11.144571 -3.786642 
72432775713492 -2.821138 -9.449257 -2.673979 
72432794471513 1.373480 -6.636494 1.817349 
72432813229638 4.189833 -6.632905 4.274778 
72432831987659 5.771488 -5.988039 1.887937 
72432850745680 0.525225 -10.268799 7.942975 
72432869503805 4.759324 -10.534402 0.928415 
72432888261825 6.385247 -10.211370 0.607777 
72432907019950 3.667001 -16.679171 -2.276771 
72432925777971 -1.544567 -16.676777 1.093520 
72432944536096 3.705286 -11.781062 1.520639 
72432963294117 3.080759 -11.426925 0.891326 
72432982052242 0.232104 -12.472588 -3.567698 
72433000810263 -0.029910 -7.624729 2.037488 
72433019568388 0.254836 -7.403393 9.821341 
72433038326409 -2.979064 -9.384650 -2.892923 
72433057084534 -2.860620 -9.342776 -0.595813 
72433075842555 -1.823331 -8.976674 1.391426 
72433094600680 -0.959522 -9.705289 0.467797 
72433113358700 0.988236 -9.128618 0.833899 
72433132116825 0.349352 -7.783852 0.222533 
72433150874846 -0.315853 -7.003792 0.967897 
72433169632971 -0.812363 -5.315656 2.018346 
72433188390992 -3.010171 -0.251246 -0.628116 
72433207149117 -3.013760 4.019942 -0.916451 
72433225907138 -3.816552 6.081359 8.431110 
72433244665263 -1.341177 2.528017 -0.090927 
72433263423388 4.448257 -35.399418 -4.262814 
72433282181409 2.696711 -45.826141 4.437490 
72433300939534 2.538785 -13.172488 4.429115 
72433319697555 5.613562 -6.492924 3.066402 
72433338455680 2.921636 -8.947960 -1.205983 
72433357213700 -0.866202 -10.060623 -2.480161 
72433375971825 -2.985046 -10.639686 0.731007 
72433394729846 -2.763710 -10.130014 1.261018 
72433413487971 -1.759921 -11.341979 4.260421 
72433432245992 1.724029 -9.943375 -1.253839 
72433451004117 1.733600 -9.938589 -2.829513 
72433469762138 1.883151 -11.044073 -2.310270 
72433488520263 1.351945 -11.844472 -1.872384 
72433507278284 -0.860220 -12.125628 -1.188036 
72433526036409 -2.581856 -11.898311 -0.313460 
72433544794534 -2.804388 -11.174481 1.086342 
72433563552555 -0.824327 -11.161322 0.301496 
72433582310680 2.249253 -10.017552 -1.497907 
72433601068700 3.206382 -10.851451 -0.431904 
72433619826825 3.834498 -12.558729 1.158126 
72433638584846 4.116851 -12.636497 0.646062 
72433657342971 3.683750 -12.259626 0.404387 
72433676101096 3.004189 -11.736795 0.897308 
72433694859117 2.816352 -10.962717 -0.124427 
72433713617242 2.693122 -10.363315 -0.239282 
72433732375263 1.228714 -10.134800 -0.818345 
72433751133388 -0.606581 -10.145568 -0.972682 
72433769891409 -1.095913 -9.431311 -0.756132 
72433788649534 -1.762314 -8.818748 1.211965 
72433807407659 -1.686940 -8.449057 0.865005 
72433826165680 -0.776471 -8.027920 -0.290728 
72433844923805 0.556331 -7.237092 0.559920 
72433863681825 2.388037 -6.015556 -0.283549 
72433882439950 3.504289 -4.637290 -1.207179 
72433901198075 4.120440 -3.474379 -1.879562 
72433919956096 3.842873 -3.686143 -2.681158 
72433938714221 2.184647 -4.195815 -2.751746 
72433957472242 1.036092 -4.944768 -3.473182 
72433976230367 -0.017946 -5.867201 -5.544170 
72433994988492 -0.674776 -8.104490 -8.087741 
72434013746513 -0.781257 -11.656635 -10.468599 
72434032504638 0.699901 -15.154943 -11.274981 
72434051262659 0.373280 -15.975680 -9.560523 
72434070020784 -0.210568 -12.387643 -8.104490 
72434088778909 1.417747 -7.109076 -6.568298 
72434107536930 3.315256 -3.748357 -5.720043 
72434126295055 4.554738 -4.173083 -2.076970 
72434145053075 9.270991 -8.074580 -0.716650 
72434163811200 11.812169 -15.323636 -0.908076 
72434182569325 9.053245 -21.194427 -1.631905 
72434201327346 1.021735 -13.529019 3.981657 
72434220085471 -1.622334 -6.665207 3.549752 
72434238843492 -3.822534 -5.004589 3.321238 
72434257601617 -1.613959 -5.113462 4.949553 
72434276359742 1.834099 -5.797809 3.847659 
72434295117763 3.265007 -6.611369 1.670190 
72434313875784 2.885744 -10.408778 1.503889 
72434332634013 -0.116052 -17.099112 2.121237 
72434351392034 -1.403391 -13.886746 -0.733400 
72434370150159 -2.047060 -10.560722 -2.462214 
72434388908180 -1.685744 -8.715857 -1.502693 
72434407666305 -0.924826 -8.512466 1.812563 
72434426424430 0.646062 -8.459825 2.165504 
72434445182450 1.494318 -8.130812 0.227318 
72434463940575 1.658226 -8.267202 -1.566102 
72434482698700 1.880759 -8.437093 -1.167697 
72434501456721 1.617548 -8.803194 -0.163908 
72434520214846 1.427319 -8.813962 0.521635 
72434538972971 0.726222 -9.269794 -0.019143 
72434557730992 0.160319 -9.391829 -0.823131 
72434576489117 -1.507478 -9.550952 -0.625723 
72434595247138 -2.922833 -9.333204 -0.099302 
72434614005263 -2.636891 -9.714860 0.585045 
72434632763388 -1.548156 -11.374283 -0.055035 
72434651521409 -1.679762 -13.265809 -1.037289 
72434670279534 -1.585245 -13.465610 -0.489332 
72434689037659 -0.211765 -12.023933 -1.550549 
72434707795680 0.665205 -10.834701 -2.207379 
72434726553805 -1.463211 -11.375479 -0.007178 
72434745311930 -5.190032 -13.037294 2.542374 
72434764069950 -4.492525 -12.612568 2.239682 
72434782828075 -0.112463 -11.550155 -0.081356 
72434801586200 3.395415 -13.897514 0.841077 
72434820344221 4.498507 -16.622938 3.683750 
72434839102346 6.376873 -16.901703 3.424129 
72434857860367 7.426125 -14.590236 1.118645 
72434876618492 6.995417 -12.094522 -1.880759 
72434895376617 7.095915 -10.679168 -2.874976 
72434914134742 6.796813 -9.772287 0.677169 
72434932892763 3.664608 -8.930014 4.177868 
72434951650888 -1.095913 -8.458628 -0.369691 
72434970409013 -2.603391 -8.544769 0.764507 
72434989167034 -3.661019 -8.410771 1.634298 
72435007925159 -3.025724 -7.429714 1.531407 
72435026683284 -0.866202 -6.260820 3.192025 
72435045441305 2.956332 -5.011767 3.671786 
72435064199430 5.271388 -3.357130 2.678765 
72435082957555 5.685347 -1.738386 0.412762 
72435101715575 4.107280 -1.103091 -1.819742 
72435120473700 1.903490 -2.821138 -2.876173 
72435139231825 0.394816 -5.363512 -4.624130 
72435157989846 0.654437 -7.201200 -8.323434 
72435176747971 2.297110 -8.818748 -10.973485 
72435195506096 3.119044 -10.911271 -11.413764 
72435214264117 2.023132 -13.892728 -10.960324 
72435233022242 1.686940 -15.391831 -10.425529 
72435251780367 2.287539 -11.120644 -9.203992 
72435270538388 3.870391 -3.956532 -8.884550 
72435289296513 7.540980 -7.101898 -5.873183 
72435308054534 11.456835 -13.403396 0.029910 
72435326812659 7.814959 -17.766708 3.299702 
72435345570784 5.516653 -14.483755 4.475775 
72435364328909 4.268795 -8.287541 3.176472 
72435383087034 2.303092 -6.384051 1.339981 
72435401845055 -1.807778 -6.224928 6.271588 
72435420603180 0.283549 -7.383054 4.019942 
72435439361305 1.182054 -8.187042 2.517249 
72435458119325 1.798206 -9.445667 4.100101 
72435476877450 0.041874 -13.168900 6.034698 
72435495635575 -3.422933 -14.745770 4.960321 
72435514393596 -3.303292 -10.924432 -3.404987 
72435533151721 -1.313660 -8.378469 -7.272985 
72435551909846 -0.893719 -8.694321 -4.119244 
72435570667971 1.116252 -8.014759 -0.218943 
72435589425992 2.902494 -7.880761 -0.376870 
72435608184117 2.151148 -7.390233 0.063410 
72435626942242 1.482354 -7.098309 2.900101 
72435645700367 0.800399 -7.168897 4.045067 
72435664458388 1.361516 -8.128419 1.012164 
72435683216513 0.148355 -10.001999 -3.163311 
72435701974638 -0.888934 -10.321441 -2.371287 
72435720732659 -1.538585 -10.563115 0.311067 
72435739490784 -1.652244 -11.799008 -1.308874 
72435758248909 -1.866402 -13.464413 -4.906483 
72435777006930 -4.231707 -13.915460 -1.383052 
72435795765055 -4.851448 -13.081561 1.299303 
72435814523180 -2.086541 -11.431710 -2.354537 
72435833281305 -1.073181 -11.498710 -3.140580 
72435852039325 -2.610569 -12.731013 0.037089 
72435870797450 -2.324627 -12.272787 1.453640 
72435889555575 -0.419940 -12.922439 1.282553 
72435908313700 2.930011 -14.580665 3.288935 
72435927071721 4.011567 -16.996220 4.281956 
72435945829846 5.501099 -17.190039 2.778067 
72435964587971 7.916654 -15.316458 0.407976 
72435983346096 7.948957 -12.356536 -1.506282 
72436002104117 7.659425 -10.250853 -2.226521 
72436020862242 6.866205 -8.360522 -0.928415 
72436039620367 5.493921 -7.304091 1.345963 
72436058378492 1.275374 -7.987242 5.601598 
72436077136513 -1.476372 -8.639286 0.223729 
72436095894638 -1.927419 -8.693125 0.461815 
72436114652763 -1.554138 -6.764510 3.012564 
72436133410888 -0.506082 -7.542177 2.525624 
72436152168909 1.737189 -6.774081 3.973282 
72436170927034 2.883351 -4.073781 4.115655 
72436189685159 4.448257 -2.330609 1.785046 
72436208443284 5.187640 -0.337388 -1.677369 
72436227201305 3.640680 -0.410369 -3.838088 
72436245959430 1.087538 -3.738785 -6.520442 
72436264717555 0.284746 -7.810173 -11.356337 
72436283475680 1.232304 -10.698310 -10.951949 
72436302233805 2.733800 -13.484752 -11.164910 
72436320991825 3.583252 -15.303297 -10.036695 
72436339749950 3.559324 -13.690535 -9.379865 
72436358508075 2.171487 -6.004788 -7.871190 
72436377266200 2.725425 -0.803988 -8.215756 
72436396024221 7.365108 -5.182854 -0.448654 
72436414782346 12.766905 -11.840883 0.319442 
72436433540471 13.026526 -21.278175 -2.553142 
72436452298596 5.521438 -21.308086 5.586044 
72436471056721 1.452443 -9.056833 4.722236 
72436489814742 -1.211965 -5.235496 1.563710 
72436508572867 -3.102294 -4.942375 5.308477 
72436527330992 0.467797 -5.749953 4.822734 
72436546089117 2.105684 -6.638886 3.282953 
72436564847242 2.435894 -11.237891 4.287938 
72436583605263 -0.122034 -16.908882 7.249056 
72436602363388 -2.410769 -15.196816 2.411965 
72436621121513 -0.303888 -8.172686 -4.791627 
72436639879638 0.794417 -5.733203 -6.221339 
72436658637763 1.267000 -6.912865 -2.380858 
72436677395888 1.988436 -7.749156 1.719243 
72436696153909 2.780460 -8.001599 -0.314656 
72436714912034 3.285346 -7.546963 0.602991 
72436733670159 1.933401 -7.654640 2.896512 
72436752428284 1.631905 -7.008577 2.158326 
72436771186409 0.854238 -7.993224 -0.629312 
72436789944430 -0.288335 -10.794023 -1.807778 
72436808702555 -1.712065 -12.607782 -1.174876 
72436827460680 -2.968297 -13.159328 -0.581456 
72436846218805 -2.719443 -12.886546 -1.055235 
72436864976930 -1.354338 -12.413964 -2.169094 
72436883734950 -2.237289 -12.628121 -2.719443 
72436902493075 -3.257828 -13.314861 -2.276771 
72436921251200 -2.334198 -13.255041 -1.945365 
72436940009325 -1.427319 -13.225131 -1.525424 
72436958767450 -1.409373 -12.960724 -0.794417 
72436977525575 -2.070988 -11.950953 -0.552742 
72436996283596 -0.080160 -11.142179 1.453640 
72437015041721 3.552145 -12.293126 3.293720 
72437033799846 3.494717 -16.272390 3.841677 
72437052557971 5.059624 -17.734406 2.407180 
72437071316096 6.937989 -15.966109 -0.374477 
72437090074221 6.321837 -12.868600 -2.482553 
72437108832346 7.512267 -10.681561 -2.291128 
72437127590367 6.800402 -9.827323 -1.066002 
72437146348492 4.305884 -9.206385 3.708875 
72437165106617 0.628116 -7.938189 2.194218 
72437183864742 -2.542374 -7.503892 1.196411 
72437202622867 -3.780660 -8.206185 1.302892 
72437221380992 -2.435894 -7.226325 2.892923 
72437240139013 -0.574277 -6.337391 4.149155 
72437258897138 1.490728 -4.709075 5.150551 
72437277655263 4.405187 -2.876173 4.095316 
72437296413388 6.214160 0.515653 0.471386 
72437315171513 6.427122 1.726422 -2.593820 
72437333929638 3.023331 -0.983450 -4.401597 
72437352687763 0.282353 -5.180461 -7.678568 
72437371445784 0.941576 -9.287741 -12.339787 
72437390203909 3.213561 -12.262020 -11.072786 
72437408962034 5.546563 -15.798612 -10.880164 
72437427720159 3.887140 -15.852450 -10.180264 
72437446478284 2.096113 -10.170692 -8.810373 
72437465236409 2.737389 -2.487339 -9.274581 
72437483994534 8.550752 -7.428518 -6.464211 
72437502752555 11.069198 -17.283358 0.703490 
72437521510680 5.018946 -20.839092 2.482553 
72437540268805 5.406583 -12.948760 4.771288 
72437559026930 4.764110 -6.068198 1.239482 
72437577785055 0.602991 -4.682754 2.900101 
72437596543180 -0.859023 -4.953143 5.401797 
72437615301305 1.360320 -6.513263 4.338187 
72437634059430 3.042474 -8.943174 4.512864 
72437652817450 2.673979 -15.157335 7.456035 
72437671575575 -0.297906 -18.784855 7.763513 
72437690333700 -2.550749 -15.501902 5.459225 
72437709091825 -1.347159 -8.277970 -4.984250 
72437727849950 1.591227 -5.190032 -8.660822 
72437746608075 0.672383 -7.868797 -4.068995 
72437765366200 1.348356 -8.758927 0.057428 
72437784124325 1.968097 -7.353144 1.385444 
72437802882346 1.637887 -7.341180 -0.003589 
72437821640471 1.018146 -6.967899 2.452643 
72437840398596 1.204786 -7.049255 2.865405 
72437859156721 1.514657 -7.590034 0.488136 
72437877914846 0.515653 -9.646665 -2.230111 
72437896672971 -0.844666 -11.455638 -2.274378 
72437915431096 -3.042474 -12.468999 -1.670190 
72437934189221 -4.206582 -12.540784 -2.145165 
72437952947242 -2.959922 -11.869596 -2.218147 
72437971705367 -2.104487 -11.367104 -3.081956 
72437990463492 -3.385844 -11.282159 -1.505085 
72438009221617 -3.103491 -11.649457 -1.618744 
72438027979742 -1.354338 -12.721441 -2.382055 
72438046737867 -1.642673 -14.429917 1.063610 
72438065495992 -1.051646 -13.368700 1.439283 
72438084254117 0.539581 -12.157932 0.935594 
72438103012138 3.731607 -13.332808 2.319842 
72438121770263 5.765506 -16.699509 3.318845 
72438140528388 7.301698 -18.593428 2.027917 
72438159286513 8.681161 -16.467405 -0.122034 
72438178044534 7.808977 -13.661820 -2.327020 
72438196802763 7.580462 -11.462817 -1.952543 
72438215560888 6.951150 -9.129815 0.323031 
72438234319013 3.970889 -8.147561 3.891926 
72438253077034 0.406780 -8.396415 1.931008 
72438271835159 -2.506482 -8.520842 -0.684347 
72438290593284 -2.780460 -8.392825 0.746561 
72438309351409 -4.066602 -7.776674 2.407180 
72438328109534 -1.859223 -6.112465 4.182654 
72438346867659 1.957329 -4.176672 5.005785 
72438365625680 4.581059 -1.601995 4.086941 
72438384383909 5.399405 1.570888 1.088734 
72438403142034 4.518846 1.701297 -1.292124 
72438421900159 1.855634 -1.581656 -3.168097 
72438440658180 0.344566 -5.717650 -7.835298 
72438459416305 1.562513 -9.681360 -15.772290 
72438478174430 4.191029 -11.202000 -10.654043 
72438496932555 5.772685 -15.655042 -11.306087 
72438515690680 3.810570 -17.991634 -9.549755 
72438534448805 2.836691 -12.790833 -8.714660 
72438553206930 2.803192 -3.023331 -7.873583 
72438571965055 5.058427 -1.245464 -5.679365 
72438590723180 8.895318 -6.951150 -0.605384 
72438609481200 9.132208 -13.847264 -1.830509 
72438628239325 7.747960 -21.875185 -1.278964 
72438646997450 2.955136 -18.671196 6.234499 
72438665755575 1.323231 -7.706085 3.024528 
72438684513700 -1.097109 -4.729414 1.905883 
72438703271825 -0.719043 -3.879962 4.547559 
72438722029950 1.758725 -5.091927 4.272385 
72438740788075 3.470789 -7.347162 4.222136 
72438759546200 3.371487 -13.797015 5.298906 
72438778304325 0.526421 -17.393427 6.525228 
72438797062346 -1.268196 -14.291133 4.470989 
72438815820471 -0.446261 -7.880761 -3.147758 
72438834578596 1.271785 -5.833702 -7.137790 
72438853336721 0.019143 -8.464610 -3.159722 
72438872094846 0.646062 -9.309277 1.460818 
72438890852971 2.047060 -8.935996 2.027917 
72438909611096 3.196811 -8.386844 -0.567099 
72438928369221 2.636891 -7.525427 1.027717 
72438947127242 1.783849 -7.018149 1.585245 
72438965885367 0.811167 -7.603194 -0.436690 
72438984643492 -0.720240 -9.760324 -1.574477 
72439003401617 -2.141576 -11.161322 -0.634098 
72439022159742 -2.873780 -11.335998 -0.080160 
72439040917867 -2.524428 -11.560923 -1.549353 
72439059675992 -0.910469 -11.870793 -3.820141 
72439078434117 -1.042074 -11.991631 -2.295913 
72439097192138 -2.599802 -12.039487 0.477368 
72439115950263 -2.197808 -11.895918 -1.283749 
72439134708388 -0.209372 -11.692528 -3.828516 
72439153466513 0.302692 -12.588640 -1.984846 
72439172224638 -1.471586 -13.485949 0.211765 
72439190982763 -1.726422 -12.167503 0.141177 
72439209740888 -0.320638 -11.209178 -0.132802 
72439228499013 3.669394 -12.927224 2.048256 
72439247257138 4.975875 -16.189838 5.091927 
72439266015159 6.107680 -17.398214 3.178865 
72439284773284 7.134201 -14.760126 -0.434297 
72439303531409 6.062216 -12.019148 -3.845266 
72439322289534 6.594619 -10.016356 -3.081956 
72439341047659 5.350351 -9.762716 -1.550549 
72439359805784 2.624926 -9.676575 4.011567 
72439378563909 0.738186 -9.840483 3.812963 
72439397322034 -1.367498 -9.591630 -0.369691 
72439416080159 -2.563910 -9.278170 1.071985 
72439434838180 -1.866402 -7.590034 1.040878 
72439453596305 -1.240679 -5.508278 2.906083 
72439472354430 0.586242 -4.911269 4.384848 
72439491112555 3.243471 -4.559524 3.720839 
72439509870680 4.679165 -2.672783 1.797010 
72439528628805 5.175675 -0.166301 -0.646062 
72439547386930 3.821338 -0.357727 -2.173879 
72439566145055 1.451247 -2.977868 -4.284349 
72439584903075 0.424726 -6.683154 -9.576077 
72439603661200 2.122434 -9.290133 -12.312269 
72439622419325 4.247260 -11.040483 -9.540184 
72439641177450 3.765106 -16.051054 -12.055040 
72439659935575 2.493321 -17.915064 -8.671589 
72439678693596 1.415355 -12.861422 -8.498110 
72439697451825 1.680958 -3.558127 -8.328219 
72439716209950 3.921836 -2.977868 -5.265406 
72439734968075 8.786445 -7.725228 -0.200997 
72439753726096 9.268599 -13.194024 -2.222932 
72439772484221 7.836494 -19.540987 -0.838684 
72439791242346 5.553741 -14.212170 5.259424 
72439810000471 2.128416 -7.069594 2.189433 
72439828758596 -1.726422 -5.820541 3.848855 
72439847516721 -0.631705 -5.740382 4.479364 
72439866274846 1.326820 -7.312466 3.371487 
72439885032971 2.622534 -9.451650 3.157330 
72439903790992 1.507478 -14.906089 3.762714 
72439922549117 -0.228515 -17.406588 3.763910 
72439941307242 -1.836491 -14.255240 0.763310 
72439960065367 0.180658 -8.335398 -3.298506 
72439978823492 1.712065 -6.129215 -3.552145 
72439997581617 1.332802 -6.874579 -0.756132 
72440016339742 0.681954 -7.929814 1.519442 
72440035097763 0.421137 -8.806784 -0.020339 
72440053855888 0.482154 -9.286545 -2.106880 
72440072614013 0.643669 -8.970692 -2.873780 
72440091372138 1.294517 -8.433503 -2.184647 
72440110130263 1.227518 -8.354540 0.551546 
72440128888388 0.892523 -8.281559 1.958525 
72440147646513 0.463011 -8.542377 0.538385 
72440166404534 0.063410 -9.481560 -0.928415 
72440185162659 -0.492921 -10.794023 -2.006382 
72440203920784 -1.920240 -11.426925 -1.783849 
72440222678909 -2.025524 -11.386247 -1.793421 
72440241437034 -0.903291 -11.468799 -2.349752 
72440260195159 -1.361516 -11.994023 -1.489532 
72440278953284 -2.225325 -12.433106 -0.711865 
72440297711305 -2.246861 -12.345768 -1.984846 
72440316469430 -1.276571 -11.803794 -3.943372 
72440335227555 -0.474975 -11.126625 -2.093720 
72440353985680 -1.313660 -11.770294 0.437887 
72440372743805 -0.428315 -11.556137 -0.375673 
72440391501930 1.444068 -11.582458 -0.642473 
72440410259950 4.226921 -12.601801 3.103491 
72440429018075 5.160122 -14.472988 4.967500 
72440447776200 7.173682 -15.561722 2.423929 
72440466534325 8.226524 -14.781662 -1.130609 
72440485292450 6.652047 -12.989438 -3.536592 
72440504050575 6.363712 -11.490335 -2.659622 
72440522808700 4.851448 -11.340783 -0.074178 
72440541566721 3.547359 -10.920842 5.084748 
72440560324846 0.305085 -9.549755 -0.283549 
72440579082971 -1.462015 -9.449257 -0.064606 
72440597841096 -1.564906 -8.092526 1.712065 
72440616599221 -1.028914 -5.672186 1.434497 
72440635357346 -0.908076 -4.504488 2.236093 
72440654115367 0.801596 -4.065406 2.044667 
72440672873492 2.221736 -2.928815 1.816152 
72440691631617 3.699304 -2.203790 0.541974 
72440710389742 3.377469 -1.642673 -0.943969 
72440729147867 2.592623 -2.764907 -2.373680 
72440747905992 1.612762 -4.332205 -4.606184 
72440766664013 1.354338 -6.808777 -9.622736 
72440785422138 2.365305 -10.589437 -15.245870 
72440804180263 2.830709 -15.205192 -11.797812 
72440822938388 1.038485 -19.865213 -9.081959 
72440841696513 -0.319442 -16.490137 -7.484749 
72440860454638 0.368495 -6.427122 -7.476374 
72440879212659 1.625923 -0.355334 -5.757131 
72440897970784 5.869594 -3.101098 1.110270 
72440916728909 11.452049 -8.803194 -1.767099 
72440935487034 11.180464 -18.806389 -4.772485 
72440954245159 5.559723 -24.503700 1.658226 
72440973003284 2.327020 -11.356337 6.382854 
72440991761305 -0.275175 -4.829913 2.766103 
72441010519430 -1.168894 -4.993821 3.527021 
72441029277555 0.299103 -6.308677 4.013960 
72441048035575 2.452643 -7.499106 2.822334 
72441066793805 3.750750 -10.255638 2.049453 
72441085551930 1.746760 -15.809380 2.671587 
72441104309950 -0.778864 -15.797415 3.241078 
72441123068075 -1.115055 -10.963913 -0.297906 
72441141826200 0.111266 -7.697711 -4.392026 
72441160584325 0.751346 -6.664011 -3.369094 
72441179342450 0.849452 -7.316055 1.794617 
72441198100471 1.300499 -8.854640 2.663212 
72441216858596 1.418944 -9.597611 0.358923 
72441235616721 1.420140 -9.535398 -1.470389 
72441254374846 1.459622 -8.959925 -2.097309 
72441273132971 1.246661 -8.671589 -1.373480 
72441291890992 1.002593 -9.109476 -0.088534 
72441310649117 0.928415 -9.488738 1.009771 
72441329407242 1.127020 -9.261420 0.959522 
72441348165367 0.465404 -8.776874 0.228515 
72441366923492 -0.171087 -8.419147 -0.690329 
72441385681513 -0.698704 -9.148957 -1.567299 
72441404439638 -0.746561 -10.258031 -1.515853 
72441423197763 -0.368495 -10.808380 -0.763310 
72441441955888 -0.777667 -11.322837 0.093320 
72441460714013 -1.140180 -11.218749 0.254836 
72441479472034 -1.117448 -10.902896 -0.336192 
72441498230159 -0.380459 -10.907682 -1.123430 
72441516988284 0.983450 -10.807183 -1.573281 
72441535746409 1.377069 -11.203196 -1.564906 
72441554504534 -0.119641 -12.348162 -0.474975 
72441573262555 -1.885544 -13.082758 1.215554 
72441592020680 -1.526621 -12.607782 1.166501 
72441610778805 1.780260 -11.446067 -1.421337 
72441629536930 6.029913 -10.688739 -2.215754 
72441648295055 8.828320 -11.168500 0.626920 
72441667053075 8.390432 -11.964113 2.963511 
72441685811200 6.734599 -12.016755 2.739782 
72441704569325 4.671986 -11.217552 2.069792 
72441723327450 2.378466 -10.779666 1.140180 
72441742085575 1.878366 -10.515259 0.534796 
72441760843596 1.919044 -10.104890 1.546960 
72441779601721 1.428515 -9.594023 -1.031307 
72441798359846 1.511068 -9.109476 -1.847259 
72441817117971 1.438086 -8.742178 -0.849452 
72441835875992 0.733400 -8.729017 -0.242871 
72441854634117 0.524028 -8.581859 -0.180658 
72441873392242 0.683151 -8.383254 -0.181855 
72441892150367 0.847059 -8.474181 -0.364905 
72441910908492 1.402194 -7.865208 -0.263211 
72441929666513 2.325824 -6.348158 -0.312263 
72441948424638 3.056831 -4.989035 -0.937986 
72441967182763 3.096313 -4.633701 -1.561317 
72441985940888 2.569891 -5.542974 -2.447858 
72442004699013 1.621137 -7.083951 -3.518646 
72442023457034 0.763310 -8.287541 -4.419543 
72442042215159 0.221336 -8.902496 -4.856234 
72442060973180 0.128016 -9.267402 -5.032106 
72442079731409 0.520439 -9.694521 -5.150551 
72442098489430 0.958325 -10.676775 -5.745167 
72442117247555 0.525225 -12.349358 -7.106683 
72442136005680 -1.049253 -13.566108 -7.873583 
72442154763805 -1.165305 -12.665211 -6.181857 
72442173521825 -0.789631 -9.594023 -4.966303 
72442192279950 -0.171087 -5.513063 -4.402794 
72442211038075 1.836491 -2.724229 -3.553342 
72442229796200 3.555734 -3.533003 -2.069792 
72442248554325 4.175476 -5.787042 -0.370888 
72442267312346 5.368298 -8.985049 -1.361516 
72442286070471 6.111269 -14.183456 -3.931408 
72442304828596 4.322634 -20.288744 -5.855237 
72442323586721 1.375873 -18.844675 -6.376873 
72442342344742 0.757328 -11.773884 -2.708675 
72442361102867 1.507478 -6.303891 0.637687 
72442379860992 2.906083 -3.452843 0.729811 
72442398619117 4.492525 -3.816552 -0.368495 
72442417377138 4.112066 -6.380462 -0.279960 
72442436135263 2.632105 -9.213564 0.410369 
72442454893388 1.177269 -11.436496 1.507478 
72442473651513 -0.100499 -12.321840 1.706083 
72442492409534 -0.605384 -11.575279 0.240479 
72442511167659 0.088534 -10.326226 -0.348156 
72442529925784 0.964308 -9.840483 -0.023928 
72442548683909 1.948954 -9.597611 0.262014 
72442567441930 2.423929 -9.574880 0.417548 
72442586200055 2.242075 -9.534202 0.610170 
72442604958180 2.044667 -9.877572 -0.025125 
72442623716200 2.206182 -10.076176 -0.313460 
72442642474325 2.234896 -9.533006 1.030110 
72442661232450 2.262414 -8.939586 1.268196 
72442679990575 1.966900 -8.895318 0.619741 
72442698748700 0.897308 -9.370294 0.095713 
72442717506721 0.037089 -10.061819 0.458226 
72442736264846 -0.349352 -10.593026 0.156730 
72442755022971 -0.281157 -10.364511 -1.308874 
72442773781096 0.418744 -9.460024 -1.992025 
72442792539117 1.277767 -8.985049 -2.014757 
72442811297242 1.472782 -9.324830 -2.194218 
72442830055367 1.124627 -9.857233 -2.231307 
72442848813492 0.611366 -9.976874 -1.422533 
72442867571513 0.203390 -10.180264 -1.056431 
72442886329638 0.114855 -10.626525 -1.227518 
72442905087763 0.107677 -10.668400 -1.128216 
72442923845784 0.071785 -10.398011 -0.690329 
72442942603909 0.160319 -10.040284 0.037089 
72442961361930 0.964308 -9.530613 0.634098 
72442980120159 2.507678 -8.891729 0.472582 
72442998878180 3.775874 -8.526823 0.301496 
72443017636305 4.027121 -8.551949 0.530010 
72443036394430 2.876173 -8.839087 0.922433 
72443055152555 1.392623 -9.455238 1.031307 
72443073910575 0.519243 -9.908679 0.847059 
72443092668700 0.614955 -10.293923 0.521635 
72443111426825 1.672583 -10.211370 0.309871 
72443130184950 2.721836 -9.676575 0.154337 
72443148942971 3.268596 -9.329616 0.226122 
72443167701096 3.524628 -9.378669 0.244068 
72443186459117 3.469593 -9.420543 -0.075374 
72443205217242 3.192025 -9.487542 -0.297906 
72443223975367 2.806781 -9.421740 -0.427119 
72443242733492 2.699104 -9.371490 -0.050249 
72443261491617 2.798406 -9.650253 0.577867 
72443280249638 2.981457 -9.893126 0.731007 
72443299007763 3.456432 -9.991231 0.405583 
72443317765888 3.722036 -9.571291 0.052642 
72443336523909 3.773481 -9.316455 -0.186640 
72443355282034 4.206582 -9.114262 -0.570688 
72443374040159 4.636094 -8.605786 -1.296910 
72443392798284 3.951747 -8.276773 -1.451247 
72443411556305 2.630908 -8.801998 -0.705883 
72443430314430 2.517249 -9.592826 0.132802 
72443449072450 2.931208 -9.544970 -0.105284 
72443467830575 3.019742 -8.971889 0.246461 
72443486588700 2.065006 -8.380861 0.558724 
72443505346825 2.013560 -8.819944 -0.192622 
72443524104950 0.819542 -9.906285 -1.294517 
72443542862971 -0.765703 -10.462617 -1.814956 
72443561621096 0.514457 -10.437492 -1.152144 
72443580379221 2.986243 -10.078569 -0.291924 
72443599137242 3.824927 -9.771091 -0.088534 
72443617895367 4.145565 -8.938389 0.163908 
72443636653492 4.309474 -8.403593 -0.192622 
72443655411617 4.740181 -8.841479 -1.558924 
72443674169638 2.816352 -9.882358 -1.986043 
72443692927763 -0.180658 -10.637293 -0.241675 
72443711685888 -1.823331 -11.003395 1.313660 
72443730443909 -1.674976 -10.954342 1.258625 
72443749202034 0.357727 -10.730613 -0.483350 
72443767960159 1.600798 -10.400404 -0.394816 
72443786718180 2.389233 -9.442079 0.174676 
72443805476305 2.676372 -9.097511 0.211765 
72443824234325 2.523232 -9.020942 0.735793 
72443842992555 2.067399 -8.956335 1.548156 
72443861750575 0.961915 -9.536594 1.753939 
72443880508700 -0.022732 -10.339387 1.402194 
72443899266825 -0.496511 -10.448260 1.191626 
72443918024846 -0.571885 -10.347761 0.653241 
72443936782971 -0.372084 -10.369297 -0.063410 
72443955541096 0.502493 -9.940982 -0.007178 
72443974299117 1.244268 -9.522238 1.021735 
72443993057242 1.021735 -9.310472 1.757528 
72444011815367 0.189033 -9.597611 1.679762 
72444030573388 -0.720240 -10.084551 1.252643 
72444049331513 -0.866202 -10.329815 0.947558 
72444068089638 -0.410369 -9.931411 1.697708 
72444086847659 -0.512064 -9.614362 1.245464 
72444105605784 -0.600598 -9.489935 0.300299 
72444124363909 -0.532403 -9.590433 0.891326 
72444143122034 -0.666401 -9.605987 1.021735 
72444161880055 -0.917647 -9.553345 0.929612 
72444180638180 -0.508475 -9.605987 0.500100 
72444199396305 0.376870 -9.530613 0.708275 
72444218154325 0.672383 -9.664611 1.304088 
72444236912450 0.692722 -9.897911 1.476372 
72444255670575 1.142573 -10.095319 1.118645 
72444274428596 1.908276 -10.055838 0.534796 
72444293186721 2.383251 -9.838090 0.238086 
72444311944846 2.388037 -9.419347 0.147159 
72444330702867 1.804188 -9.431311 -0.214158 
72444349460992 1.138984 -9.658628 -0.774078 
72444368219117 0.447458 -10.089336 -1.071985 
72444386977138 0.196211 -10.305887 -1.527817 
72444405735263 0.472582 -9.891929 -1.805385 
72444424493388 0.985843 -9.515059 -1.935794 
72444443251409 1.526621 -9.276974 -1.840081 
72444462009534 1.709672 -8.999406 -1.919044 
72444480767659 1.100698 -8.962317 -2.018346 
72444499525680 0.352941 -8.762517 -1.649851 
72444518283805 -0.008375 -8.561520 -1.067199 
72444537041930 0.227318 -8.648857 -0.875773 
72444555799950 1.037289 -9.038888 -1.581656 
72444574558075 1.524228 -9.775877 -3.519842 
72444593316200 1.508675 -10.414761 -3.322434 
72444612074221 2.049453 -9.558130 -0.117248 
72444630832346 2.812763 -8.373683 0.220140 
72444649590471 2.853441 -7.895118 -0.697508 
72444668348492 1.867598 -8.333005 -0.099302 
72444687106617 1.427319 -9.743574 -0.306281 
72444705864742 1.641476 -10.805987 -1.208375 
72444724622763 1.794617 -11.057234 -2.331806 
72444743380888 1.689333 -10.407582 -3.552145 
72444762138909 0.926022 -8.935996 -3.011367 
72444780897034 0.502493 -8.849854 -1.342373 
72444799655159 0.000000 -10.100104 -0.433101 
72444818413180 0.296710 -10.852647 -0.208176 
72444837171305 1.607977 -11.018949 -1.073181 
72444855929430 2.000400 -10.292727 -1.688136 
72444874687450 2.208575 -9.838090 -1.295713 
72444893445575 2.452643 -9.718450 -0.301496 
72444912203700 3.031706 -9.920643 -0.179462 
72444930961721 3.062813 -10.331012 -1.761117 
72444949719846 1.792224 -10.095319 -3.395415 
72444968477971 -0.324227 -9.751948 -1.751546 
72444987235992 -2.018346 -9.927821 0.745364 
72445005994117 -1.939383 -9.955338 1.762314 
72445024752242 -0.238086 -10.051051 0.683151 
72445043510263 1.471586 -9.477970 0.232104 
72445062268388 2.539981 -9.085547 0.323031 
72445081026513 3.139383 -9.132208 0.576670 
72445099784534 3.217150 -9.349955 0.430708 
72445118542659 2.304288 -9.498309 0.035892 
72445137300680 1.239482 -9.816555 0.197408 
72445156058805 0.741775 -9.920643 0.312263 
72445174816930 0.982254 -9.692128 0.088534 
72445193574950 1.502693 -9.475577 -0.037089 
72445212333075 2.061417 -9.500702 0.037089 
72445231091200 2.173879 -9.540184 0.175872 
72445249849221 1.716850 -9.566504 0.448654 
72445268607346 1.264607 -9.604790 0.562313 
72445287365367 1.000200 -9.716056 0.240479 
72445306123492 1.052842 -9.901500 -0.016750 
72445324881617 1.441676 -9.780663 0.010768 
72445343639638 1.654637 -9.473185 0.266800 
72445362397763 1.617548 -9.422935 0.473779 
72445381155888 1.417747 -9.623933 0.332602 
72445399913909 1.253839 -9.862019 0.034696 
72445418672034 1.294517 -9.818948 -0.184247 
72445437430159 1.417747 -9.656236 -0.074178 
72445456188180 1.508675 -9.637094 0.349352 
72445474946305 1.575674 -9.667004 0.685544 
72445493704325 1.534996 -9.546165 0.654437 
72445512462450 1.398605 -9.487542 0.392423 
72445531220575 1.288535 -9.672985 0.226122 
72445549978596 1.411765 -9.828519 0.313460 
72445568736721 1.667797 -9.816555 0.325424 
72445587494846 1.810170 -9.687343 0.257228 
72445606252867 1.808974 -9.643075 0.327817 
72445625010992 1.737189 -9.626326 0.433101 
72445643769013 1.588834 -9.500702 0.492921 
72445662527138 1.399801 -9.542577 0.592224 
72445681285263 1.378266 -9.605987 0.661615 
72445700043284 1.513460 -9.659825 0.489332 
72445718801409 1.657030 -9.699306 0.314656 
72445737559534 1.696511 -9.731609 0.418744 
72445756317555 1.685744 -9.696914 0.467797 
72445775075680 1.731207 -9.556933 0.376870 
72445793833700 1.647458 -9.615558 0.381655 
72445812591825 1.549353 -9.704092 0.391227 
72445831349950 1.470389 -9.641879 0.404387 
72445850107971 1.452443 -9.614362 0.429512 
72445868866096 1.453640 -9.591630 0.440279 
72445887624117 1.333999 -9.629914 0.588634 
72445906382242 1.217947 -9.637094 0.521635 
72445925140367 1.255036 -9.629914 0.358923 
72445943898388 1.295713 -9.687343 0.187837 
72445962656513 1.322034 -9.723235 0.222533 
72445981414638 1.452443 -9.773484 0.295514 
72446000172659 1.566102 -9.701699 0.177069 
72446018930784 1.517050 -9.620343 0.190229 
72446037688805 1.450050 -9.601201 0.384048 
72446056446930 1.325624 -9.670592 0.424726 
72446075205055 1.313660 -9.702896 0.139980 
72446093963075 1.341177 -9.655040 0.141177 
72446112721200 1.410569 -9.681360 0.476172 
72446131479325 1.497907 -9.656236 0.655633 
72446150237346 1.491925 -9.625129 0.407976 
72446168995471 1.454836 -9.621540 0.195015 
72446187753492 1.476372 -9.627522 0.203390 
72446206511617 1.576870 -9.704092 0.234497 
72446225269742 1.619941 -9.712467 0.235693 
72446244027763 1.497907 -9.711270 0.364905 
72446262785888 1.466800 -9.829716 0.423530 
72446281543909 1.911865 -9.695718 0.171087 
72446300302034 2.382055 -9.254242 -0.055035 
72446319060159 2.677568 -8.702696 -0.102891 
72446337818180 2.501696 -8.409575 -0.824327 
72446356576305 1.532603 -9.078369 -1.740778 
72446375334325 0.226122 -10.461421 -2.132005 
72446394092450 -0.673580 -11.234303 -1.290928 
72446412850575 -0.659223 -10.475778 0.504886 
72446431608596 0.294317 -9.468399 1.576870 
72446450366721 1.536192 -9.013762 0.927219 
72446469124846 2.414358 -9.203992 -0.323031 
72446487882867 2.511267 -9.528220 -1.237089 
72446506640992 2.088934 -9.294920 -1.289731 
72446525399013 1.962115 -9.072387 -1.003789 
72446544157138 2.208575 -9.199206 -1.051646 
72446562915159 2.164308 -9.568898 -0.821935 
72446581673284 1.563710 -9.662218 -0.209372 
72446600431409 0.890130 -9.582058 0.497707 
72446619189430 0.805185 -9.058030 0.380459 
72446637947555 0.981057 -8.815159 -0.616152 
72446656705575 1.357927 -9.409775 -1.237089 
72446675463700 1.211965 -10.621739 -0.177069 
72446694221825 0.326620 -11.271391 0.923630 
72446712979846 -1.423729 -11.424532 1.229911 
72446731737971 -2.388037 -11.353944 0.496511 
72446750496096 -1.450050 -10.814362 -0.265603 
72446769254117 0.865005 -9.248260 -0.845863 
72446788012242 2.489732 -8.258827 -1.704886 
72446806770263 2.787638 -8.027920 -1.501496 
72446825528388 1.945365 -8.676374 -1.007378 
72446844286513 1.123430 -9.180064 -0.969093 
72446863044534 0.441476 -9.195618 -1.503889 
72446881802659 -0.125623 -9.288938 -1.818545 
72446900560680 -0.406780 -9.244670 -1.907080 
72446919318805 -0.129212 -9.268599 -1.901098 
72446938076825 0.443869 -9.667004 -1.733600 
72446956834950 0.336192 -9.923036 -1.178465 
72446975593075 0.363709 -9.565309 -0.525225 
72446994351096 0.537189 -9.071191 0.384048 
72447013109221 0.905683 -8.861818 1.426122 
72447031867242 1.450050 -9.085547 1.458425 
72447050625367 0.769292 -9.981660 0.771685 
72447069383492 -0.978664 -11.706884 0.199801 
72447088141513 -1.561317 -13.049258 -0.547956 
72447106899638 -1.050449 -12.843475 -1.781456 
72447125657659 -1.658226 -12.248859 -3.079563 
72447144415784 -3.775874 -11.962916 -3.280560 
72447163173909 -5.134997 -11.986845 -2.020739 
72447181931930 -5.077569 -12.722638 0.114855 
72447200690055 -2.837888 -14.250455 0.205783 
72447219448075 -0.180658 -14.950356 -2.531606 
72447238206200 2.007578 -11.928221 -1.983650 
72447256964325 3.105884 -10.555937 0.543171 
72447275722346 2.484946 -11.870793 2.504089 
72447294480471 2.666801 -13.389039 2.411965 
72447313238492 4.109673 -13.798212 0.563510 
72447331996617 4.658826 -13.393825 -1.534996 
72447350754638 5.414958 -12.217752 -2.222932 
72447369512763 5.511867 -11.502298 -2.785246 
72447388270888 4.905286 -10.511670 -1.718047 
72447407028909 3.235096 -9.127422 1.317249 
72447425787034 0.927219 -8.864211 2.767299 
72447444545055 -1.357927 -7.173682 3.086741 
72447463303180 -2.819942 -6.695118 2.268396 
72447482061305 -2.167897 -6.340980 2.115255 
72447500819325 -0.618545 -5.635098 3.251846 
72447519577450 1.993221 -4.753342 2.338984 
72447538335471 3.779463 -3.784249 1.095913 
72447557093596 4.823930 -2.333002 -1.941776 
72447575851617 4.616951 -1.767099 -3.637090 
72447594609742 3.269792 -3.040081 -4.315455 
72447613367763 1.700101 -5.958128 -5.087141 
72447632125888 1.374677 -8.502895 -8.200203 
72447650884013 1.241875 -10.260424 -10.575080 
72447669642034 1.085145 -12.488141 -9.327223 
72447688400159 1.572084 -14.196617 -9.808180 
72447707158284 1.556531 -13.021741 -9.667004 
72447725916305 2.390430 -7.874779 -8.719446 
72447744674430 3.625126 -3.705286 -8.129615 
72447763432450 6.017949 -5.503492 -2.991028 
72447782190575 10.805987 -9.519845 0.291924 
72447800948596 11.691332 -15.643078 -0.686740 
72447819706721 8.255239 -20.323439 -0.557528 
72447838464846 2.557927 -12.025130 4.566702 
72447857222867 1.192822 -6.452246 2.195415 
72447875980992 -2.114059 -4.583452 2.590230 
72447894739013 -1.360320 -5.170890 3.582056 
72447913497138 1.452443 -6.163911 3.893122 
72447932255159 2.962314 -9.456435 4.577470 
72447951013284 2.312663 -14.974284 5.716453 
72447969771409 -0.905683 -15.902699 4.149155 
72447988529430 -2.470589 -11.783455 -2.743371 
72448007287555 -0.452243 -7.433303 -7.275377 
72448026045575 -0.424726 -7.349555 -2.946761 
72448044803700 0.631705 -8.285149 1.300499 
72448063561721 1.432104 -9.038888 2.322234 
72448082319846 2.268396 -8.488539 0.257228 
72448101077971 2.086541 -7.990831 -2.726621 
72448119835992 1.417747 -7.718050 -2.275574 
72448138594117 0.988236 -7.837690 0.352941 
72448157352138 0.654437 -8.299505 2.012364 
72448176110263 0.047856 -8.986245 2.230111 
72448194868284 0.061017 -9.644272 2.048256 
72448213626409 0.179462 -10.827522 -0.496511 
72448232384534 -0.866202 -11.589637 -3.858427 
72448251142555 -2.175076 -12.238091 -4.211368 
72448269900680 -2.919244 -13.191631 -1.764707 
72448288658700 -2.843870 -13.073187 -1.267000 
72448307416825 -2.196611 -12.351750 -1.934597 
72448326174846 -1.350748 -12.141182 -3.755535 
72448344932971 -1.418944 -12.808780 -2.266003 
72448363690992 -2.568695 -13.442878 1.549353 
72448382449117 -1.524228 -12.215360 0.296710 
72448401207242 1.339981 -11.830115 0.396012 
72448419965263 3.144169 -13.975281 3.113062 
72448438723388 3.620341 -15.927824 3.103491 
72448457481409 6.307480 -16.688742 1.512264 
72448476239534 7.026524 -14.841482 -0.598206 
72448494997555 6.929615 -12.824333 -2.739782 
72448513755680 7.190432 -11.426925 -3.139383 
72448532513805 6.171090 -10.823934 -2.863012 
72448551271825 3.741178 -10.082158 1.974079 
72448570029950 0.494118 -9.265009 5.067998 
72448588787971 -2.750550 -8.042277 2.011168 
72448607546096 -3.507878 -8.292327 2.310270 
72448626304117 -2.640480 -6.994221 4.163511 
72448645062242 -1.451247 -4.675575 4.703093 
72448663820263 1.523032 -3.050849 4.334598 
72448682578388 4.065406 -1.055235 2.298306 
72448701336513 4.887340 1.081556 -0.324227 
72448720094534 4.564309 0.112463 -2.032703 
72448738852659 2.262414 -3.361916 -3.842873 
72448757610680 0.903291 -6.460621 -9.401401 
72448776368805 2.196611 -9.402596 -14.483755 
72448795126825 4.676772 -10.741381 -9.413364 
72448813884950 4.910072 -15.089140 -12.112468 
72448832642971 3.622734 -16.796419 -10.365707 
72448851401096 3.914658 -10.506885 -9.287741 
72448870159117 4.335794 -0.887737 -7.968100 
72448888917242 7.971689 -1.518246 -2.476571 
72448907675367 12.664014 -9.467203 0.478565 
72448926433388 10.564312 -19.307686 -4.006782 
72448945191513 5.809773 -23.966511 2.941975 
72448963949534 2.103291 -10.001999 5.138587 
72448982707659 1.365105 -5.641079 -1.113859 
72449001465680 -2.952743 -4.968696 4.419543 
72449020223805 -0.459422 -4.867001 5.154140 
72449038981825 1.837688 -6.698707 3.133401 
72449057739950 2.644069 -10.317851 4.865805 
72449076498075 1.045663 -16.741385 6.459424 
72449095256096 -2.039881 -18.032312 4.819145 
72449114014221 -3.267399 -12.032309 -3.043670 
72449132772242 0.037089 -6.576673 -7.543374 
72449151530367 1.259821 -6.002396 -4.951946 
72449170288388 2.047060 -6.677172 -1.999203 
72449189046513 2.222932 -7.344769 -0.376870 
72449207804534 2.458625 -7.585248 -1.314856 
72449226562659 1.531407 -7.680961 -0.786042 
72449245320680 0.453440 -7.446464 2.148755 
72449264078805 0.416351 -6.835098 3.578466 
72449282836825 0.329013 -7.060023 1.636691 
72449301594950 0.565903 -9.438489 -2.373680 
72449320353075 0.490529 -12.984653 -3.683750 
72449339111096 -1.612762 -14.137993 -1.647458 
72449357869221 -3.218346 -13.305290 -0.733400 
72449376627242 -1.703690 -12.440285 -2.682354 
72449395385367 -1.526621 -12.276377 -4.389633 
72449414143388 -3.052045 -12.506087 -1.752743 
72449432901513 -2.359323 -12.940385 -0.904487 
72449451659534 -1.701297 -14.037494 -0.227318 
72449470417659 -2.139184 -13.776676 0.205783 
72449489175680 -0.509671 -12.403196 0.038285 
72449507933805 2.870191 -12.393625 1.915455 
72449526691825 3.622734 -15.273387 3.497110 
72449545449950 3.839284 -17.333607 3.329613 
72449564207971 6.780063 -16.279570 1.328017 
72449582966096 6.611369 -13.562519 -1.871187 
72449601724221 6.702296 -11.515459 -2.231307 
72449620482242 6.539584 -10.480563 -1.834099 
72449639240367 4.919643 -9.699306 -2.416751 
72449657998388 2.559124 -9.072387 2.508875 
72449676756513 -1.127020 -8.258827 3.096313 
72449695514534 -3.031706 -7.642675 2.141576 
72449714272659 -3.255435 -7.767102 2.892923 
72449733030680 -2.103291 -5.900701 4.250849 
72449751788805 -0.090927 -3.921836 5.576473 
72449770546825 3.705286 -2.523232 4.767699 
72449789304950 5.481956 -0.713061 2.196611 
72449808062971 5.923432 0.855434 -1.150948 
72449826821096 4.656433 -0.597009 -3.274578 
72449845579221 2.001596 -4.140779 -5.496314 
72449864337242 1.058824 -7.822137 -12.199806 
72449883095367 1.390230 -10.492527 -13.350754 
72449901853388 4.068995 -14.100904 -13.338790 
72449920611513 5.056034 -17.556139 -10.348958 
72449939369534 3.347559 -14.975480 -8.959925 
72449958127659 0.781257 -4.588237 -8.379665 
72449976885680 1.905883 0.364905 -5.044070 
72449995643805 8.684750 -3.804588 2.054238 
72450014401825 11.574083 -12.034701 -2.110470 
72450033159950 12.264413 -25.202404 -2.986243 
72450051917971 3.184847 -26.042286 8.215756 
72450070676096 0.690329 -8.452646 5.285745 
72450089434117 -1.986043 -4.450650 0.845863 
72450108192242 -2.629712 -4.368098 4.567898 
72450126950263 0.917647 -4.960321 4.671986 
72450145708388 2.642873 -6.422336 3.052045 
72450164466513 2.834298 -10.752149 3.937390 
72450183224534 0.263211 -16.679171 5.310870 
72450201982659 -3.343970 -15.771094 1.031307 
72450220740680 -1.953740 -9.072387 -5.522635 
72450239498805 -0.072981 -5.962914 -5.535795 
72450258256825 1.039681 -6.233303 -1.020539 
72450277014950 2.169094 -6.598208 1.235893 
72450295772971 3.420540 -6.971489 -0.982254 
72450314531096 2.560320 -7.530213 -1.418944 
72450333289117 1.288535 -7.793423 1.617548 
72450352047242 0.662812 -8.373683 2.744568 
72450370805263 0.277567 -9.061620 1.636691 
72450389563388 0.032303 -10.448260 -0.576670 
72450408321409 -0.087338 -11.404193 -2.894119 
72450427079534 -1.399801 -12.293126 -2.658426 
72450445837555 -2.998207 -12.961920 -0.514457 
72450464595680 -1.530210 -12.344572 -0.771685 
72450483353700 -0.746561 -12.053844 -3.165704 
72450502111825 -1.688136 -12.484552 -2.572284 
72450520869846 -2.094916 -12.745370 -1.395016 
72450539627971 -2.137987 -13.211970 -0.159123 
72450558385992 -2.679961 -13.659428 0.754936 
72450577144117 -1.265803 -12.961920 0.014357 
72450595902138 2.554338 -11.928221 0.165105 
72450614660263 4.000800 -14.045869 2.830709 
72450633418284 3.913461 -16.734205 3.744767 
72450652176409 6.811170 -17.187645 2.281556 
72450670934430 7.247860 -14.671592 -0.595813 
72450689692555 5.973682 -12.106486 -2.470589 
72450708450575 6.053841 -10.304690 -1.728814 
72450727208700 5.363512 -9.774680 -2.377269 
72450745966721 2.650051 -9.561719 2.516053 
72450764724846 -0.539581 -9.579665 3.588037 
72450783482867 -2.507678 -8.435896 0.160319 
72450802240992 -2.446661 -7.968100 2.511267 
72450820999117 -2.280360 -6.981060 4.971089 
72450839757138 -0.960718 -4.899304 5.029713 
72450858515263 1.982454 -3.361916 5.002196 
72450877273284 4.784449 -1.965704 3.200400 
72450896031409 5.350351 0.619741 -0.137587 
72450914789430 5.230711 0.857827 -2.941975 
72450933547555 2.450250 -1.959722 -4.429115 
72450952305575 0.593420 -5.777470 -8.243274 
72450971063700 1.514657 -9.527023 -12.132807 
72450989821721 3.165704 -11.893525 -9.857233 
72451008579846 3.878766 -15.122639 -11.216356 
72451027337867 3.488735 -15.284155 -10.076176 
72451046095992 2.609373 -11.198410 -9.911072 
72451064854013 1.984846 -2.597409 -9.219545 
72451083612138 5.724828 -2.202593 -3.396612 
72451102370159 12.604194 -9.425328 0.868595 
72451121128284 10.426724 -18.574286 -3.030510 
72451139886305 6.605387 -25.818556 1.611566 
72451158644430 2.080559 -12.440285 8.529217 
72451177402450 1.934597 -5.063213 0.601795 
72451196160575 -1.021735 -4.485346 2.928815 
72451214918596 0.594616 -4.338187 4.304688 
72451233676721 2.941975 -5.796613 3.577270 
72451252434742 3.676572 -9.104691 4.055834 
72451271192867 1.554138 -16.821543 7.865208 
72451289950888 -1.235893 -18.577875 7.817351 
72451308709013 -4.152744 -13.574483 0.539581 
72451327467034 -0.960718 -6.823134 -9.592826 
72451346225159 0.117248 -6.401997 -7.405786 
72451364983180 0.112463 -8.264810 -1.891526 
72451383741305 1.850848 -8.283952 0.032303 
72451402499325 3.102294 -7.416554 -0.343370 
72451421257450 2.224129 -6.819544 0.565903 
72451440015471 1.695315 -6.180661 3.473182 
72451458773596 1.257428 -7.124629 2.690729 
72451477531617 1.030110 -8.757730 -1.322034 
72451496289742 0.305085 -11.614761 -3.486343 
72451515047763 -2.274378 -12.977473 -2.683551 
72451533805888 -4.091727 -11.979667 -1.001396 
72451552563909 -2.255235 -11.747562 -2.331806 
72451571322034 -0.604188 -12.384053 -3.976871 
72451590080055 -1.670190 -13.027723 -1.180858 
72451608838180 -1.783849 -12.756138 -0.215354 
72451627596200 -1.073181 -12.564712 -2.376073 
72451646354325 -1.757528 -13.343575 -0.818345 
72451665112346 -1.089931 -12.332608 0.471386 
72451683870471 0.943969 -13.122239 2.605784 
72451702628492 3.450450 -15.367904 4.232903 
72451721386617 3.872783 -18.375681 3.655037 
72451740144638 5.726025 -18.082561 1.651048 
72451758902763 6.656833 -14.167903 -1.173679 
72451777660784 6.574280 -11.034502 -2.507678 
72451796418909 6.687939 -9.242277 -1.320838 
72451815176930 5.237889 -8.343773 -1.844866 
72451833935055 3.896712 -7.707282 0.373280 
72451852693075 0.863809 -7.927422 5.199604 
72451871451200 -1.412962 -7.639086 3.012564 
72451890209325 -2.785246 -8.816355 0.394816 
72451908967346 -1.787439 -8.761320 2.524428 
72451927725367 -0.190229 -7.127022 4.581059 
72451946483492 2.255235 -5.235496 4.559524 
72451965241617 4.614559 -2.793620 3.086741 
72451983999534 5.126623 -0.009571 0.099302 
72452002757763 4.448257 0.717847 -1.619941 
72452021515784 2.072184 -1.682154 -2.391626 
72452040273909 0.459422 -4.805984 -5.241478 
72452059031930 1.231107 -7.674979 -12.866207 
72452077790055 3.378666 -10.252048 -13.981263 
72452096548075 4.841877 -13.726427 -11.648261 
72452115306200 3.023331 -18.837496 -10.630115 
72452134064221 2.794817 -16.241283 -7.928618 
72452152822346 2.260021 -5.481956 -7.442875 
72452171580367 4.930411 -1.287339 -1.372284 
72452190338492 12.739388 -4.923233 0.220140 
72452209096513 9.931411 -10.135997 -5.106284 
72452227854638 7.775477 -26.255247 -1.499103 
72452246612659 0.435494 -19.037296 7.458428 
72452265370784 0.865005 -8.099705 0.313460 
72452284128805 -0.421137 -5.168497 0.397209 
72452302886930 -0.922433 -4.331009 3.768696 
72452321644950 2.110470 -6.906883 2.177469 
72452340403075 2.585445 -10.797612 2.831906 
72452359161096 1.104288 -16.437494 1.899901 
72452377919221 -2.411965 -17.966509 2.195415 
72452396677242 -3.302095 -10.800005 1.140180 
72452415435367 -1.318445 -4.820341 -1.214357 
72452434193388 2.413162 -4.872983 -2.615355 
72452452951513 3.186043 -7.636693 -2.636891 
72452471709534 2.084148 -9.887143 -1.238286 
72452490467659 0.451047 -10.374083 -0.338584 
72452509225680 0.874577 -8.664411 -1.255036 
72452527983805 1.610370 -6.234499 -2.224129 
72452546741825 1.140180 -5.797809 -1.368695 
72452565499950 0.978664 -7.195218 0.636491 
72452584257971 0.112463 -9.119047 1.761117 
72452603016096 -0.655633 -9.134601 0.583849 
72452621774117 -1.188036 -9.522238 -0.742971 
72452640532242 -0.978664 -10.789237 -1.329213 
72452659290263 -0.260818 -11.753545 -2.311467 
72452678048388 0.136391 -12.380465 -2.465804 
72452696806409 0.163908 -12.853046 -1.694118 
72452715564534 0.540778 -12.078969 -3.619144 
72452734322555 -1.253839 -9.650253 -6.228518 
72452753080680 -3.397808 -11.955738 -2.918047 
72452771838700 -1.867598 -12.330215 -0.644866 
72452790596825 -1.904687 -13.252648 0.142373 
72452809354846 -2.880959 -14.611772 1.594816 
72452828112971 0.011964 -14.636896 4.839484 
72452846870992 2.773281 -15.675381 4.954340 
72452865629117 4.082155 -16.633707 2.303092 
72452884387138 6.166304 -16.595421 -0.520439 
72452903145263 6.765706 -15.757934 -1.568495 
72452921903284 5.942575 -13.735998 -1.923829 
72452940661409 5.337191 -11.994023 -2.215754 
72452959419430 5.213961 -9.749556 -2.078166 
72452978177555 2.751746 -7.935796 -0.342174 
72452996935575 0.125623 -8.032705 2.021935 
72453015693700 -1.359123 -8.549556 1.021735 
72453034451721 -1.618744 -7.014560 1.288535 
72453053209846 -1.275374 -5.538188 1.777867 
72453071967867 -0.817149 -4.724628 3.722036 
72453090725992 0.478565 -4.030710 4.517649 
72453109484013 2.580659 -3.249453 3.373880 
72453128242138 4.115655 -3.208775 1.060020 
72453147000159 4.342973 -2.848655 -0.965504 
72453165758284 3.061617 -2.964707 -3.509074 
72453184516305 1.741975 -4.524827 -5.860023 
72453203274430 1.359123 -6.580262 -9.016156 
72453222032450 2.151148 -9.153743 -11.193624 
72453240790575 2.986243 -11.965310 -10.210175 
72453259548596 1.951347 -15.260226 -9.645468 
72453278306721 0.222533 -15.107086 -8.524430 
72453297064742 -0.247657 -7.909475 -7.837690 
72453315822867 0.089731 -1.871187 -8.055437 
72453334580888 2.474179 -4.942375 -6.993024 
72453353339013 8.201400 -11.577672 -2.079363 
72453372097034 7.901100 -19.666609 -3.907479 
72453390855159 5.935397 -22.648066 1.463211 
72453409613180 2.900101 -8.173882 5.012963 
72453428371305 2.888137 -3.932604 1.182054 
72453447129325 0.740579 -4.498507 3.037688 
72453465887450 -0.778864 -5.016552 4.000800 
72453484645471 1.131805 -9.084352 3.243471 
72453503403596 3.454040 -16.643278 3.343970 
72453522161617 -0.677169 -18.083757 2.931208 
72453540919742 -3.105884 -13.757534 2.404787 
72453559677763 -1.153340 -8.481359 0.638884 
72453578435888 0.979861 -6.044270 -1.247857 
72453597193909 1.992025 -6.433104 -3.372684 
72453615952034 2.295913 -8.226524 -2.703890 
72453634710055 2.153540 -9.695718 0.868595 
72453653468180 1.757528 -9.184850 0.470190 
72453672226096 2.236093 -8.342576 -0.610170 
72453690984325 2.787638 -8.475378 -1.331606 
72453709742346 2.219343 -8.702696 -2.250450 
72453728500471 0.939183 -9.340384 -0.711865 
72453747258492 0.448654 -8.933603 1.509871 
72453766016617 0.128016 -8.444271 1.527817 
72453784774638 0.345763 -8.544769 0.406780 
72453803532763 -0.273978 -9.975677 -1.146162 
72453822290784 -1.192822 -11.254642 -2.478964 
72453841048909 -1.898705 -11.149357 -3.194418 
72453859806930 -1.807778 -10.798809 -2.409572 
72453878565055 -1.580459 -10.910075 -1.423729 
72453897323075 -1.367498 -11.345569 -1.231107 
72453916081200 -1.283749 -11.775081 -2.266003 
72453934839221 -1.658226 -12.470195 -1.513460 
72453953597346 -1.556531 -12.953546 0.915255 
72453972355367 -1.540978 -12.949956 1.036092 
72453991113492 -0.186640 -12.776477 -0.296710 
72454009871513 3.037688 -13.899907 0.329013 
72454028629638 2.980261 -15.492331 3.628716 
72454047387659 3.978068 -16.002001 3.481557 
72454066145784 6.000003 -15.412170 1.015753 
72454084903805 4.969893 -13.535002 -1.359123 
72454103661930 5.216353 -12.836297 -0.599402 
72454122419950 5.369494 -11.030912 -0.845863 
72454141178075 3.614359 -9.531809 -1.373480 
72454159936096 0.843470 -9.103494 -0.942772 
72454178694221 -0.701097 -8.816355 1.621137 
72454197452242 -0.780060 -7.872386 0.285942 
72454216210367 -0.094516 -6.482157 1.307678 
72454234968388 0.415155 -5.456832 2.574677 
72454253726513 0.575474 -5.198407 3.300899 
72454272484534 0.530010 -5.453243 3.214757 
72454291242659 1.380659 -4.811966 1.970490 
72454310000680 2.398805 -3.582056 0.489332 
72454328758805 2.729014 -3.085545 -0.833899 
72454347516825 2.475375 -3.901497 -2.129612 
72454366274950 1.739582 -5.469993 -3.544967 
72454385032971 0.595813 -6.722635 -6.227321 
72454403791096 0.531207 -8.305488 -9.845269 
72454422549117 1.600798 -10.535598 -11.351551 
72454441307242 1.890330 -13.299308 -8.756535 
72454460065263 0.843470 -15.249458 -8.204988 
72454478823388 1.934597 -13.648661 -7.607980 
72454497581409 2.865405 -8.124829 -6.684350 
72454516339534 3.004189 -5.166104 -7.262217 
72454535097555 4.603791 -7.981260 -5.892326 
72454553855575 7.160522 -12.300304 -1.572084 
72454572613700 5.956932 -16.061823 -2.197808 
72454591371825 3.389433 -14.836697 -0.199801 
72454610129846 2.977868 -10.137193 2.352145 
72454628887971 3.357130 -9.351151 0.332602 
72454647645992 0.991825 -9.990034 2.549552 
72454666404117 0.770489 -13.849657 4.283153 
72454685162138 3.262614 -17.806190 2.964707 
72454703920263 2.108077 -12.120843 2.804388 
72454722678284 1.940579 -11.586047 0.624527 
72454741436409 -0.289532 -12.299109 -1.680958 
72454760194430 1.828117 -9.446864 -1.751546 
72454778952555 4.401597 -6.534799 -0.763310 
72454797710575 4.419543 -6.081359 2.468197 
72454816468700 1.578067 -8.153543 2.883351 
72454835226721 -0.378066 -8.066205 1.060020 
72454853984846 -0.793221 -4.528417 -0.428315 
72454872742867 -1.537389 -3.261417 -0.705883 
72454891500992 -0.672383 -7.785048 -1.274178 
72454910259117 -0.515653 -8.356933 -0.135194 
72454929017138 1.734796 -6.483353 0.823131 
72454947775263 3.303292 -7.573284 0.589831 
72454966533284 3.214757 -5.814559 -0.025125 
72454985291409 2.950350 -6.105287 0.494118 
72455004049430 1.422533 -6.918847 2.202593 
72455022807555 -1.366302 -9.020942 0.784846 
72455041565575 -0.425922 -11.937792 -0.470190 
72455060323700 -0.295514 -17.048861 -0.247657 
72455079081721 -1.454836 -14.220545 2.092523 
72455097839846 -0.362513 -12.049058 1.362713 
72455116597867 -0.976272 -11.478371 1.216750 
72455135355992 -0.922433 -15.335600 2.035096 
72455154114013 -0.465404 -16.169498 2.882155 
72455172872138 1.513460 -11.694921 2.044667 
72455191630159 1.312463 -7.569695 0.303888 
72455210388284 -6.520442 -11.355140 1.634298 
72455229146409 -11.821740 -15.760326 2.496910 
72455247904430 -9.573684 -19.712072 4.086941 
72455266662555 -4.194618 -19.013369 1.957329 
72455285420575 -0.055035 -15.341582 3.113062 
72455304178700 10.145568 -12.308680 -4.828716 
72455322936721 7.970492 -14.524433 0.327817 
72455341694846 3.224329 -15.089140 3.999603 
72455360452867 2.396412 -14.941981 7.282556 
72455379210888 0.825524 -16.216160 5.910272 
72455397969013 1.287339 -14.852250 0.583849 
72455416727138 2.811567 -10.140782 0.374477 
72455435485159 6.015556 -7.576873 0.059821 
72455454243284 7.654640 -1.945365 3.461218 
72455473001305 4.070191 -0.662812 5.115855 
72455491759430 -1.491925 -1.872384 1.129412 
72455510517450 -4.114459 -2.696711 0.031107 
72455529275575 -1.488336 -3.090330 1.231107 
72455548033700 3.069991 1.448854 5.763113 
72455566791721 1.214357 2.772085 4.415954 
72455585549846 -2.279164 -0.305085 2.629712 
72455604354742 3.527021 -7.271788 23.044079 
72455623065992 6.563512 -6.010770 13.156936 
72455641824013 3.850052 -0.155533 6.421140 
72455660582138 2.957529 -0.354138 3.196811 
72455679340159 2.482553 -1.117448 3.170490 
72455698098284 2.080559 -0.111266 5.219943 
72455716856357 1.757528 1.947758 6.239285 
72455735614430 0.723829 2.190629 6.381658 
72455754372502 -0.567099 0.780060 6.471389 
72455773130575 -0.680758 -1.511068 7.277770 
72455791888700 2.109273 -3.556931 16.578672 
72455810646721 0.198604 0.833899 6.378069 
72455829404846 2.237289 3.519842 10.703095 
72455848162867 2.559124 2.751746 11.584851 
72455866920836 2.500500 1.777867 9.314062 
72455885679065 2.136791 1.227518 6.954739 
72455904437138 1.934597 1.797010 6.484550 
72455923195211 1.295713 3.357130 7.770691 
72455941953284 0.838684 4.346562 9.184850 
72455960711409 0.463011 4.250849 8.982656 
72455979469430 0.888934 2.511267 10.979466 
72455998227555 0.329013 1.014557 8.210971 
72456016985627 1.481157 2.142773 8.920443 
72456035743700 0.699901 3.309274 7.462018 
72456054501825 -0.185444 3.790231 6.795616 
72456073259846 -1.331606 4.302295 7.058827 
72456092017971 -2.921636 4.682754 7.240681 
72456110775992 -2.408376 4.660022 7.143772 
72456129534117 -0.461815 4.604987 6.993024 
72456148292190 1.336391 4.478168 7.783852 
72456167050263 0.982254 3.918247 8.818748 
72456185808388 -0.829113 4.585845 9.360723 
72456204566409 -2.376073 5.209175 9.131011 
72456223324534 -2.524428 4.710271 8.567501 
72456242082607 -0.550349 5.350351 7.864012 
72456260840680 -0.537189 5.456832 8.344969 
72456279598805 -1.357927 5.885147 8.049456 
72456298356825 -1.957329 6.300302 6.770492 
72456317114950 -2.104487 5.273781 7.958528 
72456335873075 -1.604388 5.295317 9.026923 
72456354631096 -1.111466 5.352744 8.371290 
72456373389221 -0.628116 5.040481 7.698907 
72456392147294 -0.410369 5.286942 7.690532 
72456410905367 -0.318245 5.181657 8.104490 
72456429663492 -0.348156 4.865805 8.592627 
72456448421513 -0.180658 4.651647 9.389436 
72456467179638 -0.142373 4.683950 9.556933 
72456485937763 -0.184247 4.890930 8.983852 
72456504695784 -0.340977 5.292923 8.137990 
72456523453909 -0.555135 5.416154 7.684550 
72456542212034 -0.477368 5.289334 7.720442 
72456560970055 -0.375673 5.321638 8.050652 
72456579728180 -0.352941 5.246264 8.484949 
72456598486305 -0.423530 5.133801 8.623733 
72456617244325 -0.210568 5.002196 8.660822 
72456636002450 -0.136391 5.035695 8.689535 
72456654760523 -0.278764 5.124230 8.557930 
72456673518648 -0.288335 5.071588 8.331808 
72456692276721 0.001196 5.093123 8.246863 
72456711034846 0.323031 5.234300 7.971689 
72456729792919 0.315853 5.297709 7.793423 
72456748550992 0.032303 5.399405 7.989635 
72456767309117 -0.315853 5.282156 8.306684 
72456786067242 -0.413958 5.125426 8.606983 
72456804825315 -0.229711 5.079962 8.593822 
72456823583388 0.071785 5.069195 8.330612 
72456842341513 0.210568 5.264210 7.887940 
72456861099638 0.053839 5.405386 7.750352 
72456879857659 -0.138784 5.276174 7.978867 
72456898615784 -0.199801 5.242674 8.260024 
72456917373909 -0.223729 5.237889 8.140383 
72456936132034 -0.112463 5.278567 7.859226 
72456954890055 -0.093320 5.412565 7.625926 
72456973648180 -0.177069 5.422136 7.737192 
72456992406305 -0.217747 5.333601 8.061419 
72457011164430 -0.230907 5.344369 8.118847 
72457029922450 -0.135194 5.389833 7.850851 
72457048680575 -0.179462 5.513063 7.743174 
72457067438700 -0.206979 5.469993 7.886744 
72457086196825 -0.145962 5.411368 8.140383 
72457104954950 -0.064606 5.401797 8.287541 
72457123712971 -0.046660 5.337191 8.194221 
72457142471096 -0.119641 5.426922 8.048259 
72457161229221 -0.313460 5.444868 7.986045 
72457179987346 -0.367298 5.435297 7.913064 
72457198745471 -0.288335 5.410172 7.907083 
72457217503544 -0.132802 5.404190 7.931011 
72457236261617 -0.101695 5.351548 8.025527 
72457255019742 -0.197408 5.309673 8.033902 
72457273777867 -0.220140 5.334798 8.000402 
72457292535992 -0.267996 5.313262 8.111669 
72457311294117 -0.078963 5.356333 8.238488 
72457330052242 0.037089 5.398208 8.110473 
72457348810315 -0.009571 5.405386 8.012366 
72457367568388 -0.061017 5.431707 8.049456 
72457386326513 -0.084945 5.437689 8.146365 
72457405084638 -0.195015 5.361119 8.257631 
72457423842763 -0.159123 5.314459 8.334201 
72457442600888 -0.064606 5.368298 8.220542 
72457461359013 -0.065803 5.362316 8.176275 
72457480117138 0.028714 5.331209 7.935796 
72457498875263 -0.098106 5.492724 7.497910 
72457517633388 -0.387637 5.587241 7.714460 
72457536391461 -0.339781 4.945964 8.702696 
