# Created at Fri Jan 31 08:54:20 GMT+01:00 2025 in Burnaby Canada 
72431048877711 0.610513 5.158968 8.317615 
72431067635732 0.582102 5.157095 8.320812 
72431086393857 0.560384 5.152273 8.325289 
72431105151877 0.544877 5.141898 8.332729 
72431123909898 0.548044 5.140236 8.333547 
72431142668023 0.556274 5.161873 8.319616 
72431161426044 0.551809 5.212837 8.288077 
72431180184065 0.484213 5.288383 8.244328 
72431198942190 0.328322 5.382441 8.190967 
72431217700211 0.181896 5.479671 8.130836 
72431236458336 0.145992 5.557608 8.078493 
72431255216357 0.089663 5.584701 8.060612 
72431273975107 0.057335 5.592020 8.055831 
72431292732502 0.038279 5.580592 8.063866 
72431311490523 0.023292 5.528255 8.099892 
72431330248648 0.081204 5.442404 8.157453 
72431349006669 0.149021 5.345786 8.220143 
72431367764690 0.226441 5.222855 8.297042 
72431386522815 0.173607 5.122160 8.360846 
72431405280836 0.055942 5.085037 8.385085 
72431424038961 -0.052909 5.047888 8.407521 
72431442796982 -0.151527 4.968921 8.453238 
72431461555002 -0.148513 4.836846 8.529552 
72431480313127 -0.205197 4.700220 8.604431 
72431499071148 -0.391266 4.539200 8.684064 
72431517829169 -0.668068 4.372988 8.752202 
72431536587294 -0.874371 4.234098 8.802175 
72431555345315 -0.926567 4.144972 8.839178 
72431574103440 -0.904397 4.098665 8.863035 
72431592861461 -0.958486 4.023028 8.891958 
72431611619482 -1.207239 3.856688 8.935263 
72431630377607 -1.518020 3.619617 8.986900 
72431649135627 -1.765207 3.334234 9.051924 
72431667893648 -1.806088 3.035449 9.148468 
72431686651773 -1.682097 2.759666 9.258789 
72431705409794 -1.629849 2.538796 9.331050 
72431724167919 -1.657648 2.401478 9.362451 
72431742925940 -1.591605 2.337065 9.390171 
72431761683961 -1.467004 2.298151 9.420021 
72431780442086 -1.357743 2.246055 9.448923 
72431799200107 -1.289613 2.168219 9.476607 
72431817958127 -1.186295 2.112984 9.502546 
72431836716252 -0.895149 2.095300 9.538282 
72431855474273 -0.432555 2.105584 9.568166 
72431874232398 0.210385 2.125423 9.571242 
72431892990419 1.002190 2.144183 9.516747 
72431911748440 1.771115 2.050070 9.425007 
72431930506565 2.482925 1.762090 9.322043 
72431949264586 2.983341 1.410899 9.234687 
72431968022711 3.651565 1.167551 9.026256 
72431986780732 4.648001 0.993114 8.577890 
72432005538752 5.664663 0.729307 7.971832 
72432024296877 6.515039 0.342956 7.321682 
72432043054898 7.186330 -0.096173 6.672167 
72432061812919 7.717506 -0.580903 6.022710 
72432080571044 8.128086 -1.088223 5.377766 
72432099329065 8.390760 -1.587424 4.821372 
72432118087190 8.506228 -2.084967 4.412183 
72432136845211 8.557483 -2.542829 4.058804 
72432155603232 8.619547 -2.889726 3.677400 
72432174361357 8.645510 -3.130520 3.409604 
72432193119377 8.597472 -3.292989 3.377881 
72432211877502 8.511468 -3.431375 3.457017 
72432230635523 8.410161 -3.587679 3.545158 
72432249393544 8.322944 -3.714555 3.619541 
72432268151669 8.284449 -3.773347 3.646935 
72432286909690 8.301687 -3.818771 3.559404 
72432305667815 8.389589 -4.120812 2.967167 
72432324425836 8.356705 -4.513520 2.442130 
72432343183857 8.306748 -4.657921 2.339248 
72432361941982 8.258862 -4.750640 2.322284 
72432380700002 8.161117 -4.860489 2.437665 
72432399458127 8.076801 -4.957454 2.521767 
72432418216148 8.095975 -4.960039 2.454301 
72432436974273 8.162643 -4.929936 2.288532 
72432455732294 8.170620 -4.954788 2.204863 
72432474490315 8.116940 -5.049194 2.188910 
72432493248440 8.056607 -5.177536 2.110589 
72432512006461 8.029248 -5.271948 1.976896 
72432530764586 8.052680 -5.262255 1.906149 
72432549522607 8.087360 -5.168652 2.012472 
72432568280732 8.038035 -5.190936 2.148155 
72432587038752 7.859057 -5.307411 2.497396 
72432605796877 7.634642 -5.507040 2.748662 
72432624554898 7.372921 -5.886778 2.675120 
72432643312919 6.963796 -6.464859 2.425185 
72432662071044 6.324944 -7.219350 2.011582 
72432680829065 5.426326 -8.025216 1.523577 
72432699587190 4.641330 -8.541880 1.290239 
72432718345211 4.283009 -8.695529 1.487950 
72432737103336 3.983070 -8.776398 1.811185 
72432755861357 3.698145 -8.854273 2.023851 
72432774619482 3.342769 -8.975992 2.104246 
72432793377502 2.934249 -9.106989 2.150192 
72432812135627 2.473429 -9.235355 2.181915 
72432830893648 2.077264 -9.335634 2.168248 
72432849651669 2.010859 -9.359934 2.125673 
72432868409794 1.776485 -9.376630 2.256832 
72432887167815 1.593795 -9.418003 2.220685 
72432905925940 1.484200 -9.471693 2.062659 
72432924683961 1.337736 -9.527920 1.897262 
72432943442086 1.081915 -9.571201 1.841724 
72432962200107 0.971719 -9.584376 1.834636 
72432980958232 0.807872 -9.598125 1.842204 
72432999716252 0.407102 -9.613810 1.891910 
72433018474377 -0.056481 -9.622216 1.892125 
72433037232398 -0.071188 -9.623320 1.886012 
72433055990523 -0.009102 -9.624630 1.880642 
72433074748544 0.058817 -9.597102 2.015579 
72433093506669 0.092558 -9.565902 2.157624 
72433112264690 0.017710 -9.576583 2.111670 
72433131022815 -0.009494 -9.601453 1.995595 
72433149780836 0.004500 -9.613333 1.937573 
72433168538961 -0.034106 -9.607591 1.965562 
72433187296982 -0.110185 -9.597569 2.011193 
72433206055107 -0.242171 -9.623358 1.871554 
72433224813127 -0.328999 -9.672306 1.583872 
72433243571252 -0.355909 -9.651391 1.701280 
72433262329377 0.002552 -9.624216 1.882782 
72433281087398 0.706498 -9.646556 1.617162 
72433299845523 0.819007 -9.636536 1.623824 
72433318603544 0.768211 -9.563725 2.028643 
72433337361669 0.748363 -9.454399 2.494930 
72433356119690 0.782370 -9.376736 2.763173 
72433374877815 0.788426 -9.334739 2.900244 
72433393635836 0.870106 -9.320119 2.923813 
72433412393961 1.080766 -9.323906 2.840264 
72433431151982 1.242594 -9.310181 2.819019 
72433449910107 1.413992 -9.317709 2.711330 
72433468668127 1.494433 -9.340387 2.587322 
72433487426252 1.515514 -9.350298 2.538804 
72433506184273 1.479956 -9.353951 2.546317 
72433524942398 1.350686 -9.379384 2.524517 
72433543700523 1.163384 -9.447318 2.359047 
72433562458544 0.924995 -9.540963 2.069976 
72433581216669 0.766617 -9.640759 1.624325 
72433599974690 0.766865 -9.720806 1.043174 
72433618732815 0.886824 -9.754662 0.480114 
72433637490836 1.088088 -9.746078 0.020217 
72433656248961 1.295631 -9.712301 -0.403652 
72433675007086 1.433516 -9.665977 -0.827219 
72433693765107 1.472362 -9.617740 -1.225409 
72433712523232 1.433695 -9.568422 -1.600061 
72433731281252 1.373237 -9.519824 -1.912473 
72433750039377 1.253504 -9.478720 -2.180138 
72433768797398 1.060009 -9.443121 -2.423681 
72433787555523 0.890185 -9.390685 -2.681974 
72433806313648 0.814907 -9.324225 -2.926626 
72433825071669 0.773043 -9.246132 -3.175192 
72433843829794 0.740894 -9.170455 -3.394735 
72433862587815 0.749085 -9.110785 -3.550048 
72433881345940 0.772939 -9.074228 -3.637488 
72433900104065 0.807870 -9.064342 -3.654508 
72433918862086 0.900708 -9.060125 -3.643246 
72433937620211 1.015489 -9.059594 -3.614268 
72433956378232 1.111832 -9.072980 -3.551793 
72433975136357 1.177023 -9.097802 -3.466267 
72433993894482 1.210616 -9.123472 -3.386302 
72434012652502 1.217704 -9.135820 -3.350279 
72434031410627 1.226389 -9.112694 -3.409572 
72434050168648 1.282531 -9.065554 -3.513007 
72434068926773 1.285800 -9.035669 -3.588008 
72434087684898 1.251361 -9.022263 -3.633629 
72434106442919 1.241256 -9.005227 -3.679072 
72434125201044 1.222736 -9.012342 -3.667833 
72434143959065 1.181184 -9.072292 -3.531105 
72434162717190 1.249191 -9.144957 -3.313559 
72434181475315 1.370315 -9.168799 -3.197773 
72434200233336 1.429958 -9.163774 -3.186043 
72434218991461 1.380051 -9.219720 -3.043455 
72434237749482 1.176485 -9.338823 -2.751843 
72434256507607 0.866337 -9.502687 -2.262474 
72434275265732 0.675512 -9.640653 -1.664894 
72434294023752 0.677029 -9.721562 -1.096934 
72434312781773 0.855183 -9.745920 -0.675345 
72434331540002 1.078028 -9.733785 -0.511568 
72434350298023 1.179977 -9.725661 -0.435386 
72434369056148 1.186572 -9.731312 -0.253002 
72434387814169 1.126749 -9.741705 -0.003662 
72434406572294 1.047635 -9.747665 0.236354 
72434425330419 0.961847 -9.747361 0.483936 
72434444088440 0.902422 -9.733475 0.784538 
72434462846565 0.888568 -9.707632 1.068981 
72434481604690 0.922012 -9.678022 1.286919 
72434500362711 0.992814 -9.646174 1.461515 
72434519120836 1.088318 -9.604752 1.653692 
72434537878961 1.201906 -9.548143 1.886470 
72434556636982 1.326462 -9.483317 2.116028 
72434575395107 1.453434 -9.425353 2.284870 
72434594153127 1.555637 -9.373528 2.426385 
72434612911252 1.624513 -9.326324 2.559495 
72434631669377 1.678568 -9.287194 2.664739 
72434650427398 1.730139 -9.262850 2.715993 
72434669185523 1.757625 -9.250050 2.741848 
72434687943648 1.756866 -9.239557 2.777482 
72434706701669 1.754309 -9.243497 2.765961 
72434725459794 1.752939 -9.275093 2.658993 
72434744217919 1.665004 -9.345603 2.461270 
72434762975940 1.464424 -9.446438 2.188757 
72434781734065 1.230493 -9.562428 1.793396 
72434800492190 1.010949 -9.670249 1.278535 
72434819250211 0.828353 -9.740984 0.772947 
72434838008336 0.739353 -9.772244 0.356333 
72434856766357 0.799487 -9.773748 -0.071088 
72434875524482 0.921256 -9.742640 -0.634522 
72434894282607 1.059691 -9.654564 -1.355300 
72434913040732 1.192728 -9.527287 -1.994641 
72434931798752 1.341421 -9.429491 -2.335736 
72434950556877 1.372412 -9.369543 -2.549223 
72434969315002 1.245840 -9.291602 -2.878265 
72434988073023 1.155542 -9.169636 -3.279160 
72435006831148 1.113052 -9.026120 -3.668879 
72435025589273 1.138072 -8.892148 -3.975536 
72435044347294 1.214029 -8.789938 -4.175347 
72435063105419 1.397459 -8.699710 -4.304946 
72435081863544 1.644073 -8.625084 -4.367530 
72435100621565 1.850275 -8.596317 -4.341683 
72435119379690 1.987725 -8.618264 -4.236136 
72435138137815 2.039141 -8.683378 -4.075686 
72435156895836 2.011564 -8.757405 -3.928338 
72435175653961 1.968654 -8.799004 -3.856465 
72435194412086 1.983468 -8.802850 -3.840064 
72435213170107 2.061533 -8.777508 -3.856920 
72435231928232 2.096981 -8.737116 -3.928852 
72435250686357 2.024421 -8.718708 -4.007023 
72435269444377 1.938085 -8.722785 -4.040699 
72435288202502 1.916927 -8.693952 -4.112296 
72435306960523 1.978393 -8.658705 -4.157305 
72435325718648 2.051881 -8.683819 -4.068350 
72435344476773 2.018724 -8.727720 -3.990243 
72435363234898 1.974334 -8.790598 -3.872696 
72435381993023 1.898649 -8.884223 -3.692708 
72435400751044 1.657120 -9.078045 -3.318651 
72435419509169 1.338712 -9.338574 -2.677550 
72435438267294 1.123408 -9.542969 -1.959613 
72435457025315 1.063181 -9.668928 -1.245732 
72435475783440 1.164949 -9.710361 -0.722622 
72435494541565 1.257770 -9.716115 -0.430702 
72435513299586 1.241960 -9.726974 -0.117803 
72435532057711 1.227080 -9.728644 0.134682 
72435550815836 1.177723 -9.730662 0.312320 
72435569573961 1.058492 -9.737410 0.482542 
72435588331982 0.992055 -9.731731 0.692540 
72435607090107 0.977440 -9.718890 0.870728 
72435625848232 1.007403 -9.699826 1.033880 
72435644606357 1.063702 -9.666130 1.266829 
72435663364377 1.166105 -9.604145 1.603431 
72435682122502 1.300464 -9.525993 1.932521 
72435700880627 1.431123 -9.458883 2.156803 
72435719638648 1.570694 -9.402646 2.300773 
72435738396773 1.665414 -9.349007 2.448032 
72435757154898 1.725136 -9.310479 2.551325 
72435775912919 1.783084 -9.304368 2.533717 
72435794671044 1.795267 -9.303704 2.527546 
72435813429169 1.763739 -9.307843 2.534498 
72435832187294 1.740478 -9.340121 2.429660 
72435850945315 1.686556 -9.405321 2.205865 
72435869703440 1.569625 -9.492411 1.897576 
72435888461565 1.437130 -9.588596 1.471008 
72435907219690 1.262363 -9.675637 0.979224 
72435925977711 1.074770 -9.730600 0.575042 
72435944735836 0.915209 -9.761107 0.231424 
72435963493961 0.875142 -9.766036 -0.170391 
72435982252086 0.965034 -9.734041 -0.698238 
72436001010107 1.114347 -9.651071 -1.336204 
72436019768232 1.271246 -9.528882 -1.937717 
72436038526357 1.401224 -9.408593 -2.384396 
72436057284482 1.488513 -9.329581 -2.629380 
72436076042502 1.471040 -9.276281 -2.820820 
72436094800627 1.404344 -9.163220 -3.199001 
72436113558752 1.308784 -9.055609 -3.528941 
72436132316877 1.240372 -8.981684 -3.736475 
72436151074898 1.390544 -8.866787 -3.951820 
72436169833023 1.572117 -8.770773 -4.095411 
72436188591148 1.812717 -8.682370 -4.183407 
72436207349273 2.038923 -8.647986 -4.150362 
72436226107294 2.213236 -8.665309 -4.022985 
72436244865419 2.317025 -8.712856 -3.858485 
72436263623544 2.342097 -8.748371 -3.761778 
72436282381669 2.343184 -8.739116 -3.782558 
72436301139794 2.379551 -8.726572 -3.788807 
72436319897815 2.432665 -8.685090 -3.849900 
72436338655940 2.430429 -8.645593 -3.939180 
72436357414065 2.334002 -8.647799 -3.992293 
72436376172190 2.278401 -8.629138 -4.064141 
72436394930211 2.242887 -8.609139 -4.125840 
72436413688336 2.295916 -8.650935 -4.007552 
72436432446461 2.432659 -8.659612 -3.906876 
72436451204586 2.543503 -8.626590 -3.909338 
72436469962711 2.572631 -8.697985 -3.727874 
72436488720732 2.474118 -8.830401 -3.474643 
72436507478857 2.191907 -9.043516 -3.095278 
72436526236982 1.843655 -9.294066 -2.528173 
72436544995107 1.610666 -9.495888 -1.845068 
72436563753232 1.565350 -9.606474 -1.198215 
72436582511252 1.646463 -9.632092 -0.826037 
72436601269377 1.680316 -9.646279 -0.544261 
72436620027502 1.607589 -9.672883 -0.146219 
72436638785627 1.564384 -9.678402 0.227212 
72436657543752 1.511102 -9.679370 0.443576 
72436676301877 1.451711 -9.681293 0.579216 
72436695059898 1.379722 -9.680963 0.738719 
72436713818023 1.354667 -9.666805 0.942411 
72436732576148 1.415253 -9.623414 1.247935 
72436751334273 1.518531 -9.560377 1.569600 
72436770092398 1.643905 -9.495752 1.816222 
72436788850419 1.782246 -9.428908 2.022297 
72436807608544 1.933318 -9.353889 2.222029 
72436826366669 2.054653 -9.282833 2.403706 
72436845124794 2.108882 -9.227416 2.564719 
72436863882919 2.144450 -9.191690 2.661679 
72436882640940 2.192071 -9.177314 2.672477 
72436901399065 2.214877 -9.176830 2.655276 
72436920157190 2.200987 -9.194871 2.603921 
72436938915315 2.154641 -9.241256 2.475296 
72436957673440 2.053690 -9.322115 2.247425 
72436976431565 1.931998 -9.426844 1.890073 
72436995189586 1.804327 -9.538317 1.391154 
72437013947711 1.665680 -9.625473 0.863801 
72437032705836 1.516788 -9.680162 0.405216 
72437051463961 1.372482 -9.710111 -0.020784 
72437070222086 1.335987 -9.701784 -0.510794 
72437088980211 1.389808 -9.641761 -1.129276 
72437107738336 1.478268 -9.527678 -1.791219 
72437126496357 1.588200 -9.395619 -2.317401 
72437145254482 1.637918 -9.295332 -2.661659 
72437164012607 1.631011 -9.234406 -2.869831 
72437182770732 1.586408 -9.133926 -3.197670 
72437201528857 1.483198 -9.013298 -3.568046 
72437220286982 1.335274 -8.910443 -3.871878 
72437239045002 1.424506 -8.766772 -4.157507 
72437257803127 1.583434 -8.644579 -4.351365 
72437276561252 1.827569 -8.525806 -4.487872 
72437295319377 2.078823 -8.480176 -4.464917 
72437314077502 2.259095 -8.526509 -4.285503 
72437332835627 2.387684 -8.607203 -4.047890 
72437351593752 2.415913 -8.704279 -3.816972 
72437370351773 2.370850 -8.757877 -3.721429 
72437389109898 2.345627 -8.766654 -3.716745 
72437407868023 2.438276 -8.751413 -3.692960 
72437426626148 2.538651 -8.697591 -3.752006 
72437445384273 2.501727 -8.654047 -3.875463 
72437464142398 2.406601 -8.617030 -4.015650 
72437482900523 2.335612 -8.536177 -4.224807 
72437501658544 2.397539 -8.478286 -4.305910 
72437520416669 2.403977 -8.514870 -4.229454 
72437539174794 2.356947 -8.534219 -4.216907 
72437557932919 2.390811 -8.571832 -4.120450 
72437576691044 2.328439 -8.670780 -3.945420 
72437595449169 2.046702 -8.893725 -3.589297 
72437614207294 1.699410 -9.163209 -3.052537 
72437632965419 1.443237 -9.411958 -2.345741 
72437651723440 1.384426 -9.579307 -1.578173 
72437670481565 1.424334 -9.644615 -1.059746 
72437689239690 1.389592 -9.683514 -0.684817 
72437707997815 1.254457 -9.723016 -0.244318 
72437726755940 1.215896 -9.730098 0.131138 
72437745514065 1.240768 -9.720654 0.373844 
72437764272190 1.186176 -9.720630 0.522225 
72437783030315 1.130161 -9.720345 0.638752 
72437801788336 1.086534 -9.714669 0.784235 
72437820546461 1.083300 -9.688971 1.058620 
72437839304586 1.146247 -9.633078 1.435388 
72437858062711 1.260073 -9.566421 1.751055 
72437876820836 1.407065 -9.498818 1.990730 
72437895578961 1.561645 -9.423014 2.222262 
72437914337086 1.707007 -9.341128 2.449454 
72437933095211 1.800319 -9.279515 2.611480 
72437951853232 1.838466 -9.242768 2.713237 
72437970611357 1.868313 -9.224460 2.754841 
72437989369482 1.905019 -9.224003 2.731130 
72438008127607 1.902734 -9.227023 2.722506 
72438026885732 1.859681 -9.253939 2.660184 
72438045643857 1.767502 -9.329605 2.450469 
72438064401982 1.594039 -9.438202 2.133020 
72438083160107 1.405470 -9.559656 1.675716 
72438101918127 1.178498 -9.668614 1.139929 
72438120676252 0.966736 -9.736952 0.653891 
72438139434377 0.834904 -9.768380 0.228192 
72438158192502 0.838111 -9.768105 -0.228233 
72438176950523 0.920876 -9.728341 -0.825679 
72438195708752 1.005969 -9.632555 -1.540228 
72438214466877 1.088818 -9.507662 -2.142248 
72438233225002 1.160816 -9.406759 -2.517101 
72438251983023 1.210953 -9.339673 -2.733951 
72438270741148 1.173409 -9.244918 -3.053683 
72438289499273 1.108626 -9.091744 -3.504498 
72438308257398 1.082184 -8.931480 -3.902297 
72438327015523 1.112854 -8.794876 -4.193101 
72438345773648 1.223231 -8.675484 -4.405687 
72438364531669 1.464161 -8.562845 -4.550198 
72438383289898 1.747171 -8.517610 -4.535207 
72438402048023 1.995718 -8.543317 -4.381693 
72438420806148 2.164760 -8.621770 -4.141170 
72438439564169 2.215828 -8.733706 -3.870771 
72438458322294 2.159319 -8.790359 -3.773236 
72438477080419 2.130495 -8.779666 -3.814293 
72438495838544 2.240849 -8.777195 -3.756307 
72438514596669 2.322174 -8.749615 -3.771228 
72438533354794 2.286919 -8.729783 -3.838136 
72438552112919 2.197968 -8.723836 -3.903077 
72438570871044 2.209227 -8.670290 -4.014447 
72438589629169 2.241950 -8.663386 -4.011207 
72438608387190 2.325862 -8.702886 -3.875634 
72438627145315 2.358003 -8.734999 -3.782859 
72438645903440 2.359612 -8.750807 -3.745129 
72438664661565 2.326359 -8.825174 -3.588137 
72438683419690 2.160779 -8.941735 -3.398057 
72438702177815 1.870917 -9.126383 -3.062543 
72438720935940 1.601744 -9.328844 -2.564656 
72438739694065 1.456009 -9.503196 -1.933830 
72438758452190 1.504795 -9.600245 -1.319580 
72438777210315 1.599569 -9.626192 -0.973756 
72438795968336 1.614084 -9.647494 -0.700685 
72438814726461 1.543658 -9.681443 -0.239100 
72438833484586 1.517332 -9.685285 0.251673 
72438852242711 1.516270 -9.677248 0.471343 
72438871000836 1.482850 -9.678923 0.538507 
72438889758961 1.428309 -9.676689 0.701436 
72438908517086 1.395296 -9.659580 0.957100 
72438927275211 1.436339 -9.627564 1.190509 
72438946033232 1.534552 -9.579537 1.431074 
72438964791357 1.667819 -9.518812 1.667626 
72438983549482 1.799409 -9.455692 1.876810 
72439002307607 1.912128 -9.394038 2.065475 
72439021065732 2.015182 -9.332061 2.241001 
72439039823857 2.073897 -9.273250 2.424081 
72439058581982 2.100244 -9.230133 2.562031 
72439077340107 2.160649 -9.211962 2.577157 
72439096098127 2.207554 -9.207696 2.552535 
72439114856252 2.184722 -9.204677 2.582889 
72439133614377 2.140907 -9.213052 2.589704 
72439152372502 2.112547 -9.255135 2.459675 
72439171130627 2.054484 -9.333194 2.200221 
72439189888752 1.941249 -9.433113 1.848872 
72439208646877 1.801333 -9.541374 1.373960 
72439227405002 1.618024 -9.637722 0.816516 
72439246163127 1.455220 -9.692231 0.336723 
72439264921148 1.334586 -9.715346 -0.036290 
72439283679273 1.296708 -9.709682 -0.459345 
72439302437398 1.300528 -9.663519 -1.046626 
72439321195523 1.317050 -9.566761 -1.706704 
72439339953648 1.309658 -9.471747 -2.177427 
72439358711773 1.217433 -9.413928 -2.462968 
72439377469898 1.159827 -9.377764 -2.623495 
72439396228023 1.118620 -9.293823 -2.922997 
72439414986148 1.033947 -9.161863 -3.340902 
72439433744169 0.976070 -9.022025 -3.717624 
72439452502294 1.016964 -8.879254 -4.036708 
72439471260419 1.160647 -8.741341 -4.290948 
72439490018544 1.376915 -8.615644 -4.477186 
72439508776669 1.669582 -8.511833 -4.575104 
72439527534794 1.925867 -8.487336 -4.519574 
72439546292919 2.116655 -8.537242 -4.336551 
72439565051044 2.216708 -8.640306 -4.074520 
72439583809065 2.195301 -8.759082 -3.824856 
72439602567190 2.117787 -8.827973 -3.708404 
72439621325315 2.140115 -8.860209 -3.617597 
72439640083440 2.284696 -8.855806 -3.539103 
72439658841565 2.360724 -8.808117 -3.607554 
72439677599586 2.344840 -8.751404 -3.753004 
72439696357815 2.261068 -8.720849 -3.873596 
72439715115940 2.211092 -8.662047 -4.031178 
72439733874065 2.175038 -8.663774 -4.047052 
72439752632086 2.255702 -8.697844 -3.928067 
72439771390211 2.351978 -8.686818 -3.895867 
72439790148336 2.406525 -8.663288 -3.914904 
72439808906461 2.481942 -8.694928 -3.795864 
72439827664586 2.405775 -8.801924 -3.592877 
72439846422711 2.169002 -8.993773 -3.252365 
72439865180836 1.922082 -9.201342 -2.794871 
72439883938961 1.737606 -9.386228 -2.247187 
72439902696982 1.672398 -9.490195 -1.819251 
72439921455107 1.638929 -9.528266 -1.642089 
72439940213232 1.580756 -9.575761 -1.405849 
72439958971357 1.485452 -9.644557 -0.972793 
72439977729482 1.440043 -9.684226 -0.558955 
72439996487607 1.435031 -9.695924 -0.316431 
72440015245732 1.449751 -9.697727 -0.150611 
72440034003752 1.456920 -9.697667 0.054884 
72440052761877 1.445131 -9.695419 0.284319 
72440071520002 1.417589 -9.688642 0.539478 
72440090278127 1.408854 -9.674896 0.762831 
72440109036252 1.456175 -9.652650 0.936106 
72440127794377 1.540008 -9.618402 1.133626 
72440146552502 1.635907 -9.571094 1.374177 
72440165310523 1.718129 -9.514644 1.640111 
72440184068648 1.786105 -9.452664 1.904565 
72440202826773 1.846228 -9.396031 2.115758 
72440221584898 1.874088 -9.353998 2.271763 
72440240343023 1.898764 -9.326767 2.361459 
72440259101148 1.940351 -9.316057 2.369920 
72440277859273 1.962708 -9.312172 2.366774 
72440296617294 1.939780 -9.307240 2.404769 
72440315375419 1.886658 -9.316128 2.412608 
72440334133544 1.855307 -9.361467 2.256356 
72440352891669 1.823135 -9.429155 1.984336 
72440371649794 1.741434 -9.512806 1.626140 
72440390407919 1.621707 -9.605932 1.125395 
72440409165940 1.465835 -9.680247 0.560831 
72440427924065 1.306190 -9.718781 0.097734 
72440446682190 1.176625 -9.731609 -0.285845 
72440465440315 1.155568 -9.710846 -0.731120 
72440484198440 1.200367 -9.642638 -1.322504 
72440502956565 1.235790 -9.532607 -1.942318 
72440521714690 1.196448 -9.438082 -2.379395 
72440540472711 1.128287 -9.389175 -2.596296 
72440559230836 1.072972 -9.355120 -2.738769 
72440577988961 0.946460 -9.279535 -3.027346 
72440596747086 0.832030 -9.172943 -3.366784 
72440615505211 0.810496 -9.052480 -3.683218 
72440634263336 0.896597 -8.925703 -3.962111 
72440653021357 1.017739 -8.810368 -4.184736 
72440671779482 1.178820 -8.726235 -4.316663 
72440690537607 1.385380 -8.680045 -4.348327 
72440709295732 1.599743 -8.686874 -4.260214 
72440728053857 1.744028 -8.759817 -4.048996 
72440746811982 1.805746 -8.877372 -3.755256 
72440765570002 1.798179 -8.996555 -3.463949 
72440784328127 1.764814 -9.046371 -3.349477 
72440803086252 1.824771 -9.012963 -3.406917 
72440821844377 1.928910 -8.952626 -3.507161 
72440840602502 1.942500 -8.899233 -3.633283 
72440859360627 1.827742 -8.880198 -3.737893 
72440878118648 1.750886 -8.828399 -3.894118 
72440896876773 1.655332 -8.814259 -3.967254 
72440915634898 1.673339 -8.872436 -3.827561 
72440934393023 1.890066 -8.884200 -3.697163 
72440953151148 2.050444 -8.834817 -3.729889 
72440971909273 2.073206 -8.861130 -3.654119 
72440990667294 2.042258 -8.952125 -3.443694 
72441009425419 1.873026 -9.096105 -3.150088 
72441028183544 1.629455 -9.274735 -2.737620 
72441046941565 1.434043 -9.444923 -2.215253 
72441065699794 1.351030 -9.568976 -1.667274 
72441084457919 1.410917 -9.611319 -1.342479 
72441103215940 1.472035 -9.620116 -1.207003 
72441121974065 1.480467 -9.649281 -0.932730 
72441140732190 1.431636 -9.684406 -0.577120 
72441159490315 1.371462 -9.702510 -0.388317 
72441178248440 1.357807 -9.707409 -0.304886 
72441197006461 1.360363 -9.710625 -0.153475 
72441215764586 1.355697 -9.712324 0.056841 
72441234522711 1.350643 -9.709399 0.271508 
72441253280836 1.358621 -9.700708 0.469881 
72441272038961 1.387705 -9.686477 0.645635 
72441290796982 1.448396 -9.665583 0.805645 
72441309555107 1.525001 -9.640646 0.950107 
72441328313232 1.603756 -9.612220 1.097080 
72441347071357 1.679518 -9.579583 1.257453 
72441365829482 1.745047 -9.546120 1.413081 
72441384587502 1.806531 -9.512192 1.557249 
72441403345627 1.846414 -9.484445 1.675246 
72441422103752 1.870397 -9.464123 1.761361 
72441440861877 1.888500 -9.449806 1.817997 
72441459620002 1.882277 -9.445842 1.844857 
72441478378023 1.859812 -9.445957 1.866920 
72441497136148 1.824580 -9.445183 1.905210 
72441515894273 1.788637 -9.445292 1.938463 
72441534652398 1.782895 -9.452302 1.909361 
72441553410523 1.780399 -9.476439 1.788205 
72441572168544 1.716347 -9.519908 1.611174 
72441590926669 1.574005 -9.576924 1.405488 
72441609684794 1.411843 -9.640991 1.108320 
72441628442919 1.302576 -9.698413 0.643791 
72441647201044 1.286249 -9.721153 0.122936 
72441665959065 1.335112 -9.710683 -0.300876 
72441684717190 1.338452 -9.693277 -0.647555 
72441703475315 1.271996 -9.672524 -0.997341 
72441722233440 1.137159 -9.647114 -1.345537 
72441740991565 0.921098 -9.617081 -1.683368 
72441759749586 0.745622 -9.569237 -2.011010 
72441778507711 0.671938 -9.507399 -2.308304 
72441797265836 0.648162 -9.428378 -2.618392 
72441816023961 0.632679 -9.347073 -2.898679 
72441834781982 0.641633 -9.264301 -3.151415 
72441853540107 0.657967 -9.186540 -3.368226 
72441872298232 0.694937 -9.122859 -3.529996 
72441891056357 0.736578 -9.078403 -3.634616 
72441909814482 0.776935 -9.053926 -3.686894 
72441928572502 0.835215 -9.045482 -3.694870 
72441947330627 0.927944 -9.042950 -3.678906 
72441966088752 1.053546 -9.048522 -3.631073 
72441984846877 1.201304 -9.067421 -3.536825 
72442003605002 1.346751 -9.091356 -3.421095 
72442022363023 1.457931 -9.119367 -3.298781 
72442041121148 1.528244 -9.157679 -3.157811 
72442059879169 1.566487 -9.206706 -2.992168 
72442078637398 1.593752 -9.250442 -2.838959 
72442097395419 1.631056 -9.271806 -2.746575 
72442116153544 1.663638 -9.267852 -2.740372 
72442134911669 1.624177 -9.250336 -2.822011 
72442153669794 1.522398 -9.219683 -2.974920 
72442172427815 1.427545 -9.186403 -3.121297 
72442191185940 1.344288 -9.175147 -3.190603 
72442209944065 1.312474 -9.179358 -3.191736 
72442228702190 1.350717 -9.186597 -3.154737 
72442247460315 1.431916 -9.210879 -3.046261 
72442266218336 1.549728 -9.241426 -2.892190 
72442284976461 1.738652 -9.247931 -2.761025 
72442303734586 1.938703 -9.239543 -2.653802 
72442322492711 1.983268 -9.240546 -2.617126 
72442341250732 1.892926 -9.253571 -2.637927 
72442360008857 1.736136 -9.300639 -2.579597 
72442378766982 1.578233 -9.366338 -2.439530 
72442397525107 1.497130 -9.424070 -2.261832 
72442416283127 1.505197 -9.463341 -2.085656 
72442435041252 1.558237 -9.491971 -1.909131 
72442453799377 1.624634 -9.508132 -1.768157 
72442472557502 1.686639 -9.509927 -1.699098 
72442491315523 1.683370 -9.517748 -1.658051 
72442510073648 1.607972 -9.540424 -1.601596 
72442528831773 1.495192 -9.571807 -1.521610 
72442547589898 1.376579 -9.601874 -1.442024 
72442566347919 1.293631 -9.622496 -1.380027 
72442585106044 1.266749 -9.633084 -1.330193 
72442603864169 1.281722 -9.640482 -1.260436 
72442622622190 1.306043 -9.646718 -1.185524 
72442641380315 1.330169 -9.648470 -1.143704 
72442660138440 1.369781 -9.647851 -1.101394 
72442678896565 1.433524 -9.648042 -1.015228 
72442697654690 1.501880 -9.650331 -0.886488 
72442716412711 1.556988 -9.652481 -0.758810 
72442735170836 1.605644 -9.653139 -0.639691 
72442753928961 1.629199 -9.656913 -0.510034 
72442772687086 1.620111 -9.664111 -0.388047 
72442791445107 1.607005 -9.669165 -0.308498 
72442810203232 1.614782 -9.669355 -0.257783 
72442828961357 1.632235 -9.667651 -0.206653 
72442847719482 1.648459 -9.665977 -0.147809 
72442866477502 1.670632 -9.662951 -0.082023 
72442885235627 1.696336 -9.658792 -0.024145 
72442903993752 1.713991 -9.655684 0.020115 
72442922751773 1.709387 -9.656326 0.061176 
72442941509898 1.677883 -9.661575 0.095271 
72442960267919 1.621502 -9.670794 0.129915 
72442979026148 1.548000 -9.682080 0.177226 
72442997784169 1.500455 -9.688876 0.211423 
72443016542294 1.505063 -9.688070 0.215598 
72443035300419 1.562204 -9.679250 0.204999 
72443054058544 1.636178 -9.666987 0.206507 
72443072816565 1.690034 -9.657215 0.228848 
72443091574690 1.707983 -9.653320 0.258051 
72443110332815 1.698928 -9.653956 0.291815 
72443129090940 1.687104 -9.655045 0.322780 
72443147848961 1.687344 -9.654395 0.340466 
72443166607086 1.700251 -9.651753 0.350968 
72443185365107 1.721462 -9.647790 0.356524 
72443204123232 1.749674 -9.642962 0.349716 
72443222881357 1.776085 -9.638577 0.337271 
72443241639482 1.794354 -9.636168 0.308097 
72443260397607 1.813354 -9.634106 0.257222 
72443279155627 1.838295 -9.630919 0.191019 
72443297913752 1.869287 -9.626033 0.125094 
72443316671877 1.912974 -9.617970 0.074711 
72443335429898 1.965922 -9.607555 0.020277 
72443354188023 2.030577 -9.593846 -0.072444 
72443372946148 2.118636 -9.573030 -0.197136 
72443391704273 2.217098 -9.546519 -0.344735 
72443410462294 2.290047 -9.521338 -0.519831 
72443429220419 2.325487 -9.500675 -0.706870 
72443447978440 2.361145 -9.478262 -0.870586 
72443466736565 2.403141 -9.455331 -0.996000 
72443485494690 2.422857 -9.443132 -1.061789 
72443504252815 2.420221 -9.441504 -1.082097 
72443523010940 2.407506 -9.444607 -1.083381 
72443541768961 2.341569 -9.462049 -1.075659 
72443560527086 2.211459 -9.493562 -1.073374 
72443579285211 2.080648 -9.527288 -1.035396 
72443598043232 1.997008 -9.552326 -0.967163 
72443616801357 1.946548 -9.568173 -0.911804 
72443635559482 1.930771 -9.575582 -0.866444 
72443654317607 1.965819 -9.572983 -0.814818 
72443673075627 2.040212 -9.558587 -0.800838 
72443691833752 2.086932 -9.546070 -0.829243 
72443710591877 2.047460 -9.553899 -0.837449 
72443729349898 1.929515 -9.583982 -0.771136 
72443748108023 1.783069 -9.619388 -0.677076 
72443766866148 1.653124 -9.646826 -0.613442 
72443785624169 1.556969 -9.665814 -0.564153 
72443804382294 1.493458 -9.678315 -0.519778 
72443823140315 1.445798 -9.687598 -0.480085 
72443841898544 1.426229 -9.692450 -0.438954 
72443860656565 1.432931 -9.692958 -0.404560 
72443879414690 1.422077 -9.696849 -0.345246 
72443898172815 1.384009 -9.704998 -0.260626 
72443916930836 1.324042 -9.715382 -0.169294 
72443935688961 1.245663 -9.726894 -0.078966 
72443954447086 1.171216 -9.736451 -0.012217 
72443973205107 1.128019 -9.741551 0.011607 
72443991963232 1.120419 -9.742415 0.019702 
72444010721357 1.128999 -9.741387 0.033594 
72444029479377 1.129723 -9.741254 0.045591 
72444048237502 1.108875 -9.743614 0.052558 
72444066995627 1.077349 -9.747122 0.057637 
72444085753648 1.033474 -9.751747 0.075820 
72444104511773 0.977067 -9.757544 0.077964 
72444123269898 0.922849 -9.762946 0.060159 
72444142028023 0.879609 -9.767074 0.030992 
72444160786044 0.850990 -9.769618 -0.027775 
72444179544169 0.841401 -9.769688 -0.125057 
72444198302294 0.850034 -9.766632 -0.246380 
72444217060315 0.868196 -9.761388 -0.363205 
72444235818440 0.890288 -9.754611 -0.474693 
72444254576565 0.917062 -9.745427 -0.596682 
72444273334586 0.954894 -9.732006 -0.739331 
72444292092711 1.012572 -9.712136 -0.905263 
72444310850836 1.091687 -9.683856 -1.096143 
72444329608857 1.188923 -9.646969 -1.301092 
72444348366982 1.281881 -9.603638 -1.515685 
72444367125107 1.358247 -9.556867 -1.729695 
72444385883127 1.399354 -9.517838 -1.903410 
72444404641252 1.409070 -9.488861 -2.036276 
72444423399377 1.410635 -9.465321 -2.142008 
72444442157398 1.419906 -9.442527 -2.234488 
72444460915523 1.449881 -9.420627 -2.306517 
72444479673648 1.501906 -9.399500 -2.358824 
72444498431669 1.562123 -9.381387 -2.391598 
72444517189794 1.636878 -9.365866 -2.402409 
72444535947919 1.723477 -9.355579 -2.381836 
72444554705940 1.806204 -9.358393 -2.308353 
72444573464065 1.879741 -9.371287 -2.194525 
72444592222190 1.921502 -9.378592 -2.126083 
72444610980211 1.926918 -9.388961 -2.074801 
72444629738336 1.935162 -9.414779 -1.946144 
72444648496461 1.970083 -9.439990 -1.782065 
72444667254482 2.033318 -9.455439 -1.621933 
72444686012607 2.085582 -9.475066 -1.429628 
72444704770732 2.105355 -9.501686 -1.206576 
72444723528752 2.098809 -9.529638 -0.975385 
72444742286877 2.076785 -9.552603 -0.777909 
72444761044898 2.044633 -9.568456 -0.659177 
72444779803023 2.026089 -9.576650 -0.594257 
72444798561148 2.038586 -9.575839 -0.563794 
72444817319169 2.046095 -9.575601 -0.540130 
72444836077294 2.035531 -9.582560 -0.448938 
72444854835419 1.991304 -9.597587 -0.302373 
72444873593440 1.916409 -9.616005 -0.173856 
72444892351565 1.825439 -9.634643 -0.108724 
72444911109690 1.752805 -9.648450 -0.073882 
72444929867711 1.716109 -9.655267 -0.034466 
72444948625836 1.714532 -9.655585 -0.020823 
72444967383961 1.721286 -9.654181 -0.066161 
72444986141982 1.700624 -9.657130 -0.134546 
72445004900107 1.633765 -9.668168 -0.166551 
72445023658232 1.533895 -9.684873 -0.144200 
72445042416252 1.424935 -9.701891 -0.115132 
72445061174377 1.345825 -9.713351 -0.099690 
72445079932502 1.300653 -9.719563 -0.093599 
72445098690523 1.280285 -9.722406 -0.077789 
72445117448648 1.288173 -9.721481 -0.061579 
72445136206669 1.306055 -9.719082 -0.063634 
72445154964794 1.308858 -9.718699 -0.064514 
72445173722919 1.290418 -9.721209 -0.057512 
72445192480940 1.262657 -9.724855 -0.057174 
72445211239065 1.236324 -9.728200 -0.063315 
72445229997190 1.221933 -9.729961 -0.071502 
72445248755211 1.222191 -9.729836 -0.083194 
72445267513336 1.225563 -9.729385 -0.086241 
72445286271357 1.224985 -9.729525 -0.078486 
72445305029482 1.220048 -9.730165 -0.075933 
72445323787607 1.209963 -9.731462 -0.070817 
72445342545627 1.202549 -9.732464 -0.058355 
72445361303752 1.202748 -9.732513 -0.044239 
72445380061877 1.207105 -9.732037 -0.027246 
72445398819898 1.209242 -9.731806 -0.009355 
72445417578023 1.207105 -9.732073 0.006491 
72445436336148 1.203673 -9.732490 0.015024 
72445455094169 1.203066 -9.732558 0.018235 
72445473852294 1.205559 -9.732224 0.028939 
72445492610315 1.210377 -9.731535 0.050925 
72445511368440 1.215104 -9.730763 0.078464 
72445530126565 1.218124 -9.730180 0.100768 
72445548884586 1.217634 -9.730069 0.116221 
72445567642711 1.220554 -9.729441 0.136466 
72445586400836 1.231448 -9.727827 0.152690 
72445605158857 1.249327 -9.725430 0.159933 
72445623916982 1.267525 -9.722955 0.167143 
72445642675002 1.284379 -9.720574 0.176633 
72445661433127 1.297834 -9.718584 0.187457 
72445680191252 1.302676 -9.717629 0.202748 
72445698949273 1.304460 -9.716927 0.223848 
72445717707398 1.309702 -9.715878 0.238266 
72445736465523 1.320982 -9.714215 0.243717 
72445755223544 1.335330 -9.712059 0.251385 
72445773981669 1.350602 -9.709776 0.257909 
72445792739690 1.368375 -9.707308 0.257169 
72445811497815 1.381120 -9.705519 0.256498 
72445830255940 1.388074 -9.704571 0.254829 
72445849013961 1.391441 -9.704069 0.255569 
72445867772086 1.395502 -9.703447 0.257043 
72445886530107 1.403398 -9.702225 0.260163 
72445905288232 1.408478 -9.701123 0.273490 
72445924046357 1.409904 -9.700444 0.289738 
72445942804377 1.411649 -9.699838 0.301295 
72445961562502 1.413298 -9.699539 0.303182 
72445980320627 1.414085 -9.699398 0.304007 
72445999078648 1.418120 -9.698683 0.308042 
72446017836773 1.427327 -9.697434 0.304786 
72446036594794 1.434733 -9.696540 0.298399 
72446055352919 1.438194 -9.695985 0.299751 
72446074111044 1.435262 -9.696235 0.305683 
72446092869065 1.432604 -9.696897 0.297061 
72446111627190 1.433078 -9.697157 0.286042 
72446130385315 1.436501 -9.696483 0.291689 
72446149143336 1.443404 -9.694942 0.308342 
72446167901461 1.449054 -9.693849 0.316106 
72446186659482 1.452001 -9.693499 0.313336 
72446205417607 1.455012 -9.693166 0.309623 
72446224175732 1.460744 -9.692381 0.307184 
72446242933752 1.468706 -9.691363 0.301275 
72446261691877 1.472185 -9.690940 0.297890 
72446280449898 1.471272 -9.691148 0.295637 
72446299208023 1.486126 -9.689785 0.264386 
72446317966148 1.529800 -9.684797 0.186517 
72446336724169 1.603450 -9.674339 0.080630 
72446355482294 1.655853 -9.665771 -0.037831 
72446374240315 1.704109 -9.655665 -0.185790 
72446392998440 1.732510 -9.646362 -0.341323 
72446411756565 1.723346 -9.643763 -0.445334 
72446430514586 1.697023 -9.647877 -0.457130 
72446449272711 1.665703 -9.656096 -0.394485 
72446468030836 1.642076 -9.663154 -0.312129 
72446486788857 1.630334 -9.667430 -0.230647 
72446505546982 1.616157 -9.671335 -0.153972 
72446524305002 1.600234 -9.674719 -0.097116 
72446543063127 1.590926 -9.676555 -0.060218 
72446561821148 1.592743 -9.676373 -0.037195 
72446580579273 1.596336 -9.675829 -0.021402 
72446599337398 1.589380 -9.676995 -0.002493 
72446618095419 1.579086 -9.678642 0.027324 
72446636853544 1.592002 -9.676401 0.056418 
72446655611565 1.633332 -9.669551 0.049206 
72446674369690 1.691207 -9.659720 0.002457 
72446693127815 1.745912 -9.649941 -0.028460 
72446711885836 1.778373 -9.644051 -0.009022 
72446730643961 1.748744 -9.649124 0.081864 
72446749402086 1.651892 -9.664138 0.214647 
72446768160107 1.522730 -9.681149 0.356428 
72446786918232 1.431276 -9.690393 0.467028 
72446805676252 1.391137 -9.693498 0.520784 
72446824434377 1.382595 -9.693062 0.550796 
72446843192502 1.359290 -9.693336 0.601639 
72446861950523 1.325873 -9.691176 0.702518 
72446880708648 1.285642 -9.687883 0.813896 
72446899466669 1.245162 -9.684174 0.914739 
72446918224794 1.206696 -9.677758 1.027258 
72446936982815 1.185849 -9.667948 1.137955 
72446955740940 1.186173 -9.655173 1.241377 
72446974499065 1.193182 -9.639355 1.352608 
72446993257086 1.208661 -9.621326 1.462736 
72447012015211 1.225956 -9.602199 1.570098 
72447030773232 1.250456 -9.576324 1.703166 
72447049531357 1.288898 -9.547115 1.833498 
72447068289482 1.334470 -9.522226 1.927898 
72447087047502 1.371335 -9.503118 1.995142 
72447105805627 1.409855 -9.486104 2.048546 
72447124563648 1.463159 -9.473928 2.067423 
72447143321773 1.524719 -9.470134 2.040145 
72447162079898 1.567219 -9.478688 1.966893 
72447180837919 1.563481 -9.504654 1.840511 
72447199596044 1.473926 -9.547398 1.686751 
72447218354065 1.354488 -9.601312 1.466480 
72447237112190 1.254371 -9.661489 1.119189 
72447255870315 1.193469 -9.707955 0.708257 
72447274628336 1.191445 -9.730148 0.273952 
72447293386461 1.198357 -9.731566 -0.175946 
72447312144482 1.226283 -9.706718 -0.667990 
72447330902607 1.300997 -9.643763 -1.214758 
72447349660627 1.409006 -9.548827 -1.733492 
72447368418752 1.496945 -9.444566 -2.174790 
72447387176877 1.500587 -9.340416 -2.583648 
72447405934898 1.407392 -9.242593 -2.960425 
72447424693023 1.324292 -9.158710 -3.245712 
72447443451044 1.290110 -9.075052 -3.485601 
72447462209169 1.252234 -8.980827 -3.734571 
72447480967294 1.236596 -8.876451 -3.981183 
72447499725315 1.314862 -8.771477 -4.183625 
72447518483440 1.444937 -8.673380 -4.342238 
72447537241461 1.627457 -8.579638 -4.462242 
72447555999586 1.823264 -8.503442 -4.531839 
72447574757607 1.960582 -8.477284 -4.523510 
72447593515732 2.040131 -8.494225 -4.456050 
72447612273752 2.068009 -8.542579 -4.349493 
72447631031877 2.057566 -8.600858 -4.238165 
72447649790002 2.039598 -8.625440 -4.196691 
72447668548023 2.050119 -8.629481 -4.183236 
72447687306148 2.112788 -8.616431 -4.178951 
72447706064273 2.154303 -8.598210 -4.195253 
72447724822294 2.112489 -8.608348 -4.195726 
72447743580419 2.068272 -8.609173 -4.216014 
72447762338440 2.047092 -8.592789 -4.259552 
72447781096565 2.029798 -8.628829 -4.194473 
72447799854586 2.064429 -8.696918 -4.033873 
72447818612711 2.096963 -8.725909 -3.953687 
72447837370836 2.138416 -8.724022 -3.935610 
72447856128857 2.133530 -8.781038 -3.809438 
72447874886982 1.987132 -8.920395 -3.556441 
72447893645002 1.673266 -9.141283 -3.131696 
72447912403127 1.368644 -9.372250 -2.541286 
72447931161148 1.241080 -9.537296 -1.915748 
72447949919273 1.306759 -9.593087 -1.560593 
72447968677398 1.443605 -9.606182 -1.344486 
72447987435419 1.471447 -9.649140 -0.948313 
72448006193544 1.407066 -9.689735 -0.547348 
72448024951565 1.320131 -9.712243 -0.316196 
72448043709690 1.224228 -9.728801 -0.148583 
72448062467711 1.128894 -9.741241 0.064940 
72448081225836 1.051114 -9.743207 0.368061 
72448099983961 1.027208 -9.729143 0.677503 
72448118741982 1.052782 -9.709580 0.886606 
72448137500107 1.121981 -9.687339 1.032956 
72448156258127 1.225493 -9.657392 1.184628 
72448175016252 1.333480 -9.617181 1.379150 
72448193774273 1.425911 -9.561020 1.650473 
72448212532398 1.499734 -9.485951 1.984416 
72448231290523 1.575408 -9.406730 2.280768 
72448250048544 1.666323 -9.349225 2.446576 
72448268806669 1.740346 -9.321463 2.500381 
72448287564690 1.775650 -9.307620 2.526984 
72448306322815 1.773020 -9.301531 2.551139 
72448325080836 1.746983 -9.306606 2.550591 
72448343838961 1.706379 -9.348881 2.420138 
72448362596982 1.630124 -9.432469 2.131103 
72448381355107 1.504884 -9.531590 1.747715 
72448400113232 1.353100 -9.633915 1.235801 
72448418871252 1.176804 -9.708822 0.724065 
72448437629377 1.027740 -9.748666 0.278659 
72448456387398 0.954103 -9.758321 -0.187773 
72448475145523 1.017504 -9.725523 -0.741142 
72448493903544 1.143651 -9.639565 -1.393295 
72448512661669 1.275956 -9.516713 -1.993614 
72448531419794 1.334543 -9.393390 -2.480647 
72448550177815 1.255543 -9.286157 -2.891588 
72448568935940 1.203976 -9.198674 -3.178871 
72448587693961 1.172986 -9.089015 -3.490603 
72448606452086 1.077245 -8.951188 -3.858261 
72448625210107 1.016361 -8.809452 -4.186996 
72448643968232 1.101207 -8.655946 -4.475750 
72448662726252 1.311522 -8.485530 -4.737730 
72448681484377 1.654965 -8.327997 -4.906723 
72448700242502 1.983062 -8.263122 -4.894758 
72448719000523 2.240523 -8.281226 -4.750971 
72448737758648 2.401947 -8.351643 -4.544347 
72448756516669 2.436891 -8.447847 -4.343481 
72448775274794 2.378301 -8.468266 -4.336192 
72448794032815 2.411525 -8.466746 -4.320781 
72448812790940 2.564806 -8.465855 -4.233373 
72448831548961 2.665068 -8.427732 -4.247485 
72448850307086 2.636342 -8.408503 -4.303160 
72448869065107 2.570230 -8.385821 -4.386607 
72448887823232 2.570381 -8.325355 -4.500224 
72448906581357 2.652804 -8.325153 -4.452510 
72448925339377 2.762735 -8.317003 -4.400584 
72448944097502 2.808102 -8.286582 -4.429165 
72448962855523 2.807244 -8.345557 -4.317575 
72448981613648 2.760901 -8.427776 -4.185738 
72449000371669 2.526333 -8.592894 -3.993770 
72449019129794 2.115905 -8.882955 -3.575814 
72449037887815 1.792247 -9.160416 -3.007496 
72449056645940 1.647196 -9.371829 -2.371910 
72449075404065 1.670101 -9.474648 -1.900575 
72449094162086 1.744668 -9.519795 -1.581147 
72449112920211 1.718334 -9.586275 -1.149372 
72449131678232 1.623463 -9.644172 -0.724371 
72449150436357 1.528681 -9.678183 -0.407798 
72449169194377 1.431587 -9.700232 -0.162702 
72449187952502 1.350756 -9.713045 0.050986 
72449206710523 1.307980 -9.715111 0.275994 
72449225468648 1.304065 -9.705855 0.515937 
72449244226669 1.343007 -9.683353 0.774203 
72449262984794 1.425174 -9.645797 1.047790 
72449281742815 1.546976 -9.589771 1.346683 
72449300500940 1.661670 -9.520291 1.665321 
72449319259065 1.761159 -9.447705 1.951815 
72449338017086 1.881563 -9.375860 2.173329 
72449356775211 1.965809 -9.321497 2.327157 
72449375533232 1.981020 -9.289203 2.440628 
72449394291357 2.016732 -9.277275 2.456694 
72449413049377 2.052281 -9.284325 2.399971 
72449431807502 2.034090 -9.305240 2.333537 
72449450565523 1.955954 -9.362192 2.166561 
72449469323648 1.840559 -9.452918 1.850691 
72449488081669 1.715755 -9.553330 1.400161 
72449506839794 1.578127 -9.639779 0.868642 
72449525597815 1.436200 -9.693090 0.389510 
72449544355940 1.282044 -9.722436 -0.031465 
72449563113961 1.202573 -9.720703 -0.481797 
72449581872086 1.263952 -9.667709 -1.052709 
72449600630211 1.380248 -9.556130 -1.716295 
72449619388232 1.495936 -9.427591 -2.247907 
72449638146357 1.492794 -9.324279 -2.645709 
72449656904377 1.370045 -9.247468 -2.962718 
72449675662502 1.313066 -9.164693 -3.233364 
72449694420523 1.228907 -9.040327 -3.596203 
72449713178648 1.128534 -8.906706 -3.945555 
72449731936669 1.084395 -8.780252 -4.231033 
72449750694794 1.171037 -8.651919 -4.465799 
72449769452815 1.379408 -8.514158 -4.666556 
72449788210940 1.705152 -8.401083 -4.762841 
72449806968961 1.982117 -8.393636 -4.667813 
72449825727086 2.185490 -8.453012 -4.465489 
72449844485211 2.303649 -8.548208 -4.218023 
72449863243232 2.311745 -8.636886 -4.028701 
72449882001357 2.256874 -8.653543 -4.024066 
72449900759377 2.277417 -8.655486 -4.008283 
72449919517502 2.361336 -8.622094 -4.031621 
72449938275523 2.408042 -8.582541 -4.087997 
72449957033648 2.350326 -8.567578 -4.152462 
72449975791669 2.318405 -8.518123 -4.270478 
72449994549794 2.286734 -8.531268 -4.261304 
72450013307815 2.341030 -8.586735 -4.118003 
72450032065940 2.430094 -8.603307 -4.030898 
72450050823961 2.499419 -8.586439 -4.024470 
72450069582086 2.499465 -8.669198 -3.842924 
72450088340107 2.363753 -8.796017 -3.634988 
72450107098232 2.017608 -9.013894 -3.293834 
72450125856252 1.636159 -9.273271 -2.738580 
72450144614377 1.410275 -9.488949 -2.035031 
72450163372502 1.388297 -9.609046 -1.381752 
72450182130523 1.510228 -9.635291 -1.025073 
72450200888648 1.593443 -9.646462 -0.759670 
72450219646669 1.528702 -9.678619 -0.397234 
72450238404794 1.431725 -9.701429 -0.052963 
72450257162815 1.338197 -9.712337 0.223901 
72450275920940 1.259285 -9.714478 0.462064 
72450294678961 1.227085 -9.704815 0.693704 
72450313437086 1.252539 -9.685709 0.888021 
72450332195107 1.320051 -9.655870 1.091798 
72450350953232 1.427341 -9.609370 1.339069 
72450369711252 1.553206 -9.549579 1.601091 
72450388469377 1.654900 -9.477884 1.897736 
72450407227398 1.728594 -9.401459 2.189732 
72450425985523 1.835534 -9.332434 2.388908 
72450444743544 1.939837 -9.276924 2.519144 
72450463501669 1.975201 -9.234410 2.644736 
72450482259690 2.011986 -9.205812 2.715755 
72450501017815 2.066645 -9.195630 2.709197 
72450519775836 2.090909 -9.204689 2.659359 
72450538533961 2.053922 -9.252755 2.517601 
72450557291982 1.958699 -9.341378 2.252227 
72450576050107 1.815275 -9.454605 1.866975 
72450594808127 1.658531 -9.569374 1.358950 
72450613566252 1.496361 -9.654539 0.849222 
72450632324273 1.323691 -9.707223 0.433628 
72450651082398 1.208910 -9.731808 0.028856 
72450669840419 1.255919 -9.714816 -0.464119 
72450688598544 1.355132 -9.648769 -1.111418 
72450707356565 1.445854 -9.545878 -1.719334 
72450726114690 1.488348 -9.447548 -2.167731 
72450744872711 1.450246 -9.364339 -2.525141 
72450763630836 1.409841 -9.304468 -2.758552 
72450782388857 1.301944 -9.214778 -3.092440 
72450801146982 1.171734 -9.081719 -3.509957 
72450819905107 1.139690 -8.949785 -3.843546 
72450838663127 1.216890 -8.821222 -4.107993 
72450857421252 1.372479 -8.682796 -4.346923 
72450876179273 1.660873 -8.547769 -4.510824 
72450894937398 1.956057 -8.488106 -4.505140 
72450913695419 2.167300 -8.506476 -4.371848 
72450932453544 2.285699 -8.565466 -4.192704 
72450951211565 2.296010 -8.649446 -4.010715 
72450969969690 2.234177 -8.690437 -3.956658 
72450988727711 2.224805 -8.697171 -3.947132 
72451007485836 2.294105 -8.684510 -3.935322 
72451026243857 2.356290 -8.635277 -4.006280 
72451045001982 2.343593 -8.591469 -4.106657 
72451063760002 2.282543 -8.564713 -4.195960 
72451082518127 2.250553 -8.515590 -4.311627 
72451101276148 2.263555 -8.530463 -4.275267 
72451120034273 2.351382 -8.544378 -4.199405 
72451138792294 2.364552 -8.543612 -4.193564 
72451157550419 2.345461 -8.599001 -4.089791 
72451176308440 2.300561 -8.705167 -3.885597 
72451195066565 2.117099 -8.854042 -3.646121 
72451213824586 1.797156 -9.084139 -3.227854 
72451232582711 1.570467 -9.306618 -2.662872 
72451251340732 1.534849 -9.471741 -2.025033 
72451270098857 1.645007 -9.545602 -1.531605 
72451288856877 1.752469 -9.574582 -1.194411 
72451307615002 1.720876 -9.630535 -0.679551 
72451326373023 1.601483 -9.674244 -0.120976 
72451345131148 1.550790 -9.680902 0.213483 
72451363889169 1.494327 -9.683562 0.407419 
72451382647294 1.413578 -9.685613 0.600910 
72451401405315 1.384657 -9.671824 0.841969 
72451420163440 1.403353 -9.646908 1.066842 
72451438921461 1.489046 -9.604084 1.309463 
72451457679586 1.630779 -9.530783 1.635583 
72451476437607 1.761340 -9.441372 1.982061 
72451495195732 1.868769 -9.353540 2.278020 
72451513953752 1.987578 -9.272696 2.497400 
72451532711877 2.071674 -9.213325 2.644470 
72451551469898 2.088809 -9.175379 2.760376 
72451570228023 2.133657 -9.153912 2.797107 
72451588986044 2.198655 -9.157134 2.735545 
72451607744169 2.208632 -9.172948 2.673830 
72451626502190 2.160450 -9.220844 2.545363 
72451645260315 2.100492 -9.317613 2.222706 
72451664018336 1.993675 -9.438897 1.761496 
72451682776461 1.834012 -9.556744 1.214670 
72451701534482 1.625591 -9.642125 0.746496 
72451720292607 1.423300 -9.695195 0.384452 
72451739050627 1.272346 -9.723759 0.006395 
72451757808752 1.245193 -9.715306 -0.482416 
72451776566773 1.292325 -9.656816 -1.116329 
72451795324898 1.363858 -9.560706 -1.703873 
72451814082919 1.353102 -9.475516 -2.134034 
72451832841044 1.246012 -9.402354 -2.492702 
72451851599065 1.198282 -9.313420 -2.827492 
72451870357190 1.242174 -9.188524 -3.193496 
72451889115315 1.243250 -9.044520 -3.580694 
72451907873336 1.202168 -8.901751 -3.934972 
72451926631357 1.244464 -8.770886 -4.206336 
72451945389482 1.372866 -8.645523 -4.420471 
72451964147607 1.612603 -8.534214 -4.553801 
72451982905523 1.891154 -8.490573 -4.528145 
72452001663752 2.120396 -8.519849 -4.368809 
72452020421773 2.282846 -8.593688 -4.136127 
72452039179898 2.349904 -8.704895 -3.856570 
72452057937919 2.305959 -8.804722 -3.651002 
72452076696044 2.239811 -8.824267 -3.644987 
72452095454065 2.312743 -8.816339 -3.618534 
72452114212190 2.408862 -8.766869 -3.675564 
72452132970211 2.402135 -8.709637 -3.813446 
72452151728336 2.325651 -8.669940 -3.948910 
72452170486357 2.345337 -8.530226 -4.231434 
72452189244482 2.369700 -8.386765 -4.496343 
72452208002502 2.325241 -8.348886 -4.589093 
72452226760627 2.269354 -8.367299 -4.583526 
72452245518648 2.268904 -8.436331 -4.455422 
72452264276773 2.277893 -8.553915 -4.220443 
72452283034794 2.185478 -8.672194 -4.023324 
72452301792919 1.922774 -8.861879 -3.733686 
72452320550940 1.675573 -9.053410 -3.376183 
72452339309065 1.593616 -9.198298 -3.003681 
72452358067086 1.603648 -9.327015 -2.570117 
72452376825211 1.535879 -9.443738 -2.151110 
72452395583232 1.404781 -9.551856 -1.720182 
72452414341357 1.273627 -9.642094 -1.256310 
72452433099377 1.209565 -9.701069 -0.772413 
72452451857502 1.221597 -9.725184 -0.314438 
72452470615523 1.250851 -9.726542 -0.011546 
72452489373648 1.258591 -9.723847 0.182014 
72452508131669 1.226191 -9.720469 0.423470 
72452526889794 1.201954 -9.707836 0.695416 
72452545647815 1.219513 -9.686397 0.925685 
72452564405940 1.268366 -9.658902 1.125718 
72452583163961 1.349052 -9.622635 1.324898 
72452601922086 1.459393 -9.577920 1.517897 
72452620680107 1.601283 -9.527373 1.683874 
72452639438232 1.697572 -9.471088 1.893968 
72452658196252 1.753840 -9.411485 2.125648 
72452676954377 1.819121 -9.357262 2.302791 
72452695712398 1.869281 -9.314343 2.432934 
72452714470523 1.796515 -9.273234 2.636292 
72452733228544 1.817595 -9.280432 2.596211 
72452751986669 1.890632 -9.324414 2.377225 
72452770744690 1.848045 -9.391047 2.136202 
72452789502815 1.797601 -9.478489 1.759904 
72452808260836 1.706789 -9.574347 1.260606 
72452827018961 1.514538 -9.657224 0.783951 
72452845776982 1.313304 -9.708207 0.443082 
72452864535107 1.111510 -9.742882 0.105655 
72452883293127 0.981171 -9.750658 -0.363800 
72452902051252 0.983690 -9.715345 -0.902673 
72452920809273 1.065362 -9.651039 -1.375801 
72452939567398 1.118952 -9.572493 -1.812653 
72452958325419 1.135952 -9.478146 -2.246052 
72452977083544 1.148831 -9.376538 -2.632701 
72452995841565 1.150977 -9.288856 -2.926226 
72453014599690 1.159683 -9.204460 -3.178590 
72453033357711 1.131716 -9.109125 -3.451586 
72453052115836 1.087017 -9.018192 -3.696078 
72453070873857 1.058388 -8.937954 -3.893993 
72453089631982 1.095926 -8.881137 -4.011824 
72453108390002 1.215342 -8.845893 -4.055060 
72453127148127 1.430749 -8.820097 -4.040946 
72453145906148 1.667814 -8.812733 -3.965419 
72453164664273 1.862911 -8.832909 -3.831406 
72453183422294 1.951368 -8.878101 -3.679927 
72453202180419 1.953030 -8.924749 -3.564397 
72453220938440 1.930158 -8.937423 -3.545049 
72453239696565 1.956740 -8.909655 -3.599946 
72453258454586 2.030579 -8.851389 -3.701359 
72453277212711 2.052202 -8.783824 -3.847506 
72453295970732 1.910598 -8.749349 -3.996109 
72453314728857 1.754243 -8.731748 -4.104825 
72453333486877 1.696332 -8.719207 -4.155511 
72453352245002 1.691059 -8.747255 -4.098320 
72453371003023 1.792574 -8.785123 -3.972237 
72453389761148 1.826172 -8.784346 -3.958627 
72453408519169 1.882620 -8.772585 -3.958268 
72453427277294 1.966416 -8.801205 -3.852583 
72453446035315 2.041481 -8.889463 -3.602801 
72453464793440 2.046896 -9.051812 -3.169431 
72453483551461 1.938072 -9.227086 -2.697250 
72453502309586 1.906842 -9.333136 -2.329575 
72453521067607 1.934410 -9.373295 -2.137707 
72453539825732 1.820961 -9.434088 -1.962771 
72453558583752 1.642503 -9.539569 -1.571371 
72453577341877 1.536000 -9.634967 -0.989203 
72453596099898 1.504335 -9.681500 -0.419426 
72453614858023 1.527804 -9.685789 -0.147267 
72453633616044 1.538067 -9.685282 0.007707 
72453652374169 1.446330 -9.695616 0.271227 
72453671132086 1.307465 -9.703694 0.547022 
72453689890315 1.233871 -9.692499 0.838700 
72453708648336 1.209617 -9.670905 1.086652 
72453727406461 1.233708 -9.648532 1.246673 
72453746164482 1.275119 -9.620325 1.412022 
72453764922607 1.326438 -9.579220 1.627726 
72453783680627 1.381006 -9.523320 1.889332 
72453802438752 1.432727 -9.457220 2.163022 
72453821196773 1.437015 -9.391006 2.431949 
72453839954898 1.411374 -9.337857 2.642504 
72453858712919 1.391829 -9.309519 2.750646 
72453877471044 1.391470 -9.299821 2.783440 
72453896229065 1.371348 -9.303296 2.781813 
72453914987190 1.312891 -9.324221 2.739636 
72453933745211 1.210660 -9.375802 2.607495 
72453952503336 1.061144 -9.454123 2.379902 
72453971261357 0.908862 -9.544310 2.061678 
72453990019482 0.797866 -9.641299 1.605972 
72454008777502 0.751900 -9.721524 1.047383 
72454027535627 0.726510 -9.765833 0.520663 
72454046293648 0.697862 -9.781207 0.106604 
72454065051773 0.747343 -9.774015 -0.283688 
72454083809794 0.857780 -9.738197 -0.775962 
72454102567919 0.895872 -9.677422 -1.309707 
72454121325940 0.856998 -9.620666 -1.696680 
72454140084065 0.844232 -9.552368 -2.051807 
72454158842086 0.813706 -9.460408 -2.451314 
72454177600211 0.744821 -9.358823 -2.833384 
72454196358232 0.650678 -9.270616 -3.130925 
72454215116357 0.567948 -9.177332 -3.409459 
72454233874377 0.542733 -9.081911 -3.659880 
72454252632502 0.588187 -8.986832 -3.880885 
72454271390523 0.678416 -8.899991 -4.062055 
72454290148648 0.772947 -8.840091 -4.174414 
72454308906669 0.902487 -8.818965 -4.193061 
72454327664794 1.080952 -8.832146 -4.122515 
72454346422815 1.254238 -8.881092 -3.965285 
72454365180940 1.389389 -8.956402 -3.744711 
72454383938961 1.483705 -9.035043 -3.512408 
72454402697086 1.533496 -9.094106 -3.334066 
72454421455107 1.570130 -9.108080 -3.278410 
72454440213232 1.616217 -9.085535 -3.318326 
72454458971252 1.624932 -9.046790 -3.418417 
72454477729377 1.508551 -9.002445 -3.584779 
72454496487398 1.342466 -8.984369 -3.694495 
72454515245523 1.249339 -8.990660 -3.711817 
72454534003544 1.254380 -8.996459 -3.696031 
72454552761565 1.324287 -9.007814 -3.643615 
72454571519690 1.410825 -9.034739 -3.543085 
72454590277815 1.464211 -9.049668 -3.482810 
72454609035836 1.537474 -9.078297 -3.375067 
72454627793961 1.697513 -9.118081 -3.185818 
72454646551982 1.873045 -9.172476 -2.920235 
72454665310107 1.944929 -9.286588 -2.479300 
72454684068127 1.964481 -9.398515 -1.994773 
72454702826252 1.938454 -9.483625 -1.572774 
72454721584273 1.986898 -9.538349 -1.114688 
72454740342398 2.010332 -9.577598 -0.631323 
72454759100419 1.928084 -9.613140 -0.201062 
72454777858544 1.914753 -9.617245 0.112706 
72454796616565 2.051277 -9.581367 0.400064 
72454815374690 2.294832 -9.507453 0.715879 
72454834132711 2.501969 -9.427423 1.016988 
72454852890836 2.677063 -9.344805 1.295502 
72454871648857 2.865757 -9.249612 1.550006 
72454890406982 3.108174 -9.132174 1.764376 
72454909165107 3.269809 -9.048443 1.898529 
72454927923127 3.337982 -8.998795 2.012455 
72454946681252 3.375370 -8.945974 2.178718 
72454965439273 3.366431 -8.901910 2.365068 
72454984197398 3.299987 -8.870241 2.568910 
72455002955419 3.091357 -8.887617 2.761190 
72455021713544 2.762241 -8.946584 2.915310 
72455040471565 2.234709 -9.088573 2.928193 
72455059229690 1.500462 -9.268128 2.832102 
72455077987711 0.631861 -9.398664 2.726954 
72455096745836 -0.312040 -9.462694 2.555474 
72455115503857 -1.203580 -9.453439 2.313933 
72455134261982 -1.977629 -9.372617 2.100814 
72455153020002 -2.664459 -9.268866 1.777407 
72455171778127 -3.046496 -9.215671 1.400238 
72455190536148 -2.894878 -9.292995 1.195953 
72455209294273 -2.364880 -9.452622 1.107097 
72455228052398 -1.840925 -9.569715 1.096334 
72455246810419 -1.487743 -9.624546 1.151146 
72455265568544 -1.329785 -9.630847 1.284073 
72455284326565 -1.170867 -9.649894 1.295763 
72455303084690 -0.834051 -9.712830 1.065691 
72455321842711 -0.121310 -9.787354 0.602807 
72455340600836 0.734626 -9.737875 0.896940 
72455359358857 1.635655 -9.538550 1.584643 
72455378116877 2.382191 -9.200089 2.419489 
72455396875002 2.809647 -8.781687 3.340397 
72455415633127 3.107345 -8.294176 4.209685 
72455434391148 3.420598 -7.699214 5.019164 
72455453149273 3.860732 -6.961548 5.727302 
72455471907294 4.220495 -6.025042 6.485112 
72455490665419 4.602181 -4.932524 7.117621 
72455509423440 5.031347 -3.928311 7.444749 
72455528181565 5.237078 -3.242050 7.631023 
72455546939690 5.054922 -2.735506 7.945764 
72455565697711 4.527105 -2.215354 8.412367 
72455584455836 4.371456 -1.640247 8.623824 
72455603260732 4.495471 -1.161348 8.637847 
72455621971982 3.953183 -0.624959 8.952774 
72455640730002 3.575470 0.029266 9.131569 
72455659488127 3.223277 0.630465 9.240314 
72455678246148 3.065888 1.007729 9.260410 
72455697004273 3.112940 1.221089 9.218944 
72455715762346 3.273646 1.395409 9.138187 
72455734520419 3.505862 1.600497 9.017633 
72455753278492 3.771317 1.825197 8.866578 
72455772036565 4.030380 2.018774 8.709246 
72455790794690 3.654065 2.074765 8.860787 
72455809552711 3.226712 2.068002 9.026743 
72455828310836 3.222797 2.273035 8.978712 
72455847068857 3.234260 2.617431 8.880260 
72455865826825 3.205510 3.016435 8.763346 
72455884585055 3.097275 3.415130 8.655297 
72455903343127 2.903511 3.725544 8.594204 
72455922101200 2.588897 3.947352 8.595719 
72455940859273 2.195194 4.134207 8.617415 
72455959617398 1.748872 4.328121 8.624338 
72455978375419 1.472778 4.556652 8.557935 
72455997133544 1.244145 4.769599 8.477818 
72456015891617 1.041086 4.951545 8.400519 
72456034649690 0.858606 5.095212 8.334986 
72456053407815 0.686850 5.207102 8.281589 
72456072165836 0.515255 5.297120 8.236833 
72456090923961 0.356809 5.352609 8.209303 
72456109681982 0.270291 5.358230 8.208941 
72456128440107 0.258036 5.309961 8.240638 
72456147198180 0.270746 5.214770 8.300798 
72456165956252 0.232258 5.134192 8.352036 
72456184714377 0.109052 5.130812 8.356629 
72456203472398 -0.036426 5.196824 8.316375 
72456222230523 -0.096865 5.264627 8.273131 
72456240988596 -0.127442 5.289012 8.257148 
72456259746669 -0.177104 5.302465 8.247600 
72456278504794 -0.277037 5.329332 8.227507 
72456297262815 -0.352213 5.332040 8.222876 
72456316020940 -0.366715 5.270001 8.262143 
72456334779065 -0.345122 5.206983 8.302927 
72456353537086 -0.306345 5.177271 8.323006 
72456372295211 -0.248661 5.142634 8.346370 
72456391053284 -0.201080 5.082578 8.384353 
72456409811357 -0.169427 5.000337 8.434354 
72456428569482 -0.145302 4.910909 8.487181 
72456447327502 -0.122528 4.846940 8.524234 
72456466085627 -0.104921 4.839283 8.528817 
72456484843752 -0.095101 4.878348 8.506649 
72456503601773 -0.109539 4.927614 8.478031 
72456522359898 -0.142565 4.958857 8.459303 
72456541118023 -0.168149 4.959912 8.458215 
72456559876044 -0.177234 4.940388 8.469448 
72456578634169 -0.177124 4.919501 8.481598 
72456597392294 -0.176633 4.907443 8.488592 
72456616150315 -0.177758 4.903475 8.490862 
72456634908440 -0.170054 4.905823 8.489662 
72456653666513 -0.156318 4.917880 8.482948 
72456672424638 -0.133304 4.937497 8.471938 
72456691182711 -0.105979 4.958108 8.460279 
72456709940836 -0.090690 4.977292 8.449184 
72456728698909 -0.096296 4.988210 8.442682 
72456747456982 -0.114687 4.986664 8.443365 
72456766215107 -0.126112 4.979677 8.447325 
72456784973232 -0.126494 4.981967 8.445969 
72456803731305 -0.115579 5.002513 8.433972 
72456822489377 -0.099613 5.038209 8.412902 
72456841247502 -0.090012 5.077941 8.389089 
72456860005627 -0.094818 5.103978 8.373220 
72456878763648 -0.107344 5.113304 8.367376 
72456897521773 -0.116206 5.121861 8.362022 
72456916279898 -0.121003 5.144122 8.348278 
72456935038023 -0.126518 5.173371 8.330103 
72456953796044 -0.133602 5.201087 8.312715 
72456972554169 -0.141412 5.220615 8.300336 
72456991312294 -0.147923 5.233064 8.292378 
72457010070419 -0.153615 5.245421 8.284464 
72457028828440 -0.156431 5.261644 8.274118 
72457047586565 -0.152445 5.275965 8.265068 
72457066344690 -0.145206 5.283194 8.260579 
72457085102815 -0.134054 5.284135 8.260165 
72457103860940 -0.125852 5.288179 8.257706 
72457122618961 -0.127224 5.298878 8.250825 
72457141377086 -0.136011 5.313400 8.241339 
72457160135211 -0.144292 5.330619 8.230071 
72457178893336 -0.149566 5.343776 8.221440 
72457197651461 -0.148548 5.352510 8.215775 
72457216409534 -0.142106 5.355556 8.213903 
72457235167607 -0.135124 5.355534 8.214036 
72457253925732 -0.133744 5.354526 8.214715 
72457272683857 -0.138136 5.354565 8.214618 
72457291441982 -0.141183 5.356074 8.213582 
72457310200107 -0.142459 5.357785 8.212444 
72457328958232 -0.135591 5.362589 8.209424 
72457347716305 -0.126421 5.367177 8.206572 
72457366474377 -0.120998 5.366478 8.207111 
72457385232502 -0.120387 5.364909 8.208146 
72457403990627 -0.125035 5.364226 8.208522 
72457422748752 -0.130735 5.367267 8.206446 
72457441506877 -0.129480 5.375176 8.201285 
72457460265002 -0.121903 5.387208 8.193505 
72457479023127 -0.128007 5.417957 8.173111 
72457497781252 -0.136742 5.437359 8.160074 
72457516539377 -0.133905 5.419894 8.171732 
72457535297450 -0.126530 5.391444 8.190648 
