# Created at Fri Jan 31 08:54:20 GMT+01:00 2025 in Burnaby Canada 
72431048877711 -0.028252 0.133627 -0.047647 
72431067635732 -0.032834 0.188910 -0.060476 
72431086393857 -0.087812 0.115301 -0.051313 
72431105151877 -0.100945 0.030085 -0.030238 
72431123909898 0.020311 -0.088423 -0.009468 
72431142668023 0.235030 -0.091172 0.008552 
72431161426044 0.409432 0.052076 0.037263 
72431180184065 0.557872 0.526413 0.060476 
72431198942190 0.636368 1.198975 0.003665 
72431217700211 0.624762 1.103985 -0.086132 
72431236458336 0.490983 0.088423 -0.252593 
72431255216357 0.151036 0.132710 -0.387594 
72431273975107 0.026420 0.027947 -0.193644 
72431292732502 -0.096975 -0.065515 -0.229074 
72431311490523 -0.337350 -0.139735 -0.369573 
72431330248648 -0.561843 -0.582918 -0.294742 
72431349006669 -0.626289 -0.672715 -0.298102 
72431367764690 -0.802218 -0.693790 -0.312457 
72431386522815 -0.648280 0.173944 -0.220828 
72431405280836 -0.212734 0.582612 -0.237321 
72431424038961 -0.221591 0.566424 -0.183870 
72431442796982 -0.496175 0.524886 -0.100487 
72431461555002 -0.838259 -0.205098 -0.342695 
72431480313127 -0.835816 -0.098502 -0.930042 
72431499071148 -0.937830 0.585056 -1.111468 
72431517829169 -1.020908 1.531896 -0.087659 
72431536587294 -0.871857 1.160796 0.080634 
72431555345315 -0.519693 0.198684 -0.286801 
72431574103440 -0.231976 -0.377973 -0.494495 
72431592861461 -0.349567 0.125380 -0.555582 
72431611619482 -0.924697 1.553887 -0.018631 
72431630377607 -1.460730 2.016312 0.398589 
72431649135627 -1.829998 1.586569 0.394619 
72431667893648 -1.903913 0.444251 0.611170 
72431686651773 -1.764941 -0.407905 0.958752 
72431705409794 -1.415832 -0.039859 0.915686 
72431724167919 -0.879798 0.180052 0.368351 
72431742925940 -0.453720 -0.311999 0.334448 
72431761683961 -0.262519 -0.599106 0.467006 
72431780442086 -0.415541 -0.388052 1.171944 
72431799200107 -0.637590 -0.024893 1.926362 
72431817958127 -0.551764 -0.210290 2.088852 
72431836716252 -0.341626 -1.265254 1.947132 
72431855474273 -0.098502 -2.161087 2.340834 
72431874232398 0.119271 -3.069748 2.898553 
72431892990419 0.370337 -3.772243 3.471239 
72431911748440 0.010537 -3.597230 3.614487 
72431930506565 -0.759763 -3.283246 3.805382 
72431949264586 -0.768315 -2.205069 3.995972 
72431968022711 0.243582 -3.353495 4.392118 
72431986780732 1.187674 -5.481748 4.675864 
72432005538752 1.447902 -6.002204 4.971828 
72432024296877 1.270751 -5.534587 4.894248 
72432043054898 1.278693 -4.977479 4.667618 
72432061812919 1.379485 -4.691289 4.578126 
72432080571044 1.666286 -4.524523 4.524981 
72432099329065 2.396270 -4.055073 4.582707 
72432118087190 3.298517 -3.429242 4.781544 
72432136845211 3.954586 -3.359298 4.663342 
72432155603232 4.267043 -3.679697 3.979173 
72432174361357 4.267043 -3.052949 3.185049 
72432193119377 4.169611 -1.688583 2.588845 
72432211877502 3.769188 -0.884074 2.296546 
72432230635523 3.114952 -0.550847 2.174373 
72432249393544 2.666578 -0.512363 1.884823 
72432268151669 2.589608 -0.859334 1.498146 
72432286909690 2.116188 -1.455538 1.197906 
72432305667815 -0.269544 -3.349219 1.834732 
72432324425836 -0.990975 -2.468963 2.125504 
72432343183857 0.173944 -0.736550 0.958447 
72432361941982 0.808021 -0.570700 0.863152 
72432380700002 1.124144 0.122937 1.055574 
72432399458127 1.163545 -0.122937 1.045190 
72432418216148 0.939663 -0.969901 0.416610 
72432436974273 0.462883 -1.286329 0.050091 
72432455732294 0.724638 -0.952796 0.372322 
72432474490315 1.304349 -1.033736 0.914159 
72432493248440 0.781449 -0.988532 1.014952 
72432512006461 0.666912 -1.206916 0.833525 
72432530764586 1.575268 -1.418581 0.388205 
72432549522607 2.505309 -1.057865 0.111788 
72432568280732 1.631773 -0.349567 0.569021 
72432587038752 0.840092 1.568243 1.008538 
72432605796877 -0.079871 1.668119 1.363756 
72432624554898 -1.162934 0.566119 2.168875 
72432643312919 -0.718530 -0.888961 3.734522 
72432662071044 -0.791833 -2.247524 5.358201 
72432680829065 -1.305876 -2.512640 6.508764 
72432699587190 0.085979 -2.667188 5.393325 
72432718345211 0.942412 0.119577 2.744004 
72432737103336 0.156840 3.329366 1.639866 
72432755861357 -0.107054 3.198030 1.153924 
72432774619482 -0.095142 1.875813 1.540296 
72432793377502 -0.158672 1.595731 1.881769 
72432812135627 -0.538935 2.434144 2.090990 
72432830893648 -0.803745 2.683376 1.718057 
72432849651669 -0.541990 1.349858 0.192728 
72432868409794 0.056047 2.651306 0.672562 
72432887167815 -0.792444 3.563632 0.267559 
72432905925940 -1.370322 3.272555 0.007330 
72432924683961 -0.873078 0.647364 0.724180 
72432943442086 -0.305585 0.394771 1.255938 
72432962200107 -0.089034 0.674547 0.554360 
72432980958232 0.071013 0.068570 0.957225 
72432999716252 0.563370 -2.028529 2.614807 
72433018474377 -0.018784 0.929278 2.386343 
72433037232398 -0.250302 0.856585 -0.076053 
72433055990523 0.097586 -0.191353 -0.389426 
72433074748544 0.817795 -0.185856 -0.420886 
72433093506669 0.809243 -0.230143 -0.191201 
72433112264690 -0.210901 0.003207 0.388815 
72433131022815 -0.616515 0.293979 0.116370 
72433149780836 -0.285427 0.238085 -0.116675 
72433168538961 0.168141 0.277791 0.149662 
72433187296982 0.230143 0.172417 0.365603 
72433206055107 -0.766177 -0.563675 0.761443 
72433224813127 -1.598480 -0.568257 0.493579 
72433243571252 0.399658 0.372169 -0.026267 
72433262329377 0.998611 0.263130 -2.069610 
72433281087398 -1.209054 0.699287 -3.970010 
72433299845523 0.094837 0.390495 -0.719599 
72433318603544 2.205069 -0.009927 0.326202 
72433337361669 2.520275 0.767704 0.068417 
72433356119690 1.575268 0.576809 -0.290772 
72433374877815 0.950658 -0.272904 0.004887 
72433393635836 0.347735 -1.639103 -0.063835 
72433412393961 -0.223118 -2.002568 -0.693942 
72433431151982 0.032834 -1.433241 -0.585514 
72433449910107 -0.282067 -1.566105 -0.503047 
72433468668127 -0.332463 -1.446070 -0.036346 
72433487426252 0.030391 -1.018464 0.168599 
72433506184273 0.253967 -0.464715 0.320399 
72433524942398 0.051771 -0.386830 0.772439 
72433543700523 -0.733496 -0.883769 1.180496 
72433562458544 -1.503186 -0.768926 1.411403 
72433581216669 -2.419788 -0.154702 0.866206 
72433599974690 -3.151910 0.304669 -0.000305 
72433618732815 -3.080133 0.308639 -0.619722 
72433637490836 -2.463465 -0.793361 -1.018922 
72433656248961 -2.127795 -1.844353 -1.112385 
72433675007086 -2.091143 -1.981493 -0.834747 
72433693765107 -2.016923 -1.657429 -0.357356 
72433712523232 -1.946979 -1.197753 0.072387 
72433731281252 -1.763108 -0.216093 0.334754 
72433750039377 -1.529147 -0.095142 0.649960 
72433768797398 -1.368795 -0.372475 0.951727 
72433787555523 -1.547473 0.355676 1.005178 
72433806313648 -1.665676 1.882532 0.929736 
72433825071669 -1.701106 2.081064 0.861014 
72433843829794 -1.504407 2.008676 0.865595 
72433862587815 -1.184009 2.365116 0.856432 
72433881345940 -0.761901 2.327853 0.839939 
72433900104065 -0.282372 1.886809 0.646295 
72433918862086 -0.072235 1.588401 0.204334 
72433937620211 0.066737 1.256091 -0.072693 
72433956378232 0.275958 1.011439 -0.118813 
72433975136357 0.435699 0.850171 -0.044593 
72433993894482 0.463188 0.715475 0.044288 
72434012652502 0.253356 0.701425 0.158214 
72434031410627 -0.306501 0.916144 0.209527 
72434050168648 -0.661414 1.429271 0.162795 
72434068926773 -0.516944 1.127809 0.361937 
72434087684898 -0.315054 0.908509 0.505185 
72434106442919 -0.316275 1.019381 0.479834 
72434125201044 0.090561 0.582612 0.423329 
72434143959065 0.891710 -0.604909 0.122173 
72434162717190 1.408502 -1.561218 -0.743728 
72434181475315 0.875522 -2.359313 -1.262352 
72434200233336 0.214566 -2.010203 -0.875064 
72434218991461 0.909730 -1.966221 -0.401644 
72434237749482 1.887725 -2.549291 0.302684 
72434256507607 3.050200 -3.646099 0.660345 
72434275265732 3.510487 -4.268876 0.127671 
72434294023752 3.322646 -4.706255 -0.640492 
72434312781773 2.586860 -4.413651 -1.300837 
72434331540002 0.938746 -1.073442 -1.239750 
72434350298023 0.073456 2.222479 -0.511599 
72434369056148 0.736856 2.217897 -0.040012 
72434387814169 1.350469 0.683100 0.251065 
72434406572294 1.391703 -0.285732 0.367130 
72434425330419 1.368795 -0.514501 0.440128 
72434444088440 1.651626 -0.494342 0.352774 
72434462846565 1.615585 -0.406989 0.135307 
72434481604690 1.304349 -0.352316 -0.116064 
72434500362711 1.076496 -0.466853 -0.294742 
72434519120836 1.180344 -0.647975 -0.405614 
72434537878961 1.449429 -1.005331 -0.436157 
72434556636982 1.495550 -1.153465 -0.468533 
72434575395107 1.129642 -0.649197 -0.598037 
72434594153127 0.935387 -0.327882 -0.580932 
72434612911252 0.870024 -0.261603 -0.447458 
72434631669377 0.661414 -0.029169 -0.422718 
72434650427398 0.417984 -0.200822 -0.336892 
72434669185523 0.396909 -0.632703 -0.082161 
72434687943648 0.466243 -0.756403 0.120646 
72434706701669 0.174860 -0.559399 0.120646 
72434725459794 -0.463188 -0.060934 -0.005192 
72434744217919 -1.157741 0.555123 0.256563 
72434762975940 -1.703549 0.966846 0.697302 
72434781734065 -2.384663 1.161407 0.897971 
72434800492190 -2.937496 1.089630 1.005178 
72434819250211 -2.846172 0.820544 0.975551 
72434838008336 -2.372141 0.149204 0.563523 
72434856766357 -2.383442 -0.575587 -0.187230 
72434875524482 -3.043481 -1.044426 -0.540921 
72434894282607 -3.803397 -1.520901 -0.764497 
72434913040732 -3.413054 -1.086270 -0.770911 
72434931798752 -2.119853 0.858112 -0.480445 
72434950556877 -1.584125 1.361465 0.255036 
72434969315002 -2.112523 1.239292 1.023504 
72434988073023 -2.688874 2.148259 1.142012 
72435006831148 -2.705673 2.394743 1.038470 
72435025589273 -2.291507 2.783253 0.935845 
72435044347294 -1.800066 3.339445 1.050077 
72435063105419 -1.511127 3.815614 0.817337 
72435081863544 -1.133307 3.622581 0.451429 
72435100621565 -0.395993 2.536158 0.172875 
72435119379690 0.352011 1.460425 -0.009163 
72435138137815 0.870635 0.665690 0.037263 
72435156895836 0.920726 0.171806 0.217162 
72435175653961 0.533438 0.179442 0.298407 
72435194412086 0.067959 0.969595 0.323147 
72435213170107 -0.334601 1.759443 0.292604 
72435231928232 -0.657443 1.452484 0.375682 
72435250686357 -0.542295 0.655305 0.675311 
72435269444377 -0.247248 0.640034 0.806952 
72435288202502 -0.387136 0.544433 0.453873 
72435306960523 -0.265879 0.165086 -0.130114 
72435325718648 0.642782 -1.212414 -0.767246 
72435344476773 0.644615 -2.007149 -0.592844 
72435363234898 0.910341 -2.106415 -0.589790 
72435381993023 1.439656 -2.424980 -0.500298 
72435400751044 2.893514 -3.892583 -0.054367 
72435419509169 4.305528 -4.944492 0.149051 
72435438267294 4.617374 -5.526035 -0.161879 
72435457025315 4.466185 -5.377595 -0.558636 
72435475783440 3.046535 -2.677268 -0.822224 
72435494541565 1.245401 1.360549 -0.482278 
72435513299586 1.202945 2.839452 0.023518 
72435532057711 1.239597 1.890168 -0.046731 
72435550815836 1.165377 0.119271 0.208305 
72435569573961 1.180649 -1.074053 0.650876 
72435588331982 1.343444 -1.641241 0.472198 
72435607090107 1.196531 -1.890474 0.291382 
72435625848232 1.067028 -1.489441 0.019548 
72435644606357 1.328173 -0.935692 -0.182343 
72435663364377 1.881616 -0.844062 -0.445931 
72435682122502 1.949117 -0.760374 -0.601091 
72435700880627 1.544419 -0.957683 -0.558330 
72435719638648 1.101847 -0.989143 -0.621249 
72435738396773 0.970511 -0.410348 -0.528093 
72435757154898 0.760985 -0.289397 -0.365297 
72435775912919 0.288786 -0.860250 -0.207389 
72435794671044 0.262825 -0.862999 -0.020769 
72435813429169 0.180358 -0.461050 0.103847 
72435832187294 -0.413708 -0.247858 0.088575 
72435850945315 -1.165072 0.258549 0.162185 
72435869703440 -1.849546 1.005942 0.313068 
72435888461565 -2.555400 1.141554 0.423329 
72435907219690 -2.862665 0.998611 0.780991 
72435925977711 -2.394437 0.892932 0.995099 
72435944735836 -2.030056 0.434172 0.919352 
72435963493961 -2.264323 -0.148287 0.324369 
72435982252086 -2.853197 -0.797637 -0.356745 
72436001010107 -3.350746 -1.554804 -0.811228 
72436019768232 -3.117090 -1.834274 -1.016784 
72436038526357 -2.341292 -1.498909 -0.920268 
72436057284482 -1.496466 0.049327 -0.356440 
72436076042502 -1.536783 1.438128 0.538477 
72436094800627 -2.518137 1.604284 0.834441 
72436113558752 -2.168417 0.955240 0.825889 
72436132316877 -1.627496 1.814421 1.078787 
72436151074898 -2.053269 4.244136 0.903164 
72436169833023 -1.774104 4.331184 0.919352 
72436188591148 -1.584736 4.610044 0.802065 
72436207349273 -0.676380 3.601506 0.471282 
72436226107294 0.234419 2.355036 0.188146 
72436244865419 0.784503 1.195615 0.000305 
72436263623544 0.579863 0.526107 0.064752 
72436282381669 -0.068570 0.590248 0.170126 
72436301139794 -0.214566 1.286634 0.265726 
72436319897815 -0.718530 1.751197 0.393397 
72436338655940 -0.874911 1.450651 0.633161 
72436357414065 -0.517861 0.975398 1.028085 
72436376172190 -0.570090 0.956767 0.789543 
72436394930211 -0.283899 0.364839 0.442572 
72436413688336 0.813214 -0.578947 -0.418137 
72436432446461 0.886823 -1.641852 -1.300531 
72436451204586 0.327271 -1.920712 -1.335045 
72436469962711 1.039234 -1.034041 -0.620028 
72436488720732 1.826333 -1.734092 -0.126144 
72436507478857 2.950324 -2.940550 0.536034 
72436526236982 3.985435 -3.905717 0.713795 
72436544995107 4.605462 -4.898067 0.167377 
72436563753232 4.259713 -4.656775 -0.462425 
72436582511252 2.109774 -1.180954 -0.566577 
72436601269377 0.912174 2.403906 -0.101709 
72436620027502 1.612836 2.968345 0.378125 
72436638785627 2.005622 1.149800 0.194866 
72436657543752 1.483332 -0.713337 0.322842 
72436676301877 1.014188 -1.242652 0.402254 
72436695059898 0.993724 -0.999833 0.487470 
72436713818023 1.412167 -1.845575 0.345139 
72436732576148 2.024864 -2.284482 -0.016493 
72436751334273 1.996153 -1.665981 -0.313374 
72436770092398 1.461341 -0.633009 -0.580322 
72436788850419 1.243263 -0.107970 -0.774271 
72436807608544 1.381929 -0.659887 -0.770911 
72436826366669 1.363603 -0.970206 -0.569937 
72436845124794 1.198364 -0.726776 -0.276111 
72436863882919 0.776256 -0.407905 -0.241292 
72436882640940 0.298560 -0.364534 -0.280082 
72436901399065 0.190743 -0.524275 -0.115148 
72436920157190 -0.074984 -0.287870 -0.005192 
72436938915315 -0.615599 0.053603 0.111788 
72436957673440 -1.287245 0.444251 0.353080 
72436976431565 -2.098168 0.724944 0.423329 
72436995189586 -2.868774 0.626595 0.491135 
72437013947711 -3.109760 0.898124 0.611781 
72437032705836 -2.759734 0.917672 0.806342 
72437051463961 -2.537074 0.591164 0.813366 
72437070222086 -2.787223 0.034361 0.270002 
72437088980211 -3.351662 -0.702953 -0.234572 
72437107738336 -3.512625 -1.134529 -0.550389 
72437126496357 -2.756985 -1.377347 -0.766024 
72437145254482 -1.852295 -0.951269 -0.396146 
72437164012607 -1.495855 0.699287 0.337808 
72437182770732 -2.341292 1.775937 0.836274 
72437201528857 -2.609767 1.957363 1.237917 
72437220286982 -2.226755 1.917046 1.542739 
72437239045002 -2.428646 3.581042 1.004262 
72437257803127 -2.051437 3.975661 0.945924 
72437276561252 -1.958280 4.650666 0.925766 
72437295319377 -1.004414 4.361116 0.863152 
72437314077502 0.304669 3.132667 0.681114 
72437332835627 1.070999 1.760970 0.254120 
72437351593752 1.349858 0.609185 0.174096 
72437370351773 0.754265 -0.079565 0.193033 
72437389109898 0.142179 0.425925 0.263588 
72437407868023 -0.207236 1.868788 0.200058 
72437426626148 -0.906676 2.283871 0.371406 
72437445384273 -1.081994 1.391703 0.805731 
72437464142398 -1.026100 0.941495 0.981049 
72437482900523 -1.248760 0.537408 0.731205 
72437501658544 -0.530078 0.252134 -0.079718 
72437520416669 0.505949 -1.014188 -0.338419 
72437539174794 0.071624 -1.134529 -0.251065 
72437557932919 0.530994 -0.783587 -0.508850 
72437576691044 1.547473 -2.113134 -0.502742 
72437595449169 3.063334 -4.105775 -0.061086 
72437614207294 4.069734 -5.225490 0.075747 
72437632965419 4.898983 -5.993347 -0.268170 
72437651723440 4.946325 -5.488162 -0.764192 
72437670481565 2.772868 -1.041066 -0.366519 
72437689239690 1.520901 2.026391 0.288939 
72437707997815 1.920712 2.455218 0.740979 
72437726755940 2.071595 0.987921 0.156687 
72437745514065 1.649182 -0.601855 -0.088575 
72437764272190 1.089325 -1.213941 0.351858 
72437783030315 0.807411 -1.293353 0.394313 
72437801788336 0.918893 -1.250898 0.361327 
72437820546461 1.761276 -2.081674 0.237932 
72437839304586 2.287230 -2.153756 -0.067195 
72437858062711 1.854433 -1.164461 -0.434936 
72437876820836 1.363297 0.039553 -0.821002 
72437895578961 1.439961 -0.089950 -0.876286 
72437914337086 1.578933 -0.844062 -0.688445 
72437933095211 1.214857 -0.814435 -0.457232 
72437951853232 0.871246 -0.697455 -0.197309 
72437970611357 0.474184 -0.432034 -0.185703 
72437989369482 0.116522 -0.422566 -0.200669 
72438008127607 0.147066 -0.363006 -0.032070 
72438026885732 -0.201738 -0.155312 0.148440 
72438045643857 -1.070693 0.090561 0.406225 
72438064401982 -1.846491 0.549015 0.740063 
72438083160107 -2.630231 0.546266 0.864985 
72438101918127 -3.011716 0.403934 1.172250 
72438120676252 -2.768897 0.554513 1.178358 
72438139434377 -2.418261 0.127518 0.831082 
72438158192502 -2.482402 -0.903927 0.132558 
72438176950523 -3.155575 -1.658040 -0.352469 
72438195708752 -3.741394 -1.941481 -0.533285 
72438214466877 -3.215440 -1.460119 -0.570548 
72438233225002 -2.127795 -0.528551 -0.372017 
72438251983023 -1.525482 1.000444 0.088270 
72438270741148 -2.163530 1.619555 0.709214 
72438289499273 -2.909396 1.808007 0.925460 
72438308257398 -2.703535 2.008676 0.881478 
72438327015523 -2.242027 2.803717 0.965777 
72438345773648 -1.935372 3.468338 0.975246 
72438364531669 -1.749059 4.369974 0.845742 
72438383289898 -0.793971 4.052324 0.542448 
72438402048023 0.277180 3.028820 0.211359 
72438420806148 1.103985 1.783878 -0.018326 
72438439564169 1.520290 0.797942 0.093157 
72438458322294 0.772286 -0.136070 0.240070 
72438477080419 0.052993 0.020006 0.129809 
72438495838544 0.164475 1.363297 -0.061086 
72438514596669 -0.379500 1.553887 0.204029 
72438533354794 -0.658970 1.117730 0.669202 
72438552112919 -0.510530 0.745408 0.853684 
72438570871044 -0.734412 0.843146 0.353691 
72438589629169 0.071318 0.259770 0.043066 
72438608387190 0.905149 -0.605214 -0.577267 
72438627145315 0.894764 -1.690110 -0.770606 
72438645903440 0.532827 -1.928042 -0.766635 
72438664661565 0.901789 -1.142164 -0.300851 
72438683419690 1.517846 -2.099390 0.163101 
72438702177815 2.614043 -3.230100 0.498466 
72438720935940 3.489107 -4.059044 0.277943 
72438739694065 4.250245 -5.142107 -0.377820 
72438758452190 3.978410 -4.567894 -0.990517 
72438777210315 1.893223 -1.020297 -0.623693 
72438795968336 0.970817 1.931096 0.021991 
72438814726461 2.001346 2.497673 0.419970 
72438833484586 2.682154 0.702953 0.107207 
72438852242711 1.588401 -1.114370 0.067195 
72438871000836 0.666912 -1.266475 0.219606 
72438889758961 1.029460 -1.019381 0.344528 
72438908517086 1.609171 -1.585041 0.337503 
72438927275211 1.618333 -1.943619 0.044899 
72438946033232 1.591150 -1.643074 -0.282525 
72438964791357 1.490968 -1.079551 -0.555276 
72438983549482 1.341001 -0.620791 -0.639575 
72439002307607 1.260672 -0.479987 -0.607200 
72439021065732 1.249066 -0.780532 -0.527176 
72439039823857 1.288467 -0.740826 -0.295353 
72439058581982 1.065195 -0.655916 -0.109650 
72439077340107 0.459828 -0.794888 -0.216246 
72439096098127 0.159894 -0.654694 -0.187230 
72439114856252 0.338266 -0.385608 0.093157 
72439133614377 0.251829 -0.401185 0.236710 
72439152372502 -0.494648 -0.309556 0.180511 
72439171130627 -1.406974 0.228005 0.215024 
72439189888752 -2.052964 0.556040 0.409279 
72439208646877 -2.736521 0.552069 0.582765 
72439227405002 -3.165959 0.539241 0.897055 
72439246163127 -2.813796 0.785725 0.899193 
72439264921148 -2.240805 0.347429 0.730900 
72439283679273 -2.322661 -0.816574 0.284663 
72439302437398 -3.061196 -1.531591 -0.003360 
72439321195523 -3.395339 -1.628413 -0.205861 
72439339953648 -2.350150 -1.963472 -0.222049 
72439358711773 -1.407280 -1.756389 0.200058 
72439377469898 -1.230129 1.147051 0.691194 
72439396228023 -2.150091 2.150397 0.872315 
72439414986148 -2.726748 2.003178 1.102000 
72439433744169 -2.594496 2.400546 1.179274 
72439452502294 -2.318079 2.786918 0.894917 
72439471260419 -2.095724 3.426799 0.708603 
72439490018544 -1.896888 4.002234 0.711657 
72439508776669 -1.517235 4.249328 0.521068 
72439527534794 -0.467770 3.446041 0.377820 
72439546292919 0.579863 2.394132 0.208916 
72439565051044 1.319315 1.382540 0.164628 
72439583809065 1.527315 0.309861 0.286801 
72439602567190 0.952796 -0.264352 0.306043 
72439621325315 0.622624 0.628733 0.098655 
72439640083440 0.095448 2.045633 -0.020769 
72439658841565 -0.803134 2.036776 0.328951 
72439677599586 -1.325118 1.760360 0.762359 
72439696357815 -1.008996 1.322675 1.024115 
72439715115940 -1.014188 0.843757 0.690888 
72439733874065 -0.054214 0.184634 0.390343 
72439752632086 0.655305 -0.114995 -0.339946 
72439771390211 0.342237 -0.976620 -0.853073 
72439790148336 -0.073762 -0.942106 -0.666759 
72439808906461 0.571922 -0.511447 -0.616057 
72439827664586 1.603673 -1.785405 -0.273057 
72439846422711 2.721861 -3.222159 0.097738 
72439865180836 3.455204 -4.174803 0.010690 
72439883938961 3.990932 -5.051088 -0.313068 
72439902696982 3.019657 -4.121047 -0.492052 
72439921455107 1.048091 -1.302822 -0.076358 
72439940213232 1.008690 0.821766 0.372933 
72439958971357 2.142456 1.251204 0.576351 
72439977729482 2.322355 0.246942 0.244346 
72439996487607 1.480278 -0.365755 0.034514 
72440015245732 0.935692 -0.041997 -0.074220 
72440034003752 1.010828 0.520304 -0.051313 
72440052761877 1.213025 0.373391 0.034514 
72440071520002 1.531896 -0.380111 0.146302 
72440090278127 1.530369 -1.384372 0.127976 
72440109036252 1.276555 -1.610087 -0.115453 
72440127794377 1.270141 -1.069166 -0.352774 
72440146552502 1.382540 -0.411570 -0.495411 
72440165310523 1.497382 0.071929 -0.500604 
72440184068648 1.529758 0.177304 -0.460287 
72440202826773 1.350469 -0.192575 -0.364992 
72440221584898 1.098488 -0.461356 -0.160047 
72440240343023 0.757930 -0.612545 -0.102014 
72440259101148 0.278096 -0.440281 -0.209527 
72440277859273 0.156229 -0.266490 -0.161574 
72440296617294 0.387136 -0.329103 0.087659 
72440315375419 0.246331 -0.324827 0.263894 
72440334133544 -0.685238 -0.132100 0.120951 
72440352891669 -1.490052 0.331547 0.040317 
72440371649794 -2.137263 0.853225 0.203723 
72440390407919 -2.865414 0.675769 0.504269 
72440409165940 -3.144274 0.372475 0.818864 
72440427924065 -2.700480 0.519999 0.929431 
72440446682190 -2.230726 -0.164475 0.798706 
72440465440315 -2.418872 -1.033736 0.202196 
72440484198440 -3.107622 -1.468366 -0.230296 
72440502956565 -3.157102 -2.122297 -0.426384 
72440521714690 -2.140928 -2.550513 -0.230601 
72440540472711 -1.181565 -1.049313 0.208610 
72440559230836 -1.102764 0.649807 0.575435 
72440577988961 -1.789376 0.604909 0.894306 
72440596747086 -2.161087 1.198059 1.015563 
72440615505211 -2.147953 1.931402 0.816421 
72440634263336 -2.009898 2.744157 0.619722 
72440653021357 -1.766468 2.981173 0.609948 
72440671779482 -1.310152 3.262476 0.623082 
72440690537607 -0.753654 3.244761 0.415083 
72440709295732 0.031001 2.709033 0.134390 
72440728053857 0.938136 1.835496 0.087354 
72440746811982 1.610392 0.955545 0.110261 
72440765570002 1.727373 0.427453 0.234878 
72440784328127 0.811076 0.273820 0.287106 
72440803086252 -0.221591 0.909119 -0.032987 
72440821844377 -0.838565 1.906356 0.087048 
72440840602502 -1.200502 2.195295 0.697913 
72440859360627 -0.976009 1.726457 1.294728 
72440878118648 -1.077107 1.270446 0.970664 
72440896876773 -0.348651 0.230754 0.713795 
72440915634898 0.780838 -0.066737 0.023213 
72440934393023 0.750906 -0.195324 -1.099251 
72440953151148 -0.013592 -1.271668 -1.291368 
72440971909273 0.287870 -0.583529 -0.360410 
72440990667294 1.140943 -0.694095 -0.078191 
72441009425419 2.102444 -2.218508 0.160047 
72441028183544 2.933525 -3.509876 0.233961 
72441046941565 3.580431 -4.627453 -0.130114 
72441065699794 3.762163 -5.548943 -0.628580 
72441084457919 2.245997 -3.782933 -0.863152 
72441103215940 0.547793 0.488539 -0.294437 
72441121974065 1.034041 2.288758 0.124006 
72441140732190 1.803120 0.978453 0.276722 
72441159490315 1.266781 -0.806189 0.268780 
72441178248440 0.688903 -1.024268 0.035125 
72441197006461 0.768926 0.070097 -0.018326 
72441215764586 1.001665 0.577725 0.029932 
72441234522711 1.112843 0.453109 0.022602 
72441253280836 1.148579 -0.040164 -0.038790 
72441272038961 1.133918 -0.657138 -0.115148 
72441290796982 1.097877 -1.082605 -0.252593 
72441309555107 0.954324 -0.842230 -0.357967 
72441328313232 0.878882 -0.390801 -0.412945 
72441347071357 0.934165 -0.213345 -0.408363 
72441365829482 0.936303 -0.222813 -0.364381 
72441384587502 0.938441 -0.407905 -0.326507 
72441403345627 0.844979 -0.503200 -0.202502 
72441422103752 0.685543 -0.554818 -0.106290 
72441440861877 0.504727 -0.550236 -0.063835 
72441459620002 0.290313 -0.416763 0.035125 
72441478378023 0.269850 -0.476322 0.130725 
72441497136148 0.398742 -0.593913 0.231823 
72441515894273 0.412792 -0.706312 0.283441 
72441534652398 0.011454 -0.390801 0.087354 
72441553410523 -0.610101 0.147982 -0.031154 
72441572168544 -1.045342 0.650418 0.180816 
72441590926669 -1.301295 0.976315 0.530536 
72441609684794 -1.739590 0.618042 0.725402 
72441628442919 -2.457967 -0.308334 0.634383 
72441647201044 -2.639394 -1.173624 0.258396 
72441665959065 -2.193157 -1.197142 -0.083383 
72441684717190 -1.831220 -1.304044 0.098349 
72441703475315 -1.777769 -1.927737 0.339030 
72441722233440 -1.700495 -2.584722 0.518624 
72441740991565 -1.613752 -3.162294 0.732121 
72441759749586 -1.711490 -2.098168 0.602924 
72441778507711 -1.750280 -0.217621 0.402560 
72441797265836 -1.819613 0.447917 0.274584 
72441816023961 -1.620472 0.045357 0.125838 
72441834781982 -1.518457 0.228922 0.048564 
72441853540107 -1.372766 0.630565 0.135001 
72441872298232 -1.096655 1.016021 0.167988 
72441891056357 -0.785114 1.168737 0.220522 
72441909814482 -0.496480 1.328784 0.307265 
72441928572502 -0.251829 1.459203 0.276111 
72441947330627 -0.104000 1.434463 0.090713 
72441966088752 0.106749 1.337641 -0.125227 
72441984846877 0.393244 1.230129 -0.309403 
72442003605002 0.547182 0.998000 -0.420886 
72442022363023 0.628733 0.726776 -0.369879 
72442041121148 0.775035 0.547182 -0.237016 
72442059879169 0.928362 0.517250 -0.088881 
72442078637398 0.840092 0.614377 -0.008858 
72442097395419 0.440586 0.882547 0.013439 
72442116153544 -0.083230 1.065195 0.095600 
72442134911669 -0.496175 0.658054 0.372322 
72442153669794 -0.886518 0.587499 0.672562 
72442172427815 -0.995251 1.249982 0.871704 
72442191185940 -0.570090 1.406363 0.902553 
72442209944065 -0.098807 1.093601 0.534507 
72442228702190 0.154702 0.879493 0.119424 
72442247460315 0.559399 0.593913 -0.185092 
72442266218336 0.772591 0.467770 -0.436463 
72442284976461 0.569784 0.823293 -0.731816 
72442303734586 0.396909 1.072220 -0.751669 
72442322492711 0.087201 0.597884 -0.087965 
72442341250732 -0.127518 0.180052 0.501215 
72442360008857 0.395077 -0.374307 0.756556 
72442378766982 0.847728 -0.616515 0.750753 
72442397525107 1.114065 -0.925613 0.295353 
72442416283127 1.173624 -1.245095 -0.223882 
72442435041252 1.153771 -1.190728 -0.464257 
72442453799377 0.889572 -0.943022 -0.524733 
72442472557502 0.344375 -0.309861 -0.424856 
72442491315523 0.203265 -0.430812 -0.117286 
72442510073648 0.437226 -1.031292 0.176540 
72442528831773 0.638201 -1.388954 0.360716 
72442547589898 0.621097 -1.453400 0.423024 
72442566347919 0.475711 -1.276555 0.291077 
72442585106044 0.309250 -0.613766 0.094684 
72442603864169 0.319024 0.118966 -0.039706 
72442622622190 0.355065 0.195935 -0.089797 
72442641380315 0.237779 -0.227700 -0.138055 
72442660138440 0.222813 -0.339488 -0.233656 
72442678896565 0.429896 -0.102778 -0.337503 
72442697654690 0.665079 0.041997 -0.357356 
72442716412711 0.677296 0.033139 -0.317955 
72442735170836 0.619875 0.045357 -0.309403 
72442753928961 0.704480 -0.045968 -0.190284 
72442772687086 0.729220 -0.182496 -0.012828 
72442791445107 0.521831 -0.215788 0.033292 
72442810203232 0.315664 0.078954 -0.047037 
72442828961357 0.237474 0.593913 -0.085521 
72442847719482 0.215483 0.981812 -0.087354 
72442866477502 0.213039 1.087797 -0.139888 
72442885235627 0.205403 0.817490 -0.180205 
72442903993752 0.206320 0.411265 -0.145080 
72442922751773 0.239612 0.114079 -0.022907 
72442941509898 0.194102 0.091172 0.126449 
72442960267919 0.177609 0.094226 0.268780 
72442979026148 0.250302 -0.014813 0.390037 
72442997784169 0.198378 -0.113163 0.294437 
72443016542294 0.004429 0.102167 0.038484 
72443035300419 -0.144622 0.488234 -0.253814 
72443054058544 -0.121409 0.664468 -0.384539 
72443072816565 -0.005040 0.614988 -0.317955 
72443091574690 0.072846 0.408821 -0.142637 
72443110332815 0.149815 0.173333 0.012828 
72443129090940 0.158672 0.075289 0.059865 
72443147848961 0.093004 0.057574 0.024435 
72443166607086 0.034972 0.151342 -0.032987 
72443185365107 -0.009316 0.244499 -0.076358 
72443204123232 -0.057879 0.179442 -0.115148 
72443222881357 -0.049633 -0.007483 -0.106901 
72443241639482 -0.102167 -0.209374 -0.065668 
72443260397607 -0.199295 -0.393855 -0.068417 
72443279155627 -0.269239 -0.569173 -0.099266 
72443297913752 -0.247248 -0.698982 -0.131947 
72443316671877 -0.147677 -0.716392 -0.195477 
72443335429898 -0.138819 -0.814130 -0.242513 
72443354188023 -0.288786 -1.072831 -0.313679 
72443372946148 -0.411570 -1.257923 -0.448986 
72443391704273 -0.446695 -1.544113 -0.522595 
72443410462294 -0.463494 -2.066403 -0.449596 
72443429220419 -0.526718 -2.143372 -0.324064 
72443447978440 -0.523969 -1.718821 -0.339335 
72443466736565 -0.386525 -1.373377 -0.358272 
72443485494690 -0.082314 -1.270751 -0.230601 
72443504252815 0.121409 -1.085354 -0.110261 
72443523010940 0.235030 -1.036179 -0.053145 
72443541768961 0.436616 -1.536783 0.152411 
72443560527086 0.525802 -2.042885 0.414166 
72443579285211 0.675158 -2.036470 0.459370 
72443598043232 0.766483 -1.903913 0.290772 
72443616801357 0.702647 -2.035860 0.131030 
72443635559482 0.588110 -1.803120 -0.016493 
72443654317607 0.458301 -0.922864 -0.207083 
72443673075627 0.270460 -0.821766 -0.407447 
72443691833752 0.216093 -1.588707 -0.378431 
72443710591877 0.386525 -2.068541 -0.026573 
72443729349898 0.782976 -2.257909 0.357050 
72443748108023 0.955240 -2.509280 0.522900 
72443766866148 0.824515 -2.672381 0.500604 
72443785624169 0.715475 -2.705978 0.364075 
72443804382294 0.679740 -2.889543 0.213192 
72443823140315 0.663552 -3.063945 0.139583 
72443841898544 0.616821 -2.859916 0.003665 
72443860656565 0.513279 -2.565174 -0.129198 
72443879414690 0.624151 -2.411847 -0.047037 
72443898172815 0.790001 -2.556011 0.087354 
72443916930836 0.862694 -2.848310 0.213192 
72443935688961 0.899040 -3.192837 0.337197 
72443954447086 0.786641 -3.368461 0.348804 
72443973205107 0.507170 -3.187645 0.219911 
72443991963232 0.355065 -2.939023 0.050091 
72444010721357 0.354454 -2.825402 -0.042150 
72444029479377 0.344070 -2.782336 -0.018937 
72444048237502 0.329714 -2.809214 0.076664 
72444066995627 0.320857 -2.814712 0.133169 
72444085753648 0.357814 -2.784780 0.217773 
72444104511773 0.275958 -2.861749 0.290161 
72444123269898 0.184023 -2.946965 0.276416 
72444142028023 0.086896 -2.913672 0.211359 
72444160786044 -0.100945 -2.796692 0.115759 
72444179544169 -0.322384 -2.729802 -0.016188 
72444198302294 -0.445473 -2.729496 -0.135612 
72444217060315 -0.433256 -2.653444 -0.195477 
72444235818440 -0.428063 -2.547459 -0.236710 
72444254576565 -0.484568 -2.582278 -0.295659 
72444273334586 -0.576198 -2.669326 -0.386677 
72444292092711 -0.674853 -2.731329 -0.524122 
72444310850836 -0.794888 -2.700480 -0.678671 
72444329608857 -0.858418 -2.647641 -0.831082 
72444348366982 -0.879493 -2.682154 -0.892473 
72444367125107 -0.837954 -2.747823 -0.897055 
72444385883127 -0.596968 -2.748433 -0.782823 
72444404641252 -0.365450 -2.677268 -0.647211 
72444423399377 -0.228311 -2.529744 -0.594677 
72444442157398 -0.175776 -2.362062 -0.611476 
72444460915523 -0.098807 -2.106109 -0.673784 
72444479673648 -0.001069 -1.945757 -0.769690 
72444498431669 0.125075 -1.947895 -0.845742 
72444517189794 0.215177 -1.706604 -0.894306 
72444535947919 0.319940 -1.285412 -0.865290 
72444554705940 0.559094 -0.914312 -0.740063 
72444573464065 0.779616 -0.736856 -0.617279 
72444592222190 0.680045 -1.252426 -0.539699 
72444610980211 0.666606 -1.685834 -0.425773 
72444629738336 0.969901 -1.418581 -0.347582 
72444648496461 1.080162 -0.982729 -0.362243 
72444667254482 1.024878 -0.666301 -0.445320 
72444686012607 1.176984 -0.579253 -0.386372 
72444704770732 1.405753 -0.803440 -0.241902 
72444723528752 1.516930 -0.986394 -0.096211 
72444742286877 1.359938 -0.986394 0.015882 
72444761044898 0.977842 -1.094822 0.083078 
72444779803023 0.651029 -1.036179 0.009774 
72444798561148 0.330936 -0.649807 -0.145997 
72444817319169 0.180969 -0.244804 -0.113926 
72444836077294 0.505338 -0.026114 0.003360 
72444854835419 0.901789 -0.316581 0.215330 
72444873593440 0.968373 -1.049008 0.389426 
72444892351565 0.701120 -1.582598 0.491441 
72444911109690 0.473267 -1.480278 0.406530 
72444929867711 0.342542 -0.673020 0.232739 
72444948625836 0.127823 -0.023366 0.041539 
72444967383961 -0.130267 -0.155618 -0.038179 
72444986141982 -0.288175 -0.249691 0.056505 
72445004900107 -0.208458 0.039553 0.270002 
72445023658232 0.028252 0.257021 0.459676 
72445042416252 0.096975 0.266490 0.556498 
72445061174377 0.045357 0.213039 0.441044 
72445079932502 -0.007789 0.220369 0.285885 
72445098690523 0.031001 0.286037 0.166766 
72445117448648 0.030696 0.340099 0.012828 
72445136206669 -0.065515 0.387441 -0.067806 
72445154964794 -0.072540 0.449444 -0.014661 
72445173722919 -0.029474 0.430507 0.088270 
72445192480940 -0.045357 0.328798 0.146608 
72445211239065 -0.067042 0.254883 0.153938 
72445229997190 -0.085674 0.300698 0.104458 
72445248755211 -0.119271 0.384387 0.028100 
72445267513336 -0.083536 0.415235 -0.000916 
72445286271357 -0.018479 0.344375 0.007636 
72445305029482 -0.018479 0.189215 0.022602 
72445323787607 0.010843 0.125685 0.051313 
72445342545627 0.046884 0.157450 0.047953 
72445361303752 0.042608 0.212428 0.013134 
72445380061877 0.045357 0.274736 -0.010690 
72445398819898 0.055131 0.269850 -0.005192 
72445417578023 0.062461 0.190132 0.012523 
72445436336148 0.035583 0.134848 0.020769 
72445455094169 0.006567 0.110108 0.009163 
72445473852294 0.031918 0.144928 -0.005498 
72445492610315 0.078038 0.201127 -0.017104 
72445511368440 0.108581 0.212123 -0.018021 
72445530126565 0.095753 0.147066 -0.012217 
72445548884586 0.069486 0.097280 0.003665 
72445567642711 0.067653 0.081092 0.016188 
72445586400836 0.052993 0.029474 0.018937 
72445605158857 0.027336 -0.046578 0.007941 
72445623916982 0.016035 -0.053603 0.003665 
72445642675002 0.005345 -0.014508 -0.005803 
72445661433127 -0.000458 0.010843 -0.014661 
72445680191252 0.010232 -0.005040 -0.004276 
72445698949273 0.036194 -0.027947 0.007025 
72445717707398 0.041997 -0.078649 0.012217 
72445736465523 0.033139 -0.122326 0.003971 
72445755223544 0.030391 -0.144317 -0.008552 
72445773981669 0.022144 -0.187994 -0.016493 
72445792739690 0.003818 -0.222507 -0.020464 
72445811497815 0.004734 -0.229227 -0.012217 
72445830255940 0.002291 -0.260992 -0.001527 
72445849013961 0.013592 -0.265268 0.004581 
72445867772086 0.007178 -0.224035 -0.003665 
72445886530107 0.008094 -0.177609 -0.026573 
72445905288232 0.033445 -0.140652 -0.036346 
72445924046357 0.063072 -0.125380 -0.038484 
72445942804377 0.072540 -0.140346 -0.032681 
72445961562502 0.056352 -0.166002 -0.025351 
72445980320627 0.043219 -0.158367 -0.017104 
72445999078648 0.044135 -0.130572 -0.013744 
72446017836773 0.026725 -0.137903 -0.020464 
72446036594794 0.008399 -0.158061 -0.018326 
72446055352919 0.011454 -0.138514 -0.010079 
72446074111044 0.027642 -0.120188 0.000000 
72446092869065 0.003818 -0.144622 -0.003054 
72446111627190 -0.011759 -0.145844 -0.014050 
72446130385315 0.010843 -0.100640 -0.020464 
72446149143336 0.034056 -0.057879 -0.025351 
72446167901461 0.037415 -0.083841 -0.018631 
72446186659482 0.023060 -0.108276 -0.010079 
72446205417607 0.015119 -0.104611 -0.007330 
72446224175732 0.015730 -0.100640 -0.007025 
72446242933752 -0.006261 -0.089339 -0.013439 
72446261691877 -0.020311 -0.071624 -0.012828 
72446280449898 -0.022755 -0.086285 0.002749 
72446299208023 -0.123242 -0.201127 0.003054 
72446317966148 -0.318719 -0.421039 -0.059559 
72446336724169 -0.440892 -0.678823 -0.167072 
72446355482294 -0.503811 -0.756098 -0.258396 
72446374240315 -0.666301 -0.612545 -0.274889 
72446392998440 -0.706007 -0.580780 -0.217468 
72446411756565 -0.493426 -0.329714 -0.035430 
72446430514586 -0.107970 0.087201 0.082161 
72446449272711 0.255800 0.205403 0.146302 
72446468030836 0.399353 0.124158 0.135307 
72446486788857 0.432645 0.115912 0.091324 
72446505546982 0.448222 0.027947 0.103542 
72446524305002 0.376140 -0.177609 0.100487 
72446543063127 0.279013 -0.299476 0.061697 
72446561821148 0.205403 -0.305891 0.007330 
72446580579273 0.144622 -0.214261 -0.004581 
72446599337398 0.115301 -0.032223 0.037568 
72446618095419 0.125991 0.153785 0.038179 
72446636853544 0.115912 0.215177 -0.090713 
72446655611565 -0.038637 0.104305 -0.242208 
72446674369690 -0.220369 -0.016341 -0.327118 
72446693127815 -0.167224 0.003512 -0.321315 
72446711885836 0.023366 0.315970 -0.226020 
72446730643961 0.357203 0.615904 0.067195 
72446749402086 0.621097 0.589943 0.408669 
72446768160107 0.705396 0.569479 0.609643 
72446786918232 0.560010 0.554207 0.466090 
72446805676252 0.279318 0.525496 0.229380 
72446824434377 0.133932 0.602160 0.058338 
72446843192502 0.253967 0.485790 0.119424 
72446861950523 0.590248 0.070402 0.176234 
72446880708648 0.691346 -0.117439 0.210137 
72446899466669 0.644310 -0.115912 0.197920 
72446918224794 0.721889 -0.181885 0.188452 
72446936982815 0.728914 -0.297338 0.114843 
72446955740940 0.706312 -0.439670 0.033598 
72446974499065 0.769537 -0.684627 0.030543 
72446993257086 0.771370 -0.862999 0.018937 
72447012015211 0.713948 -0.699287 -0.002138 
72447030773232 0.788779 -0.349262 -0.083994 
72447049531357 0.748767 -0.107054 -0.188452 
72447068289482 0.601549 -0.290619 -0.213803 
72447087047502 0.516944 -0.563065 -0.162490 
72447105805627 0.453109 -0.438143 -0.217468 
72447124563648 0.233198 -0.034361 -0.372933 
72447143321773 0.001680 -0.018173 -0.438295 
72447162079898 -0.244804 -0.093920 -0.373544 
72447180837919 -0.631481 0.203571 -0.212886 
72447199596044 -0.960127 0.944244 0.133474 
72447218354065 -1.438434 1.766468 0.241292 
72447237112190 -2.007454 1.480889 0.295048 
72447255870315 -2.313192 1.030987 0.250455 
72447274628336 -2.467741 0.653473 0.025656 
72447293386461 -2.577697 0.316886 -0.012828 
72447312144482 -2.826013 0.292452 -0.113315 
72447330902607 -3.099375 0.187688 -0.332005 
72447349660627 -2.880075 -0.186772 -0.557109 
72447368418752 -2.311970 -1.199586 -0.649960 
72447387176877 -2.005927 -2.062738 -0.445626 
72447405934898 -1.878867 -2.107025 -0.000916 
72447424693023 -1.658651 -0.762817 0.286801 
72447443451044 -1.691637 0.928056 0.547640 
72447462209169 -1.883449 1.865123 0.915686 
72447480967294 -1.950033 2.508669 1.080925 
72447499725315 -1.811978 3.223992 0.942259 
72447518483440 -1.686750 3.601201 0.938288 
72447537241461 -1.538005 3.803702 0.864068 
72447555999586 -1.181565 3.296990 0.616363 
72447574757607 -0.410654 2.111607 0.394313 
72447593515732 0.200516 1.189506 0.250149 
72447612273752 0.572228 0.655000 0.233350 
72447631031877 0.616515 0.541684 0.338114 
72447649790002 0.218842 0.607352 0.376598 
72447668548023 -0.022144 1.067639 0.399506 
72447687306148 -0.294895 1.702327 0.367130 
72447706064273 -0.431729 1.651931 0.476780 
72447724822294 -0.180969 1.073442 0.723264 
72447743580419 -0.234725 0.953713 0.739146 
72447762338440 -0.309861 0.805578 0.590401 
72447781096565 0.359036 0.163559 0.328340 
72447799854586 1.062447 -0.936303 -0.391259 
72447818612711 0.732885 -1.812589 -0.780074 
72447837370836 0.288481 -1.693164 -0.902553 
72447856128857 0.882547 -1.494633 -0.623082 
72447874886982 1.947590 -2.341292 -0.094073 
72447893645002 3.250564 -4.168083 0.226020 
72447912403127 4.194656 -5.657677 -0.041844 
72447931161148 4.134791 -5.496408 -0.562606 
72447949919273 2.110691 -2.299753 -0.740368 
72447968677398 0.747240 1.631773 -0.511599 
72447987435419 1.579849 2.984227 0.117286 
72448006193544 2.122602 0.968373 0.322537 
72448024951565 1.645212 -1.289383 0.388815 
72448043709690 1.209665 -1.616195 0.453262 
72448062467711 1.247233 -0.924086 0.507323 
72448081225836 1.674228 -0.628122 0.450207 
72448099983961 1.792125 -0.836427 0.213803 
72448118741982 1.386510 -1.356883 0.006414 
72448137500107 1.044121 -1.382540 -0.226325 
72448156258127 0.973871 -1.004109 -0.455705 
72448175016252 1.145830 -0.699898 -0.519235 
72448193774273 1.585652 -0.670271 -0.444710 
72448212532398 1.915519 -0.315054 -0.394924 
72448231290523 1.821141 -0.401491 -0.378125 
72448250048544 1.276860 -0.868497 -0.368657 
72448268806669 0.676075 -0.932943 -0.288328 
72448287564690 0.473878 -0.965625 -0.085216 
72448306322815 0.429896 -0.869413 0.110261 
72448325080836 0.240528 -0.555123 0.182649 
72448343838961 -0.544433 -0.099418 0.167988 
72448362596982 -1.583209 0.444251 0.229380 
72448381355107 -2.265239 0.787252 0.413861 
72448400113232 -2.937496 0.821766 0.626747 
72448418871252 -2.942383 1.036790 0.864679 
72448437629377 -2.593274 0.693790 0.825584 
72448456387398 -2.625955 -0.168141 0.455705 
72448475145523 -3.027904 -0.761901 -0.262061 
72448493903544 -3.547139 -0.779311 -0.636827 
72448512661669 -3.228878 -0.903316 -0.755334 
72448531419794 -2.506531 -1.749975 -0.596815 
72448550177815 -2.073428 -2.093892 -0.022297 
72448568935940 -1.782962 -0.118966 0.338419 
72448587693961 -2.222173 1.443321 0.705854 
72448606452086 -2.521192 1.715461 1.167363 
72448625210107 -2.428035 2.586554 1.422399 
72448643968232 -2.390467 3.671145 1.220813 
72448662726252 -2.411236 4.346456 0.987157 
72448681484377 -2.072511 4.857139 0.665843 
72448700242502 -0.895375 4.078897 0.440128 
72448719000523 0.183718 2.947575 0.221744 
72448737758648 0.855974 1.816254 0.116370 
72448756516669 1.082605 0.840397 0.255952 
72448775274794 0.177914 0.102167 0.372322 
72448794032815 0.021228 1.164766 0.334448 
72448812790940 0.032223 2.110080 0.126754 
72448831548961 -0.537714 1.826638 0.267253 
72448850307086 -0.624151 1.021824 0.643851 
72448869065107 -0.629649 0.626289 0.748920 
72448887823232 -0.709061 0.520304 0.366519 
72448906581357 0.293368 0.081703 -0.266032 
72448925339377 0.524580 -1.152549 -1.012203 
72448944097502 0.207541 -1.705382 -1.054047 
72448962855523 0.785419 -1.350469 -0.717155 
72448981613648 1.135750 -1.665981 -0.551000 
72449000371669 2.120159 -3.067305 -0.010996 
72449019129794 3.663203 -4.766120 0.322842 
72449037887815 4.384634 -5.590482 -0.168293 
72449056645940 4.530326 -5.481748 -0.741590 
72449075404065 2.956738 -2.763094 -0.737008 
72449094162086 1.303127 1.299767 -0.237016 
72449112920211 1.639103 3.165349 0.462119 
72449131678232 2.128100 1.643074 0.547335 
72449150436357 2.027613 -0.499229 0.473115 
72449169194377 1.671173 -1.238986 0.511599 
72449187952502 1.378264 -1.037401 0.468839 
72449206710523 1.366046 -0.843757 0.282220 
72449225468648 1.578016 -1.593593 0.127976 
72449244226669 1.708131 -1.832442 -0.078191 
72449262984794 1.654069 -1.278693 -0.352774 
72449281742815 1.666286 -0.539241 -0.630718 
72449300500940 1.723097 0.249386 -0.706465 
72449319259065 1.684001 0.243888 -0.634688 
72449338017086 1.587179 -0.774424 -0.558941 
72449356775211 1.258840 -1.185230 -0.312763 
72449375533232 0.919810 -0.760985 -0.054062 
72449394291357 0.404240 -0.719141 -0.127671 
72449413049377 0.040775 -0.754876 -0.111483 
72449431807502 -0.124158 -0.592997 0.102625 
72449450565523 -0.871551 0.085674 0.291077 
72449469323648 -1.822973 0.544433 0.418442 
72449488081669 -2.598161 0.625067 0.467312 
72449506839794 -3.078300 0.900873 0.589485 
72449525597815 -2.815629 0.864832 0.754418 
72449544355940 -2.438725 0.205403 0.883921 
72449563113961 -2.552040 -0.252745 0.473420 
72449581872086 -3.164127 -0.476322 -0.249844 
72449600630211 -3.603339 -0.683710 -0.618195 
72449619388232 -2.883740 -0.790612 -0.683252 
72449638146357 -2.061210 -1.480889 -0.237932 
72449656904377 -1.574657 -1.734398 0.276722 
72449675662502 -1.801593 0.607352 0.584598 
72449694420523 -2.506836 1.599397 1.042441 
72449713178648 -2.507447 2.267377 1.447139 
72449731936669 -2.257603 3.021184 1.557400 
72449750694794 -2.105193 3.845546 1.324660 
72449769452815 -2.114050 4.608517 1.163697 
72449788210940 -1.646433 4.876686 0.793208 
72449806968961 -0.315054 3.843714 0.583070 
72449825727086 0.685543 2.506531 0.259312 
72449844485211 1.236848 1.435685 0.120951 
72449863243232 1.122006 0.532827 0.222049 
72449882001357 0.239001 0.065210 0.313374 
72449900759377 0.075289 0.950047 0.245568 
72449919517502 -0.389884 1.572519 0.195477 
72449938275523 -0.781143 1.740201 0.527482 
72449957033648 -0.750906 1.421635 1.013119 
72449975791669 -0.866359 1.049008 0.679892 
72449994549794 0.103389 0.298560 0.390648 
72450013307815 0.894459 -0.472046 -0.329867 
72450032065940 0.897513 -1.728289 -1.118799 
72450050823961 0.376445 -2.041357 -1.216232 
72450069582086 0.894459 -0.941495 -0.501520 
72450088340107 1.528536 -1.729205 0.062614 
72450107098232 2.749960 -3.099070 0.783129 
72450125856252 3.964054 -4.401739 0.675616 
72450144614377 4.689151 -5.293602 -0.061086 
72450163372502 4.240776 -4.890431 -0.706465 
72450182130523 1.997070 -1.114065 -0.790154 
72450200888648 0.781143 3.088990 -0.245262 
72450219646669 1.470504 2.947881 0.380569 
72450238404794 2.020283 0.149509 0.456621 
72450257162815 1.850462 -1.221882 0.506712 
72450275920940 1.470810 -0.952185 0.473420 
72450294678961 1.341001 -0.706618 0.254425 
72450313437086 1.247844 -1.056949 0.016799 
72450332195107 1.372766 -1.408502 -0.183870 
72450350953232 1.548695 -1.371239 -0.418137 
72450369711252 1.604589 -1.183398 -0.540004 
72450388469377 1.759443 -0.556345 -0.505185 
72450407227398 1.755167 -0.146149 -0.434630 
72450425985523 1.428660 -0.731052 -0.484721 
72450444743544 1.142164 -1.168432 -0.388510 
72450463501669 1.011134 -0.852920 -0.120035 
72450482259690 0.676685 -0.706618 -0.117591 
72450501017815 0.316581 -0.802524 -0.163712 
72450519775836 0.041997 -0.751211 -0.036041 
72450538533961 -0.631787 -0.276264 0.162490 
72450557291982 -1.500131 0.291841 0.339946 
72450576050107 -2.274708 0.679129 0.520457 
72450594808127 -2.949713 0.822377 0.643241 
72450613566252 -2.944521 0.870940 0.818559 
72450632324273 -2.421926 0.501062 0.972802 
72450651082398 -2.299448 -0.172111 0.680503 
72450669840419 -2.685209 -0.817490 -0.154854 
72450688598544 -3.481166 -0.847117 -0.474642 
72450707356565 -3.276221 -0.650113 -0.487470 
72450726114690 -2.368475 -1.096655 -0.345444 
72450744872711 -1.792735 -1.563050 -0.070860 
72450763630836 -1.545335 0.472046 0.409890 
72450782388857 -2.288758 1.316566 0.996626 
72450801146982 -2.740492 1.657123 1.260520 
72450819905107 -2.497062 2.972926 1.320995 
72450838663127 -2.297920 3.866316 1.197295 
72450857421252 -2.278678 4.347677 1.125518 
72450876179273 -2.048688 4.949074 0.829249 
72450894937398 -0.994946 4.329657 0.599564 
72450913695419 0.123547 2.932609 0.377209 
72450932453544 0.815046 1.438739 0.138055 
72450951211565 1.085049 0.481514 0.213803 
72450969969690 0.491593 -0.035277 0.321315 
72450988727711 0.055741 0.822071 0.378736 
72451007485836 -0.247553 1.684307 0.323758 
72451026243857 -0.797331 1.753945 0.397673 
72451045001982 -0.893237 1.263421 0.642935 
72451063760002 -0.720668 1.036790 0.854905 
72451082518127 -0.745713 0.832761 0.625526 
72451101276148 0.244193 0.096058 0.113621 
72451120034273 0.514501 -0.802524 -0.631940 
72451138792294 0.404545 -1.971108 -0.875980 
72451157550419 0.685238 -1.438434 -0.552833 
72451176308440 1.286023 -1.438739 -0.388205 
72451195066565 2.085034 -2.789056 -0.056810 
72451213824586 3.396561 -4.696481 0.048564 
72451232582711 4.172665 -5.759080 -0.536645 
72451251340732 4.492452 -6.171414 -1.285565 
72451270098857 3.269501 -3.983602 -1.309083 
72451288856877 1.437212 0.915534 -0.515570 
72451307615002 1.966526 3.494605 0.399200 
72451326373023 2.627177 2.512334 0.598037 
72451345131148 2.136041 -0.160505 0.235183 
72451363889169 1.543808 -1.681863 0.351247 
72451382647294 1.339779 -1.383151 0.488081 
72451401405315 1.527620 -1.255480 0.270613 
72451420163440 1.481194 -1.446070 0.096211 
72451438921461 1.562439 -1.395062 -0.270613 
72451457679586 1.917963 -1.030071 -0.617890 
72451476437607 1.982103 -0.383776 -0.665843 
72451495195732 1.767385 0.022449 -0.631329 
72451513953752 1.559996 -0.611018 -0.571769 
72451532711877 1.248150 -1.057254 -0.322231 
72451551469898 0.972649 -0.820850 -0.040012 
72451570228023 0.556345 -0.826958 -0.137750 
72451588986044 0.019090 -0.740521 -0.238848 
72451607744169 -0.148287 -0.347124 -0.080329 
72451626502190 -0.647669 -0.013286 0.156687 
72451645260315 -1.713934 0.000153 0.244346 
72451664018336 -2.547459 0.055741 0.473115 
72451682776461 -3.135416 0.468991 0.730289 
72451701534482 -2.810436 0.922253 1.030529 
72451720292607 -2.234391 0.879493 1.096808 
72451739050627 -2.213621 0.271377 0.861014 
72451757808752 -2.698343 -0.406378 0.228158 
72451776566773 -3.376097 -0.968679 -0.213497 
72451795324898 -3.120145 -0.926835 -0.398589 
72451814082919 -2.252106 -1.275638 -0.053451 
72451832841044 -1.778686 -1.897193 0.250455 
72451851599065 -1.956447 -0.176387 0.310319 
72451870357190 -2.610378 2.266461 0.500604 
72451889115315 -2.751488 2.460411 0.850324 
72451907873336 -2.551124 2.504087 1.187827 
72451926631357 -2.261574 3.340972 1.216232 
72451945389482 -2.094808 3.898997 1.133154 
72451964147607 -1.786016 4.491536 0.927293 
72451982905523 -0.812603 4.156782 0.618806 
72452001663752 0.234725 3.182453 0.389121 
72452020421773 0.960127 2.054186 0.144775 
72452039179898 1.427744 1.246317 0.207694 
72452057937919 1.271057 0.259465 0.347887 
72452076696044 0.303447 -0.025809 0.342695 
72452095454065 0.036499 1.484860 0.160047 
72452114212190 -0.727387 1.995543 0.254425 
72452132970211 -1.213025 1.593288 0.650571 
72452151728336 -1.189812 1.379485 1.037859 
72452170486357 -2.032194 1.478446 0.583376 
72452189244482 -1.763108 0.344986 0.154549 
72452208002502 -0.516028 -0.680045 0.266642 
72452226760627 0.488539 -1.797622 -0.412028 
72452245518648 0.926529 -1.593288 -0.798095 
72452264276773 1.307403 -0.915534 -0.615446 
72452283034794 1.619555 -1.922544 -0.372017 
72452301792919 2.530966 -3.540420 -0.010385 
72452320550940 2.772257 -3.893499 -0.120340 
72452339309065 2.662302 -3.410611 -0.685696 
72452358067086 2.806160 -2.729191 -0.858876 
72452376825211 2.480569 -1.490968 -0.035430 
72452395583232 2.236834 0.254272 0.645684 
72452414341357 2.436281 0.521526 0.680809 
72452433099377 2.721861 -0.251829 0.277638 
72452451857502 2.660774 -0.649197 -0.051618 
72452470615523 1.805869 -0.581085 -0.109345 
72452489373648 1.128725 -0.220064 -0.018937 
72452508131669 1.413083 -0.525802 0.171348 
72452526889794 1.720653 -1.416137 0.211970 
72452545647815 1.608560 -2.131460 0.108734 
72452564405940 1.439350 -2.188576 -0.024129 
72452583163961 1.331227 -1.628107 -0.240681 
72452601922086 1.260061 -1.354440 -0.448069 
72452620680107 1.217301 -1.645517 -0.574518 
72452639438232 1.462563 -1.223409 -0.387899 
72452658196252 1.524260 -0.633619 -0.262366 
72452676954377 1.220661 -0.396604 -0.341473 
72452695712398 0.939052 -0.222202 -0.287717 
72452714470523 1.157741 0.757625 0.150884 
72452733228544 -0.002291 -0.212734 -0.101709 
72452751986669 -0.818101 -1.023962 -0.220217 
72452770744690 -1.158658 -0.332158 0.171348 
72452789502815 -2.156505 0.552680 0.059254 
72452808260836 -2.809825 0.308945 0.341473 
72452827018961 -2.698953 0.252440 0.897055 
72452845776982 -2.104276 0.768315 1.007927 
72452864535107 -2.098473 0.946688 1.107498 
72452883293127 -2.640310 -0.074678 0.773049 
72452902051252 -2.893819 -0.863305 0.047953 
72452920809273 -2.559371 -0.623540 -0.386372 
72452939567398 -2.351371 -0.810159 -0.314595 
72452958325419 -2.307389 -1.163545 -0.237626 
72452977083544 -2.085034 -1.011134 -0.223271 
72452995841565 -1.731344 -0.020617 0.035736 
72453014599690 -1.717904 1.128115 0.307265 
72453033357711 -1.866039 1.359938 0.593455 
72453052115836 -1.707520 1.361770 0.736092 
72453070873857 -1.496161 1.826028 0.894917 
72453089631982 -1.208138 2.972621 1.069624 
72453108390002 -0.898429 3.692219 0.978911 
72453127148127 -0.642172 4.048354 0.632550 
72453145906148 -0.242055 3.600590 0.315512 
72453164664273 0.249691 2.737743 0.144775 
72453183422294 0.657138 1.436907 0.143859 
72453202180419 0.725860 0.324216 0.135917 
72453220938440 0.272598 0.056658 0.143248 
72453239696565 -0.258854 0.589637 0.063225 
72453258454586 -0.775951 1.351691 0.105069 
72453277212711 -1.194088 1.684612 0.533896 
72453295970732 -1.121395 1.164766 1.286481 
72453314728857 -0.729220 0.828791 1.272737 
72453333486877 -0.377667 1.268003 0.927904 
72453352245002 0.274431 0.983034 0.531758 
72453371003023 0.616821 0.286648 -0.303600 
72453389761148 0.056658 -0.533132 -0.320704 
72453408519169 -0.301309 0.014508 -0.277027 
72453427277294 0.459523 -0.182190 -0.538783 
72453446035315 1.692248 -1.162323 -0.879645 
72453464793440 2.949713 -2.170861 -0.853378 
72453483551461 3.358687 -3.417636 -0.506712 
72453502309586 2.614043 -3.150382 -0.688445 
72453521067607 1.268003 -1.806174 -0.581238 
72453539825732 0.935387 -0.597578 0.402560 
72453558583752 2.013258 0.347124 0.919352 
72453577341877 3.077689 0.713643 0.620028 
72453596099898 3.094488 0.487623 0.212276 
72453614858023 1.689194 -0.645837 -0.116981 
72453633616044 1.016632 -0.560316 -0.032987 
72453652374169 1.411556 0.144317 0.520151 
72453671132086 1.563661 -0.330936 0.792292 
72453689890315 1.735620 -0.736550 0.490524 
72453708648336 1.557858 -1.033430 0.285885 
72453727406461 1.147051 -1.359938 0.065668 
72453746164482 1.149189 -1.364214 -0.047342 
72453764922607 1.317483 -0.885907 -0.167682 
72453783680627 1.535561 -0.510225 -0.241902 
72453802438752 1.594204 -0.107665 -0.293521 
72453821196773 1.632078 -0.079260 -0.051313 
72453839954898 1.404225 -0.372475 0.173180 
72453858712919 0.903011 -0.764345 0.241902 
72453877471044 0.478154 -0.956767 0.198226 
72453896229065 0.235641 -0.826958 0.278860 
72453914987190 -0.018784 -0.716086 0.468839 
72453933745211 -0.505643 -0.751516 0.725402 
72453952503336 -1.142164 -0.190132 0.815810 
72453971261357 -1.800371 0.622013 0.633467 
72453990019482 -2.525162 0.249691 0.495106 
72454008777502 -2.989114 -0.509309 0.288023 
72454027535627 -2.825402 -0.585667 0.240375 
72454046293648 -2.322966 -0.408821 0.220217 
72454065051773 -2.187354 -0.657138 -0.202502 
72454083809794 -2.658331 -1.140026 -0.541226 
72454102567919 -2.847699 -1.072220 -0.222966 
72454121325940 -2.118326 -0.720973 0.214108 
72454140084065 -1.953698 -0.721889 0.050091 
72454158842086 -2.205374 -0.748462 0.071471 
72454177600211 -2.203542 -0.088423 0.372322 
72454196358232 -1.849851 0.405767 0.636827 
72454215116357 -1.730427 0.608879 0.660956 
72454233874377 -1.622610 1.034652 0.538477 
72454252632502 -1.538616 1.801898 0.493273 
72454271390523 -1.394757 2.471101 0.575435 
72454290148648 -1.049924 2.828457 0.759305 
72454308906669 -0.494342 2.915200 0.637132 
72454327664794 0.066432 2.721555 0.270308 
72454346422815 0.647364 2.152229 0.012217 
72454365180940 1.084132 1.652542 -0.036957 
72454383938961 1.212108 1.255174 -0.029627 
72454402697086 1.006247 0.856891 0.008552 
72454421455107 0.384387 0.730136 0.011606 
72454440213232 -0.197157 0.925307 0.042455 
72454458971252 -0.694706 1.144608 0.351247 
72454477729377 -1.065501 0.803440 0.944091 
72454496487398 -0.689514 0.567035 1.207680 
72454515245523 -0.126296 0.742964 0.904691 
72454534003544 0.098502 0.895070 0.397368 
72454552761565 0.312610 0.432340 -0.141110 
72454571519690 0.557567 -0.366977 -0.499687 
72454590277815 0.378889 -0.831845 -0.534812 
72454609035836 0.606436 -0.678213 -0.655458 
72454627793961 1.015410 -0.354454 -1.026558 
72454646551982 1.613752 -0.795804 -1.243415 
72454665310107 2.871217 -2.221868 -1.090088 
72454684068127 3.149466 -2.753320 -0.824973 
72454702826252 2.578918 -1.723402 -0.189368 
72454721584273 2.699259 -1.205389 -0.453873 
72454740342398 2.908175 -1.196531 -0.253509 
72454759100419 2.537685 -0.516333 0.358883 
72454777858544 1.771355 0.096975 0.071166 
72454796616565 1.602146 0.108276 -0.681725 
72454815374690 1.667203 0.184328 -1.294423 
72454834132711 1.532202 0.420733 -1.222035 
72454852890836 1.555414 0.094531 -1.075733 
72454871648857 1.575878 -0.286343 -1.093143 
72454890406982 1.501964 -0.690430 -1.347568 
72454909165107 1.130863 -0.759763 -0.879645 
72454927923127 0.867275 -0.392633 -0.408669 
72454946681252 0.918588 0.237779 -0.295659 
72454965439273 0.972039 0.483652 -0.054978 
72454984197398 1.011745 0.699287 0.236710 
72455002955419 0.779311 1.157741 0.930347 
72455021713544 0.421344 1.521206 1.462716 
72455040471565 -0.228005 1.266170 2.609920 
72455059229690 -0.531910 0.370031 4.084548 
72455077987711 -0.257632 -1.923155 5.492285 
72455096745836 -0.881936 -2.481180 6.000219 
72455115503857 -1.563661 -2.978118 5.822152 
72455134261982 -1.773799 -3.513847 5.242442 
72455153020002 -2.497368 -2.682460 4.583624 
72455171778127 -2.895041 -2.236529 2.720486 
72455190536148 -2.129016 -2.837620 -0.343611 
72455209294273 -1.183398 -2.413679 -2.633438 
72455228052398 -0.352011 -1.265864 -2.906495 
72455246810419 0.235336 -0.313221 -2.178955 
72455265568544 0.809854 0.787557 -1.158810 
72455284326565 0.363312 2.199266 -1.226922 
72455303084690 -0.829402 4.576446 -2.381151 
72455321842711 -2.008065 7.069386 -4.233598 
72455340600836 1.586263 2.717585 -4.667312 
72455359358857 3.674810 0.834899 -5.053684 
72455378116877 3.667480 4.447859 -5.251299 
72455396875002 3.687333 6.007397 -4.576904 
72455415633127 4.041023 4.444805 -3.904342 
72455434391148 4.287507 3.070359 -3.865552 
72455453149273 3.908160 2.818377 -5.174025 
72455471907294 3.510182 4.385245 -6.902467 
72455490665419 3.885253 2.778671 -7.071676 
72455509423440 3.295768 0.577115 -6.214022 
72455528181565 1.822668 0.602160 -4.595536 
72455546939690 0.674547 2.829678 -4.343248 
72455565697711 0.240833 5.018101 -5.199681 
72455584455836 0.798248 2.142456 -5.190518 
72455603260732 0.738994 -0.147677 -4.332864 
72455621971982 1.727678 3.478111 -3.494147 
72455640730002 2.610683 2.373362 -3.420232 
72455659488127 2.085951 1.940565 -3.847837 
72455678246148 0.934165 0.618042 -3.734827 
72455697004273 0.069180 -0.677907 -3.633118 
72455715762346 -0.246331 -1.457065 -3.704589 
72455734520419 -0.334296 -2.050215 -4.056753 
72455753278492 -0.319940 -2.400240 -4.005135 
72455772036565 -0.386525 -2.434754 -3.538740 
72455790794690 -0.863916 1.515097 -2.890612 
72455809552711 -0.768010 1.899637 -2.404058 
72455828310836 0.395077 -0.594830 -2.356411 
72455847068857 1.048091 -0.862999 -2.745532 
72455865826825 1.380707 -0.792750 -2.897332 
72455884585055 1.370933 -0.494342 -3.083035 
72455903343127 0.818101 -0.169668 -3.291950 
72455922101200 0.326965 0.447306 -3.368614 
72455940859273 0.197157 0.787557 -3.472461 
72455959617398 0.371558 0.949742 -3.626093 
72455978375419 0.735634 -0.243888 -3.723832 
72455997133544 0.915839 -0.315359 -3.159393 
72456015891617 0.864832 -0.325438 -2.761720 
72456034649690 0.696233 -0.395993 -2.629162 
72456053407815 0.513890 -0.473267 -2.544863 
72456072165836 0.421649 -0.412181 -2.358549 
72456090923961 0.260076 -0.301004 -1.967901 
72456109681982 -0.018173 -0.455858 -1.400102 
72456128440107 -0.345597 -0.615904 -0.937983 
72456147198180 -0.652556 -0.775340 -1.053742 
72456165956252 -0.552680 -0.627205 -1.465159 
72456184714377 -0.023671 -0.291230 -1.801440 
72456203472398 0.443641 -0.125075 -1.663996 
72456222230523 0.457385 -0.264657 -0.919046 
72456240988596 0.180663 -0.118966 -0.372628 
72456259746669 0.087506 0.050549 -0.401949 
72456278504794 0.181885 0.420733 -0.337503 
72456297262815 0.018479 0.190437 -0.407447 
72456316020940 -0.422566 -0.305585 -0.539088 
72456334779065 -0.400269 -0.355371 -0.251065 
72456353537086 -0.180358 -0.320551 -0.048869 
72456372295211 -0.224646 -0.416152 -0.031460 
72456391053284 -0.388357 -0.386219 -0.112705 
72456409811357 -0.535576 -0.288481 -0.133169 
72456428569482 -0.573755 -0.200211 -0.072693 
72456447327502 -0.399353 -0.187077 -0.065057 
72456466085627 -0.029780 -0.192575 -0.141721 
72456484843752 0.265879 -0.176693 -0.200058 
72456503601773 0.319635 -0.031918 -0.208610 
72456522359898 0.186466 0.117133 -0.144775 
72456541118023 -0.014203 0.129045 -0.033598 
72456559876044 -0.141568 0.048716 0.002138 
72456578634169 -0.146760 -0.008094 -0.001833 
72456597392294 -0.084147 0.001374 0.017104 
72456616150315 -0.029474 0.027336 0.048258 
72456634908440 0.014203 -0.031307 0.031460 
72456653666513 0.075900 -0.088117 -0.004581 
72456672424638 0.120188 -0.149204 0.000000 
72456691182711 0.125075 -0.164781 0.022297 
72456709940836 0.115301 -0.087506 0.010079 
72456728698909 0.056963 0.022449 -0.044593 
72456747456982 -0.025198 0.080176 -0.083994 
72456766215107 -0.059101 0.022755 -0.092241 
72456784973232 0.005956 -0.022449 -0.032070 
72456803731305 0.129045 -0.063683 0.024740 
72456822489377 0.227089 -0.084147 0.035125 
72456841247502 0.251524 -0.056047 -0.000611 
72456860005627 0.155618 0.000458 -0.065668 
72456878763648 0.044746 0.032529 -0.085827 
72456897521773 0.046273 0.018173 -0.061392 
72456916279898 0.118355 -0.019090 -0.052534 
72456935038023 0.158672 -0.017562 -0.050091 
72456953796044 0.120799 0.008399 -0.065363 
72456972554169 0.027947 0.014813 -0.071166 
72456991312294 -0.005345 0.003207 -0.049175 
72457010070419 0.043524 0.001374 -0.032376 
72457028828440 0.076205 -0.018173 -0.030543 
72457047586565 0.032834 -0.052687 -0.047037 
72457066344690 -0.041692 -0.093920 -0.060476 
72457085102815 -0.060934 -0.114690 -0.040317 
72457103860940 -0.005040 -0.076816 -0.030238 
72457122618961 0.056963 -0.001374 -0.038484 
72457141377086 0.085979 0.043524 -0.051924 
72457160135211 0.078343 0.023976 -0.054062 
72457178893336 0.045968 -0.029780 -0.040928 
72457197651461 0.012981 -0.069180 -0.019242 
72457216409534 -0.020311 -0.077733 -0.003360 
72457235167607 -0.036805 -0.058490 -0.020159 
72457253925732 -0.025198 -0.021228 -0.029322 
72457272683857 -0.010843 0.000458 -0.021686 
72457291441982 -0.008705 0.000153 -0.001833 
72457310200107 0.007789 -0.012675 0.011912 
72457328958232 0.035277 -0.036805 -0.007941 
72457347716305 0.015119 -0.040775 -0.027794 
72457366474377 -0.030391 -0.039248 -0.044288 
72457385232502 -0.036499 -0.027031 -0.055589 
72457403990627 -0.021838 0.007178 -0.049175 
72457422748752 0.026420 0.012675 -0.015272 
72457441506877 0.074984 -0.017562 -0.004581 
72457460265002 0.084147 -0.042608 -0.009774 
72457479023127 0.209679 0.040164 -0.020769 
72457497781252 0.120493 0.057574 -0.054672 
72457516539377 -0.195019 -0.053298 -0.062308 
72457535297450 -0.265879 -0.096058 0.018326 
