# Created at Fri Mar 14 11:45:39 GMT+01:00 2025 in Burnaby Canada 
621961206390358 984.176514 
621961246391608 984.172607 
621961286428744 984.169189 
621961326389629 984.170410 
621961366389265 984.166260 
621961406381140 984.167725 
621961446387129 984.170654 
621961486390202 984.170410 
621961526390150 984.180176 
621961566381608 984.185547 
621961606388848 984.178223 
621961646389317 984.178467 
621961686391452 984.174805 
621961726413483 984.164307 
621961766389942 984.168213 
621961806390619 984.159668 
621961846390462 984.151611 
621961886386869 984.162354 
621961926389525 984.185059 
621961966389942 984.185059 
621962006381087 984.190430 
621962046389733 984.200684 
621962086390150 984.203369 
621962126390202 984.200439 
621962166381869 984.203125 
621962206390202 984.206787 
621962246390098 984.210449 
621962286391556 984.206299 
621962326371921 984.211182 
621962366389942 984.204834 
621962406390046 984.203613 
621962446384890 984.200928 
621962486389837 984.201904 
621962526389994 984.204346 
621962566390150 984.204590 
621962606390619 984.192627 
621962646390150 984.185791 
621962686383171 984.186035 
621962726499525 984.184082 
621962766390098 984.184570 
621962806389785 984.190674 
621962846380879 984.193604 
621962886390254 984.200439 
621962926390671 984.200195 
621962966389942 984.195313 
621963006384004 984.199951 
621963046390879 984.187744 
621963086390254 984.202393 
621963126391452 984.201660 
621963166391192 984.199219 
621963206389785 984.194580 
621963246390098 984.188232 
621963286381869 984.190918 
621963326390202 984.185303 
621963366389421 984.185791 
621963406389108 984.185547 
621963446382390 984.190918 
621963486391556 984.190186 
621963526390671 984.190186 
621963566389942 984.196777 
621963606385254 984.204102 
621963646389681 984.207520 
621963686389785 984.204834 
621963726387025 984.208496 
621963766391296 984.204346 
621963806390671 984.203369 
621963846389785 984.199463 
621963886382650 984.201904 
621963926385931 984.202148 
621963966390358 984.201660 
621964006389994 984.202393 
621964046382390 984.202393 
621964086391348 984.199463 
621964126391973 984.196045 
621964166391504 984.201660 
621964206369629 984.211670 
621964246384004 984.215088 
621964286390046 984.215332 
621964326391140 984.218750 
621964366390515 984.230469 
621964406389317 984.234863 
621964446390410 984.224365 
621964486381192 984.211670 
621964526462806 984.218750 
621964566390775 984.212646 
621964606389369 984.209229 
621964646381869 984.211182 
621964686390358 984.210693 
621964726383900 984.209229 
621964766391348 984.216553 
621964806367650 984.224121 
621964846389056 984.248779 
621964886390358 984.284912 
621964926390306 984.304199 
621964966390358 984.312744 
621965006391400 984.277832 
621965046389837 984.220947 
621965086382285 984.196045 
621965126383952 984.174316 
621965166389890 984.160156 
621965206389785 984.169922 
621965246380931 984.168701 
621965286390098 984.178955 
621965326389837 984.247070 
621965366391140 984.339600 
621965406382390 984.381836 
621965446385671 984.339600 
621965486389785 984.253418 
621965526390358 984.221924 
621965566389056 984.203857 
621965606389056 984.214844 
621965646390358 984.246582 
621965686390567 984.365723 
621965726384733 984.442627 
621965766385879 984.486816 
621965806390254 984.509277 
621965846382129 984.601563 
621965886384525 984.666992 
621965926389004 984.661377 
621965966389108 984.517578 
621966006382129 984.307373 
621966046388692 984.230957 
621966086390515 984.123535 
621966126389629 984.027588 
621966166391400 983.971924 
621966206390410 983.978516 
621966246390410 984.084961 
621966286391296 984.354736 
621966326384942 984.593994 
621966366389421 984.656494 
621966406389004 984.649902 
621966446381921 984.630615 
621966486389369 984.548828 
621966526391504 984.287842 
621966566390410 984.129395 
621966606381869 983.958984 
621966646369317 983.824463 
621966686390410 983.784424 
621966726390358 983.777344 
621966766367650 983.800049 
621966806391817 983.861084 
621966846390306 983.944824 
621966886390306 984.031250 
621966926384629 984.109863 
621966966389733 984.163330 
621967006390358 984.160889 
621967046380515 984.111084 
621967086390567 984.076416 
621967126391452 984.072021 
621967166390098 984.096680 
621967206380879 984.135010 
621967246382494 984.193848 
621967286390098 984.317383 
621967326389421 984.428467 
621967366369108 984.493896 
621967406390358 984.567627 
621967446391660 984.573242 
621967486389837 984.473877 
621967526386296 984.270020 
621967566389369 984.100342 
621967606389473 984.018799 
621967646382129 983.984375 
621967686389577 983.977295 
621967726391192 983.981689 
621967766390410 984.017822 
621967806382129 984.062988 
621967846391869 984.097412 
621967886390462 984.113525 
621967926390202 984.120361 
621967966384785 984.118164 
621968006389785 984.126953 
621968046384317 984.131348 
621968086390150 984.131592 
621968126384108 984.127686 
621968166390254 984.167725 
621968206389837 984.169189 
621968246390150 984.182129 
621968286391035 984.204346 
621968326392442 984.221924 
621968366389681 984.231445 
621968406380931 984.242920 
621968446384525 984.244141 
621968486390150 984.222168 
621968526390150 984.186279 
621968566381869 984.164063 
621968606389785 984.163818 
621968646384056 984.164063 
621968686388744 984.167969 
621968726409369 984.171875 
621968766389785 984.179932 
621968806389785 984.184570 
621968846390202 984.193848 
621968886390671 984.199707 
621968926390046 984.205811 
621968966389629 984.215820 
621969006380358 984.216064 
621969046384473 984.220215 
621969086390775 984.213379 
621969126390671 984.212402 
621969166381765 984.213379 
621969206390462 984.219238 
621969246391296 984.228271 
621969286389994 984.222900 
621969326384160 984.221436 
621969366391087 984.213867 
621969406382546 984.211670 
621969446391452 984.201660 
621969486389733 984.191162 
621969526391244 984.197754 
621969566389785 984.206055 
621969606380879 984.207764 
621969646383483 984.229492 
621969686389265 984.274414 
621969726389785 984.356934 
621969766380619 984.426270 
621969806390879 984.473389 
621969846391140 984.514648 
621969886390150 984.550781 
621969926369212 984.560059 
621969966386973 984.561768 
621970006389785 984.554199 
621970046391348 984.536865 
621970086390827 984.518311 
621970126389837 984.469971 
621970166390046 984.347168 
621970206381869 984.153809 
621970246501296 984.007080 
621970286389421 983.914307 
621970326389837 983.883301 
621970366381869 983.888672 
621970406389890 983.919189 
621970446383952 983.959229 
621970486389369 983.996826 
621970526368587 984.039063 
621970566390410 984.072754 
621970606395567 984.100098 
621970646391400 984.137207 
621970686389785 984.171875 
621970726392494 984.198242 
621970766389265 984.208252 
621970806395879 984.183350 
621970846386087 984.170654 
621970886390358 984.159424 
621970926389629 984.146973 
621970966382129 984.154785 
621971006389994 984.172852 
621971046391244 984.194824 
621971086390358 984.248291 
621971126381140 984.380859 
621971166371087 984.472412 
621971206390306 984.532227 
621971246390358 984.564209 
621971286385254 984.576904 
621971326390358 984.593506 
621971366389577 984.602051 
621971406384733 984.616455 
621971446384212 984.584717 
621971486389837 984.495361 
621971526389629 984.341064 
621971566381608 984.104736 
621971606391140 983.931641 
621971646390150 983.864258 
621971686390098 983.863770 
621971726382650 983.888916 
621971766381921 983.982178 
621971806389525 984.019287 
621971846390306 984.050781 
621971886384421 984.073486 
621971926391296 984.104004 
621971966390358 984.159180 
621972006391452 984.199951 
621972046384369 984.170898 
621972086390723 984.138184 
621972126390358 984.142578 
621972166380410 984.159668 
621972206391140 984.164551 
621972246391140 984.180664 
621972286389890 984.239502 
621972326381869 984.365479 
621972366390306 984.467285 
621972406390046 984.526611 
621972446390098 984.558350 
621972486367181 984.569336 
621972526391296 984.584961 
621972566389265 984.593750 
621972606390515 984.601807 
621972646385150 984.587646 
621972686390254 984.552490 
621972726390306 984.485352 
621972766382077 984.342529 
621972806390515 984.106201 
621972846391035 983.944336 
621972886390358 983.855713 
621972926382129 983.838623 
621972966540098 983.846924 
621973006389108 983.875732 
621973046389837 983.923340 
621973086369421 983.961670 
621973126390619 983.997559 
621973166391035 984.038818 
621973206390515 984.069824 
621973246384733 984.102051 
621973286390098 984.130371 
621973326389369 984.160400 
621973366382129 984.172119 
621973406390306 984.170410 
621973446391660 984.163330 
621973486390202 984.164063 
621973526382129 984.156738 
621973566394212 984.162842 
621973606389629 984.174316 
621973646384733 984.197998 
621973686385515 984.246338 
621973726391087 984.354248 
621973766391556 984.449707 
621973806390098 984.504883 
621973846383587 984.535889 
621973886389473 984.557373 
621973926389369 984.575684 
621973966389265 984.573730 
621974006391035 984.562744 
621974046390515 984.537354 
621974086389212 984.481445 
621974126380879 984.367676 
621974166384577 984.193604 
621974206389160 984.020752 
621974246389108 983.912842 
621974286381348 983.874756 
621974326391400 983.879150 
621974366390723 983.897461 
621974406389317 983.929932 
621974446416869 983.978027 
621974486390358 984.018311 
621974526383640 984.056396 
621974566391296 984.090088 
621974606389942 984.122559 
621974646390150 984.162354 
621974686390150 984.180664 
621974726381921 984.170898 
621974766382494 984.152588 
621974806389837 984.146973 
621974846368119 984.140625 
621974886382650 984.148438 
621974926389942 984.175293 
621974966391348 984.213867 
621975006390410 984.303955 
621975046384212 984.412842 
621975086391087 984.489746 
621975126389994 984.541260 
621975166391400 984.558594 
621975206389890 984.575684 
621975246390410 984.588623 
621975286389733 984.599121 
621975326382129 984.582031 
621975366384525 984.332520 
621975406389837 984.110596 
621975446390202 983.956299 
621975486381140 983.886475 
621975526391140 983.870117 
621975566390879 983.884766 
621975606388744 983.932861 
621975646368223 983.964844 
621975686383900 983.995850 
621975726389890 984.030518 
621975766390983 984.072754 
621975806390202 984.116211 
621975846390098 984.182373 
621975886390358 984.170898 
621975926381140 984.157227 
621975966383848 984.149658 
621976006389890 984.144287 
621976046389160 984.142578 
621976086382390 984.157227 
621976126390358 984.180908 
621976166391556 984.250732 
621976206390046 984.382813 
621976246368535 984.479980 
621976286389317 984.538086 
621976326389681 984.568848 
621976366390515 984.563965 
621976406383587 984.574707 
621976446391244 984.585205 
621976486389890 984.570801 
621976526391035 984.530518 
621976566384681 984.416748 
621976606384681 984.247314 
621976646390098 984.070557 
621976686381921 983.936523 
621976726389369 983.876221 
621976766391192 983.864502 
621976806389160 983.882813 
621976846380879 983.908691 
621976886383171 983.953857 
621976926390671 983.999023 
621976966389785 984.057617 
621977006389369 984.093018 
621977046384577 984.147217 
621977086389629 984.216797 
621977126389942 984.176270 
621977166384942 984.136963 
621977206390098 984.132568 
621977246390410 984.134521 
621977286380358 984.153320 
621977326389056 984.180908 
621977366391348 984.261963 
621977406389629 984.401855 
621977446380879 984.508301 
621977486383223 984.572754 
621977526389577 984.597900 
621977566368379 984.597900 
621977606389890 984.595703 
621977646390150 984.595703 
621977686390462 984.591797 
621977726391140 984.541504 
621977766385254 984.412354 
621977806389160 984.172363 
621977846385515 983.978027 
621977886381869 983.886230 
621977926391140 983.853760 
621977966389890 983.862793 
621978006390046 983.887939 
621978046382390 983.933105 
621978086369212 983.971924 
621978126389733 984.019531 
621978166390410 984.062500 
621978206367754 984.099365 
621978246390358 984.178223 
621978286389629 984.199219 
621978326390775 984.161865 
621978366384108 984.132568 
621978406389212 984.123291 
621978446389369 984.117676 
621978486383640 984.134766 
621978526391087 984.171875 
621978566390306 984.255615 
621978606390098 984.399414 
621978646382181 984.503174 
621978686384369 984.558838 
621978726389369 984.566895 
621978766389004 984.572266 
621978806369421 984.579102 
621978846389785 984.583740 
621978886389837 984.572021 
621978926390098 984.552490 
621978966382285 984.474609 
621979006389160 984.085938 
621979046389369 983.944092 
621979086382129 983.884521 
621979126390410 983.868896 
621979166390515 983.889160 
621979206389681 983.926270 
621979246381192 983.973389 
621979286384890 984.009277 
621979326390098 984.039307 
621979366390254 984.077881 
621979406373067 984.113037 
621979446390046 984.155762 
621979486383171 984.184570 
621979526390358 984.186523 
621979566383223 984.166016 
621979606368692 984.160645 
621979646411556 984.158203 
621979686391348 984.153320 
621979726391348 984.162598 
621979766390515 984.174316 
621979806389629 984.203125 
621979846382129 984.275879 
621979886390098 984.402832 
621979926382129 984.484863 
621979966384056 984.532227 
621980006382390 984.553955 
621980046382494 984.564209 
621980086383796 984.588135 
621980126389994 984.617676 
621980166384421 984.618896 
621980206390462 984.546387 
621980246390410 984.390869 
621980286391921 984.144775 
621980326389942 983.980225 
621980366391296 983.917969 
621980406389056 983.898926 
621980446381348 983.920166 
621980486384212 983.953613 
621980526390306 983.989746 
621980566389942 984.023926 
621980606381400 984.063477 
621980646390723 984.099365 
621980686388692 984.125977 
621980726390306 984.170410 
621980766464733 984.192627 
621980806389837 984.186523 
621980846384473 984.169922 
621980886390462 984.161133 
621980926390046 984.152100 
621980966391192 984.163574 
621981006389629 984.182129 
621981046382077 984.187500 
621981086383171 984.237061 
621981126389004 984.365479 
621981166389577 984.470215 
621981206380619 984.538574 
621981246390619 984.568115 
621981286390046 984.585693 
621981326388900 984.616211 
621981366374369 984.624512 
621981406383744 984.607422 
621981446390150 984.568359 
621981486390462 984.469727 
621981526390254 984.313477 
621981566389160 984.100098 
621981606389890 983.965332 
621981646380619 983.906250 
621981686383223 983.892822 
621981726389942 983.915771 
621981766384212 983.941406 
621981806380879 983.989258 
621981846391192 984.028320 
621981886389890 984.062988 
621981926390358 984.098389 
621981966368171 984.136230 
621982006390462 984.198730 
621982046390358 984.180908 
621982086390723 984.155029 
621982126390879 984.156250 
621982166391452 984.163330 
621982206390983 984.160400 
621982246381556 984.167725 
621982286568327 984.184326 
621982326389890 984.231934 
621982366389629 984.346680 
621982406381556 984.447021 
621982446391400 984.518555 
621982486390358 984.542480 
621982526390202 984.567627 
621982566385462 984.599121 
621982606383067 984.597900 
621982646382598 984.581543 
621982686389785 984.494385 
621982726391035 984.097412 
621982766389890 983.976318 
621982806390202 983.924805 
621982846389942 983.915527 
621982886384056 983.927246 
621982926389525 983.970947 
621982966389160 984.008789 
621983006382129 984.051514 
621983046384004 984.087402 
621983086389785 984.109375 
621983126388744 984.167236 
621983166381348 984.200684 
621983206381973 984.182129 
621983246390515 984.176025 
621983286390306 984.174561 
621983326391140 984.169189 
621983366390150 984.166504 
621983406389681 984.177734 
621983446391452 984.208496 
621983486383900 984.276611 
621983526390462 984.402344 
621983566390202 984.504150 
621983606380098 984.560547 
621983646389785 984.597168 
621983686391452 984.628174 
621983726390879 984.641113 
621983766382390 984.625000 
621983806390046 984.560059 
621983846389629 984.419922 
621983886390150 984.226807 
621983926368952 984.064453 
621983966390983 983.965088 
621984006390410 983.923340 
621984046383431 983.918701 
621984086381869 983.948486 
621984126390306 983.983887 
621984166390150 984.016113 
621984206381452 984.049561 
621984246390358 984.082520 
621984286392129 984.105713 
621984326390410 984.180420 
621984366381192 984.170166 
621984406383744 984.161377 
621984446383744 984.160645 
621984486389473 984.157471 
621984526369785 984.170654 
621984566389004 984.173340 
621984606389004 984.181152 
621984646390410 984.214600 
621984686384004 984.313232 
621984726390202 984.427734 
621984766390254 984.497070 
621984806382129 984.538818 
621984846390567 984.553467 
621984886388952 984.574951 
621984926389785 984.585449 
621984966382077 984.587158 
621985006381296 984.523438 
621985046389160 984.370605 
621985086389890 984.150146 
621985126369473 984.011719 
621985166392025 983.938721 
621985206390619 983.932617 
621985246390515 983.939941 
621985286384890 983.967285 
621985326390202 984.004150 
621985366390410 984.038574 
621985406387598 984.083984 
621985446389056 984.104980 
621985486390671 984.166504 
621985526390150 984.230469 
621985566381608 984.207520 
621985606384890 984.165527 
621985646390098 984.165283 
621985686389525 984.166748 
621985726381608 984.161621 
621985766391400 984.172607 
621985806391348 984.218262 
621985846390150 984.314941 
621985886387390 984.447021 
621985926389369 984.526855 
621985966389421 984.565430 
621986006390671 984.572998 
621986046382702 984.593750 
621986086389421 984.621582 
621986126390046 984.610107 
621986166381296 984.542725 
621986206384629 984.406494 
621986246389525 984.163330 
621986286390046 983.998291 
621986326380098 983.923828 
621986366389004 983.907715 
621986406390567 983.915771 
621986446390358 983.989014 
621986486440775 984.024414 
621986526390306 984.059082 
621986566384369 984.094971 
621986606390150 984.132324 
621986646390202 984.182861 
621986686391400 984.177246 
621986726390358 984.170898 
621986766381817 984.169434 
621986806383692 984.161377 
621986846390306 984.158203 
621986886390983 984.161377 
621986926382181 984.169922 
621986966391140 984.209717 
621987006391400 984.335205 
621987046389942 984.447266 
621987086384733 984.495361 
621987126390046 984.519531 
621987166390410 984.555176 
621987206390983 984.604004 
621987246391140 984.617432 
621987286384837 984.591553 
621987326389785 984.493896 
621987366382129 984.307617 
621987406386140 984.124023 
621987446389837 984.003906 
621987486390150 983.957764 
621987526382390 983.944336 
621987566390358 983.965820 
621987606389890 983.993408 
621987646389681 984.029053 
621987686369681 984.063721 
621987726390410 984.101563 
621987766368744 984.123291 
621987806391348 984.173340 
621987846389108 984.187256 
621987886389369 984.172607 
621987926389785 984.167236 
621987966382442 984.178223 
621988006382494 984.169434 
621988046390567 984.165527 
621988086390462 984.174316 
621988126381140 984.206787 
621988166389108 984.309326 
621988206390515 984.436279 
621988246389681 984.527344 
621988286368483 984.573242 
621988326386712 984.605225 
621988366390358 984.628662 
621988406389994 984.608887 
621988446389160 984.567627 
621988486389577 984.452881 
621988526389629 984.274414 
621988566389265 984.082520 
621988606383796 983.957764 
621988646390358 983.905518 
621988686389317 983.899658 
621988726380358 983.931641 
621988766390775 983.961670 
621988806389525 984.000488 
621988846389317 984.028809 
621988886381140 984.066650 
621988926392077 984.091553 
621988966389317 984.144531 
621989006389473 984.148682 
621989046390567 984.138184 
621989086383483 984.138184 
621989126389733 984.131348 
621989166388952 984.135254 
621989206384785 984.159424 
621989246390098 984.185547 
621989286390358 984.305908 
621989326382129 984.429688 
621989366391921 984.502930 
621989406389837 984.530518 
621989446389733 984.555176 
621989486380879 984.568604 
621989526389629 984.582275 
621989566389108 984.571289 
621989606390358 984.529297 
621989646391765 984.398193 
621989686389890 984.164307 
621989726389785 984.000977 
621989766391608 983.922852 
621989806384890 983.913086 
621989846389265 983.916748 
621989886389525 983.947266 
621989926381869 983.984131 
621989966392442 984.031982 
621990006384212 984.084229 
621990046390410 984.109863 
621990086380879 984.177979 
621990126371192 984.192871 
621990166390202 984.175537 
621990206389317 984.177490 
621990246366921 984.177246 
621990286389369 984.175049 
621990326389056 984.180176 
621990366390827 984.204590 
621990406381400 984.301025 
621990446390046 984.425049 
621990486390098 984.505859 
621990526382598 984.542236 
621990566390983 984.566650 
621990606390931 984.593262 
621990646390358 984.585693 
621990686382129 984.540527 
621990726368223 984.484619 
621990766389837 984.395264 
621990806390202 984.153076 
621990846369629 984.013184 
621990886390046 983.961426 
621990926390462 983.957520 
621990966391087 983.984131 
621991006385619 984.012207 
621991046389421 984.048828 
621991086390046 984.073975 
621991126381348 984.104004 
621991166390775 984.144531 
621991206389317 984.154297 
621991246390046 984.200684 
621991286381608 984.239502 
621991326384056 984.239258 
621991366383015 984.222900 
621991406389994 984.207520 
621991446368535 984.199219 
621991486389785 984.196045 
621991526391765 984.203857 
621991566391192 984.216309 
621991606384317 984.219482 
621991646389942 984.275635 
621991686389942 984.333252 
621991726395827 984.413818 
621991766383952 984.510742 
621991806389317 984.619873 
621991846390410 984.683838 
621991886382390 984.698730 
621991926384629 984.639404 
621991966390410 984.511475 
621992006390150 984.300537 
621992046380619 984.108154 
621992086390410 983.991455 
621992126389629 983.958740 
621992166391400 983.949707 
621992206384421 983.967529 
621992246390410 983.998291 
621992286390254 984.039063 
621992326388796 984.076660 
621992366391244 984.117188 
621992406391087 984.149902 
621992446390723 984.191162 
621992486382129 984.179932 
621992526385150 984.163574 
621992566389160 984.157471 
621992606389265 984.161377 
621992646381712 984.155518 
621992686390671 984.165283 
621992726390358 984.186768 
621992766391556 984.207275 
621992806471035 984.254639 
621992846386400 984.367920 
621992886389837 984.445557 
621992926391712 984.524414 
621992966391035 984.581543 
621993006389890 984.620850 
621993046390098 984.634766 
621993086380619 984.633057 
621993126383848 984.563965 
621993166389421 984.388672 
621993206389056 984.144043 
621993246382129 984.007813 
621993286389890 983.938965 
621993326391087 983.925781 
621993366390098 983.945068 
621993406386817 983.972656 
621993446390723 984.012695 
621993486383640 984.046143 
621993526391817 984.077148 
621993566391608 984.104004 
621993606383900 984.150635 
621993646390098 984.227539 
621993686381608 984.278809 
621993726384942 984.203125 
621993766384160 984.180420 
621993806384317 984.156738 
621993846382077 984.172119 
621993886389785 984.244629 
621993926383900 984.305176 
621993966389837 984.427979 
621994006368483 984.519775 
621994046470619 984.558105 
621994086383223 984.574219 
621994126390462 984.615723 
621994166390098 984.635254 
621994206391140 984.628418 
621994246389004 984.549316 
621994286382806 984.418213 
621994326510619 984.193115 
621994366390202 983.991455 
621994406389629 983.901855 
621994446380619 983.881104 
621994486391504 983.894531 
621994526390202 983.924805 
621994566390046 983.964844 
621994606368171 984.009277 
621994646383431 984.047607 
621994686389994 984.082520 
621994726390150 984.108887 
621994766390410 984.157959 
621994806390098 984.223145 
621994846390202 984.195313 
621994886395931 984.163574 
621994926384265 984.159180 
621994966390983 984.152588 
621995006504890 984.153320 
621995046382650 984.183105 
621995086392129 984.251709 
621995126391140 984.329102 
621995166390150 984.428223 
621995206382650 984.509766 
621995246390567 984.557129 
621995286389994 984.599609 
621995326390410 984.649902 
621995366390150 984.648926 
621995406390410 984.636719 
621995446389942 984.578125 
621995486389994 984.451904 
621995526384577 984.232178 
621995566389473 984.038818 
621995606390098 983.937988 
621995646380879 983.909180 
621995686391348 983.916748 
621995726383796 983.949219 
621995766390150 983.997070 
621995806382390 984.036377 
621995846381556 984.078613 
621995886390098 984.106445 
621995926391400 984.149658 
621995966391140 984.228760 
621996006384108 984.221680 
621996046390150 984.183105 
621996086391296 984.175293 
621996126384733 984.164795 
621996166390410 984.159424 
621996206389369 984.171631 
621996246381296 984.208740 
621996286391296 984.293457 
621996326390098 984.430908 
621996366390567 984.531494 
621996406381504 984.567139 
621996446369160 984.589600 
621996486403379 984.597900 
621996526387442 984.621094 
621996566367233 984.629395 
621996606389837 984.605957 
621996646390879 984.492676 
621996686391348 984.281250 
621996726384369 984.068848 
621996766386608 983.952637 
621996806389421 983.911621 
621996846381608 983.913574 
621996886383692 983.940918 
621996926389785 983.984619 
621996966389212 984.022461 
621997006380931 984.054443 
621997046385202 984.101807 
621997086383119 984.118164 
621997126389890 984.182373 
621997166370046 984.217773 
621997206391035 984.188477 
621997246390202 984.165283 
621997286393223 984.157227 
621997326384056 984.150879 
621997366382598 984.150879 
621997406389942 984.174316 
621997446383067 984.210449 
621997486390254 984.317871 
621997526391400 984.533936 
621997566390306 984.579590 
621997606382650 984.613037 
621997646387337 984.639893 
621997686390619 984.647217 
621997726390462 984.634766 
621997766367337 984.575195 
621997806384785 984.440918 
621997846391660 984.242432 
621997886390254 984.051758 
621997926382025 983.954346 
621997966389265 983.913818 
621998006389577 983.917236 
621998046394212 983.941650 
621998086393171 983.985352 
621998126391400 984.029053 
621998166390462 984.075928 
621998206382390 984.104492 
621998246386869 984.152100 
621998286388119 984.176270 
621998326389421 984.166260 
621998366380567 984.158691 
621998406391192 984.156006 
621998446389942 984.149902 
621998486390046 984.165771 
621998526383379 984.179199 
621998566389785 984.190918 
621998606389317 984.221680 
621998646391817 984.323486 
621998686391400 984.440918 
621998726389837 984.511230 
621998766389785 984.566406 
621998806382129 984.601807 
621998846384369 984.643799 
621998886390410 984.646729 
621998926388796 984.610352 
621998966381660 984.477051 
621999006391192 984.260010 
621999046390202 984.063477 
621999086390671 983.960938 
621999126474785 983.938477 
621999166389265 983.939941 
621999206389681 983.966309 
621999246391244 984.000000 
621999286390671 984.042969 
621999326391087 984.091309 
621999366390358 984.110107 
621999406381869 984.170898 
621999446387077 984.250977 
621999486390358 984.227783 
621999526389785 984.178223 
621999566380515 984.176025 
621999606389890 984.157715 
621999646391348 984.155518 
621999686389473 984.160645 
621999726369681 984.191895 
621999766382129 984.279785 
621999806389890 984.397217 
621999846391712 984.494873 
621999886390254 984.509521 
621999926389733 984.526611 
621999966390202 984.583008 
622000006380827 984.611328 
622000046395879 984.629150 
622000086390150 984.573975 
622000126387494 984.419678 
622000166381608 984.201660 
622000206383119 984.039551 
622000246390879 983.968994 
622000286389369 983.956299 
622000326369473 983.966553 
622000366394733 983.995605 
622000406389525 984.032715 
622000446389890 984.072510 
622000486383535 984.100830 
622000526389369 984.113770 
622000566390150 984.170166 
622000606382806 984.235840 
622000646427285 984.201660 
622000686389577 984.161865 
622000726389837 984.162842 
622000766381869 984.158691 
622000806389473 984.164795 
622000846389212 984.186279 
622000886389265 984.288574 
622000926367390 984.389893 
622000966389890 984.471191 
622001006388640 984.526611 
622001046390515 984.561035 
622001086389942 984.591553 
622001126391140 984.634033 
622001166389994 984.621582 
622001206394473 984.483643 
622001246385775 984.281494 
622001286390150 984.066406 
622001326389994 983.952881 
622001366381087 983.910645 
622001406390931 983.908447 
622001446391348 983.928711 
622001486389369 983.963623 
622001526381869 984.008545 
622001566384942 984.041260 
622001606389577 984.079834 
622001646390879 984.115967 
622001686390254 984.188232 
622001726389108 984.224609 
622001766389108 984.190430 
622001806390462 984.182373 
622001846383640 984.167969 
622001886389369 984.151367 
622001926389890 984.157959 
622001966381140 984.176514 
622002006389004 984.223877 
622002046391400 984.304199 
622002086389108 984.409180 
622002126380619 984.486572 
622002166389890 984.531250 
622002206390202 984.583008 
622002246390619 984.615234 
622002286391244 984.618652 
622002326391087 984.612061 
622002366390358 984.539307 
622002406391400 984.407471 
622002446385358 984.204590 
622002486381400 984.038330 
622002526390046 983.956299 
622002566382390 983.934570 
622002606391192 983.934570 
622002646391296 983.955078 
622002686390410 983.985107 
622002726382285 984.032227 
622002766385202 984.078125 
622002806389056 984.118652 
622002846390306 984.168213 
622002886367494 984.205811 
622002926390462 984.190674 
622002966388848 984.177734 
622003006391035 984.173340 
622003046382806 984.163330 
622003086389942 984.166260 
622003126390619 984.178467 
622003166382077 984.198486 
622003206383067 984.281006 
622003246391192 984.405029 
622003286390098 984.482422 
622003326382077 984.512207 
622003366384108 984.513428 
622003406389421 984.556152 
622003446390306 984.626953 
622003486369525 984.640625 
622003526389785 984.601318 
622003566389994 984.479004 
622003606389785 984.289551 
622003646383744 984.083252 
622003686390879 983.975098 
622003726390358 983.931396 
622003766383119 983.930908 
622003806393223 983.952148 
622003846391244 983.994873 
622003886390150 984.040527 
622003926381400 984.070313 
622003966384160 984.105713 
622004006390306 984.129150 
622004046389681 984.179932 
622004086383535 984.179443 
622004126391452 984.168701 
622004166391660 984.164795 
622004206390567 984.164795 
622004246383640 984.165527 
622004286386504 984.169922 
622004326390567 984.194092 
622004366395202 984.244629 
622004406391400 984.353027 
622004446390046 984.458984 
622004486390671 984.524170 
622004526382129 984.560303 
622004566386192 984.596191 
622004606390098 984.622070 
622004646390046 984.626221 
622004686381869 984.588623 
622004726390098 984.459229 
622004766389265 984.225098 
622004806390775 984.051025 
622004846383587 983.936035 
622004886390462 983.935303 
622004926390306 983.959961 
622004966390150 983.996826 
622005006389890 984.034424 
622005046389837 984.066895 
622005086390306 984.088135 
622005126380619 984.144775 
622005166393275 984.219727 
622005206390150 984.202637 
622005246386400 984.178467 
622005286380619 984.176758 
622005326389890 984.174072 
622005366383223 984.177979 
622005406390619 984.190918 
622005446488171 984.205566 
622005486383796 984.254639 
622005526389108 984.386719 
622005566390462 984.484375 
622005606390462 984.520508 
622005646390671 984.546631 
622005686390410 984.553711 
622005726380879 984.580811 
622005766386244 984.602295 
622005806390046 984.594482 
622005846389837 984.516602 
622005886382337 984.344482 
622005926389837 984.127930 
622005966384056 983.998779 
622006006390410 983.949463 
622006046382650 983.944580 
622006086369212 983.953125 
622006126388952 983.984863 
622006166391608 984.023926 
622006206390254 984.061768 
622006246391348 984.100586 
622006286389785 984.122803 
622006326382129 984.173828 
622006366386869 984.229736 
622006406390567 984.211670 
622006446390150 984.194824 
622006486380827 984.185059 
622006526389317 984.174072 
622006566390879 984.159912 
622006606389681 984.170410 
622006646370462 984.179199 
622006686389837 984.231201 
622006726389056 984.353027 
622006766391244 984.459229 
622006806389890 984.518799 
622006846391869 984.561279 
622006886389994 984.590820 
622006926382390 984.597900 
622006966443275 984.599121 
622007006389837 984.575195 
622007046390150 984.465576 
622007086381140 984.253906 
622007126390879 984.060547 
622007166391400 983.950439 
622007206390046 983.922119 
622007246368744 983.920898 
622007286388327 983.942139 
622007326390046 983.977539 
622007366391348 984.014160 
622007406391140 984.045654 
622007446391348 984.083740 
622007486390098 984.106445 
622007526390462 984.171875 
622007566449212 984.189697 
622007606390202 984.166260 
622007646388587 984.161377 
622007686381556 984.154785 
622007726391348 984.144775 
622007766390046 984.157471 
622007806390046 984.190674 
622007846381192 984.216064 
622007886389785 984.316162 
622007926390410 984.440918 
622007966390358 984.521240 
622008006391400 984.558350 
622008046383067 984.583008 
622008086390358 984.601074 
622008126390671 984.620850 
622008166384473 984.620605 
622008206390046 984.530518 
622008246368223 984.341553 
622008286380358 984.135986 
622008326383223 984.002197 
622008366390046 983.936279 
622008406390306 983.917725 
622008446382181 983.933350 
622008486390046 984.015625 
622008526389837 984.053467 
622008566389785 984.092041 
622008606391244 984.099854 
622008646391504 984.167236 
622008686389577 984.190186 
622008726390046 984.170898 
622008766383640 984.162354 
622008806389004 984.148682 
622008846389317 984.152588 
622008886381608 984.168457 
622008926390462 984.217773 
622008966389317 984.303955 
622009006390462 984.405273 
622009046383119 984.478271 
622009086368848 984.504883 
622009126389837 984.524170 
622009166390410 984.564941 
622009206367494 984.614258 
622009246392181 984.621826 
622009286390046 984.567871 
622009326390202 984.445068 
622009366382702 984.206787 
622009406390462 984.036865 
622009446390254 983.948730 
622009486382390 983.927734 
622009526389785 983.935547 
622009566391348 983.960693 
622009606390150 984.001709 
622009646382129 984.041016 
622009686369212 984.072021 
622009726390075 984.102783 
622009766389919 984.140381 
622009806381064 984.187012 
622009846391325 984.196289 
622009886390023 984.174805 
622009926390023 984.178711 
622009966383721 984.186279 
622010006388356 984.187012 
622010046390023 984.184814 
622010086382366 984.196533 
622010126391585 984.251465 
622010166391169 984.347656 
622010206390439 984.441162 
622010246382158 984.507568 
622010286489085 984.546631 
622010326390127 984.576172 
622010366390439 984.601318 
622010406367731 984.596924 
622010446389762 984.564941 
622010486389346 984.476563 
622010526390283 984.278320 
622010566384814 984.059570 
622010606389866 983.953613 
622010646443200 983.914063 
622010686386637 983.916504 
622010726389450 983.947266 
622010766389346 983.983398 
622010806390179 984.017578 
622010846381325 984.057373 
622010886387835 984.085205 
622010926387783 984.141113 
622010966390283 984.196533 
622011006380908 984.193848 
622011046391429 984.173340 
622011086390231 984.164307 
622011126389658 984.152588 
622011166383356 984.145752 
622011206389346 984.152344 
622011246383877 984.171143 
622011286390804 984.211426 
622011326389919 984.294434 
622011366392887 984.385986 
622011406389085 984.465820 
622011446381585 984.539551 
622011486385075 984.582520 
622011526389502 984.621582 
622011566390179 984.624756 
622011606381377 984.605469 
622011646390648 984.499268 
622011686389294 984.320801 
622011726389814 984.110107 
622011766407106 983.983643 
622011806390439 983.931885 
622011846390544 983.926758 
622011886390439 983.953125 
622011926391064 983.992676 
622011966389814 984.027588 
622012006390648 984.066650 
622012046381846 984.093262 
622012086386898 984.126953 
622012126390335 984.209473 
622012166390335 984.177246 
622012206382887 984.169678 
622012246390127 984.160156 
622012286391429 984.157227 
622012326390179 984.163574 
622012366384137 984.190918 
622012406390127 984.287598 
622012446389606 984.410156 
622012486391169 984.507568 
622012526391325 984.553955 
622012566391273 984.589111 
622012606390231 984.623535 
622012646382471 984.649170 
622012686384606 984.642090 
622012726390439 984.566406 
622012766389971 984.391357 
622012806380908 984.154297 
622012846390648 984.002930 
622012886390179 983.936279 
622012926389606 983.916260 
622012966369866 983.921631 
622013006385596 983.953613 
622013046389346 983.998291 
622013086391533 984.037842 
622013126390335 984.085205 
622013166391637 984.113037 
622013206389241 984.170166 
622013246382106 984.198486 
622013286384085 984.189941 
622013326389398 984.184326 
622013366389398 984.174072 
622013406381898 984.164795 
622013446391325 984.162598 
622013486389866 984.166016 
622013526390335 984.198242 
622013566369033 984.266357 
622013606389294 984.384766 
622013646389450 984.486084 
622013686391377 984.545898 
622013726391637 984.595215 
622013766391169 984.653564 
622013806389971 984.659180 
622013846382679 984.616211 
622013886385439 984.515381 
622013926390231 984.304932 
622013966389085 984.086426 
622014006380387 983.978760 
622014046389762 983.943848 
622014086392471 983.940918 
622014126389814 983.964844 
622014166381846 983.995605 
622014206384450 984.045166 
622014246389866 984.077148 
622014286389919 984.108643 
622014326391377 984.148438 
622014366390544 984.207520 
622014406389346 984.205322 
622014446391429 984.177734 
622014486385544 984.171875 
622014526390075 984.166748 
622014566389814 984.156982 
622014606382366 984.173584 
622014646391273 984.205078 
622014686390075 984.278076 
622014726390491 984.413086 
622014766380387 984.497314 
622014806385439 984.541992 
622014846382419 984.574707 
622014886391377 984.617920 
622014926389971 984.649658 
622014966389814 984.633789 
622015006390283 984.561279 
622015046391169 984.424561 
622015086383929 984.200439 
622015126390491 984.025879 
622015166390439 983.946777 
622015206382158 983.924316 
622015246391429 983.932617 
622015286391064 983.966064 
622015326390908 984.003662 
622015366381429 984.047119 
622015406389919 984.078857 
622015446390387 984.106689 
622015486390700 984.146240 
622015526389762 984.201172 
622015566392002 984.210449 
622015606390127 984.192627 
622015646390700 984.179199 
622015686382835 984.168213 
622015726369241 984.167725 
622015766389606 984.201172 
622015806381898 984.268311 
622015846389606 984.377930 
622015886390335 984.483887 
622015926390700 984.547363 
622015966382419 984.597656 
622016006389814 984.644531 
622016046389919 984.660156 
622016086389762 984.640625 
622016126368252 984.575684 
622016166384554 984.430908 
622016206390387 984.191406 
622016246391481 984.019287 
622016286385908 983.946289 
622016326388981 983.926270 
622016366389137 983.939941 
622016406381377 983.972168 
622016446391221 984.017090 
622016486390387 984.054443 
622016526389658 984.100342 
622016566381585 984.128418 
622016606384033 984.182617 
622016646368981 984.210205 
622016686389085 984.187256 
622016726369033 984.176514 
622016766390856 984.179199 
622016806390231 984.181641 
622016846391429 984.182861 
622016886385387 984.193359 
622016926389919 984.222412 
622016966390127 984.280273 
622017006382158 984.385010 
622017046384762 984.491943 
622017086391741 984.543701 
622017126388825 984.587891 
622017166382419 984.639648 
622017206386273 984.668701 
622017246390908 984.663330 
622017286391012 984.575684 
622017326380544 984.402100 
622017366391116 984.158936 
622017406383148 984.014893 
622017446391481 983.955322 
622017486384241 983.945313 
622017526389971 983.963135 
622017566389919 983.987061 
622017606390908 984.025391 
622017646391221 984.070313 
622017686389814 984.093750 
622017726390335 984.128174 
622017766380856 984.196289 
622017806383773 984.220459 
622017846380648 984.202148 
622017886389294 984.185791 
622017926381064 984.185547 
622017966391481 984.189209 
622018006391325 984.204102 
622018046390439 984.207764 
622018086384554 984.238281 
622018126390231 984.299805 
622018166368877 984.390625 
622018206391377 984.474121 
622018246391169 984.529297 
622018286391116 984.589600 
622018326390387 984.633301 
622018366381637 984.645996 
622018406382627 984.620361 
622018446390804 984.514893 
622018486390179 984.314697 
622018526382366 984.141113 
622018566390335 984.022461 
622018606389762 983.983154 
622018646390908 983.974365 
622018686508512 983.989502 
622018726385179 984.023438 
622018766389710 984.056641 
622018806391116 984.094971 
622018846393096 984.133301 
622018886390283 984.168701 
622018926388877 984.216553 
622018966382679 984.244385 
622019006383304 984.231689 
622019046390075 984.214355 
622019086389606 984.212646 
622019126382419 984.210693 
622019166392262 984.202148 
622019206383669 984.213379 
622019246391064 984.222656 
622019286370231 984.280518 
622019326389606 984.398438 
622019366390231 984.488770 
622019406391741 984.530762 
622019446390648 984.561523 
622019486389919 984.628906 
622019526390387 984.630859 
622019566381898 984.578613 
622019606437887 984.438232 
622019646390179 984.215576 
622019686389294 984.061523 
622019726380387 983.994873 
622019766390335 983.976807 
622019806391377 983.987061 
622019846391741 984.012695 
622019886369033 984.038818 
622019926390231 984.078613 
622019966390023 984.114014 
622020006391064 984.132813 
622020046389919 984.207764 
622020086382679 984.249023 
622020126389971 984.236084 
622020166381898 984.212158 
622020206543200 984.213135 
622020246390439 984.215332 
622020286384658 984.208008 
622020326381429 984.215820 
622020366384294 984.239258 
622020406389502 984.330078 
622020446389189 984.462158 
622020486371481 984.533936 
622020526386377 984.571045 
622020566389971 984.597900 
622020606390335 984.619141 
622020646382575 984.646484 
622020686390023 984.643311 
622020726390439 984.555176 
622020766391689 984.358643 
622020806384606 984.145264 
622020846383044 984.021240 
622020886390075 983.982178 
622020926382314 983.966553 
622020966390075 983.979736 
622021006389814 984.014404 
622021046390231 984.051514 
622021086380856 984.093018 
622021126389398 984.139893 
622021166368981 984.172363 
622021206390179 984.248291 
622021246391325 984.238770 
622021286390648 984.210449 
622021326390491 984.204102 
622021366391169 984.202881 
622021406385439 984.191650 
622021446390387 984.206055 
622021486390387 984.218018 
622021526382419 984.247070 
622021566391116 984.326172 
622021606384866 984.433594 
622021646389241 984.515381 
622021686380127 984.567383 
622021726389866 984.595215 
622021766390335 984.629883 
622021806416012 984.656494 
622021846390856 984.649658 
622021886390179 984.532471 
622021926390387 984.307861 
622021966390231 984.139404 
622022006384294 984.039551 
622022046389346 983.990967 
622022086388616 983.980713 
622022126381221 983.998047 
622022166384189 984.030518 
622022206391846 984.068359 
622022246390335 984.115479 
622022286380908 984.136475 
622022326368877 984.180908 
622022366390231 984.213867 
622059342392158 984.253906 
622059382397210 984.265869 
622059422397627 984.276611 
622059462389450 984.269287 
622059502396637 984.272949 
622059542397002 984.270996 
622059582397679 984.274170 
622059622391012 984.268311 
622059662396585 984.263916 
622059702395804 984.263184 
622059742397939 984.265137 
622059782390075 984.264648 
622059822396429 984.267334 
622059862397054 984.269531 
622059902388096 984.267578 
622059942390752 984.270020 
622059982395856 984.273438 
622060022397991 984.271484 
622060062388669 984.274902 
622060102396325 984.278320 
