# Created at Fri Mar 14 12:04:16 GMT+01:00 2025 in Burnaby Canada 
157687235632893 986.545654 
157687335620893 986.553223 
157687435608859 986.556641 
157687535596825 986.552002 
157687635584791 986.551758 
157687735572657 986.551758 
157687835560657 986.547852 
157687935548890 986.539063 
157688035537090 986.543213 
157688135525290 986.548828 
157688235513490 986.545166 
157688335501723 986.545654 
157688435489923 986.545166 
157688535478123 986.546875 
157688635466323 986.549805 
157688735454289 986.544434 
157688835442189 986.546631 
157688935430289 986.547119 
157689035418522 986.544434 
157689135406755 986.531982 
157689235394955 986.547852 
157689335383155 986.548340 
157689435371388 986.547607 
157689535359621 986.539795 
157689635347821 986.542725 
157689735336021 986.550537 
157689835324121 986.548584 
157689935312221 986.553711 
157690035300454 986.552734 
157690135288687 986.560791 
157690235276887 986.555176 
157690335265087 986.560791 
157690435253320 986.560791 
157690535241553 986.568604 
157690635229753 986.559814 
157690735217953 986.554688 
157690835206053 986.557617 
157690935193919 986.564453 
157691035181785 986.566650 
157691135169985 986.572998 
157691235158185 986.575195 
157691335146351 986.581543 
157691435134517 986.579346 
157691535122717 986.582275 
157691635110917 986.568604 
157691735099083 986.573730 
157691835087249 986.572510 
157691935075215 986.565918 
157692035063081 986.561768 
157692135050947 986.557861 
157692235038947 986.558105 
157692335026947 986.565674 
157692435014913 986.564453 
157692535002879 986.562744 
157692634990879 986.565430 
157692734978879 986.560059 
157692834966845 986.556641 
157692934954811 986.557861 
157693034942677 986.563721 
157693134930543 986.560059 
157693234918643 986.553467 
157693334906876 986.551758 
157693434895076 986.556641 
157693534883276 986.562988 
157693634871509 986.553955 
157693734859742 986.556396 
157693834847942 986.563965 
157693934836142 986.562988 
157694034824375 986.562744 
157694134812275 986.555420 
157694234800175 986.553711 
157694334788308 986.549072 
157694434776541 986.558350 
157694534764741 986.560303 
157694634752941 986.556152 
157694734741141 986.555176 
157694834729374 986.560547 
157694934717607 986.569580 
157695034705807 986.561035 
157695134694007 986.559326 
157695234682107 986.562988 
157695334670207 986.554688 
157695434658440 986.549072 
157695534646673 986.550049 
157695634634873 986.547607 
157695734623073 986.545166 
157695834611306 986.554443 
157695934599539 986.557861 
157696034587739 986.554443 
157696134575939 986.555908 
157696234563939 986.572266 
157696334551805 986.567383 
157696434539805 986.564697 
157696534528005 986.562012 
157696634516171 986.562012 
157696734504337 986.563232 
157696834492503 986.563477 
157696934480703 986.559814 
157697034468869 986.552002 
157697134457035 986.552734 
157697234445201 986.560547 
157697334433167 986.562988 
157697434421033 986.557861 
157697534408966 986.566895 
157697634396966 986.562744 
157697734384966 986.565430 
157697834372932 986.568115 
157697934360932 986.566895 
157698034348932 986.566162 
157698134336932 986.562012 
157698234324898 986.556152 
157698334312864 986.565918 
157698434300730 986.565674 
157698534288596 986.562012 
157698634276729 986.559082 
157698734264962 986.560547 
157698834253162 986.556885 
157698934241362 986.556641 
157699034229595 986.559326 
157699134217828 986.554443 
157699234206028 986.552490 
157699334194228 986.560791 
157699434182328 986.561035 
157699534170228 986.562988 
157699634158128 986.556885 
157699734146361 986.559814 
157699834134594 986.563232 
157699934122794 986.562744 
157700034110994 986.557861 
157700134099194 986.559326 
157700234087427 986.564453 
157700334075627 986.563232 
157700434063827 986.558350 
157700534051993 986.550781 
157700634040093 986.551758 
157700734028193 986.551758 
157700834016426 986.551025 
157700934004626 986.551025 
157701033992826 986.548584 
157701133981026 986.540283 
157701233969259 986.541748 
157701333957492 986.543457 
157701433945758 986.543213 
157701533933958 986.544434 
157701633921924 986.544922 
157701733909790 986.541504 
157701833897856 986.541016 
157701933886122 986.544922 
157702033874288 986.545166 
157702133862454 986.547119 
157702233850620 986.552734 
157702333838820 986.547607 
157702433827053 986.562988 
157702533815219 986.561035 
157702633803385 986.558105 
157702733791251 986.561768 
157702833779117 986.559082 
157702933767183 986.553467 
157703033755183 986.555908 
157703133743183 986.552979 
157703233731149 986.553223 
157703333719149 986.555664 
157703433707215 986.559326 
157703533695215 986.555664 
157703633683181 986.559570 
157703733671181 986.567139 
157703833659047 986.564209 
157703933646980 986.564209 
157704033635213 986.560791 
157704133623446 986.554688 
157704233611646 986.558594 
157704333599846 986.555176 
157704433588079 986.548340 
157704533576312 986.552246 
157704633564512 986.550049 
157704733552712 986.550537 
157704833540745 986.553467 
157704933528645 986.551025 
157705033516578 986.548584 
157705133504811 986.540771 
157705233493044 986.541504 
157705333481244 986.550781 
157705433469444 986.559082 
157705533457677 986.552246 
157705633445910 986.549316 
157705733434110 986.552246 
157705833422310 986.552490 
157705933410410 986.553467 
157706033398510 986.556641 
157706133386643 986.555664 
157706233374876 986.556396 
157706333363076 986.548828 
157706433351276 986.552490 
157706533339442 986.547363 
157706633327675 986.550781 
157706733315875 986.542480 
157706833304075 986.538818 
157706933292275 986.546143 
157707033280141 986.547363 
157707133268007 986.541992 
157707233256140 986.545166 
157707333244340 986.544922 
157707433232506 986.549805 
157707533220672 986.552979 
157707633208838 986.553467 
157707733197038 986.555176 
157707833185204 986.543457 
157707933173370 986.546387 
157708033161503 986.537354 
157708133149369 986.532959 
157708233137235 986.542236 
157708333125235 986.541260 
157708433113235 986.553711 
157708533101201 986.559082 
157708633089167 986.563477 
157708733077167 986.565430 
157708833065167 986.560547 
157708933053133 986.562012 
157709033041099 986.564453 
157709133029065 986.562012 
157709233016931 986.559326 
157709333004931 986.551270 
157709432993164 986.554199 
157709532981397 986.559570 
157709632969597 986.560791 
157709732957797 986.560303 
157709832946030 986.557129 
157709932934263 986.555664 
157710032922463 986.558838 
157710132910663 986.560303 
157710232898629 986.557373 
157710332886529 986.552246 
157710432874562 986.546631 
157710532862795 986.544678 
157710632851028 986.547852 
157710732839228 986.546631 
157710832827428 986.557617 
157710932815661 986.562500 
157711032803894 986.562256 
157711132792094 986.559814 
157711232780294 986.559082 
157711332768394 986.545898 
157711432756494 986.539063 
157711532744727 986.540039 
157711632732960 986.531006 
157711732721160 986.534912 
157711832709360 986.542725 
157711932697593 986.545410 
157712032685826 986.543213 
157712132674026 986.534912 
157712232662226 986.532227 
157712332650326 986.538086 
157712432638192 986.535889 
157712532626058 986.537109 
157712632614258 986.536133 
157712732602458 986.538330 
157712832590624 986.540039 
157712932578790 986.539795 
157713032566990 986.534668 
157713132555190 986.534180 
157713232543356 986.535400 
157713332531522 986.539551 
157713432519555 986.537109 
157713532507421 986.541016 
157713632495287 986.540771 
157713732483287 986.541748 
157713832471287 986.541992 
157713932459253 986.544189 
157714032447219 986.541992 
157714132435219 986.541992 
157714232423219 986.545654 
157714332411185 986.551270 
157714432399151 986.554199 
157714532387017 986.556396 
157714632374883 986.560791 
157714732362983 986.550293 
157714832351216 986.551025 
157714932339416 986.549805 
157715032327616 986.548584 
157715132315849 986.552979 
157715232304115 986.543701 
157715332292315 986.544678 
157715432280515 986.540771 
157715532268748 986.541992 
157715632256648 986.540527 
157715732244548 986.540771 
157715832232681 986.544434 
157715932220914 986.543945 
157716032209114 986.545898 
157716132197314 986.546143 
157716232185514 986.545410 
157716332173747 986.547607 
157716432161980 986.549805 
157716532150180 986.555420 
157716632138380 986.559814 
157716732126480 986.550049 
157716832114580 986.548828 
157716932102813 986.553223 
157717032091046 986.543457 
157717132079246 986.547852 
157717232067446 986.548096 
157717332055679 986.546631 
157717432043912 986.547363 
157717532032112 986.552734 
157717632020312 986.556885 
157717732008312 986.549561 
157717831996178 986.551758 
157717931984078 986.558350 
157718031972311 986.552979 
157718131960511 986.551025 
157718231948677 986.550049 
157718331936877 986.550049 
157718431925110 986.548584 
157718531913310 986.552979 
157718631901510 986.551758 
157718731889710 986.549316 
157718831877710 986.541748 
157718931865610 986.543945 
157719031853643 986.553467 
157719131841876 986.551758 
157719231830109 986.551025 
157719331818309 986.560059 
157719431806509 986.555176 
157719531794742 986.557129 
157719631782975 986.556885 
157719731771175 986.547363 
157719831759375 986.546875 
157719931747475 986.546387 
157720031735575 986.558594 
157720131723741 986.547607 
157720231711974 986.561279 
157720331700174 986.561279 
157720431688374 986.559326 
157720531676607 986.563477 
157720631664840 986.561279 
157720731653040 986.561768 
157720831641240 986.553467 
157720931629440 986.558105 
157721031617306 986.557129 
157721131605172 986.561035 
157721231593372 986.561768 
157721331581572 986.560303 
157721431569738 986.550049 
157721531557904 986.550293 
157721631546104 986.549316 
157721731534304 986.542236 
157721831522470 986.542236 
157721931510636 986.544434 
157722031498669 986.548584 
157722131486535 986.552246 
157722231474401 986.555420 
157722331462401 986.556152 
157722431450401 986.553955 
157722531438367 986.552490 
157722631426333 986.562744 
157722731414333 986.564453 
157722831402333 986.564941 
157722931390299 986.562256 
157723031378265 986.551025 
157723131366198 986.559570 
157723231354064 986.558838 
157723331342130 986.560547 
157723431330330 986.553467 
157723531318496 986.554932 
157723631306662 986.558594 
157723731294828 986.570068 
157723831283028 986.571533 
157723931271194 986.572021 
157724031259360 986.567383 
157724131247526 986.574707 
157724231235392 986.577881 
157724331223258 986.575195 
157724431211258 986.572998 
157724531199258 986.568848 
157724631187224 986.564209 
157724731175190 986.569092 
157724831163190 986.562500 
157724931151190 986.555176 
157725031139190 986.556396 
157725131127156 986.560303 
157725231115156 986.551514 
157725331103022 986.551758 
157725431090888 986.558105 
157725531079121 986.562988 
157725631067354 986.558105 
157725731055554 986.558350 
157725831043754 986.560059 
157725931031987 986.564209 
157726031020220 986.565430 
157726131008420 986.564209 
157726230996620 986.567627 
157726330984653 986.570557 
157726430972553 986.567139 
157726530960486 986.565674 
157726630948719 986.556396 
157726730936952 986.562744 
157726830925152 986.554932 
157726930913352 986.547607 
157727030901585 986.555664 
157727130889851 986.551025 
157727230878051 986.557861 
157727330866251 986.555420 
157727430854351 986.554443 
157727530842451 986.557861 
157727630830584 986.557617 
157727730818817 986.561523 
157727830807017 986.563721 
157727930795217 986.556396 
157728030783450 986.556396 
157728130771683 986.565186 
157728230759949 986.568115 
157728330748149 986.563232 
157728430736349 986.568115 
157728530724215 986.563477 
157728630712081 986.562256 
157728730700247 986.562012 
157728830688447 986.552979 
157728930676613 986.558105 
157729030664779 986.560547 
157729130652945 986.566650 
157729230641211 986.564453 
157729330629377 986.559326 
157729430617543 986.560059 
157729530605676 986.559570 
157729630593542 986.561035 
157729730581475 986.558838 
157729830569475 986.562500 
157729930557475 986.555420 
157730030545441 986.562744 
157730130533374 986.571289 
157730230521440 986.563477 
157730330509440 986.569336 
157730430497406 986.570068 
157730530485372 986.567139 
157730630473338 986.564941 
157730730461271 986.557129 
157730830449271 986.561279 
157730930437504 986.555420 
157731030425704 986.548584 
157731130413904 986.552490 
157731230402104 986.554932 
157731330390337 986.556152 
157731430378570 986.560303 
157731530366770 986.561768 
157731630354970 986.557129 
157731730342970 986.565186 
157731830330870 986.556885 
157731930318903 986.555420 
157732030307136 986.558594 
157732130295369 986.561035 
157732230283569 986.564697 
157732330271769 986.562988 
157732430260002 986.563477 
157732530248235 986.564697 
157732630236435 986.564453 
157732730224635 986.560303 
157732830212735 986.562500 
157732930200835 986.560059 
157733030189068 986.556641 
157733130177301 986.558594 
157733230165501 986.552246 
157733330153701 986.555420 
157733430141934 986.561035 
157733530130167 986.554199 
157733630118367 986.548828 
157733730106567 986.552490 
157733830094667 986.552246 
157733930082533 986.564453 
157734030070399 986.560059 
157734130058565 986.561035 
157734230046798 986.561523 
157734330034998 986.559570 
157734430023198 986.556885 
157734530011431 986.560059 
157734629999664 986.561279 
157734729987864 986.557129 
157734829976064 986.562988 
157734929964164 986.566406 
157735029952064 986.562500 
157735129939964 986.557129 
157735229928197 986.557617 
157735329916430 986.557617 
157735429904630 986.556885 
157735529892830 986.564209 
157735629881063 986.561035 
157735729869296 986.561523 
157735829857496 986.557617 
157735929845696 986.548584 
157736029833796 986.555664 
157736129821896 986.550049 
157736229809996 986.547363 
157736329798229 986.548096 
157736429786429 986.551270 
157736529774629 986.546875 
157736629762862 986.547363 
157736729751095 986.557617 
157736829739295 986.560547 
157736929727495 986.553955 
157737029715695 986.556641 
157737129703628 986.547363 
157737229691494 986.559082 
157737329679594 986.559326 
157737429667794 986.566406 
157737529655960 986.562012 
157737629644126 986.564941 
157737729632292 986.564453 
157737829620492 986.556885 
157737929608658 986.557373 
157738029596824 986.557861 
157738129584990 986.552490 
157738229572856 986.558350 
157738329560722 986.562500 
157738429548722 986.560791 
157738529536722 986.563232 
157738629524688 986.561768 
157738729512654 986.562988 
157738829500654 986.550781 
157738929488654 986.544922 
157739029476620 986.540039 
157739129464586 986.534668 
157739229452586 986.546143 
157739329440452 986.551270 
157739429428352 986.553467 
157739529416552 986.558105 
157739629404718 986.554688 
157739729392884 986.558838 
157739829381050 986.562988 
157739929369250 986.558594 
157740029357450 986.554443 
157740129345616 986.555908 
157740229333782 986.551025 
157740329321748 986.543457 
157740429309614 986.541260 
157740529297547 986.546631 
157740629285547 986.541748 
157740729273547 986.541260 
157740829261513 986.547852 
157740929249479 986.550293 
157741029237479 986.545898 
157741129225479 986.541016 
157741229213445 986.543701 
157741329201411 986.545166 
157741429189277 986.537109 
157741529177143 986.536865 
157741629165276 986.539307 
157741729153509 986.544434 
157741829141709 986.549072 
157741929129909 986.549072 
157742029118142 986.550781 
157742129106375 986.541260 
157742229094575 986.539307 
157742329082775 986.537598 
157742429070975 986.534668 
157742529058875 986.543457 
157742629046775 986.539551 
157742729034941 986.543213 
157742829023174 986.553711 
157742929011374 986.541504 
157743028999574 986.537109 
157743128987807 986.541016 
157743228976040 986.539307 
157743328964240 986.535645 
157743428952440 986.533691 
157743528940606 986.542969 
157743628928706 986.540771 
157743728916806 986.549561 
157743828905039 986.550049 
157743928893272 986.548828 
157744028881472 986.547119 
157744128869672 986.548340 
157744228857905 986.542480 
157744328846138 986.545898 
157744428834338 986.540039 
157744528822538 986.544189 
157744628810504 986.548096 
157744728798370 986.546387 
157744828786436 986.537109 
157744928774636 986.535645 
157745028762802 986.532959 
157745128750968 986.530029 
157745228739134 986.531494 
157745327869934 986.540283 
157745427858100 986.537598 
157745527846266 986.547607 
157745627834432 986.549316 
157745727822365 986.545654 
157745827810231 986.553711 
157745927798231 986.552734 
157746027786231 986.550049 
157746127774197 986.551025 
157746227762163 986.554443 
157746327750163 986.549805 
157746427738163 986.544434 
157746527726129 986.544189 
157746627714095 986.549072 
157746727702061 986.551025 
157746827689927 986.551025 
157746927677793 986.551514 
157747027666026 986.548340 
157747127654259 986.539063 
157747227642459 986.540527 
157747327630659 986.537842 
157747427618892 986.534424 
157747527607125 986.536865 
157747627595325 986.538574 
157747727583525 986.537598 
157747827571558 986.547607 
157747927559458 986.550293 
157748027547391 986.544189 
157748127535624 986.541504 
157748227523857 986.542480 
157748327512057 986.548096 
157748427500257 986.542236 
157748527488490 986.532959 
157748627476723 986.536621 
157748727464923 986.540283 
157748827453123 986.546143 
157748927441223 986.555664 
157749027429323 986.546631 
157749127417456 986.547852 
157749227405689 986.540283 
157749327393889 986.531982 
157749427382089 986.535889 
157749527370322 986.530029 
157749627358555 986.531494 
157749727346788 986.535645 
157749827334988 986.539307 
157749927323188 986.536621 
157750027311054 986.537598 
157750127298920 986.534668 
157750227287020 986.528809 
157750327275253 986.533936 
157750427263453 986.528320 
157750527251653 986.530029 
157750627239886 986.530029 
157750727228119 986.536377 
157750827216319 986.536133 
157750927204519 986.542480 
157751027192719 986.537842 
157751127180619 986.536621 
157751227168519 986.536621 
157751327156685 986.540771 
157751427144918 986.543945 
157751527133118 986.536133 
157751627121318 986.538818 
157751727109551 986.537109 
157751827097784 986.535889 
157751927085984 986.545654 
157752027074184 986.538574 
157752127062350 986.542969 
157752227050450 986.538818 
157752327038550 986.537842 
157752427026783 986.534424 
157752527014983 986.542236 
157752627003183 986.531250 
157752726991383 986.532715 
157752826979616 986.537354 
157752926967849 986.531982 
157753026956049 986.537109 
157753126944249 986.536621 
157753226932249 986.536621 
157753326920115 986.535400 
157753426908115 986.527100 
157753526896315 986.530273 
157753626884481 986.529053 
157753726872647 986.532715 
157753826860813 986.530273 
157753926849013 986.520996 
157754026837179 986.517578 
157754126825345 986.511719 
157754226813511 986.501465 
157754326801444 986.500244 
157754426789310 986.498291 
157754526777310 986.490479 
157754626765310 986.492676 
157754726753276 986.486572 
