# Created at Fri Mar 21 09:09:39 GMT+01:00 2025 in Burnaby Canada 
169197721297938 1002.569336 
169197821285938 1002.567383 
169197921273938 1002.564697 
169198021261938 1002.560791 
169198121249904 1002.564941 
169198221237904 1002.561035 
169198321225770 1002.560059 
169198421213636 1002.555908 
169198521201802 1002.559814 
169198621190035 1002.556641 
169198721178235 1002.550293 
169198821166435 1002.556152 
169198921154668 1002.553711 
169199021142901 1002.555420 
169199121131101 1002.567139 
169199221119301 1002.566650 
169199321107401 1002.572021 
169199421095301 1002.570557 
169199521083201 1002.571045 
169199621071434 1002.570801 
169199721059667 1002.570801 
169199821047867 1002.564697 
169199921036067 1002.569580 
169200021024300 1002.569092 
169200121012533 1002.565430 
169200221000733 1002.569824 
169200320988933 1002.573486 
169200420977033 1002.572754 
169200520965133 1002.572998 
169200620953233 1002.572754 
169200720941466 1002.577637 
169200820929666 1002.568115 
169200920917866 1002.569824 
169201020906066 1002.571533 
169201120894299 1002.577637 
169201220882499 1002.573486 
169201320870699 1002.573242 
169201420858899 1002.565186 
169201520846832 1002.560791 
169201620834698 1002.567383 
169201720822798 1002.574219 
169201820810998 1002.579102 
169201920799164 1002.586670 
169202020787330 1002.588623 
169202120775496 1002.588379 
169202220763696 1002.588867 
169202320751862 1002.584717 
169202420740028 1002.585449 
169202520728194 1002.586670 
169202620716060 1002.585693 
169202720703926 1002.583496 
169202820691926 1002.591309 
169202920679926 1002.592529 
169203020667892 1002.592529 
169203120655858 1002.583008 
169203220643858 1002.590820 
169203320631858 1002.588867 
169203420619824 1002.592041 
169203520607790 1002.582520 
169203620595790 1002.589111 
169203720583656 1002.589600 
169203820571556 1002.591309 
169203920559789 1002.586670 
169204020548022 1002.590332 
169204120536222 1002.590576 
169204220524422 1002.587646 
169204320512655 1002.581543 
169204420500955 1002.586914 
169204520489155 1002.591797 
169204620477355 1002.580322 
169204720465355 1002.589111 
169204820453255 1002.594727 
169204920441255 1002.599854 
169205020429488 1002.608643 
169205120417721 1002.605713 
169205220405921 1002.593506 
169205320394121 1002.586182 
169205420382421 1002.574951 
169205520370654 1002.580322 
169205620358854 1002.580566 
169205720347054 1002.574951 
169205820335154 1002.570801 
169205920323320 1002.577637 
169206020311486 1002.570313 
169206120299719 1002.563477 
169206220287919 1002.558594 
169206320276119 1002.552002 
169206420264419 1002.541992 
169206520252652 1002.547852 
169206620240885 1002.543213 
169206720229085 1002.534180 
169206820217285 1002.538574 
169206920205218 1002.527832 
169207020193084 1002.526611 
169207120181217 1002.528320 
169207220169417 1002.520264 
169207320157583 1002.526367 
169207420145749 1002.537354 
169207520133915 1002.533936 
169207620122115 1002.537842 
169207720110281 1002.527100 
169207820098447 1002.512939 
169207920086580 1002.509766 
169208020074446 1002.514893 
169208120062312 1002.518555 
169208220050312 1002.518799 
169208320038312 1002.522461 
169208420026278 1002.520020 
169208520014244 1002.527832 
169208620002244 1002.528809 
169208719990244 1002.527832 
169208819978210 1002.524414 
169208919966176 1002.528076 
169209019954109 1002.536377 
169209119941975 1002.532715 
169209219930041 1002.523682 
169209319918274 1002.523682 
169209419906474 1002.516602 
169209519894674 1002.524414 
169209619882840 1002.521484 
169209719871073 1002.520752 
169209819859273 1002.518555 
169209919847473 1002.519531 
169210019835673 1002.515869 
169210119823639 1002.517090 
169210219811539 1002.511230 
169210319799639 1002.513428 
169210419787872 1002.521240 
169210519776105 1002.518311 
169210619764305 1002.521729 
169210719752505 1002.524414 
169210819740738 1002.512695 
169210919728971 1002.511475 
169211019717171 1002.521729 
169211119705371 1002.533691 
169211219693471 1002.550537 
169211319681571 1002.554199 
169211419669804 1002.558105 
169211519658037 1002.561035 
169211619646237 1002.565186 
169211719634437 1002.575195 
169211819622670 1002.579346 
169211919610903 1002.570068 
169212019599103 1002.571777 
169212119587303 1002.571289 
169212219575336 1002.577881 
169212319563202 1002.590820 
169212419551068 1002.591553 
169212519539268 1002.595459 
169212619527468 1002.595947 
169212719515634 1002.600586 
169212819503800 1002.597900 
169212919492000 1002.601074 
169213019480200 1002.604492 
169213119468366 1002.602051 
169213219456532 1002.599365 
169213319444532 1002.600586 
169213419432398 1002.590820 
169213519420298 1002.595459 
169213619408298 1002.590088 
169213719396298 1002.596436 
169213819384264 1002.590820 
169213919372230 1002.596436 
169214019360230 1002.592285 
169214119348230 1002.594971 
169214219336196 1002.604980 
169214319324162 1002.607666 
169214419312028 1002.602783 
169214519299894 1002.592529 
169214619287994 1002.594482 
169214719276227 1002.590576 
169214818359906 1002.582275 
169214918348106 1002.574707 
169215018336339 1002.571533 
169215118324572 1002.569336 
169215218312772 1002.563477 
169215318300972 1002.560303 
169215418289205 1002.560791 
169215518277105 1002.559814 
169215618265005 1002.553955 
169215718253171 1002.552979 
169215818241404 1002.553955 
169215918229604 1002.553711 
169216018217804 1002.563721 
169216118206004 1002.566895 
169216218194237 1002.571777 
169216318182437 1002.573975 
169216418170637 1002.569824 
169216518158803 1002.572266 
169216618146903 1002.577637 
169216718135003 1002.578125 
169216818123236 1002.585205 
169216918111469 1002.592773 
169217018099669 1002.594482 
169217118087869 1002.595947 
169217218076102 1002.599854 
169217318064335 1002.607910 
169217418052535 1002.610840 
169217518040735 1002.608398 
169217618028735 1002.600098 
169217718016601 1002.600342 
169217818004601 1002.600586 
169217917992801 1002.601807 
169218017980967 1002.595703 
169218117969133 1002.592529 
169218217957299 1002.591064 
169218317945499 1002.579834 
169218417933665 1002.583252 
169218517921831 1002.588379 
169218617909997 1002.585693 
169218717897930 1002.587646 
169218817885796 1002.589111 
169218917873729 1002.586426 
169219017861729 1002.582275 
169219117849729 1002.590088 
169219217837695 1002.593994 
169219317825695 1002.595703 
169219417813695 1002.594727 
169219517801695 1002.594238 
169219617789661 1002.593506 
169219717777661 1002.588135 
169219817765527 1002.586426 
169219917753393 1002.588135 
169220017741559 1002.587646 
169220117729792 1002.591553 
169220217717992 1002.595703 
169220317706192 1002.598877 
169220417694425 1002.592041 
169220517682658 1002.594727 
169220617670858 1002.607666 
169220717659058 1002.620850 
169220817647158 1002.615967 
169220917635058 1002.608643 
169221017622958 1002.606445 
169221117611191 1002.597656 
169221217599424 1002.601074 
169221317587624 1002.603760 
169221417575824 1002.597656 
169221517564057 1002.597168 
169221617552290 1002.590576 
169221717540490 1002.599365 
169221817528690 1002.594727 
169221917516856 1002.593262 
169222017504956 1002.597656 
169222117493056 1002.595703 
169222217481289 1002.590088 
169222317469489 1002.592285 
169222417457689 1002.595703 
169222517445889 1002.600098 
169222617434122 1002.599121 
169222717422322 1002.599854 
169222817410522 1002.603027 
169222917398722 1002.600098 
169223017386655 1002.604736 
169223117374521 1002.607910 
169223217362621 1002.596680 
169223317350821 1002.592773 
169223417338987 1002.595459 
169223517327153 1002.585938 
169223617315319 1002.586914 
169223717303519 1002.589355 
169223817291685 1002.589844 
169223917279851 1002.587402 
169224017268017 1002.585205 
169224117255883 1002.594971 
169224217243749 1002.584229 
169224317231749 1002.581299 
169224417219749 1002.594482 
169224517207715 1002.601074 
169224617195681 1002.598633 
169224717183681 1002.587891 
169224817171681 1002.586426 
169224917159647 1002.586426 
169225017147613 1002.588379 
169225117135613 1002.584717 
169225217123479 1002.582520 
169225317111379 1002.583984 
169225417099612 1002.582275 
169225517087845 1002.584717 
169225617076045 1002.594727 
169225717064245 1002.593262 
169225817052478 1002.587402 
169225917040711 1002.584961 
169226017028911 1002.589111 
169226117017111 1002.589111 
169226217005111 1002.590576 
169226316993011 1002.588623 
169226416980944 1002.578125 
169226516969177 1002.587402 
169226616957410 1002.587646 
169226716945610 1002.590088 
169226816933810 1002.586914 
169226916922043 1002.581543 
169227016910276 1002.581055 
169227116898476 1002.582764 
169227216886676 1002.580078 
169227316874776 1002.576904 
169227416862876 1002.572266 
169227516851042 1002.583496 
169227616839275 1002.585693 
169227716827475 1002.582520 
169227816815675 1002.577637 
169227916803908 1002.566895 
169228016792141 1002.562012 
169228116780341 1002.567871 
169228216768541 1002.566895 
169228316756741 1002.573730 
169228416744607 1002.568848 
169228516732473 1002.564941 
169228616720606 1002.565674 
169228716708806 1002.570801 
169228816696972 1002.575684 
169228916685138 1002.589844 
169229016673304 1002.579834 
169229116661504 1002.578369 
169229216649670 1002.573242 
169229316637836 1002.571533 
169229416625969 1002.579834 
169229516613835 1002.583008 
169229616601701 1002.583740 
169229716589701 1002.579346 
169229816577701 1002.575928 
169229916565667 1002.570801 
169230016553633 1002.576172 
169230116541633 1002.575195 
169230216529633 1002.579346 
169230316517599 1002.582031 
169230416505565 1002.581787 
169230516493498 1002.580322 
169230616481364 1002.585693 
169230716469430 1002.593750 
169230816457663 1002.597412 
169230916445863 1002.594727 
169231016434063 1002.587402 
169231116422263 1002.584473 
169231216410563 1002.574219 
169231316398763 1002.576172 
169231416386963 1002.575439 
169231516375163 1002.576172 
169231616363129 1002.572021 
169231716351095 1002.569336 
169231816339195 1002.568848 
169231916327428 1002.574951 
169232016315661 1002.581787 
169232116303861 1002.580566 
169232216292127 1002.577881 
169232316280360 1002.578857 
169232416268593 1002.574463 
169232516256793 1002.575684 
169232616244993 1002.567627 
169232716233159 1002.566650 
169232816221259 1002.572754 
169232916209492 1002.567627 
169233016197725 1002.571777 
169233116185925 1002.576416 
169233216174191 1002.573730 
169233316162424 1002.577637 
169233416150657 1002.586670 
169233516138857 1002.587891 
169233616127057 1002.590088 
169233716115157 1002.589355 
169233816103023 1002.578369 
169233916090889 1002.578613 
169234016079089 1002.571289 
169234116067289 1002.570557 
169234216055455 1002.562256 
169234316043621 1002.561279 
169234416031821 1002.561523 
169234516020021 1002.566895 
169234616008187 1002.572510 
169234715996353 1002.556885 
169234815984353 1002.554443 
169234915972219 1002.558350 
169235015960119 1002.554688 
169235115948119 1002.557861 
169235215936119 1002.563721 
169235315924085 1002.554443 
169235415912051 1002.555176 
169235515900051 1002.563477 
169235615888051 1002.565674 
169235715876017 1002.566650 
169235815863983 1002.565430 
169235915851849 1002.573975 
169236015839715 1002.571777 
169236115827815 1002.567871 
169236215816048 1002.563477 
169236315804248 1002.558350 
169236415792448 1002.559570 
169236515780681 1002.559570 
169236615768914 1002.558350 
169236715757114 1002.561035 
169236815745314 1002.556641 
169236915733547 1002.561768 
169237015721447 1002.570068 
169237115709347 1002.566406 
169237215697480 1002.561768 
169237315685713 1002.560303 
169237415673913 1002.550781 
169237515662113 1002.559570 
169237615650313 1002.563965 
169237715638546 1002.563232 
169237815626746 1002.563232 
169237915614946 1002.554688 
169238015603112 1002.553955 
169238115591212 1002.562988 
169238215579312 1002.568359 
169238315567545 1002.568604 
169238415555778 1002.566650 
169238515543978 1002.565918 
169238615532178 1002.563721 
169238715520411 1002.562012 
169238815508644 1002.558105 
169238915496844 1002.555664 
169239015485044 1002.557617 
169239115473044 1002.561523 
169239215460910 1002.569092 
169239315448910 1002.573730 
169239415437110 1002.572998 
169239515425276 1002.571045 
169239615413442 1002.570801 
169239715401608 1002.567383 
169239815389808 1002.554199 
169239915377974 1002.553467 
169240015366140 1002.549805 
169240115354306 1002.544922 
169240215342272 1002.555420 
169240315330138 1002.546875 
169240415318071 1002.548340 
169240515306071 1002.553467 
169240615294071 1002.554932 
169240715282037 1002.550781 
169240815270037 1002.550781 
169240915258037 1002.552246 
169241015246037 1002.553467 
169241115234003 1002.548340 
169241215221969 1002.544189 
169241315209835 1002.552002 
169241415197701 1002.552734 
169241515185867 1002.549561 
169241615174100 1002.549316 
169241715162300 1002.565674 
169241815150500 1002.562500 
169241915138733 1002.564941 
169242015126966 1002.562012 
169242115115166 1002.555908 
169242215103366 1002.553467 
169242315091466 1002.559814 
169242415079366 1002.559082 
169242515067266 1002.560791 
169242615055499 1002.561035 
169242715043732 1002.558594 
169242815031932 1002.558350 
169242915020132 1002.555664 
169243015008365 1002.556152 
169243114996598 1002.553223 
169243214984798 1002.552246 
169243314972998 1002.550537 
169243414961164 1002.541504 
169243514949264 1002.546143 
169243614937364 1002.544434 
169243714925597 1002.548096 
169243814913797 1002.555664 
169243914901997 1002.562012 
169244014890197 1002.557861 
169244114878430 1002.562256 
169244214866663 1002.559570 
169244314854863 1002.572510 
169244414843063 1002.568604 
169244514830996 1002.562256 
169244614818862 1002.546875 
169244714806928 1002.547852 
169244814795128 1002.546143 
169244914783294 1002.539795 
169245014771460 1002.549805 
169245114759626 1002.552979 
169245214747826 1002.555420 
169245314735992 1002.559326 
169245414724158 1002.570801 
169245514712324 1002.579834 
169245614700190 1002.575684 
169245714688056 1002.569336 
169245814676056 1002.560547 
169245914664056 1002.559814 
169246014652022 1002.556152 
169246114639988 1002.559814 
169246214627988 1002.560059 
169246314615988 1002.563477 
169246414603954 1002.568115 
169246514591920 1002.572998 
169246614579920 1002.573975 
169246714567786 1002.563477 
169246814555686 1002.565918 
169246914543919 1002.566895 
169247014532152 1002.562988 
169247114520352 1002.561279 
169247214508552 1002.555664 
169247314496785 1002.550049 
169247414485018 1002.555908 
169247514473218 1002.551270 
169247614461418 1002.551025 
169247714449451 1002.549561 
169247814437351 1002.555664 
169247914425284 1002.559570 
169248014413517 1002.552979 
169248114401750 1002.551270 
169248214389950 1002.550537 
169248314378150 1002.551514 
169248414366383 1002.559326 
169248514354616 1002.562256 
169248614342816 1002.561523 
169248714331016 1002.563232 
169248814319116 1002.571777 
169248914307216 1002.571533 
169249014295382 1002.565918 
169249114283615 1002.561279 
169249214271815 1002.556152 
169249314260015 1002.557129 
169249414248248 1002.550293 
169249514236481 1002.557617 
169249614224681 1002.555176 
169249714212881 1002.559814 
169249814201081 1002.553467 
169249914188947 1002.546631 
169250014176813 1002.547363 
169250114164946 1002.554199 
169250214153146 1002.558350 
169250314141312 1002.554443 
169250414129478 1002.553223 
169250514117644 1002.549805 
169250614105844 1002.546875 
169250714094010 1002.549805 
169250814082176 1002.546387 
169250914070309 1002.551025 
169251014058175 1002.553955 
169251114046041 1002.565430 
169251214034041 1002.571289 
169251314022041 1002.561768 
169251414010007 1002.564697 
169251513997973 1002.562744 
169251613985973 1002.569336 
169251713973973 1002.556885 
169251813961939 1002.556641 
169251913949905 1002.554443 
169252013937838 1002.551025 
169252113925704 1002.548828 
169252213913704 1002.550293 
169252313901937 1002.557373 
169252413890137 1002.563477 
169252513878337 1002.565918 
169252613866537 1002.564697 
169252713854770 1002.569336 
169252813842970 1002.567627 
169252913831170 1002.563232 
169253013819370 1002.558838 
169253113807336 1002.554932 
169253213795236 1002.557129 
169253313783336 1002.561279 
169253413771569 1002.560547 
169253513759802 1002.558838 
169253613748002 1002.556152 
169253713736202 1002.556396 
169253813724435 1002.570313 
169253913712668 1002.574463 
169254013700868 1002.571777 
169254113689068 1002.572998 
169254213677168 1002.563965 
169254313665268 1002.556641 
169254413653501 1002.555176 
169254513641734 1002.559326 
169254613629934 1002.545654 
169254713618134 1002.550049 
169254813606367 1002.551758 
169254913594600 1002.559570 
169255013582800 1002.568359 
169255113571000 1002.573242 
169255213559100 1002.570557 
169255313546966 1002.568848 
169255413534832 1002.567627 
169255513523032 1002.569580 
169255613511232 1002.575439 
169255713499398 1002.568848 
169255813487564 1002.563232 
169255913475764 1002.566406 
169256013463964 1002.579346 
169256113452130 1002.585693 
169256213440296 1002.592773 
169256313428296 1002.583740 
169256413416162 1002.573486 
169256513404062 1002.575439 
169256613392062 1002.568359 
169256713380062 1002.554932 
169256813368028 1002.548096 
169256913355994 1002.557129 
169257013344060 1002.559326 
169257113332060 1002.566650 
169257213320026 1002.572510 
169257313307992 1002.573730 
169257413295858 1002.578369 
169257513283791 1002.577148 
169257613271891 1002.570557 
169257713260124 1002.569580 
169257813248324 1002.571289 
169257913236524 1002.562744 
169258013224824 1002.563232 
169258113213057 1002.567139 
169258213201257 1002.557373 
169258313189457 1002.562012 
169258413177690 1002.563965 
169258513165656 1002.562500 
169258613153556 1002.567871 
169258713141689 1002.581543 
169258813129922 1002.569336 
169258913118122 1002.563721 
169259013106388 1002.567627 
169259113094588 1002.569580 
169259213082821 1002.569580 
169259313071021 1002.577881 
169259413059221 1002.560303 
169259513047454 1002.563477 
169259613035554 1002.564941 
169259713023654 1002.562744 
169259813011887 1002.557861 
169259913000120 1002.557129 
169260012988320 1002.559814 
169260112976520 1002.558350 
169260212964753 1002.559082 
169260312952986 1002.563721 
169260412941186 1002.573486 
169260512929386 1002.579346 
169260612917386 1002.576660 
169260712905252 1002.575928 
169260812893252 1002.577393 
169260912881452 1002.575684 
169261012869618 1002.577393 
169261112857784 1002.575928 
169261212845950 1002.567627 
169261312834150 1002.570801 
169261412822316 1002.572754 
169261512810482 1002.575439 
169261612798648 1002.578369 
169261712786614 1002.583008 
169261812774480 1002.582275 
169261912762413 1002.579590 
169262012750413 1002.581543 
169262112738413 1002.578125 
169262212726379 1002.581055 
169262312714379 1002.587158 
169262412702379 1002.582764 
169262512690379 1002.575195 
169262612678345 1002.569336 
169262712666311 1002.567871 
169262812654177 1002.569336 
169262912642043 1002.566162 
169263012630176 1002.568359 
169263112618409 1002.562500 
169263212606609 1002.567871 
169263312594809 1002.573975 
169263412583042 1002.571533 
169263512571275 1002.565674 
169263612559475 1002.563232 
169263712547675 1002.567383 
169263812535775 1002.569824 
169263912523675 1002.567383 
169264012511575 1002.568848 
169264112499808 1002.574707 
169264212488041 1002.569580 
169264312476241 1002.570068 
169264412464441 1002.567627 
169264512452674 1002.566895 
169264612440907 1002.574463 
169264712429107 1002.568848 
169264812417307 1002.568359 
169264912405473 1002.569580 
169265012393573 1002.565674 
169265112381673 1002.572510 
169265212369906 1002.568848 
169265312358106 1002.570801 
169265412346306 1002.575195 
169265512334506 1002.565918 
169265612322739 1002.566650 
169265712310972 1002.570068 
169265812299172 1002.572510 
169265912287372 1002.572021 
169266012275338 1002.568604 
169266112263204 1002.562744 
169266212251270 1002.564209 
169266312239470 1002.560303 
169266412227636 1002.550537 
169266512215802 1002.561035 
169266612203968 1002.565430 
169266712192168 1002.571289 
169266812180334 1002.568604 
169266912168500 1002.562744 
169267012156666 1002.567627 
169267112144532 1002.574463 
169267212132398 1002.569092 
169267312120398 1002.567139 
169267412108398 1002.575928 
169267512096364 1002.583252 
169267612084330 1002.582764 
169267712072330 1002.579834 
169267812060330 1002.581055 
169267912048296 1002.566162 
169268012036262 1002.567627 
169268112024262 1002.558838 
169268212012128 1002.559326 
169268312000028 1002.562500 
169268411988261 1002.562256 
169268511976494 1002.566895 
169268611964694 1002.568115 
169268711952894 1002.574219 
169268811941127 1002.573975 
169268911929360 1002.571045 
169269011917560 1002.573975 
169269111905760 1002.571045 
169269211893793 1002.565186 
169269311881693 1002.566406 
169269411869626 1002.571777 
169269511857859 1002.575195 
169269611846092 1002.576904 
169269711834292 1002.585449 
169269811822492 1002.593750 
169269911810725 1002.578857 
169270011798958 1002.572266 
169270111787158 1002.572754 
169270211775358 1002.555664 
169270311763458 1002.550781 
169270411751558 1002.552002 
169270511739691 1002.558594 
169270611727924 1002.561523 
169270711716124 1002.565430 
169270811704324 1002.562256 
169270911692557 1002.562012 
169271011680790 1002.554199 
169271111668990 1002.560791 
169271211657190 1002.563477 
169271311645390 1002.565674 
169271411633256 1002.563721 
169271511621122 1002.556885 
169271611609255 1002.553955 
169271711597455 1002.557861 
169271811585621 1002.559814 
169271911573787 1002.558838 
169272011561953 1002.561523 
169272111550153 1002.562012 
169272211538319 1002.566406 
169272311526485 1002.559326 
169272411514618 1002.568359 
169272511502484 1002.565186 
169272611490350 1002.560059 
169272711478350 1002.560547 
169272811466350 1002.566162 
169272911454316 1002.566406 
169273011442282 1002.566406 
169273111430282 1002.570313 
169273211418282 1002.566162 
169273311406248 1002.561279 
169273411394214 1002.552002 
169273511382180 1002.553467 
169273611370046 1002.554199 
169273711358046 1002.557861 
169273811346279 1002.564941 
169273911334479 1002.570313 
169274011322679 1002.571533 
169274111310879 1002.565918 
169274211299112 1002.568359 
169274311287312 1002.564209 
169274411275512 1002.569580 
169274511263712 1002.572754 
169274611251678 1002.565918 
169274711239578 1002.559082 
169274811227678 1002.564697 
169274911215911 1002.568848 
169275011204144 1002.567383 
169275111192344 1002.571289 
169275211180544 1002.569092 
169275311168777 1002.566895 
169275411157010 1002.554443 
169275511145210 1002.552490 
169275611133410 1002.552734 
169275711121510 1002.549561 
169275811109610 1002.555664 
169275911097843 1002.567871 
169276011086076 1002.570801 
169276111074276 1002.565918 
169276211062476 1002.578125 
169276311050709 1002.576416 
169276411038942 1002.580078 
169276511027142 1002.578125 
169276611015342 1002.573486 
169276711003442 1002.564941 
169276810991308 1002.564697 
169276910979174 1002.562256 
169277010967374 1002.552246 
169277110955574 1002.557617 
169277210943740 1002.558350 
169277310931906 1002.566406 
169277410920106 1002.565918 
169277510908306 1002.563721 
169277610896472 1002.561035 
169277710884638 1002.561523 
169277810872638 1002.554199 
169277910860504 1002.549072 
169278010848370 1002.548340 
169278110836370 1002.558105 
169278210824370 1002.561279 
169278310812336 1002.561768 
169278410800302 1002.572510 
169278510788302 1002.576904 
169278610776302 1002.576660 
169278710764268 1002.569092 
169278810752234 1002.560791 
169278910740100 1002.557373 
169279010727966 1002.554932 
169279110716066 1002.553223 
169279210704299 1002.564697 
169279310692499 1002.562744 
169279410680699 1002.562012 
169279510668932 1002.558105 
169279610657165 1002.565918 
169279710645365 1002.582275 
169279810633565 1002.581299 
169279910621798 1002.580811 
169280010609698 1002.583740 
169280110597598 1002.582031 
169280210585731 1002.574219 
169280310573964 1002.572021 
169280410562164 1002.567627 
169280510550364 1002.560059 
169280610538564 1002.550537 
169280710526797 1002.541504 
169280810514997 1002.538330 
169280910503197 1002.538086 
169281010491397 1002.543701 
169281110479497 1002.541504 
169281210467597 1002.547119 
169281310455830 1002.551514 
169281410444063 1002.561279 
169281510432263 1002.562988 
169281610420463 1002.566162 
169281710408696 1002.551758 
169281810396929 1002.552734 
169281910385129 1002.546631 
169282010373329 1002.545898 
169282110361329 1002.540771 
169282210349195 1002.539063 
169282310337195 1002.542969 
169282410325395 1002.542480 
169282510313561 1002.552734 
169282610301727 1002.560547 
169282710289893 1002.563965 
169282810278093 1002.569336 
169282910266259 1002.563965 
169283010254425 1002.565186 
169283110242591 1002.558594 
169283210230557 1002.549805 
169283310218490 1002.556641 
169283410206423 1002.546143 
169283510194423 1002.561035 
169283610182423 1002.566650 
169283710170389 1002.570068 
169283810158422 1002.573730 
169283910146422 1002.569824 
169284010134422 1002.568359 
169284110122388 1002.569580 
169284210110354 1002.565918 
169284310098287 1002.552734 
169284410086153 1002.559814 
169284510074286 1002.549072 
169284610062519 1002.551025 
169284710050719 1002.559082 
169284810038985 1002.560303 
169284910027218 1002.564941 
169285010015451 1002.568359 
169285110003651 1002.562256 
169285209991851 1002.571045 
169285309980017 1002.580811 
169285409967917 1002.573975 
169285509955817 1002.578369 
169285609944050 1002.572021 
169285709932283 1002.568848 
169285809920549 1002.559326 
169285909908749 1002.566650 
169286009896982 1002.570557 
169286109885215 1002.562744 
169286209873415 1002.562500 
169286309861615 1002.562012 
169286409849781 1002.567383 
169286509837881 1002.561279 
169286609825981 1002.559570 
169286709814214 1002.556641 
169286809802447 1002.562256 
169286909790647 1002.559814 
169287009778847 1002.561523 
169287109767080 1002.562988 
169287209755313 1002.554199 
169287309743513 1002.550537 
169287409731713 1002.552490 
169287509719679 1002.552246 
169287609707545 1002.551025 
169287709695611 1002.556396 
169287809683811 1002.551270 
169287909671977 1002.560547 
169288009660143 1002.564209 
169288109648309 1002.560303 
169288209636509 1002.568359 
169288309624675 1002.564453 
169288409612841 1002.567383 
169288509601007 1002.573242 
169288609588873 1002.565430 
169288709576739 1002.565430 
169288809564739 1002.566162 
169288909552739 1002.564453 
169289009540705 1002.566162 
169289109528671 1002.563965 
169289209516671 1002.561523 
169289309504671 1002.570313 
169289409492637 1002.576904 
169289509480603 1002.579102 
169289609468603 1002.586670 
169289709456469 1002.594971 
169289809444335 1002.581543 
169289909432568 1002.572021 
169290009420801 1002.565918 
169290109409001 1002.562012 
169290209397201 1002.568604 
169290309385434 1002.568115 
169290409373667 1002.559570 
169290509361867 1002.567871 
169290609350067 1002.579346 
169290709338100 1002.586426 
169290809326000 1002.593750 
169290909313933 1002.596436 
169291009302166 1002.598877 
169291109290399 1002.599121 
169291209278599 1002.593506 
169291309266799 1002.580811 
169291409255032 1002.588623 
169291509243265 1002.582275 
169291609231465 1002.580566 
169291709219665 1002.578125 
169291809207765 1002.581543 
169291909195865 1002.578369 
169292009183998 1002.589844 
169292109172231 1002.592773 
169292209160431 1002.590576 
169292309148631 1002.584717 
169292409136864 1002.585938 
169292509125097 1002.578125 
169292609113297 1002.573730 
169292709101497 1002.573975 
169292809089697 1002.576904 
169292909077563 1002.574463 
169293009065429 1002.573486 
169293109053562 1002.577637 
169293209041762 1002.574219 
169293309029928 1002.583252 
169293409018094 1002.582520 
169293509006260 1002.567139 
169293608994460 1002.554199 
169293708982626 1002.562256 
169293808970792 1002.563232 
169293908958925 1002.570557 
169294008946791 1002.563721 
169294108934657 1002.563965 
169294208922657 1002.564697 
169294308910657 1002.562256 
169294408898623 1002.566406 
169294508886589 1002.559326 
169294608874589 1002.561035 
169294708862589 1002.560791 
169294808850555 1002.565430 
169294908838521 1002.563965 
169295008826487 1002.556885 
169295108814353 1002.556152 
169295208802353 1002.558594 
169295308790586 1002.555664 
169295408778786 1002.545410 
169295508766986 1002.551270 
169295608755186 1002.557617 
169295708743419 1002.568848 
169295808731652 1002.565430 
169295908719852 1002.570313 
169296008708052 1002.570801 
169296108696018 1002.565674 
169296208683918 1002.568115 
169296308671951 1002.559326 
169296408660184 1002.557373 
169296508648417 1002.555176 
169296608636617 1002.554932 
169296708624817 1002.557861 
169296808613050 1002.555420 
169296908601283 1002.560547 
169297008589483 1002.559570 
169297108577683 1002.559326 
169297208565783 1002.555664 
169297308553883 1002.553711 
169297408542116 1002.557129 
169297508530349 1002.552734 
169297608518549 1002.553223 
169297708506749 1002.557861 
169297808494982 1002.556641 
169297908483215 1002.553467 
169298008471415 1002.549316 
169298108459615 1002.547852 
169298208447715 1002.540039 
169298308435581 1002.548096 
169298408423447 1002.543213 
169298508411647 1002.541992 
169298608399847 1002.530518 
169298708388013 1002.533447 
169298808376179 1002.534668 
169298908364379 1002.535645 
169299008352579 1002.546143 
169299108340745 1002.537842 
169299208328911 1002.528320 
169299308316944 1002.531006 
169299408304810 1002.535400 
169299508292676 1002.530762 
169299608280676 1002.530029 
169299708268676 1002.519775 
169299808256642 1002.517822 
169299908244608 1002.512939 
169300008232608 1002.523193 
