# Created at Fri Mar 14 12:01:05 GMT+01:00 2025 in Burnaby Canada 
157504229158436 12.000000 
157504829083436 13.000000 
157505309026436 14.000000 
157505928950436 15.000000 
157506408898436 16.000000 
157507008821436 17.000000 
157507508762436 18.000000 
157508088690436 19.000000 
157508548643436 20.000000 
157509128570436 21.000000 
157509608519436 22.000000 
157510228440436 23.000000 
157510668389436 24.000000 
157511268314436 25.000000 
157511688271436 26.000000 
157512248200436 27.000000 
157512708147436 28.000000 
157513288074436 29.000000 
157513748023436 30.000000 
157514327952436 31.000000 
157514827893436 32.000000 
157515407820436 33.000000 
157515847769436 34.000000 
157516447699436 35.000000 
157516887644436 36.000000 
157517487579436 37.000000 
157517947520436 38.000000 
157518567447436 39.000000 
157519007392436 40.000000 
157519627323436 41.000000 
157520047270436 42.000000 
157520627201436 43.000000 
157521087142436 44.000000 
157521667080436 45.000000 
157522107025436 46.000000 
157522646967436 47.000000 
157523146904436 48.000000 
157523706837436 49.000000 
157524186776436 50.000000 
157524746716436 51.000000 
157525226657436 52.000000 
157525826590436 53.000000 
157526266535436 54.000000 
157526826468436 55.000000 
157527306407436 56.000000 
157527886344436 57.000000 
157528346287436 58.000000 
157528946214436 59.000000 
157529386159436 60.000000 
157529986094436 61.000000 
157530446035436 62.000000 
157531045964436 63.000000 
157531505907436 64.000000 
157532105841436 65.000000 
157532565784436 66.000000 
157533145721436 67.000000 
157533605662436 68.000000 
157534205591436 69.000000 
157534645536436 70.000000 
157535265467436 71.000000 
157535705412436 72.000000 
157536305339436 73.000000 
157536765282436 74.000000 
157537345213436 75.000000 
157537845157436 76.000000 
157538445086436 77.000000 
157538885035436 78.000000 
157539464962436 79.000000 
157539944907436 80.000000 
157540544830436 81.000000 
157541024778436 82.000000 
157541624704436 83.000000 
157542064652436 84.000000 
157542684574436 85.000000 
157543144528436 86.000000 
157543744451436 87.000000 
157544184405436 88.000000 
157544784331436 89.000000 
157545204281436 90.000000 
157545804207436 91.000000 
157546284155436 92.000000 
157546844085436 93.000000 
157547304031436 94.000000 
157547883957436 95.000000 
157548363908436 96.000000 
157548923838436 97.000000 
157549383788436 98.000000 
157549963715436 99.000000 
157550403664436 100.000000 
157551003589436 101.000000 
157551443545436 102.000000 
157552023472436 103.000000 
157552523419436 104.000000 
157553123342436 105.000000 
157553563291436 106.000000 
157554163216436 107.000000 
157554623167436 108.000000 
157555203094436 109.000000 
157555643040436 110.000000 
157556262964436 111.000000 
157556702913436 112.000000 
157557282846436 113.000000 
157557742787436 114.000000 
157558342716436 115.000000 
157558802659436 116.000000 
157559402593436 117.000000 
157559842538436 118.000000 
157560422475436 119.000000 
157560882418436 120.000000 
157561502343436 121.000000 
157561942288436 122.000000 
157562542221436 123.000000 
157562962168436 124.000000 
157563582094436 125.000000 
157564022040436 126.000000 
157564621973436 127.000000 
157565061919436 128.000000 
157565661853436 129.000000 
157566081800436 130.000000 
157566681727436 131.000000 
157567121672436 132.000000 
157567721607436 133.000000 
157568161552436 134.000000 
157568741483436 135.000000 
157569201424436 136.000000 
157569781362436 137.000000 
157570241305436 138.000000 
157570820281364 139.000000 
157571260226364 140.000000 
157571840157364 141.000000 
157572300100364 142.000000 
157572860036364 143.000000 
157573299983364 144.000000 
157573879911364 145.000000 
157574359854364 146.000000 
157574939781364 147.000000 
157575379736364 148.000000 
157575979660364 149.000000 
157576399616364 150.000000 
157576999542364 151.000000 
157577439490364 152.000000 
157578019418364 153.000000 
157578639348364 154.000000 
157579499244364 155.000000 
