# Created at Thu Mar 27 09:47:33 GMT+01:00 2025 in Burnaby Canada 
3565827993207 1.000000 
3566447918207 2.000000 
3567067843207 3.000000 
3567767755207 4.000000 
3568327694207 5.000000 
3568987612207 6.000000 
3569627541207 7.000000 
3570327456207 8.000000 
3571047366207 9.000000 
3571687295207 10.000000 
3572307222207 11.000000 
3572947141207 12.000000 
3573527077207 13.000000 
3574186995207 14.000000 
3574806927207 15.000000 
3575426849207 16.000000 
3576026776207 17.000000 
3576686703207 18.000000 
3577246632207 19.000000 
3577886555207 20.000000 
3578486481207 21.000000 
3579166407207 22.000000 
3579786334207 23.000000 
3580486249207 24.000000 
3580986190207 25.000000 
3581686102207 26.000000 
3582246040207 27.000000 
3582905958207 28.000000 
3583485889207 29.000000 
3584145817207 30.000000 
3584765738207 31.000000 
3585385671207 32.000000 
3585945600207 33.000000 
3586565525207 34.000000 
3587145453207 35.000000 
3587825376207 36.000000 
3588365310207 37.000000 
3589025230207 38.000000 
3589545174207 39.000000 
3590145099207 40.000000 
3590725036207 41.000000 
3591404950207 42.000000 
3592024877207 43.000000 
3592704798207 44.000000 
3593284727207 45.000000 
3593904652207 46.000000 
3594464581207 47.000000 
3595104511207 48.000000 
3595684439207 49.000000 
3596304371207 50.000000 
3596904295207 51.000000 
3597544218207 52.000000 
3598104159207 53.000000 
3598744078207 54.000000 
3599324007207 55.000000 
3599983925207 56.000000 
3600523868207 57.000000 
3601163788207 58.000000 
3601723727207 59.000000 
3602403644207 60.000000 
3602923579207 61.000000 
3603563508207 62.000000 
3604143435207 63.000000 
3604783358207 64.000000 
3605323290207 65.000000 
3605923225207 66.000000 
3606523151207 67.000000 
3607163080207 68.000000 
3607703011207 69.000000 
3608362932207 70.000000 
3608922871207 71.000000 
3609522796207 72.000000 
3610082729207 73.000000 
3610722649207 74.000000 
3611262590207 75.000000 
3611922508207 76.000000 
3612502445207 77.000000 
3613122370207 78.000000 
3613682301207 79.000000 
3614322230207 80.000000 
3614922153207 81.000000 
3615542078207 82.000000 
3616102010207 83.000000 
3616741940207 84.000000 
3617281871207 85.000000 
3617921085727 86.000000 
3618461018727 87.000000 
3619120937727 88.000000 
3619680878727 89.000000 
3620300799727 90.000000 
3620840734727 91.000000 
3621480654727 92.000000 
3622060591727 93.000000 
3622680515727 94.000000 
3623240454727 95.000000 
3623900375727 96.000000 
3624440306727 97.000000 
3625020243727 98.000000 
3625640164727 99.000000 
3626240093727 100.000000 
3626800022727 101.000000 
3627459950727 102.000000 
3627979884727 103.000000 
3628639811727 104.000000 
3629199740727 105.000000 
3629819667727 106.000000 
3630359608727 107.000000 
3631039523727 108.000000 
3631559460727 109.000000 
3632219378727 110.000000 
3632759321727 111.000000 
3633419237727 112.000000 
3633979176727 113.000000 
3634639097727 114.000000 
3635199026727 115.000000 
3635878951727 116.000000 
3636438880727 117.000000 
3637078803727 118.000000 
3637658731727 119.000000 
3638298661727 120.000000 
3638878589727 121.000000 
3639498519727 122.000000 
3640098448727 123.000000 
3640738367727 124.000000 
3641298306727 125.000000 
3641918228727 126.000000 
3642498158727 127.000000 
3643138078727 128.000000 
3643758012727 129.000000 
3644397941727 130.000000 
3644997864727 131.000000 
3645677783727 132.000000 
3646337701727 133.000000 
3647097614727 134.000000 
3648197478727 136.000000 
