# Created at Fri Mar 14 12:58:00 GMT+01:00 2025 in Burnaby Canada 
626302421185371 984.240234 
626302461185891 984.233154 
626302501178183 984.234863 
626302541181308 984.217285 
626302581186777 984.223633 
626302621186621 984.225586 
626302661166256 984.229248 
626302701186829 984.234619 
626302741185423 984.249023 
626302781165996 984.245850 
626302821180683 984.233398 
626302861180631 984.231934 
626302901188600 984.219727 
626302941186829 984.229492 
626302981181516 984.245850 
626303021188600 984.256104 
626303061175058 984.257568 
626303101185891 984.251709 
626303141186464 984.248291 
626303181186673 984.244385 
626303221187923 984.253174 
626303261187246 984.259033 
626303301186204 984.271973 
626303341181829 984.279785 
626303381188183 984.270996 
626303421179537 984.266357 
626303461186777 984.282959 
626303501165579 984.276367 
626303541186516 984.262207 
626303581180787 984.255127 
626303621183808 984.256104 
626303661180371 984.251953 
626303701179225 984.255615 
626303741180371 984.264160 
626303781187193 984.261719 
626303821186985 984.259033 
626303861178964 984.254883 
626303901187246 984.270996 
626303941186464 984.274414 
626303981188912 984.307861 
626304021166568 984.330811 
626304061180058 984.361328 
626304101186725 984.369873 
626304141187766 984.369141 
626304181187766 984.362549 
626304221187662 984.319580 
626304261187818 984.302979 
626304301179641 984.293457 
626304341241881 984.289063 
626304381186985 984.296875 
626304421186777 984.292969 
626304461178756 984.301025 
626304501186621 984.299316 
626304541188027 984.297363 
626304581187975 984.280029 
626304621181985 984.259277 
626304661181308 984.275146 
626304701187558 984.308105 
626304741187193 984.331055 
626304781187558 984.303467 
626304821187714 984.292725 
626304861188027 984.303955 
626304901188287 984.299316 
626304941180891 984.304443 
626304981186673 984.311768 
626305021187662 984.313232 
626305061178704 984.368652 
626305101189589 984.467285 
626305141187766 984.532227 
626305181186516 984.564697 
626305221178964 984.587158 
626305261186464 984.603271 
626305301187089 984.612305 
626305341187818 984.600586 
626305381165058 984.523193 
626305421187975 984.515869 
626305461187662 984.598633 
626305501187923 984.694092 
626305541180371 984.585938 
626305581186777 984.340332 
626305621186725 984.176514 
626305661178704 984.118652 
626305701187923 984.205078 
626305741187714 984.607666 
626305781188704 985.045898 
626305821178756 985.572021 
626305861180735 985.740479 
626305901186360 985.409424 
626305941186516 984.818604 
626305981166256 984.282227 
626306021187610 983.943359 
626306061187610 983.758545 
626306101187975 983.664551 
626306141181621 983.691406 
626306181186621 983.747314 
626306221187246 983.802246 
626306261179016 983.810547 
626306301187714 983.898193 
626306341187818 984.041260 
626306381188183 984.188721 
626306421178131 984.281982 
626306461188912 984.175049 
626306501186360 984.156982 
626306541186673 984.145508 
626306581179537 984.155518 
626306621187923 984.165039 
626306661188027 984.181885 
626306701187350 984.218506 
626306741180475 984.259766 
626306781186673 984.284668 
626306821186673 984.290527 
626306861188027 984.299805 
626306901188287 984.302490 
626306941187714 984.310059 
626306981187818 984.323486 
626307021178443 984.330566 
626307061179746 984.339600 
626307101186881 984.335938 
626307141186881 984.327148 
626307181180527 984.336670 
626307221188860 984.342285 
626307261187714 984.341797 
626307301188183 984.350342 
626307341183131 984.344727 
626307381164589 984.343506 
626307421188808 984.336914 
626307461186881 984.345947 
626307501187766 984.343262 
626307541187766 984.339844 
626307581187610 984.331299 
626307621178756 984.322266 
626307661181673 984.316162 
626307701187037 984.316650 
626307741187662 984.322998 
626307781178443 984.317627 
626307821189537 984.326416 
626307861188027 984.328369 
626307901187506 984.330566 
626307941164589 984.337891 
626307981180266 984.334229 
626308021186568 984.328613 
626308061187037 984.324951 
626308101187766 984.324463 
626308141187923 984.322510 
626308181188027 984.324219 
626308221188027 984.328125 
626308261180891 984.325684 
626308301186777 984.321777 
626308341186933 984.321289 
626308381179485 984.326904 
626308421187766 984.321777 
626308461187766 984.321289 
626308501187975 984.334473 
626308541178443 984.332031 
626308581185943 984.330811 
626308621185943 984.328857 
626308661185891 984.324951 
626308701187714 984.324463 
626308741187193 984.334229 
626308781187558 984.335938 
626308821188131 984.328857 
626308861182298 984.314453 
626308901186673 984.319092 
626308941164693 984.317871 
626308981178964 984.318115 
626309021187975 984.315430 
626309061187714 984.317871 
626309101187714 984.306641 
626309141178704 984.308105 
626309181178496 984.307129 
626309221186881 984.310303 
626309261180006 984.325439 
626309301165579 984.338623 
626309341187089 984.340088 
626309381187871 984.340088 
626309421188391 984.333740 
626309461180891 984.335205 
626309501186673 984.331787 
626309541186412 984.318848 
626309581178600 984.314453 
626309621188287 984.308350 
626309661187558 984.299805 
626309701188027 984.301025 
626309741179225 984.302979 
626309781251100 984.303467 
626309821186777 984.298340 
626309861186152 984.303711 
626309901181048 984.302734 
626309941187714 984.307617 
626309981187871 984.312256 
626310021188496 984.322266 
626310061180214 984.319336 
626310101179277 984.315186 
626310141187037 984.311279 
626310181186985 984.308105 
626310221187402 984.310059 
626310261188079 984.317383 
626310301188131 984.319336 
626310341178443 984.306885 
626310381182818 984.319336 
626310421186933 984.438965 
626310461187714 984.543213 
626310501178704 984.398193 
626310541187923 984.286865 
626310581187923 984.320313 
626310621188391 984.315918 
626310661270579 984.268555 
626310701179121 984.269287 
626310741187610 984.317383 
626310781180058 984.357178 
626310821187662 984.404053 
626310861187714 984.479492 
626310901188027 984.545410 
626310941178756 984.588867 
626310981182402 984.618408 
626311021186621 984.623047 
626311061186933 984.626709 
626311101179016 984.683350 
626311141187923 984.710693 
626311181187714 984.745117 
626311221187871 984.722412 
626311261166933 984.679932 
626311301186725 984.631592 
626311341186933 984.586426 
626311381186464 984.402832 
626311421187714 984.251221 
626311461187975 984.283447 
626311501188027 984.377686 
626311541178704 984.479980 
626311581318496 984.590088 
626311621186412 984.687988 
626311661186464 984.850342 
626311701178704 985.158691 
626311741187766 985.453613 
626311781187662 985.528076 
626311821188183 985.257080 
626311861178652 984.958984 
626311901184277 984.844727 
626311941186673 984.215820 
626311981189068 983.665771 
626312021188027 983.318604 
626312061187610 983.278809 
626312101187714 983.351074 
626312141188183 983.449463 
626312181180214 983.659180 
626312221186881 983.781494 
626312261187246 983.862061 
626312301178443 984.041504 
626312341189746 984.236328 
626312381190266 984.218018 
626312421188733 984.251465 
626312461180296 984.442627 
626312501246702 984.529053 
626312541187692 984.502197 
626312581188785 984.388916 
626312621166181 984.247070 
626312661189046 984.156006 
626312701188890 984.232422 
626312741188265 984.336182 
626312781185556 984.414063 
626312821187744 984.493896 
626312861187379 984.583252 
626312901181598 984.747070 
626312941189046 985.099365 
626312981189150 985.342285 
626313021188525 985.261719 
626313061179983 985.069824 
626313101180035 984.516602 
626313141188004 984.766602 
626313181187692 984.016602 
626313221165556 983.520264 
626313261188890 983.314453 
626313301189046 983.527832 
626313341188733 983.627197 
626313381181962 983.681396 
626313421187640 983.811768 
626313461188160 983.953613 
626313501191181 984.159180 
626313541189046 984.303955 
626313581188681 984.266113 
626313621189046 984.374512 
626313661179723 984.593994 
626313701181285 984.685303 
626313741187223 984.552979 
626313781181702 984.424316 
626313821179723 984.200684 
626313861188525 984.188477 
626313901188942 984.232666 
626313941189254 984.260254 
626313981230973 984.309082 
626314021187535 984.380859 
626314061188577 984.474121 
626314101189306 984.815430 
626314141188942 985.310303 
626314181188785 985.542725 
626314221188681 985.423340 
626314261179462 985.332520 
626314301179046 984.884033 
626314341187900 984.224854 
626314381187744 983.683105 
626314421180296 983.382813 
626314461188629 983.353271 
626314501188681 983.437500 
626314541189202 983.581543 
626314581166546 983.712402 
626314621166442 983.835938 
626314661188056 984.028320 
626314701187744 984.216797 
626314741188681 984.198730 
626314781188681 984.472656 
626314821188837 984.599609 
626314861179671 984.515869 
626314901216285 984.418701 
626314941187796 984.256592 
626314981187640 984.192383 
626315021180452 984.184814 
626315061188785 984.213379 
626315101188629 984.305664 
626315141188890 984.431152 
626315181165712 984.538086 
626315221188056 984.796143 
626315261187744 985.250244 
626315301189358 985.445068 
626315341188785 985.339355 
626315381191546 985.118652 
626315421188785 984.749023 
626315461189202 984.517090 
626315501180973 983.914063 
626315541187431 983.453369 
626315581187431 983.266846 
626315621179462 983.332520 
626315661188785 983.464844 
626315701188994 983.569092 
626315741188890 983.672607 
626315781179462 983.801758 
626315821167171 984.063965 
626315861188056 984.257568 
626315901188056 984.213623 
626315941188733 984.378174 
626315981189254 984.560547 
626316021189254 984.640625 
626316061189462 984.638184 
626316101181494 984.414551 
626316141187952 984.278809 
626316181188108 984.206787 
626316221179723 984.179932 
626316261188056 984.197754 
626316301188942 984.275879 
626316341188733 984.369629 
626316381179983 984.522949 
626316421181910 984.888916 
626316461187223 985.178223 
626316501187015 985.187988 
626316541166702 984.993408 
626316581188369 984.852783 
626316621188785 984.764648 
626316661188733 984.258789 
626316701182379 983.711182 
626316741187952 983.388428 
626316781188212 983.401611 
626316821178890 983.493652 
626316861189150 983.552002 
626316901188733 983.648193 
626316941189046 983.761963 
626316981179723 983.878418 
626317021184931 984.053955 
626317061187640 984.255859 
626317101188056 984.339844 
626317141184410 984.404785 
626317181189046 984.567627 
626317221188942 984.650146 
626317261189306 984.592285 
626317301182848 984.368164 
626317341181858 984.236328 
626317381188160 984.257813 
626317421188785 984.323486 
626317461189098 984.399414 
626317501188785 984.458008 
626317541188733 984.547607 
626317581179723 984.730713 
626317621181858 985.077393 
626317661187119 985.375244 
626317701187483 985.134521 
626317741179462 984.509033 
626317781189046 984.932861 
626317821189567 984.228027 
626317861189827 983.619873 
626317901283265 983.372070 
626317941187744 983.304688 
626317981187952 983.524414 
626318021188890 983.645752 
626318061189046 983.722168 
626318101188942 983.841553 
626318141189150 984.113281 
626318181180296 984.335449 
626318221195973 984.372803 
626318261188004 984.443604 
626318301189150 984.647705 
626318341179723 984.644531 
626318381188785 984.541016 
626318421190817 984.333740 
626318461189046 984.246094 
626318501166910 984.169189 
626318541183160 984.130859 
626318581188525 984.182373 
626318621188733 984.297119 
626318661188942 984.437988 
626318701189306 984.595947 
626318741189254 984.910400 
626318781179515 985.245117 
626318821182379 985.365723 
626318861188056 985.344238 
626318901188004 985.161377 
626318941180035 984.479980 
626318981188160 983.912109 
626319021190035 983.593994 
626319061188890 983.434814 
626319101180244 983.373779 
626319141188004 983.422119 
626319181187796 983.523193 
626319221187952 983.661133 
626319261188733 983.792480 
626319301188733 983.921631 
626319341189150 984.150635 
626319381189515 984.334961 
626319421182067 984.367432 
626319461188004 984.584473 
626319501188577 984.654053 
626319541178994 984.663086 
626319581188785 984.568115 
626319621188994 984.346191 
626319661187223 984.254395 
626319701179983 984.184326 
626319741188160 984.178711 
626319781187848 984.214600 
626319821187952 984.302246 
626319861166650 984.417236 
626319901187483 984.643311 
626319941188837 985.092773 
626319981187275 985.384766 
626320021188733 985.384277 
626320061190087 985.324707 
626320101188994 984.826904 
626320141179723 984.212646 
626320181195244 983.744385 
626320221187796 983.518311 
626320261189931 983.443359 
626320301181546 983.502197 
626320341189098 983.575928 
626320381188681 983.710693 
626320421188056 983.840088 
626320461166233 983.919922 
626320501187640 984.003418 
626320541187692 984.224121 
626320581189306 984.390869 
626320621188942 984.458984 
626320661188994 984.602051 
626320701188890 984.594971 
626320741185712 984.451172 
626320781341494 984.288818 
626320821187744 984.231201 
626320861188733 984.197021 
626320901179775 984.242676 
626320941188942 984.410889 
626320981188681 984.544678 
626321021189202 984.740479 
626321061179775 985.215332 
626321101182067 985.523193 
626321141188212 985.460449 
626321181187744 985.291260 
626321221188629 985.165771 
626321261188369 984.562256 
626321301189046 983.898438 
626321341188577 983.447266 
626321381182692 983.327881 
626321421187848 983.395264 
626321461187431 983.421875 
626321501179775 983.514648 
626321541189046 983.659180 
626321581188629 983.803223 
626321621189306 984.005859 
626321661180244 984.256104 
626321701166598 984.294189 
626321741187692 984.383789 
626321781188369 984.653564 
626321821166806 984.661621 
626321861189254 984.567383 
626321901188890 984.451172 
626321941188265 984.288818 
626321981182067 984.197754 
626322021187796 984.155029 
626322061187952 984.175293 
626322101178473 984.242188 
626322141188994 984.337891 
626322181188681 984.455811 
626322221189202 984.770020 
626322261179723 985.184814 
626322301308994 985.356201 
626322341188004 985.214600 
626322381187952 985.029297 
626322421165608 984.714844 
626322461188890 984.340088 
626322501188629 983.840088 
626322541189046 983.529053 
626322581182171 983.473389 
626322621187952 983.535645 
626322661187483 983.580566 
626322701187275 983.683350 
626322741188629 983.819092 
626322781188681 983.947021 
626322821188785 984.089600 
626322861179723 984.364258 
626322901189150 984.457275 
626322941188056 984.535645 
626322981189254 984.708496 
626323021180504 984.652588 
626323061188890 984.488037 
626323101188942 984.332031 
626323141188890 984.256104 
626323181190348 984.234863 
626323221188056 984.243164 
626323261187535 984.312988 
626323301188890 984.399658 
626323341187952 984.517334 
626323381188629 984.867676 
626323421189046 985.235352 
626323461179462 985.390137 
626323501182796 985.286133 
626323541187692 985.026123 
626323581188108 984.512451 
626323621179723 984.687744 
626323661189202 984.037354 
626323701188785 983.536621 
626323741189306 983.320801 
626323781166962 983.342285 
626323821182275 983.523438 
626323861188056 983.608398 
626323901189410 983.701904 
626323941188629 983.863281 
626323981188369 984.124756 
626324021189306 984.326172 
626324061179723 984.369141 
626324101259202 984.417236 
626324141187640 984.692383 
626324181187744 984.679199 
626324221179983 984.359619 
626324261188629 984.326172 
626324301188994 984.318848 
626324341188629 984.301514 
626324381169619 984.298340 
626324421187692 984.338623 
626324461188056 984.415039 
626324501188004 984.555908 
626324541188733 984.912354 
626324581188890 985.168457 
626324621188942 985.120605 
626324661189046 984.908691 
626324701182952 984.439453 
626324741187952 984.602051 
626324781187952 984.181152 
626324821178473 983.681396 
626324861188942 983.454834 
626324901188837 983.402588 
626324941188890 983.635742 
626324981179671 983.734375 
626325021230244 983.814209 
626325061187952 983.914063 
626325101188160 984.057617 
626325141188473 984.178955 
626325181188681 984.358887 
626325221188994 984.381592 
626325261189150 984.440186 
626325301183317 984.665039 
626325341207535 984.663086 
626325381187900 984.609131 
626325421179983 984.413330 
626325461190817 984.286621 
626325501188629 984.239746 
626325541188473 984.255371 
626325581179775 984.312012 
626325621180869 984.371582 
626325661187535 984.450195 
626325701188004 984.569336 
626325741167171 984.847900 
626325781188733 985.188721 
626325821188890 985.263428 
626325861187744 985.081055 
626325901183160 984.843262 
626325941187535 984.614502 
626325981187327 984.440186 
626326021179098 983.852539 
626326061188890 983.512695 
626326101189046 983.393066 
626326141189202 983.510010 
626326181179723 983.607666 
626326221190765 983.678223 
626326261187952 983.786377 
626326301187640 983.960205 
626326341182952 984.145508 
626326381189046 984.303223 
626326421189098 984.246094 
626326461189462 984.319336 
626326501182067 984.573975 
626326541187483 984.645020 
626326581188473 984.620117 
626326621188265 984.472168 
626326661188629 984.309082 
626326701188785 984.250244 
626326741188577 984.242920 
626326781180035 984.262451 
626326821185192 984.319580 
626326861187223 984.385498 
626326901186962 984.468262 
626326941179723 984.632813 
626326981189462 984.984619 
626327021188785 985.188721 
626327061189150 985.149902 
626327101265660 984.960693 
626327141189306 984.716309 
626327181188004 984.625000 
626327221187900 984.285400 
626327261188681 983.745605 
626327301189306 983.442627 
626327341188733 983.384521 
626327381179983 983.519287 
626327421182431 983.561279 
626327461187744 983.791504 
626327501188994 983.927979 
626327541179723 983.996826 
626327581188369 984.120361 
626327621189046 984.244629 
626327661189202 984.266602 
626327701170140 984.508057 
626327741182379 984.653809 
626327781188004 984.582275 
626327821188317 984.465088 
626327861188681 984.343262 
626327901188212 984.328857 
626327941189150 984.320801 
626327981180035 984.341553 
626328021330035 984.395508 
626328061188160 984.463379 
626328101189046 984.529541 
626328141178473 984.640869 
626328181188369 984.915771 
626328221188681 985.176270 
626328261188890 985.252686 
626328301179723 985.092773 
626328341191129 984.942871 
626328381188212 984.787109 
626328421166650 984.187256 
626328461188942 983.719727 
626328501189462 983.509033 
626328541189202 983.536865 
626328581189150 983.593018 
626328621183265 983.698975 
626328661187640 983.832764 
626328701189202 983.942383 
626328741179775 984.038574 
626328781188942 984.194092 
626328821188942 984.346436 
626328861189150 984.281738 
626328901179983 984.425537 
626328941187796 984.598389 
626328981187692 984.623047 
626329021187379 984.555908 
626329061166181 984.424805 
626329101188785 984.329834 
626329141189046 984.296387 
626329181189150 984.279297 
626329221180765 984.302490 
626329261187744 984.349121 
626329301187431 984.412109 
626329341179723 984.494629 
626329381189150 984.761719 
626329421188890 985.099609 
626329461188421 985.231445 
626329501179723 985.089111 
626329541289827 984.946777 
626329581188108 984.643066 
626329621180140 984.279297 
626329661166754 983.812744 
626329701188525 983.535889 
626329741188994 983.440430 
626329781188942 983.569580 
626329821182327 983.651611 
626329861188056 983.732666 
626329901187744 983.851318 
626329941179723 984.043701 
626329981188890 984.210693 
626330021188785 984.335205 
626330061188994 984.354248 
626330101179983 984.505615 
626330141181598 984.633057 
626330181188004 984.648193 
626330221186962 984.507568 
626330261179723 984.289795 
626330301188421 984.271973 
626330341188681 984.305908 
626330381189202 984.320313 
626330421181858 984.394287 
626330461187483 984.486084 
626330501187796 984.574219 
626330541189046 984.868896 
626330581188629 985.322510 
626330621188629 985.504883 
626330661188317 985.315186 
626330701179410 985.156250 
626330741181442 984.258301 
626330781187848 983.726318 
626330821187796 983.469971 
626330861179983 983.415039 
626330901189046 983.406494 
626330941188942 983.481689 
626330981189567 983.618164 
626331021184619 983.750977 
626331061166702 983.854736 
626331101188265 983.963867 
626331141187900 984.201660 
626331181188629 984.255127 
626331221188681 984.266113 
626331261188785 984.523926 
626331301179931 984.575195 
626331341184202 984.611084 
626331381187692 984.480713 
626331421187744 984.300781 
626331461179202 984.239746 
626331501188629 984.241211 
626331541188473 984.254150 
626331581189202 984.303955 
626331621165869 984.375732 
626331661187535 984.451904 
626331701187900 984.666260 
626331741188890 985.053467 
626331781188681 985.274658 
626331821189046 985.212646 
626331861188577 984.996582 
626331901185192 984.650879 
626331941182379 984.660400 
626331981188004 984.155273 
626332021188421 983.692627 
626332061178733 983.460693 
626332101189046 983.494141 
626332141188629 983.563232 
626332181189775 983.645264 
626332221179775 983.777588 
626332261190192 983.910400 
626332301187640 984.027832 
626332341187952 984.156982 
626332381189515 984.385498 
626332421188733 984.364502 
626332461189046 984.506592 
626332501189046 984.696533 
626332541181442 984.608887 
626332581187796 984.575439 
626332621187483 984.460205 
626332661179671 984.356445 
626332701188994 984.282471 
626332741188837 984.255615 
626332781189150 984.282715 
626332821180192 984.333496 
626332861182327 984.384033 
626332901188421 984.485352 
626332941188004 984.789063 
626332981166337 985.089111 
626333021188525 985.399414 
626333061189046 985.448242 
626333101187796 985.264160 
626333141181806 985.259277 
626333181187483 984.607666 
626333221188473 983.941650 
626333261180140 983.490967 
626333301188629 983.443604 
626333341188890 983.399170 
626333381190035 983.419434 
626333421179723 983.544678 
626333461274254 983.702881 
626333501187848 983.837891 
626333541187900 983.935303 
626333581165765 984.251953 
626333621188160 984.331787 
626333661188369 984.316895 
626333701189723 984.505127 
626333741179827 984.603760 
626333781187744 984.556885 
626333821188004 984.366455 
626333861191702 984.313721 
626333901188785 984.238525 
626333941188317 984.229004 
626333981188317 984.301514 
626334021179983 984.483398 
626334061181754 984.609131 
626334101187796 984.750000 
626334141187483 985.029053 
626334181180192 985.143555 
626334221188629 984.978760 
626334261188837 984.761719 
626334301188994 984.725830 
626334341181337 984.227783 
626334381187692 983.733643 
626334421188056 983.519531 
626334461187848 983.586426 
626334501189046 983.561523 
626334541188890 983.617432 
626334581188890 983.759277 
626334621178994 983.899170 
626334661182067 984.019531 
626334701188004 984.142822 
626334741188421 984.257813 
626334781179410 984.260010 
626334821188942 984.379883 
626334861188942 984.631836 
626334901189254 984.604492 
626334941166025 984.444092 
626334981166546 984.264893 
626335021187640 984.232178 
626335061188004 984.249756 
626335101180504 984.280029 
626335141188733 984.354492 
626335181188421 984.451416 
626335221179983 984.564453 
626335261241285 984.807129 
626335301187952 985.256836 
626335341188160 985.487305 
626335381177900 985.324707 
626335421188629 985.123535 
626335461188785 984.770264 
626335501189462 984.386230 
626335541165817 983.802246 
626335581182640 983.454590 
626335621187587 983.402832 
626335661188942 983.488770 
626335701188577 983.539063 
626335741188212 983.671875 
626335781188890 983.804199 
626335821189046 983.926758 
626335861181233 984.108154 
626335901187692 984.372803 
626335941187692 984.366699 
626335981179723 984.497803 
626336021188890 984.626709 
626336061188942 984.618896 
626336101189410 984.473877 
626336141179775 984.298340 
626336181232848 984.270752 
626336221187327 984.265381 
626336261187952 984.251465 
626336301188577 984.314697 
626336341189515 984.413330 
626336381188942 984.547119 
626336421188890 984.934814 
626336461181546 985.361084 
626336501188369 985.483887 
626336541187171 985.299072 
626336581179671 985.037354 
626336621187535 984.851563 
626336661188681 984.177979 
626336701189098 983.654785 
626336741179931 983.390625 
626336781181233 983.426758 
626336821187744 983.490479 
626336861187587 983.568115 
626336901166494 983.708496 
626336941188942 983.863525 
626336981189254 983.988281 
626337021191077 984.134766 
626337061181702 984.371338 
626337101187796 984.408203 
626337141189150 984.446777 
626337181178473 984.592041 
626337221189046 984.616943 
626337261188785 984.271729 
626337301188681 984.228027 
626337341179983 984.226563 
626337381184983 984.241455 
626337421187952 984.270508 
626337461181390 984.329346 
626337501168525 984.407959 
626337541188629 984.567383 
626337581188629 984.954834 
626337621188994 985.253174 
626337661181494 985.301758 
626337701187744 985.100830 
626337741187744 984.873535 
626337781187900 984.623779 
626337821188942 984.296143 
626337861188473 983.746826 
626337901188421 983.432129 
626337941179723 983.329102 
626337981182587 983.479980 
626338021186910 983.570557 
626338061188056 983.677490 
626338101179671 983.800537 
626338141189150 983.945801 
626338181188994 984.134521 
626338221189515 984.362061 
626338261227431 984.349121 
626338301181442 984.418457 
626338341188160 984.644531 
626338381188890 984.579834 
626338421188733 984.510986 
626338461188733 984.373047 
626338501189046 984.269775 
626338541180244 984.230225 
626338581180504 984.234619 
626338621188160 984.271973 
626338661189827 984.340820 
626338701179462 984.401855 
626338741188994 984.497559 
626338781189046 984.922363 
626338821188837 985.209961 
626338861167223 985.287109 
626338901181910 985.099121 
626338941187848 984.896484 
626338981188056 984.561768 
626339021188681 984.302002 
626339061188942 983.806396 
626339101189515 983.523438 
626339141179983 983.451660 
626339181275400 983.506104 
626339221188108 983.611572 
626339261188785 983.734131 
626339301180244 983.855469 
626339341189462 983.997070 
626339381188681 984.214355 
626339421189306 984.376221 
626339461173369 984.317383 
626339501189775 984.475098 
626339541187535 984.646729 
626339581257848 984.682373 
626339621188108 984.646729 
626339661188994 984.442627 
626339701188890 984.336914 
626339741187900 984.254883 
626339781183056 984.210205 
626339821187483 984.236328 
626339861189150 984.326416 
626339901179983 984.431641 
626339941188942 984.601807 
626339981188785 985.014893 
626340021189254 985.294434 
626340061179723 985.290039 
626340101187640 985.119873 
626340141188004 984.942139 
626340181189202 984.783203 
626340221189046 984.110840 
626340261189046 983.664063 
626340301189046 983.551025 
626340341189202 983.563721 
626340381182587 983.585449 
626340421179046 983.693115 
626340461187640 983.847656 
626340501180244 983.974609 
626340541188681 984.128418 
626340581188942 984.350342 
626340621189254 984.439941 
626340661179723 984.406250 
626340701185504 984.592529 
626340741187379 984.609131 
626340781183629 984.603027 
626340821166806 984.509521 
626340861188160 984.294434 
626340901188994 984.221680 
626340941188890 984.224854 
626340981180765 984.280762 
626341021187483 984.366211 
626341061187275 984.453369 
626341101179462 984.519531 
626341141188733 984.620117 
626341181188733 984.899414 
626341221188473 985.154053 
626341261179983 985.220703 
626341301184827 985.081055 
626341341187379 984.952148 
626341381188056 984.717529 
626341421183108 984.328125 
626341461189046 983.860352 
626341501188681 983.576660 
626341541189202 983.494873 
626341581184098 983.453857 
626341621187952 983.524902 
626341661189671 983.645508 
626341701187848 983.798584 
626341741188994 983.964111 
626341781188681 984.123047 
626341821188733 984.337891 
626341861179723 984.363037 
626341901183212 984.394531 
626341941187587 984.627930 
626341981188265 984.669434 
626342021179410 984.648682 
626342061188994 984.495361 
626342101190973 984.288086 
626342141188994 984.221436 
626342181302327 984.191406 
626342221184931 984.221191 
626342261187692 984.303955 
626342301188942 984.430420 
626342341188733 984.570068 
626342381189671 984.910645 
626342421188942 985.312500 
626342461179931 985.527588 
626342501190452 985.376221 
626342541187952 985.164307 
626342581189671 985.054688 
626342621180244 984.261719 
626342661189515 983.694580 
626342701190869 983.565430 
626342741189046 983.457520 
626342781167379 983.454834 
626342821187483 983.562500 
626342861188317 983.705322 
626342901184358 983.850830 
626342941188994 983.956543 
626342981188994 984.020752 
626343021188994 984.184326 
626343061179723 984.399902 
626343101372587 984.400879 
626343141187640 984.466797 
626343181187848 984.605713 
626343221178473 984.599121 
626343261188785 984.406494 
626343301188265 984.251709 
626343341189254 984.196533 
626343381179723 984.175781 
626343421181181 984.168213 
626343461188108 984.200928 
626343501184931 984.283936 
626343541188942 984.374268 
626343581189098 984.504395 
626343621189046 984.964600 
626343661188890 985.278564 
626343701182067 985.308594 
626343741187587 985.126709 
626343781187640 984.856201 
626343821180504 984.212158 
626343861188733 983.692627 
626343901188942 983.438232 
626343941188681 983.554199 
626343981180244 983.558105 
626344021188004 983.608398 
626344061187379 983.764404 
626344101187796 983.901855 
626344141188629 984.046143 
626344181188629 984.172607 
626344221188994 984.385986 
626344261189515 984.380859 
626344301181806 984.440186 
626344341187692 984.605225 
626344381187431 984.615479 
626344421179723 984.602051 
626344461188890 984.482666 
626344501188629 984.305176 
626344541189254 984.246338 
626344581179983 984.242676 
626344621181962 984.274658 
626344661187640 984.339600 
626344701188317 984.422852 
626344741167275 984.492676 
626344781189202 984.773682 
626344821188785 985.188721 
626344861189879 985.345947 
626344901180869 985.210449 
626344941187483 985.033447 
626344981188525 984.877197 
626345021178681 984.408691 
626345061188994 983.832520 
626345101188942 983.485352 
626345141188942 983.500000 
626345181179723 983.500977 
626345221182483 983.487793 
626345261187483 983.594238 
626345301187692 983.760498 
626345341180244 983.885254 
626345381188681 983.987061 
626345421188890 984.180176 
626345461189723 984.403076 
626345501181650 984.369141 
626345541187483 984.509033 
626345581187952 984.610107 
626345621188733 984.615234 
626345661188890 984.591064 
626345701188785 984.402100 
626345741188681 984.275635 
626345781180504 984.213379 
626345821179462 984.201904 
626345861188108 984.236816 
626345901187692 984.299805 
626345941179983 984.376709 
626345981188733 984.452637 
626346021188994 984.684082 
626346061188890 985.109619 
626346101183160 985.253418 
626346141181702 985.109619 
626346181187848 984.971436 
626346221187483 984.669678 
626346261188108 984.410889 
626346301188942 983.883301 
626346341188890 983.582275 
626346381180244 983.516602 
626346421203890 983.531494 
626346461187900 983.620605 
626346501187640 983.733643 
626346541179462 983.853271 
626346581188629 983.975830 
626346621188890 984.087646 
626346661189202 984.250732 
626346701165608 984.318359 
626346741180504 984.307861 
626346781188056 984.526855 
626346821180400 984.610840 
626346861190765 984.587646 
626346901189410 984.531250 
626346941189410 984.378662 
626346981180765 984.312988 
626347021183004 984.263184 
626347061187900 984.239502 
626347101189306 984.350830 
626347141179775 984.439209 
626347181188733 984.661621 
626347221188108 985.110352 
626347261189202 985.299072 
626347301182535 985.252930 
626347341184983 985.042969 
626347381188212 984.697021 
626347421189775 984.671387 
626347461189567 984.046387 
626347501188942 983.632813 
626347541189202 983.520020 
626347581188421 983.555908 
626347621182587 983.596436 
626347661187900 983.671631 
626347701187796 983.792236 
626347741179671 983.895996 
626347781188629 984.011230 
626347821188733 984.102295 
626347861188733 984.311035 
626347901180244 984.357666 
626347941181181 984.328857 
626347981187640 984.495850 
626348021187379 984.580322 
626348061165348 984.611328 
626348101188733 984.531738 
626348141188785 984.337402 
626348181189306 984.275146 
626348221183108 984.250488 
626348261188421 984.252686 
626348301187952 984.293213 
626348341179671 984.374756 
626348381188733 984.479004 
626348421189254 984.714600 
626348461188890 985.103027 
626348501179462 985.336182 
626348541182119 985.300537 
626348581187640 985.212646 
626348621187952 984.995850 
626348661166077 984.677002 
626348701188577 984.059570 
626348741188890 983.637695 
626348781189046 983.542969 
626348821181754 983.516113 
626348861182587 983.525146 
626348901188004 983.589844 
626348941186337 983.721680 
626348981189410 983.881348 
626349021188890 983.992432 
626349061188942 984.078857 
626349101179462 984.354004 
626349141181390 984.357422 
626349181188160 984.390869 
626349221187744 984.582764 
626349261179723 984.550049 
626349301189046 984.458984 
626349341188890 984.313965 
626349381188942 984.240479 
626349421188369 984.160400 
626349461187796 984.162598 
626349501187796 984.218994 
626349541189306 984.307129 
626349581187848 984.404541 
626349621188994 984.514404 
626349661189254 984.937988 
626349701179983 985.338867 
626349741181390 985.444336 
626349781188160 985.388916 
626349821188004 985.480713 
626349861179931 984.861816 
626349901188994 984.269775 
626349941188629 983.856689 
626349981187275 983.669434 
626350021167587 983.501221 
626350061181390 983.524658 
626350101188265 983.559570 
626350141187900 983.649170 
626350181188942 983.781250 
626350221188942 983.883545 
626350261189150 983.935547 
626350301179983 984.040039 
626350341266546 984.414551 
626350381187744 984.403809 
626350421189515 984.529053 
626350461179671 984.583984 
626350501190504 984.534912 
626350541188890 984.289551 
626350581188942 984.197266 
626350621165192 984.203857 
626350661180192 984.247314 
626350701187692 984.278076 
626350741182119 984.369873 
626350781189410 984.517334 
626350821189046 984.695068 
626350861189202 985.050537 
626350901193629 985.392822 
626350941181858 985.465820 
626350981187640 985.262695 
626351021189202 984.995605 
626351061178733 984.885498 
626351101188890 984.291016 
626351141189202 983.736572 
626351181189254 983.412842 
626351221179723 983.398193 
626351261187379 983.387451 
626351301187900 983.439697 
626351341188681 983.551514 
626351381188733 983.705322 
626351421188733 983.849121 
626351461189358 983.952393 
626351501189619 984.253174 
626351541182848 984.306885 
626351581186858 984.319092 
626351621187535 984.621826 
626351661179202 984.603516 
626351701188733 984.510742 
626351741189306 984.437988 
626351781188994 984.318115 
626351821179515 984.222412 
626351861215244 984.144775 
626351901187483 984.187744 
626351941188317 984.274902 
626351981166181 984.383301 
626352021189046 984.513672 
626352061188890 984.932617 
626352101188942 985.303955 
626352141183785 985.418945 
626352181188004 985.261475 
626352221189827 985.082275 
626352261178421 984.902832 
626352301188837 984.237305 
626352341189150 983.724365 
626352381188369 983.505371 
626352421179723 983.496338 
626352461184358 983.483643 
626352501188160 983.513184 
626352541187952 983.603760 
626352581166494 983.737793 
626352621189306 983.868408 
626352661189150 983.968750 
626352701187640 984.135254 
626352741182796 984.142822 
626352781188056 984.165039 
626352821187692 984.493896 
626352861188369 984.625244 
626352901189046 984.519531 
626352941188421 984.397217 
626352981189046 984.343018 
626353021179515 984.228027 
626353061182744 984.196289 
626353101187692 984.205811 
626353141187796 984.286133 
626353181179723 984.376953 
626353221188681 984.485107 
626353261189202 984.608887 
626353301189410 984.902588 
626353341234619 985.236816 
626353381188317 985.356445 
626353421187535 985.197998 
626353461188056 984.974365 
626353501188629 984.572754 
626353541188681 984.697021 
626353581189410 984.082520 
626353621179983 983.656494 
626353661180921 983.579590 
626353701187483 983.622559 
626353741187744 983.653564 
626353781179462 983.737793 
626353821188421 983.850830 
626353861190712 983.983398 
626353901189567 984.176270 
626353941167640 984.308838 
626353981187900 984.271240 
626354021187431 984.448242 
626354061189462 984.593018 
626354101189046 984.591064 
626354141188994 984.610352 
626354181188421 984.458984 
626354221179983 984.312012 
626354261334983 984.270996 
626354301187640 984.263184 
626354341189150 984.280762 
626354381180244 984.332275 
626354421188160 984.413330 
626354461188629 984.514893 
626354501189202 984.779297 
626354541175869 985.162842 
626354581185035 985.305176 
626354621187900 985.199707 
626354661189202 985.031006 
626354701189046 984.857910 
626354741188785 984.595459 
626354781189046 984.010498 
626354821188369 983.629395 
626354861182275 983.528809 
626354901187535 983.556152 
626354941187692 983.570557 
626354981179723 983.640137 
626355021188733 983.758057 
626355061188994 983.875488 
626355101188837 983.976318 
626355141179671 984.078857 
626355181187431 984.254395 
626355221188056 984.257813 
626355261187952 984.347168 
626355301188525 984.570557 
626355341188733 984.638184 
626355381189098 984.631348 
626355421189046 984.459961 
626355461182848 984.328369 
626355501187483 984.296387 
626355541189150 984.278809 
626355581178733 984.274658 
626355621189046 984.333496 
626355661188942 984.423340 
626355701188994 984.524902 
626355741179671 984.897949 
626355781181390 985.258789 
626355821188004 985.402588 
626355861189306 985.275635 
626355901167171 985.082275 
626355941188681 984.989990 
626355981188942 984.321045 
626356021189410 983.770264 
626356061183369 983.513916 
626356101188265 983.501221 
626356141188525 983.488281 
626356181180140 983.530029 
626356221187952 983.659912 
626356261189723 983.804199 
626356301189567 983.895264 
626356341179723 983.982910 
626356381193160 984.271240 
626356421187692 984.391113 
626356461187796 984.334473 
626356501183629 984.578613 
626356541188629 984.651611 
626356581189046 984.647461 
626356621189150 984.568115 
626356661180192 984.335449 
626356701187952 984.264160 
626356741188004 984.239990 
626356781187796 984.238770 
626356821188942 984.276611 
626356861188890 984.345459 
626356901188733 984.451660 
626356941179723 984.730957 
626356981183942 985.397461 
626357021186910 985.364990 
626357061187952 985.252441 
626357101179515 985.051514 
626357141188994 984.484131 
626357181188160 983.926758 
626357221188837 983.599365 
626357261285660 983.451416 
626357301166754 983.430176 
626357341187379 983.501953 
626357381187692 983.583740 
626357421188942 983.733154 
626357461188733 983.882568 
626357501189046 983.989990 
626357541179983 984.055176 
626357581180140 984.322510 
626357621188212 984.381836 
626357661187744 984.399658 
626357701179983 984.584229 
626357741188890 984.646484 
626357781188733 984.534912 
626357821189515 984.384277 
626357861166129 984.276367 
626357901182744 984.208252 
626357941188004 984.196777 
626357981188421 984.223389 
626358021188577 984.313721 
626358061188629 984.433350 
626358101188942 984.552246 
626358141179723 984.998047 
626358181182692 985.315674 
626358221187744 985.384766 
626358261189202 985.173340 
626358301180035 984.971436 
626358341188942 984.842773 
626358381188994 984.241455 
626358421188785 983.710205 
626358461180035 983.458740 
626358501182431 983.469482 
626358541187900 983.483887 
626358581187900 983.520264 
626358621187952 983.646484 
626358661188785 983.788818 
626358701188629 983.904785 
626358741187900 983.989990 
626358781180765 984.185059 
626358821187796 984.387695 
626358861186858 984.363525 
626358901179410 984.493408 
626358941189098 984.582275 
626358981188733 984.599121 
626359021188994 984.489746 
626359061179983 984.297607 
626359101182431 984.223877 
626359141187900 984.200195 
626359181187171 984.203369 
626359221166181 984.246094 
626359261188890 984.337646 
626359301188994 984.425781 
626359341189306 984.542236 
626359381181181 984.931641 
626359421187744 985.255371 
626359461188837 985.290771 
626359501178160 985.115967 
626359541188942 984.965332 
626359581188785 984.838867 
626359621187796 984.251221 
626359661180035 983.765381 
626359701181233 983.532715 
626359741187952 983.544189 
626359781187640 983.521729 
626359821168421 983.537842 
626359861188160 983.634521 
626359901188629 983.777832 
626359941188890 983.884521 
626359981181442 983.969482 
626360021187640 984.147949 
626360061188056 984.296143 
626360101178265 984.330322 
626360141188577 984.585938 
626360181188681 984.692139 
626360221188265 984.732910 
626360261179827 984.592041 
626360301181442 984.273682 
626360341187952 984.220703 
626360381188837 984.213135 
626360421179723 984.245850 
626360461189046 984.317627 
626360501188942 984.404785 
626360541188994 984.626465 
626360581182015 985.133545 
626360621187640 985.403564 
626360661188473 985.330078 
626360701203421 985.150146 
626360741188942 984.903564 
626360781189046 984.782471 
626360821188681 984.083740 
626360861179202 983.602295 
626360901188525 983.399658 
626360941187327 983.523926 
626360981187744 983.555176 
626361021179462 983.627930 
626361061189046 983.784424 
626361101188733 983.930176 
626361141188942 984.044678 
626361181182483 984.160889 
626361221181962 984.340576 
626361261187900 984.341064 
626361301187796 984.538086 
626361341188942 984.656494 
626361381188681 984.698486 
626361421188994 984.631104 
626361461180035 984.420166 
626361501181754 984.282959 
626361541187692 984.181641 
626361581187796 984.146973 
626361621179723 984.182129 
626361661189046 984.274414 
626361701188994 984.369141 
626361741188942 984.491455 
626361781166598 984.974854 
626361821185556 985.281250 
626361861187640 985.302734 
626361901189150 985.167969 
626361941188994 984.992432 
626361981188733 984.585938 
626362021188994 983.993408 
626362061180765 983.604004 
626362101183369 983.474365 
626362141188212 983.469482 
626362181189254 983.539307 
626362221178212 983.620117 
626362261189567 983.740234 
626362301189098 983.885742 
626362341189723 983.985352 
626362381181025 984.094482 
626362421187640 984.298584 
626362461187900 984.295410 
626362501188317 984.434814 
626362541188681 984.606201 
626362581188890 984.606201 
626362621188994 984.579346 
626362661188890 984.409180 
626362701182848 984.270508 
626362741187431 984.164795 
626362781188681 984.161133 
626362821178212 984.221924 
626362861188681 984.305664 
626362901189827 984.405029 
626362941188525 984.503418 
626362981179723 984.854004 
626363021278108 985.228516 
626363061188056 985.339844 
626363101187431 985.203369 
626363141165556 985.061279 
626363181188785 984.795654 
626363221188473 984.388672 
626363261189775 983.876221 
626363301181598 983.596680 
626363341187640 983.466797 
626363381188004 983.432617 
626363421181546 983.506836 
626363461188890 983.591553 
626363501188733 983.736816 
626363541188317 983.882813 
626363581179723 984.181885 
626363621183994 984.325195 
626363661188004 984.289551 
626363701188890 984.496826 
626391768200109 984.250977 
626391808199484 984.256104 
626391848201047 984.258057 
626391888197557 984.252686 
626391928200005 984.260986 
626391968199849 984.262207 
626392008201307 984.266602 
626392048194536 984.269043 
626392088199224 984.261963 
626392128199849 984.258301 
626392168200161 984.248535 
626392208193494 984.263428 
