# Created at Fri Jan 31 08:27:41 GMT+01:00 2025 in Burnaby Canada 
70831605740204 993.973389 
70831645739891 993.976563 
70831685739214 993.985596 
70831725737079 993.982910 
70831765745464 993.983887 
70831805739995 993.987305 
70831845743485 993.994141 
70831885736975 993.998291 
70831925745777 993.995605 
70831965739631 994.001953 
70832005744110 993.999512 
70832045738745 993.999512 
70832085745777 993.995361 
70832125739891 993.995361 
70832165745412 993.985840 
70832205740047 993.980957 
70832245745412 993.985596 
70832285739058 993.989746 
70832325796350 993.984131 
70832365740100 993.981934 
70832405745412 993.988770 
70832445739839 993.993652 
70832485737704 993.998535 
70832525739058 993.997803 
70832565745360 994.000244 
70832605739735 994.001465 
70832645723172 993.997070 
70832685739735 993.998779 
70832725745725 993.994385 
70832765739787 993.996582 
70832805740256 993.998291 
70832845739527 993.989990 
70832885745204 993.989502 
70832925739110 993.984375 
70832965743485 993.992432 
70833005739422 993.990234 
70833045745412 993.994873 
70833085737027 993.996582 
70833125741141 993.993652 
70833165740100 993.999023 
70833205745568 994.005127 
70833245737027 994.003906 
70833285743537 994.000488 
70833325737027 993.994873 
70833365745412 993.990967 
70833405739787 993.989014 
70833445744110 993.986816 
70833485739735 993.994385 
70833525745464 993.997070 
70833565739683 993.999756 
70833605744058 994.010010 
70833645739579 994.000488 
70833685735985 994.003906 
70833725739475 994.002686 
70833765745777 993.995361 
70833805740047 994.002686 
70833845736506 993.999512 
70833885739162 994.000244 
70833925745672 993.994141 
70833965739422 993.990723 
70834005724579 993.983643 
70834045739266 993.981689 
70834085745620 993.987549 
70834125739683 993.988770 
70834165739891 993.987793 
70834205739475 993.988770 
70834245774162 993.989258 
70834285739787 994.002686 
70834325739631 994.010986 
70834365739735 994.017822 
70834405743016 994.010986 
70834445736558 994.006104 
70834485745516 994.009766 
70834525739735 994.014648 
70834565741245 994.015137 
70834605736922 994.000000 
70834645745672 993.983154 
70834685739787 993.979736 
70834725724422 993.969238 
70834765741454 993.983154 
70834805745464 994.012451 
70834845739318 993.996582 
70834885742808 993.987793 
70834925739995 993.976563 
70834965736245 993.970947 
70835005739006 993.963379 
70835045736766 993.966797 
70835085739475 993.958740 
70835125745152 993.962646 
70835165736870 993.961426 
70835205737495 993.946777 
70835245740100 993.935059 
70835285745464 993.938477 
70835325739214 993.936279 
70835365741037 993.933350 
70835405739839 993.937500 
70835445745256 993.942627 
70835485739318 993.950439 
70835525741454 993.952148 
70835565739370 993.965088 
70835605744943 993.974609 
70835645737860 993.980469 
70835685742443 993.986816 
70835725739787 993.989502 
70835765745152 993.989258 
70835805737547 993.999023 
70835845744006 994.002686 
70835885739995 994.002686 
70835925745464 994.003662 
70835965738120 993.998535 
70836005744422 994.000000 
70836045739787 993.998047 
70836085745464 993.994385 
70836125740464 993.995605 
70836165742652 993.992920 
70836205739787 993.993164 
70836245745516 993.993164 
70836285740412 993.996094 
70836325740100 994.000244 
70836365739839 993.999756 
70836405736245 994.004883 
70836445739683 994.004639 
70836485724891 994.009521 
70836525739995 994.007813 
70836565736766 994.007568 
70836605739370 994.008301 
70836645739891 994.010986 
70836685739787 994.013916 
70836725737912 994.010742 
70836765739214 994.011230 
70836805745933 994.012451 
70836845739266 994.010498 
70836885739422 994.022705 
70836925739422 994.018066 
70836965745464 994.025879 
70837005736975 994.022217 
70837045740412 994.017334 
70837085739370 994.017822 
70837125745568 994.013916 
70837165736818 994.015381 
70837205745516 994.023682 
70837245739631 994.029297 
70837285743954 994.028076 
70837325741454 994.022461 
70837365745464 994.024170 
70837405738954 994.017090 
70837445739527 994.008057 
70837485740152 994.008301 
70837525745412 994.005615 
70837565738850 994.007080 
70837605741193 994.007813 
70837645739683 994.001953 
70837685745412 993.998779 
70837725739735 994.004395 
70837765741610 994.006348 
70837805739631 994.003906 
70837845745516 993.998535 
70837885739318 994.002686 
70837925739839 994.000244 
70837965739475 994.008301 
70838005745204 994.007324 
70838045739162 994.009766 
70838085741193 994.002930 
70838125739110 994.000488 
70838165745516 993.997803 
70838205739995 993.998047 
70838245740308 993.997559 
70838285739422 993.993408 
70838325745256 993.988525 
70838365736766 993.989990 
70838405745516 993.984131 
70838445738954 993.975586 
70838485745412 993.975342 
70838525737079 993.966309 
70838565742860 993.967773 
70838605739735 993.968262 
70838645745360 993.961426 
70838685740464 993.954102 
70838725743068 993.961914 
70838765739318 993.963623 
70838805745516 993.968750 
70838845739839 993.970459 
70838885724422 993.964600 
70838925739475 993.965088 
70838965736454 993.968750 
70839005739839 993.968262 
70839045739787 993.967041 
70839085739058 993.956543 
70839125736506 993.955078 
70839165739370 993.958252 
70839205747547 993.960205 
70839245739527 993.967285 
70839285724214 993.968262 
70839325739162 993.970703 
70839365725152 993.975830 
70839405739266 993.971191 
70839445746558 993.974365 
70839485739735 993.968750 
70839525744370 993.962402 
70839565739527 993.953125 
70839605743016 993.951660 
70839645739527 993.952148 
70839685745412 993.953125 
70839725737287 993.944336 
70839765752912 993.935547 
70839805739631 993.930420 
70839845745412 993.934326 
70839885737079 993.932617 
70839925745360 993.934082 
70839965739006 993.935059 
70840005745829 993.935059 
70840045740829 993.937012 
70840085745516 993.933105 
70840125739214 993.937500 
70840165744370 993.938232 
70840205739527 993.935303 
70840245745568 993.939941 
70840285739787 993.937012 
70840325738329 993.941162 
70840365740204 993.932373 
70840405745256 993.933838 
70840445739787 993.929688 
70840485736975 993.940674 
70840525731506 993.953857 
70840565731037 993.965576 
70840605739839 993.983643 
70840645731558 994.014648 
70840685740516 993.996826 
70840725741193 994.008789 
70840765741662 994.034424 
70840805740672 994.036865 
70840845741714 994.011963 
70840885741297 993.980713 
70840925738589 993.968018 
70840965741975 993.952637 
70841005741766 993.948486 
70841045740568 993.949219 
70841085738277 993.948242 
70841125741141 993.962891 
70841165740568 993.981689 
70841205741297 993.995850 
70841245738589 994.009277 
70841285740308 994.041260 
70841325741402 994.097412 
70841365741327 994.139404 
70841405741380 994.125244 
70841445742578 994.090332 
70841485740807 994.118408 
70841525740807 994.112793 
70841565740703 994.051514 
70841605740859 994.013672 
70841645741432 993.978516 
70841685739296 993.964355 
70841725741432 993.957520 
70841765740546 993.953125 
70841805741588 993.977051 
70841845738932 994.005615 
70841885740494 994.037842 
70841925742369 994.076904 
70841965741692 994.099609 
70842005744348 994.099609 
70842045741588 994.069580 
70842085741067 994.026123 
70842125740494 993.991211 
70842165741171 993.987305 
70842205741848 993.991943 
70842245740807 994.007324 
70842285738203 994.012451 
70842325741380 994.016846 
70842365741432 994.023193 
70842405741067 994.026367 
70842445738359 994.028564 
70842485741171 994.030762 
70842525740651 994.033203 
70842565741484 994.027588 
70842605740755 994.024414 
70842645741692 994.022705 
70842685741744 994.024414 
70842725741432 994.023438 
70842765741015 994.019531 
70842805741119 994.021729 
70842845741588 994.020996 
70842885738619 994.015869 
70842925742057 994.019531 
70842965741067 994.025146 
70843005741328 994.022949 
70843045732109 994.020752 
70843085740546 994.016113 
70843125731484 994.020996 
70843165740494 994.001221 
70843205737317 993.995850 
70843245739609 993.993164 
70843285746276 993.987061 
70843325740442 993.985107 
70843365822265 993.993652 
70843405739661 994.011719 
70843445745911 994.031250 
70843485739401 994.037109 
70843525740963 994.035156 
70843565739765 994.023926 
70843605746171 994.017090 
70843645738046 994.013672 
70843685744505 994.015625 
70843725740286 994.008789 
70843765746015 994.005859 
70843805737317 993.996826 
70843845746432 993.991699 
70843885742526 993.992676 
70843925746015 993.999268 
70843965741432 994.009766 
70844005746276 994.010254 
70844045740338 994.015869 
70844085745963 994.020508 
70844125740234 994.019531 
70844165745963 994.013672 
70844205740130 994.004395 
70844245736796 993.998291 
70844285741119 993.993896 
70844325741380 993.992920 
70844365739921 993.989014 
70844405736744 993.983887 
70844445740651 993.984863 
70844485746015 993.989014 
70844525740286 994.000977 
70844565724869 994.003418 
70844605739765 994.006348 
70844645746119 994.012207 
70844685739557 994.011230 
70844725740442 994.014893 
70844765740078 994.014160 
70844805746119 994.015625 
70844845739661 994.012695 
70844885740703 994.017578 
70844925740390 994.007324 
70844965746067 994.004639 
70845005737473 994.003418 
70845045724921 994.003662 
70845085739973 994.005615 
70845125746067 993.999512 
70845165738203 993.996094 
70845205745755 993.997803 
70845245740182 993.997070 
70845285746119 993.994629 
70845325740390 994.003662 
70845365745963 993.999756 
70845405740026 994.003174 
70845445746067 994.006836 
70845485740598 994.006348 
70845525742526 994.002197 
70845565740651 994.011230 
70845605746276 994.011963 
70845645739453 994.011719 
70845685737265 994.010742 
70845725739921 994.013672 
70845765746015 994.016602 
70845805740390 994.017578 
70845845737057 994.019531 
70845885740130 994.014893 
70845925746380 994.008545 
70845965739713 994.004883 
70846005804661 993.998779 
70846045740026 993.988770 
70846085746588 993.984131 
70846125740234 993.988037 
70846165740911 993.981934 
70846205739713 993.981201 
70846245746015 993.991699 
70846285737838 994.001465 
70846325739973 994.023926 
70846365740390 994.047363 
70846405744192 994.066650 
70846445738203 994.074707 
70846485745807 994.080322 
70846525739973 994.072266 
70846565745859 994.074463 
70846605741223 994.077148 
70846645746119 994.086182 
70846685740338 994.103027 
70846725745703 994.118896 
70846765740911 994.128174 
70846805745963 994.134033 
70846845739661 994.133545 
70846885723463 994.129639 
70846925740130 994.140625 
70846965745963 994.152832 
70847005740338 994.164063 
70847045737057 994.197021 
70847085739973 994.174072 
70847125745807 994.069336 
70847165740703 993.951172 
70847205724713 993.875977 
70847245739921 993.809082 
70847285745963 993.769287 
70847325739973 993.774414 
70847365741536 993.788330 
70847405740182 993.796631 
70847445746171 993.824707 
70847485740338 993.866211 
70847525742109 993.894775 
70847565740182 993.912598 
70847605745703 993.925293 
70847645737838 993.932617 
70847685744401 993.944336 
70847725739869 993.950439 
70847765742421 993.956055 
70847805737786 993.960205 
70847845743776 993.970459 
70847885740338 993.980225 
70847925746015 993.997314 
70847965741223 993.981689 
70848005744088 993.952637 
70848045738151 993.940918 
70848085746015 993.909668 
70848125740755 993.900879 
70848165740286 993.952393 
70848205740078 993.991455 
70848245737057 994.045410 
70848285739973 994.094727 
70848325745703 994.127930 
70848365739921 994.148926 
70848405737057 994.168457 
70848445740234 994.187012 
70848485746119 994.203857 
70848525739817 994.246582 
70848565725286 994.317871 
70848605739869 994.335693 
70848645746015 994.251465 
70848685739453 994.053467 
70848725742109 993.849609 
70848765739921 993.764893 
70848805746067 993.729980 
70848845738359 993.731201 
70848885745963 993.751221 
70848925740130 993.788330 
70848965743776 993.830322 
70849005737317 993.865234 
70849045740494 993.893799 
70849085740338 993.911621 
70849125745963 993.923096 
70849165739140 993.928955 
70849205745807 993.938477 
70849245740026 993.948975 
70849285745859 993.988037 
70849325739973 993.998047 
70849365746067 993.983643 
70849405737369 993.981445 
70849445744921 993.948486 
70849485739921 993.923584 
70849525746171 993.968750 
70849565740286 994.017334 
70849605739869 994.059814 
70849645739973 994.104736 
70849685746067 994.132568 
70849725739661 994.150635 
70849765737057 994.191162 
70849805740546 994.249023 
70849845746067 994.301270 
70849885740390 994.368164 
70849925725598 994.322021 
70849965739973 994.215088 
70850005746015 994.005859 
70850045739505 993.823242 
70850085740234 993.751953 
70850125740286 993.730469 
70850165746015 993.744141 
70850205737942 993.763672 
70850245739140 993.801025 
70850285740338 993.843018 
70850325746171 993.876953 
70850365738151 993.889648 
70850405724869 993.898193 
70850445739557 993.927734 
70850485746067 993.929688 
70850525740546 993.943848 
70850565746432 993.975586 
70850605739557 993.986572 
70850645746119 993.978516 
70850685740130 993.974365 
70850725745807 993.962158 
70850765739609 993.915771 
70850805743046 993.897461 
70850845740911 993.908447 
70850885746796 993.949463 
70850925740182 993.991943 
70850965737005 994.047119 
70851005740078 994.099365 
70851045746276 994.127930 
70851085740651 994.160645 
70851125736796 994.210205 
70851165740078 994.272949 
70851205746067 994.333008 
70851245740390 994.365967 
70851285741067 994.293945 
70851325740286 994.120361 
70851365746119 993.920410 
70851405740807 993.796631 
70851445740338 993.756592 
70851485740078 993.750244 
70851525742369 993.763916 
70851565738098 993.790527 
70851605743984 993.838623 
70851645739921 993.883301 
70851685745755 993.895996 
70851725737369 993.912109 
70851765724661 993.932373 
70851805740234 993.949707 
70851845743671 993.958984 
70851885739869 993.984131 
70851925745807 993.998535 
70851965739973 993.994629 
70852005743984 993.983643 
70852045741744 993.978760 
70852085745963 993.921875 
70852125740338 993.924072 
70852165723359 993.928223 
70852205740338 993.953857 
70852245745703 993.998535 
70852285739505 994.044434 
70852325739869 994.093506 
70852365740286 994.135986 
70852405746223 994.180664 
70852445739661 994.243896 
70852485725703 994.315186 
70852525739661 994.392578 
70852565745755 994.393555 
70852605738828 994.293457 
70852645743203 993.868408 
70852685740130 993.776855 
70852725746536 993.743652 
70852765739557 993.732666 
70852805742213 993.759521 
70852845741692 993.789307 
70852885745755 993.832764 
70852925737265 993.859863 
70852965744869 993.885010 
70853005740338 993.895508 
70853045745807 993.915039 
70853085737942 993.923340 
70853125746328 993.929932 
70853165739453 993.963379 
70853205745651 993.989258 
70853245739609 993.976074 
70853285743723 993.979736 
70853325739921 993.973877 
70853365745963 993.942383 
70853405740598 993.910400 
70853445746744 993.910156 
70853485740026 993.940674 
70853525737838 993.987305 
70853565739973 994.039551 
70853605746276 994.083252 
70853645739713 994.119873 
70853685737317 994.156250 
70853725740390 994.206787 
70853765743776 994.270508 
70853805740390 994.343750 
70853845725911 994.400146 
70853885740286 994.367188 
70853925743880 994.198242 
70853965740442 993.977539 
70854005739817 993.828369 
70854045740078 993.765137 
70854085742213 993.731689 
70854125737734 993.742432 
70854165793776 993.751465 
70854205740546 993.792969 
70854245746067 993.843262 
70854285738307 993.878662 
70854325745755 993.895996 
70854365740859 993.910400 
70854405743932 993.927979 
70854445739453 993.931152 
70854485740286 993.936035 
70854525740546 993.975342 
70854565743671 994.013672 
70854605740807 994.007324 
70854645745963 993.995117 
70854685739453 994.000000 
70854725746067 993.949951 
70854765740078 993.922119 
70854805740390 993.923096 
70854845740078 993.935547 
70854885741119 993.976563 
70854925740338 994.022461 
70854965746276 994.079102 
70855005740494 994.113037 
70855045737057 994.146484 
70855085739973 994.200928 
70855125746484 994.259521 
70855165739765 994.327393 
70855205741223 994.409424 
70855245740130 994.376953 
70855285746015 994.193359 
70855325740703 993.964600 
70855365744140 993.817139 
70855405740338 993.759033 
70855445746588 993.740234 
70855485737161 993.747559 
70855525743828 993.767578 
70855565740286 993.812256 
70855605745807 993.857910 
70855645737838 993.882568 
70855685744609 993.896729 
70855725739505 993.918213 
70855765746067 993.932861 
70855805739244 993.961914 
70855845743515 994.002930 
70855885740286 994.011475 
70855925745807 994.014160 
70855965740234 994.011719 
70856005745963 994.005859 
70856045739765 993.957764 
70856085742786 993.940186 
70856125740078 993.937256 
70856165746380 993.972168 
70856205739505 993.998291 
70856245737317 994.048096 
70856285740338 994.090576 
70856325741588 994.125244 
70856365740494 994.158447 
70856405737057 994.228271 
70856445739401 994.305176 
70856485746380 994.392822 
70856525739609 994.421143 
70856565795494 994.347412 
70856605739609 994.151123 
70856645745963 993.888184 
70856685739869 993.803711 
70856725744140 993.737061 
70856765739869 993.724609 
70856805744244 993.741699 
70856845737630 993.767822 
70856885740598 993.814941 
70856925740546 993.858643 
70856965743723 993.891357 
70857005737161 993.906006 
70857045746796 993.921631 
70857085740338 993.933350 
70857125724921 993.959229 
70857165739817 993.999023 
70857205745859 994.022949 
70857245740026 994.008057 
70857285748567 994.009766 
70857325740390 994.008301 
70857365746067 993.955566 
70857405740026 993.937988 
70857445736796 993.919434 
70857485740234 993.959229 
70857525745963 994.001953 
70857565739609 994.057861 
70857605740807 994.104980 
70857645740130 994.141602 
70857685745859 994.184570 
70857725740182 994.260254 
70857765739921 994.330811 
70857805739973 994.410889 
70857845746015 994.405029 
70857885739817 994.264648 
70857925739973 994.059570 
70857965739713 993.856934 
70858005745546 993.779541 
70858045740286 993.741699 
70858085739921 993.738525 
70858125739713 993.760498 
70858165745963 993.802734 
70858205738098 993.854492 
70858245746015 993.878906 
70858285740026 993.902832 
70858325745703 993.926025 
70858365737630 993.933350 
70858405744192 993.938477 
70858445739869 993.965576 
70858485746067 993.993896 
70858525740494 993.997070 
70858565744609 993.996826 
70858605737526 994.023193 
70858645745911 993.983154 
70858685743151 993.955566 
70858725746223 993.951416 
70858765739453 993.968506 
70858805737317 994.001953 
70858845740338 994.045410 
70858885746119 994.089600 
70858925740442 994.131348 
70858965737109 994.234863 
70859005740182 994.321045 
70859045745859 994.405273 
70859085740286 994.407959 
70859125725598 994.346680 
70859165740338 994.177979 
70859205745703 993.968018 
70859245740182 993.812256 
70859285744088 993.754395 
70859325740234 993.739502 
70859365745963 993.752441 
70859405738046 993.771973 
70859445742630 993.807617 
70859485739713 993.845947 
70859525745494 993.875732 
70859565737838 993.898193 
70859605746276 993.918945 
70859645740078 993.939209 
70859685740338 993.962646 
70859725737838 993.994385 
70859765746119 993.972168 
70859805739869 993.939941 
70859845745963 993.940186 
70859885742057 993.954834 
70859925748203 993.937500 
70859965741223 993.927002 
70860005746432 993.932373 
70860045740130 993.951660 
70860085740234 993.980469 
70860125740130 994.002197 
70860165737057 994.029785 
70860205740494 994.042236 
70860245746015 994.041016 
70860285738463 994.035889 
70860325737057 994.025879 
70860365740286 994.017090 
70860405746276 994.000977 
70860445739921 993.979980 
70860485725390 993.959961 
70860525740078 993.961426 
70860565745911 993.963135 
70860605740130 993.963623 
70860645740390 993.955566 
70860685741380 993.940430 
70860725745703 993.944580 
70860765738098 993.954102 
70860805740598 993.965088 
70860845740703 993.987549 
70860885747890 993.995117 
70860925737630 994.012695 
70860965745859 994.026123 
70861005739869 994.034424 
70861045746067 994.040039 
70861085740703 994.052246 
70861125746223 994.067871 
70861165740026 994.065674 
70861205746119 994.026367 
70861245740286 994.016357 
70861285739817 994.028320 
70861325739921 994.037842 
70861365745078 994.047363 
70861405741171 994.058838 
70861445746119 994.057373 
70861485739921 994.056885 
70861525740859 994.058838 
70861565739869 994.061279 
70861605746640 994.054199 
70861645741432 994.042236 
70861685736796 994.036377 
70861725740234 994.047363 
70861765739921 994.042236 
70861805737994 994.047363 
70861845739869 994.035156 
70861885737630 994.029785 
70861925746640 994.032471 
70861965739973 994.024170 
70862005741901 994.019287 
70862045740078 994.010254 
70862085743776 994.008301 
70862125738880 994.007080 
70862165740182 994.005127 
70862205741588 994.003662 
70862245745755 994.004883 
70862285741484 994.008789 
70862325739192 994.019043 
70862365739453 994.019531 
70862405746015 994.019775 
70862445742473 994.018555 
70862485745755 994.012207 
70862525737994 994.008057 
70862565746015 994.005615 
70862605738151 994.012451 
70862645743932 994.004150 
70862685739088 993.997559 
70862725737317 993.996094 
70862765739609 993.995117 
70862805746067 994.001709 
70862845739765 994.002441 
70862885737005 993.999756 
70862925740078 994.005859 
70862965743463 994.006836 
70863005738984 994.014160 
70863045725911 994.010010 
70863085739140 994.012695 
70863125745755 994.017334 
70863165739453 994.015381 
70863205740494 994.016602 
70863245740026 994.023926 
70863285746067 994.030518 
70863325737994 994.029785 
70863365743359 994.027832 
70863405739557 994.029541 
70863445745703 994.027100 
70863485737630 994.018066 
70863525744140 994.015869 
70863565738828 994.011230 
70863605746484 993.997314 
70863645737109 993.989014 
70863685745807 993.983887 
70863725739817 993.984375 
70863765745963 993.962891 
70863805741953 993.945801 
70863845745755 993.936523 
70863885741119 993.941406 
70863925745703 993.964844 
70863965738515 994.001953 
70864005745755 994.036621 
70864045739401 994.062500 
70864085737109 994.088135 
70864125737213 994.109863 
70864165746067 994.128174 
70864205738307 994.159668 
70864245723776 994.179688 
70864285738046 994.198486 
70864325745859 994.219482 
70864365739192 994.232666 
70864405725026 994.243408 
70864445739609 994.271484 
70864485746119 994.310791 
70864525740234 994.342041 
70864565737942 994.246094 
70864605740026 994.060791 
70864645746119 993.855225 
70864685740807 993.742432 
70864725740755 993.703125 
70864765737838 993.693359 
70864805745755 993.702881 
70864845738463 993.727295 
70864885745755 993.764160 
70864925740078 993.817627 
70864965745807 993.860107 
70865005739296 993.882568 
70865045746223 993.901611 
70865085739453 993.917725 
70865125746015 993.932617 
70865165739088 993.980957 
70865205745807 994.002686 
70865245738932 993.987305 
70865285746067 993.977783 
70865325737630 993.979736 
70865365746484 993.937012 
70865405740286 993.924316 
70865445737005 993.946289 
70865485738203 993.986816 
70865525740182 994.025146 
70865565738046 994.077148 
70865605737005 994.125000 
70865645737473 994.154541 
70865685745755 994.186035 
70865725740338 994.232910 
70865765818307 994.284668 
70865805738046 994.335693 
70865845745911 994.371582 
70865885738828 994.284912 
70865925741276 994.122559 
70865965739088 993.923584 
70866005746015 993.773926 
70866045738723 993.747803 
70866085746276 993.737549 
70866125740546 993.749756 
70866165746015 993.783936 
70866205738359 993.822021 
70866245739713 993.863281 
70866285739765 993.880371 
70866325745755 993.895508 
70866365742005 993.910156 
70866405746328 993.929932 
70866445737942 993.938721 
70866485745963 993.968262 
70866525739817 993.994629 
70866565745703 994.004150 
70866605738203 994.011475 
70866645744609 994.002930 
70866685737578 993.964111 
70866725746328 993.948486 
70866765738828 993.937744 
70866805737057 993.958252 
70866845737265 994.005127 
70866885746119 994.056396 
70866925739713 994.113525 
70866965737265 994.162109 
70867005739869 994.215332 
70867045745963 994.263428 
70867085738463 994.309326 
70867125827526 994.381592 
70867165737265 994.413574 
70867205745703 994.286621 
70867245738463 994.076904 
70867285742786 993.860840 
70867325741328 993.788574 
70867365746067 993.731201 
70867405739661 993.724609 
70867445743776 993.742676 
70867485740130 993.788818 
70867525745963 993.849365 
70867565740026 993.879395 
70867605745859 993.894775 
70867645739244 993.914551 
70867685746015 993.927002 
70867725740755 993.932373 
70867765745703 993.963867 
70867805738151 993.999756 
70867845746119 994.024170 
70867885739036 994.034180 
70867925746015 994.048340 
70867965738828 993.976318 
70868005737317 993.947021 
70868045740651 993.926270 
70868085739348 993.929199 
70868125737942 993.973877 
70868165737057 994.028320 
70868205737942 994.090576 
70868245745703 994.204834 
70868285740182 994.259033 
70868325729348 994.309082 
70868365737786 994.367676 
70868405745703 994.355225 
70868445740130 994.216064 
70868485741276 993.999268 
70868525739817 993.815674 
70868565746432 993.739746 
70868605737734 993.713867 
70868645740390 993.732910 
70868685739557 993.772461 
70868725746015 993.817871 
70868765740130 993.866455 
70868805741276 993.888184 
70868845739713 993.901855 
70868885745963 993.924805 
70868925738567 993.930908 
70868965746119 993.948975 
70869005738151 993.974854 
70869045745911 994.012451 
70869085741067 994.004150 
70869125746276 994.028320 
70869165739348 994.042725 
70869205745859 993.993652 
70869245739713 993.964111 
70869285745963 993.943115 
70869325739140 993.958984 
70869365737317 994.001953 
70869405738984 994.051270 
70869445746015 994.100586 
70869485737369 994.142578 
70869525737057 994.184570 
70869565738046 994.245361 
70869605745755 994.312988 
70869645737421 994.387207 
70869685725598 994.346680 
70869725737786 994.243652 
70869765746119 994.050781 
70869805737630 993.842285 
70869845740703 993.772461 
70869885737369 993.752930 
70869925746015 993.767822 
70869965738151 993.794189 
70870005744401 993.838135 
70870045740807 993.876465 
70870085746067 993.897705 
70870125738567 993.912354 
70870165725026 993.924316 
70870205741171 993.934326 
70870245745755 993.937012 
70870285740286 993.953857 
70870325746067 993.986816 
70870365739557 993.993652 
70870405746067 993.993652 
70870445741796 994.001709 
70870485745755 993.974854 
70870525739661 993.953857 
70870565746067 993.941162 
70870605737421 993.948242 
70870645746223 993.974854 
70870685738828 994.030273 
70870725737057 994.093994 
70870765739921 994.138672 
70870805742005 994.188477 
70870845740755 994.248535 
70870885737578 994.315674 
70870925737994 994.389648 
70870965745807 994.381104 
70871005740286 994.240234 
70871045726328 994.050781 
70871085737578 993.849609 
70871125746067 993.773438 
70871165737369 993.738525 
70871205740546 993.752686 
70871245739192 993.772217 
70871285746015 993.818604 
70871325739453 993.862305 
70871365741536 993.905762 
70871405740911 993.913574 
70871445745651 993.928223 
70871485739557 993.941162 
70871525745546 993.981934 
70871565740807 994.017822 
70871605746015 994.026855 
70871645743411 994.041992 
70871685745963 994.036865 
70871725741276 993.986816 
70871765746015 993.959961 
70871805738828 993.928223 
70871845746119 993.939209 
70871885740494 993.977539 
70871925747005 994.035156 
70871965746067 994.093994 
70872005739765 994.137451 
70872045746588 994.185059 
70872085746588 994.262451 
70872125746171 994.337891 
70872165738411 994.413086 
70872205749088 994.344727 
70872245747057 994.200439 
70872285746796 994.014404 
70872325726119 993.834473 
70872365746744 993.783447 
70872405746953 993.765625 
70872445747057 993.770996 
70872485742473 993.799805 
70872525746901 993.841309 
70872565747265 993.876221 
70872605737369 993.897949 
70872645746848 993.916504 
70872685747057 993.929443 
70872725746848 993.941650 
70872765740911 993.967285 
70872805747005 993.998535 
70872845746536 994.000732 
70872885747057 994.004883 
70872925737838 994.013184 
70872965747109 993.972900 
70873005746901 993.943604 
70873045746536 993.936035 
70873085740494 993.935303 
70873125746901 993.972900 
70873165746588 994.022217 
70873205746692 994.075439 
70873245746536 994.124512 
70873285746901 994.157715 
70873325746744 994.191406 
70873365737838 994.246582 
70873405741588 994.302490 
70873445833411 994.337158 
70873485746848 994.226318 
70873525737005 994.075195 
70873565746015 993.886230 
70873605747161 993.770996 
70873645747473 993.722900 
70873685743828 993.720947 
70873725746588 993.746094 
70873765740963 993.765137 
70873805747057 993.796875 
70873845747057 993.823242 
70873885747161 993.847168 
70873925746692 993.870850 
70873965739348 993.888672 
70874005741223 993.916748 
70874045739088 993.947021 
70874085746119 993.962158 
70874125737317 993.986572 
70874165748828 994.005859 
70874205746901 994.021729 
70874245747942 994.009766 
70874285725651 994.022705 
70874325746536 994.024414 
70874365747161 994.016602 
70874405746119 994.012695 
70874445746536 994.016846 
70874485746848 994.048584 
70874525747161 994.060303 
70874565752109 994.094482 
70874605742213 994.145752 
70874645739609 994.224365 
70874685747265 994.260498 
70874725737317 994.210205 
70874765745807 994.142578 
70874805746328 994.070313 
70874845746328 994.013916 
70874885737630 993.995117 
70874925746015 994.000488 
70874965746015 994.006836 
70875005745755 994.019287 
70875045745755 994.049316 
70875085746536 994.083008 
70875125746328 994.131104 
70875165745963 994.181885 
70875205741171 994.189209 
70875245744192 994.212646 
70875285746744 994.237793 
70875325737317 994.260254 
70875365745859 994.201416 
70875405746223 994.075439 
70875445747109 993.966309 
70875485737578 993.873779 
70875525741432 993.818604 
70875565747578 993.816895 
70875605746848 993.820313 
70875645726171 993.846436 
70875685746692 993.918701 
70875725746901 994.011719 
70875765746171 994.069092 
70875805741276 994.078125 
70875845744401 994.056641 
70875885747057 994.022705 
70875925739401 994.022949 
70875965745703 994.019043 
70876005746796 994.008545 
70876045746901 993.982666 
70876085737578 993.954834 
70876125747161 993.908447 
70876165740442 993.854004 
70876205745651 993.807373 
70876245731171 993.781494 
70876285747369 993.775879 
70876325746796 993.784912 
70876365746692 993.814941 
70876405741796 993.816406 
70876445740911 993.821533 
70876485746119 993.826660 
70876525746067 993.836182 
70876565745859 993.848145 
70876605747005 993.849121 
70876645746796 993.864258 
70876685738098 993.874268 
70876725742109 993.883301 
70876765741484 993.896484 
70876805747109 993.903809 
70876845737317 993.902344 
70876885746015 993.911621 
70876925746015 993.936768 
70876965746536 993.938721 
70877005811171 993.938965 
70877045725078 993.941406 
70877085746484 993.952148 
70877125746015 993.961182 
70877165746588 993.953857 
70877205746484 993.950684 
70877245746536 993.945068 
70877285737630 993.942139 
70877325754401 993.933838 
70877365742057 993.931885 
70877405748880 993.929443 
70877445737786 993.935059 
70877485746015 993.934570 
70877525747057 993.937256 
70877565746536 993.932861 
70877605726223 993.922607 
70877645741692 993.922607 
70877685749140 993.928711 
70877725746640 993.927002 
70877765746588 993.936768 
70877805746119 993.943359 
70877845747265 993.953857 
70877885737005 993.947510 
70877925744348 993.949707 
70877965724921 993.954834 
70878005745755 993.952148 
70878045737057 993.948486 
70878085745755 993.950439 
70878125746484 993.948242 
70878165746223 993.947754 
70878205737838 993.943604 
70878245746119 993.941650 
70878285746015 993.943604 
70878325746744 993.950928 
70878365745703 993.952637 
70878405740442 993.956787 
70878445747265 993.958008 
70878485747005 993.961426 
70878525742317 993.963135 
70878565746848 993.967773 
70878605747473 993.969482 
70878645737317 993.970215 
70878685740911 993.973389 
70878725746744 993.976807 
70878765746015 993.976563 
70878805738151 993.978027 
70878845745963 993.970459 
70878885746901 993.969727 
70878925745651 993.971924 
70878965724817 993.963623 
70879005782317 993.970459 
70879045747005 993.976074 
70879085746223 993.969971 
70879125744140 993.971680 
70879165747109 993.964600 
70879205746536 993.964111 
70879245736588 993.966064 
70879285778723 993.944580 
70879325746536 993.923096 
70879365746484 993.911377 
70879405737578 993.906006 
70879445746588 993.906738 
70879485747161 993.914795 
70879525746380 993.915771 
70879565724088 993.917725 
70879605740807 993.924072 
70879645746796 993.931152 
70879685745807 993.933838 
70879725739505 993.943115 
70879765747057 993.942627 
70879805746119 993.946045 
70879845746848 993.953857 
70879885740963 993.948975 
70879925747109 993.954834 
70879965746380 993.947021 
70880005736848 993.955811 
70880045745859 993.964111 
70880085745859 993.974121 
70880125745546 993.980469 
70880165737317 993.983398 
70880205746588 993.981934 
70880245747161 993.975342 
70880285746119 993.973389 
70880325765859 993.970947 
70880365746536 993.971924 
70880405746067 994.050537 
70880445746328 994.236816 
70880485741015 994.462891 
70880525747109 994.601563 
70880565746744 994.554443 
70880605737630 994.230957 
70880645747109 993.987061 
70880685746796 993.851807 
70880725746848 993.770996 
70880765737109 993.772461 
70880805747005 993.781982 
70880845746953 993.799072 
70880885746536 993.820801 
70880925725703 993.843994 
70880965747369 993.859131 
70881005746380 993.886230 
70881045747942 993.992432 
70881085740859 994.223145 
70881125746796 994.470459 
70881165746380 994.628906 
70881205738098 994.616943 
70881245746432 994.356689 
70881285746484 994.031738 
70881325746848 993.843750 
70881365737630 993.753906 
70881405746796 993.710449 
70881445830598 993.700439 
70881485746328 993.719482 
70881525741848 993.741943 
70881565746953 993.769287 
70881605746432 993.798096 
70881645745755 993.821289 
70881685741536 993.851318 
70881725725442 993.865723 
70881765746380 993.885010 
70881805745807 993.897705 
70881845741432 993.898682 
70881885747421 993.902832 
70881925746640 993.908936 
70881965736848 993.914551 
70882005741588 993.921387 
70882045746848 993.929199 
70882085746380 993.932373 
70882125737057 993.952881 
70882165746640 993.987305 
70882205746067 993.970947 
