# Created at Thu Mar 27 09:52:40 GMT+01:00 2025 in Burnaby Canada 
3884847135908 1.000000 
3885387076908 2.000000 
3885947006908 3.000000 
3886466950908 4.000000 
3887066876908 5.000000 
3887586812908 6.000000 
3888126746908 7.000000 
3888626692908 8.000000 
3889206620908 9.000000 
3889766552908 10.000000 
3890346480908 11.000000 
3891386359908 12.000000 
3891906303908 13.000000 
3892426239908 14.000000 
3892966173908 15.000000 
3893506107908 16.000000 
3894006053908 17.000000 
3894545985908 18.000000 
3895085919908 19.000000 
3895605855908 20.000000 
3896125800908 21.000000 
3896665732908 22.000000 
3897205674908 23.000000 
3897725609908 24.000000 
3898265544908 25.000000 
3898785480908 26.000000 
3899325420908 27.000000 
3899845355908 28.000000 
3900385290908 29.000000 
3900885227908 30.000000 
3901425171908 31.000000 
3901945106908 32.000000 
3902465049908 33.000000 
3902984984908 34.000000 
3903504923908 35.000000 
3904044854908 36.000000 
3904564799908 37.000000 
3905084734908 38.000000 
3905584675908 39.000000 
3906104608908 40.000000 
3906644552908 41.000000 
3907164485908 42.000000 
3907664429908 43.000000 
3908204365908 44.000000 
3908744300908 45.000000 
3909264235908 46.000000 
3909784174908 47.000000 
3910304115908 48.000000 
3910843415210 49.000000 
3911363354210 50.000000 
3911903286210 51.000000 
3912423231210 52.000000 
3912943166210 53.000000 
3913483107210 54.000000 
3914003042210 55.000000 
3914522979210 56.000000 
3915042914210 57.000000 
3915562858210 58.000000 
3916062796210 59.000000 
3916602730210 60.000000 
3917102668210 61.000000 
3917642611210 62.000000 
3918142549210 63.000000 
3918642495210 64.000000 
3919122434210 65.000000 
3919662371210 66.000000 
3920162308210 67.000000 
3920702249210 68.000000 
3921182188210 69.000000 
3921702127210 70.000000 
3922202064210 71.000000 
3922742006210 72.000000 
3923241943210 73.000000 
3923761882210 74.000000 
3924281823210 75.000000 
3924821754210 76.000000 
3925341693210 77.000000 
3925881626210 78.000000 
3926401569210 79.000000 
3926901506210 80.000000 
3927421445210 81.000000 
3927981374210 82.000000 
3928481322210 83.000000 
3929041251210 84.000000 
3929541197210 85.000000 
3930041135210 86.000000 
3930561073210 87.000000 
3931081009210 88.000000 
3931580956210 89.000000 
3932120888210 90.000000 
3932640832210 91.000000 
3933160767210 92.000000 
3933680704210 93.000000 
3934200639210 94.000000 
3934700586210 95.000000 
3935240519210 96.000000 
3935760456210 97.000000 
3936280391210 98.000000 
3936760340210 99.000000 
3937300273210 100.000000 
3937780216210 101.000000 
3938300151210 102.000000 
3938800092210 103.000000 
3939340030210 104.000000 
3939839967210 105.000000 
3940339914210 106.000000 
3940839851210 107.000000 
3941339791210 108.000000 
3941859727210 109.000000 
3942399668210 110.000000 
3942939602210 111.000000 
3943499540210 112.000000 
3944019476210 113.000000 
3944539412210 114.000000 
3945059348210 115.000000 
3945639284210 116.000000 
3946159220210 117.000000 
3946719152210 118.000000 
3947259084210 119.000000 
3947819024210 120.000000 
3948378954210 121.000000 
3949058871210 122.000000 
