# Created at Fri Mar 14 11:41:45 GMT+01:00 2025 in Burnaby Canada 
156336010051134 986.382324 
156336110039134 986.389893 
156336210027100 986.393066 
156336310015066 986.388916 
156336410002932 986.394775 
156336509990865 986.401367 
156336609978965 986.404297 
156336709967198 986.409668 
156336809955398 986.398438 
156336909943598 986.401123 
156337009931898 986.406982 
156337109920131 986.410645 
156337209908331 986.423340 
156337309896531 986.427734 
156337409884764 986.421143 
156337509872730 986.426025 
156337609860630 986.426270 
156337709848763 986.438965 
156337809836996 986.444824 
156337909825196 986.447021 
156338009813396 986.451416 
156338109801629 986.453613 
156338209789862 986.440918 
156338309778062 986.436768 
156338409766262 986.438477 
156338509754462 986.444336 
156338609742562 986.444580 
156338709730662 986.443604 
156338809718895 986.443359 
156338909707128 986.441406 
156339009695328 986.447021 
156339109683528 986.451172 
156339209671761 986.448975 
156339309659994 986.440430 
156339409648194 986.433838 
156339509636394 986.430664 
156339609624394 986.431152 
156339709612260 986.437988 
156339809600260 986.433838 
156339909588460 986.440430 
156340009576626 986.447266 
156340109564792 986.448242 
156340209552958 986.453613 
156340309541158 986.448730 
156340409529324 986.445557 
156340509517490 986.444336 
156340609505656 986.437744 
156340709493622 986.433105 
156340809481488 986.431152 
156340909469421 986.431885 
156341009457421 986.438721 
156341109445387 986.445313 
156341209433353 986.444336 
156341309421353 986.443115 
156341409409353 986.439697 
156341509397353 986.436523 
156341609385319 986.435547 
156341709373285 986.429199 
156341809361151 986.421875 
156341909349017 986.428711 
156342009337150 986.436279 
156342109325383 986.433594 
156342209313583 986.420166 
156342309301783 986.425293 
156342409290016 986.431396 
156342509278249 986.437988 
156342609266449 986.428467 
156342709254649 986.428223 
156342809242749 986.422607 
156342909230649 986.415527 
156343009218549 986.415039 
156343109206782 986.418945 
156343209195015 986.422852 
156343309183215 986.423096 
156343409171415 986.420410 
156343509159648 986.423828 
156343609147881 986.428711 
156343709136081 986.424805 
156343809124281 986.419678 
156343909112447 986.413330 
156344009100547 986.415039 
156344109088647 986.410156 
156344209076880 986.413330 
156344309065080 986.423828 
156344409053280 986.429932 
156344509041480 986.430908 
156344609029713 986.443848 
156344709017946 986.438232 
156344809006146 986.439941 
156344908994346 986.440186 
156345008982312 986.432129 
156345108970178 986.421387 
156345208958244 986.412354 
156345308946444 986.421387 
156345408934610 986.424072 
156345508922776 986.431152 
156345608910942 986.430664 
156345708899142 986.433350 
156345808887308 986.426758 
156345908875474 986.427002 
156346008863640 986.425293 
156346108851506 986.429443 
156346207979440 986.428467 
156346307967440 986.429443 
156346407955440 986.432129 
156346507943406 986.434326 
156346607931372 986.437500 
156346707919372 986.442383 
156346807907372 986.436279 
156346907895338 986.426270 
156347007883304 986.417236 
156347107871304 986.415283 
156347207859170 986.409424 
156347307847070 986.414063 
156347407835303 986.422852 
156347507823536 986.410400 
156347607811736 986.412354 
156347707799936 986.422363 
156347807788169 986.423584 
156347907776402 986.420654 
156348007764602 986.411865 
156348107752802 986.407471 
156348207740835 986.413086 
156348307728735 986.410645 
156348407716668 986.408691 
156348507704901 986.417236 
156348607693134 986.416992 
156348707681334 986.424072 
156348807669534 986.428711 
156348907657767 986.425781 
156349007646000 986.424316 
156349107634200 986.420166 
156349207622400 986.408447 
156349307610500 986.413818 
156349407598600 986.418457 
156349507586733 986.422852 
156349607574966 986.425537 
156349707563166 986.421143 
156349807551366 986.418213 
156349907539599 986.420898 
156350007527832 986.422119 
156350107516032 986.428223 
156350207504232 986.419189 
156350307492432 986.416748 
156350407480298 986.413330 
156350507468164 986.408936 
156350607456297 986.416260 
156350707444497 986.421631 
156350807432663 986.418457 
156350907420829 986.417969 
156351007408995 986.416748 
156351107397195 986.422119 
156351207385361 986.425537 
156351307373527 986.423096 
156351407361660 986.422607 
156351507349526 986.417969 
156351607337392 986.423828 
156351707325392 986.427246 
156351807313392 986.421631 
156351907301358 986.426025 
156352007289324 986.420898 
156352107277324 986.422852 
156352207265324 986.422607 
156352307253290 986.417236 
156352407241256 986.410156 
156352507229222 986.406738 
156352607217088 986.406494 
156352707205088 986.414551 
156352807193288 986.412598 
156352907181454 986.426270 
156353007169620 986.426758 
156353107157786 986.429199 
156353207145986 986.426514 
156353307134152 986.416260 
156353407122318 986.412842 
156353507110484 986.398926 
156353607098417 986.385010 
156353707086283 986.375977 
156353807074283 986.373535 
156353907062283 986.365234 
156354007050283 986.360352 
156354107038249 986.357666 
156354207026249 986.363037 
156354307014249 986.358154 
156354407002249 986.356201 
156354506990215 986.358154 
156354606978215 986.362793 
156354706966081 986.377930 
156354806953947 986.381104 
156354906942113 986.386963 
156355006930346 986.381348 
156355106918546 986.382324 
156355206906746 986.391846 
156355306894979 986.400391 
156355406883212 986.404297 
156355506871412 986.407471 
156355606859612 986.418945 
156355706847712 986.426758 
156355806835612 986.416748 
156355906823512 986.410156 
156356006811745 986.402588 
156356106799978 986.397705 
156356206788178 986.401611 
156356306776378 986.404541 
156356406764611 986.410889 
156356506752844 986.419189 
156356606741044 986.419434 
156356706729244 986.427734 
156356806717344 986.425781 
156356906705444 986.413574 
156357006693544 986.405273 
156357106681777 986.407227 
156357206669977 986.406250 
156357306658177 986.400391 
156357406646377 986.405762 
156357506634610 986.413086 
156357606622810 986.417969 
156357706611010 986.421387 
156357806599210 986.424561 
156357906587143 986.420898 
156358006575009 986.411133 
156358106563109 986.408691 
156358206551342 986.409180 
156358306539542 986.406982 
156358406527742 986.407715 
156358506515975 986.418945 
156358606504208 986.424561 
156358706492408 986.428955 
156358806480608 986.428711 
156358906468841 986.433838 
156359006456741 986.431641 
156359106444641 986.428955 
156359206432774 986.416260 
156359306421007 986.409180 
156359406409207 986.401123 
156359506397407 986.398926 
156359606385640 986.398926 
156359706373873 986.412842 
156359806362073 986.421143 
156359906350273 986.424316 
156360006338473 986.439209 
156360106326573 986.435547 
156360206314673 986.438721 
156360306302906 986.424805 
156360406291139 986.416748 
156360506279339 986.422119 
156360606267539 986.423828 
156360706255772 986.431641 
156360806244005 986.433838 
156360906232205 986.432373 
156361006220405 986.432617 
156361106208405 986.436523 
156361206196271 986.430908 
156361306184237 986.423584 
156361406172437 986.419189 
156361506160603 986.411865 
156361606148769 986.413330 
156361706136935 986.413330 
156361806125201 986.415039 
156361906113367 986.423096 
156362006101533 986.427490 
156362106089733 986.434326 
156362206077699 986.437012 
156362306065632 986.436523 
156362406053565 986.436768 
156362506041565 986.432129 
156362606029531 986.417480 
156362706017497 986.415039 
156362806005563 986.423584 
156362905993563 986.423584 
156363005981563 986.429199 
156363105969529 986.431885 
156363205957529 986.434814 
156363305945462 986.430664 
156363405933328 986.434814 
156363505921461 986.433838 
156363605909661 986.431885 
156363705897827 986.424072 
156363805886060 986.412354 
156363905874226 986.407471 
156364005862426 986.415527 
156364105850592 986.427002 
156364205838758 986.430176 
156364305826891 986.438965 
156364405814757 986.437012 
156364505802623 986.438721 
156364605790623 986.426025 
156364705778623 986.417480 
156364805766589 986.426025 
156364905754555 986.425049 
156365005742555 986.430176 
156365105730521 986.434570 
156365205718487 986.432861 
156365305706453 986.425293 
156365405694386 986.422363 
156365505682252 986.424805 
156365605670318 986.432861 
156365705658551 986.427246 
156365805646751 986.419922 
156365905634951 986.419434 
156366005623151 986.426270 
156366105611384 986.428467 
156366205599584 986.423828 
156366305587784 986.434814 
156366405575984 986.434326 
156366505563950 986.439697 
156366605551850 986.437500 
156366705539950 986.437500 
156366805528183 986.431885 
156366905516416 986.421875 
156367005504616 986.421631 
156367105492816 986.416992 
156367205481049 986.420898 
156367305469282 986.424316 
156367405457482 986.427002 
156367505445682 986.430664 
156367605433782 986.435791 
156367705421882 986.436523 
156367805410115 986.433105 
156367905398348 986.427979 
156368005386548 986.424805 
156368105374748 986.430908 
156368205362981 986.427490 
156368305351214 986.436768 
156368405339414 986.442383 
156368505327614 986.444580 
156368605315647 986.446289 
156368705303513 986.442871 
156368805291379 986.432617 
156368905279579 986.431641 
156369005267779 986.424805 
156369105255945 986.422119 
156369205244111 986.423584 
156369305232277 986.424805 
156369405220477 986.432129 
156369505208643 986.428955 
156369605196809 986.430908 
156369705184775 986.438721 
156369805172641 986.435791 
156369905160541 986.428467 
156370005148541 986.440430 
156370105136541 986.429443 
156370205124507 986.431641 
156370305112473 986.437500 
156370405100473 986.439941 
156370505088473 986.440186 
156370605076439 986.439209 
156370705064405 986.440430 
156370805052271 986.439941 
156370905040137 986.430908 
156371005028237 986.431641 
156371105016470 986.432861 
156371205004670 986.427490 
156371304992870 986.420898 
156371404981103 986.425293 
156371504969336 986.420654 
156371604957536 986.419678 
156371704945736 986.425781 
156371804933936 986.434326 
156371904921836 986.427979 
156372004909736 986.423828 
156372104897902 986.432373 
156372204886135 986.435547 
156372304874368 986.425049 
156372404862568 986.425049 
156372504850768 986.425049 
156372604839001 986.423828 
156372704827234 986.430176 
156372804815434 986.437988 
156372904803600 986.429443 
156373004791700 986.427979 
156373104779800 986.423096 
156373204768033 986.418701 
156373304756266 986.406982 
156373404744466 986.399902 
156373504732666 986.399902 
156373604720899 986.412109 
156373704709132 986.415771 
156373804697332 986.419434 
156373904685532 986.417969 
156374004673532 986.420410 
156374104661398 986.427002 
156374204649398 986.426025 
156374304637598 986.427979 
156374404625764 986.422607 
156374504613930 986.414063 
156374604602096 986.416260 
156374704590296 986.426514 
156374804578496 986.426270 
156374904566662 986.433350 
156375004554828 986.437744 
156375104542761 986.436279 
156375204530627 986.432861 
156375304518560 986.425293 
156375404506560 986.426025 
156375504494560 986.422363 
156375604482526 986.401611 
156375704470526 986.409668 
156375804458526 986.409668 
156375904446526 986.409424 
156376004434492 986.418213 
156376104422492 986.430176 
156376204410358 986.423584 
156376304398224 986.427490 
156376404386390 986.424316 
156376504374623 986.418701 
156376604362823 986.414307 
156376704351023 986.411865 
156376804339256 986.410889 
156376904327489 986.418457 
156377004315689 986.428711 
156377104303889 986.433594 
156377204291989 986.442139 
156377304279889 986.446777 
156377404267789 986.433594 
156377504256022 986.429932 
156377604244255 986.427490 
156377704232455 986.418457 
156377804220655 986.411865 
156377904208888 986.407959 
156378004197121 986.423584 
156378104185321 986.422607 
156378204173521 986.428955 
156378304161687 986.435791 
156378404149787 986.436768 
156378504137887 986.438232 
156378604126120 986.434570 
156378704114320 986.437256 
156378804102520 986.428223 
156378904090720 986.419922 
156379004078953 986.419434 
156379104067153 986.424805 
156379204055353 986.420410 
156379304043553 986.420166 
156379404031486 986.427734 
156379504019352 986.419678 
156379604007452 986.418945 
156379703995685 986.420410 
156379803983885 986.430420 
156379903972085 986.432129 
156380003960318 986.432373 
156380103948551 986.426270 
156380203936751 986.420898 
156380303924951 986.424561 
156380403913184 986.427979 
156380503901084 986.433838 
156380603888984 986.433838 
156380703877117 986.431396 
156380803865350 986.439453 
156380903853550 986.429443 
156381003841750 986.429688 
156381103829983 986.423584 
156381203818216 986.422363 
156381303806416 986.416748 
156381403794616 986.409668 
156381503782816 986.409912 
156381603770916 986.411377 
156381703759016 986.413086 
156381803747249 986.412109 
156381903735482 986.414307 
156382003723682 986.423584 
156382103711882 986.411377 
156382203700115 986.407715 
156382303688348 986.415771 
156382403676548 986.418945 
156382503664748 986.412598 
156382603652748 986.414307 
156382703640614 986.418213 
156382803628514 986.418701 
156382903616714 986.421143 
156383003604880 986.424561 
156383103593046 986.422607 
156383203581212 986.411621 
156383303569412 986.402588 
156383403557578 986.399902 
156383503545744 986.401123 
156383603533910 986.396240 
156383703521876 986.398438 
156383803509742 986.411621 
156383903497675 986.415039 
156384003485675 986.416504 
156384103473641 986.421631 
156384203461607 986.423828 
156384303449607 986.412354 
156384403437607 986.405273 
156384503425607 986.407227 
156384603413573 986.416748 
156384703401573 986.410645 
156384803389439 986.414551 
156384903377305 986.418945 
156385003365438 986.417236 
156385103353671 986.424072 
156385203341871 986.411377 
156385303330071 986.409668 
156385403318304 986.402344 
156385503306537 986.394531 
156385603294737 986.397949 
156385703282937 986.394043 
156385803271137 986.398438 
156385903259037 986.402832 
156386003246937 986.416748 
156386103235170 986.416016 
156386203223403 986.420166 
156386303211603 986.417725 
156386403199803 986.424316 
156386503188036 986.409424 
156386603176269 986.404785 
156386703164469 986.396484 
156386803152669 986.395752 
156386903140835 986.397949 
156387003128935 986.405273 
156387103117035 986.415527 
156387203105268 986.416992 
156387303093468 986.410645 
156387403081668 986.410889 
156387503069868 986.409668 
156387603058168 986.399902 
156387703046368 986.400635 
156387803034568 986.396484 
156387903022768 986.402100 
156388003010734 986.400391 
156388102998667 986.407471 
156388202986733 986.411133 
156388302974933 986.408447 
156388402963099 986.413086 
156388502951265 986.414063 
156388602939498 986.418213 
156388702927698 986.412842 
156388802915864 986.403320 
156388902904030 986.400391 
156389002892196 986.391113 
156389102880129 986.387451 
156389202867995 986.384277 
156389302855995 986.390137 
156389402843995 986.400146 
156389502831961 986.402588 
156389602819994 986.407959 
156389702807994 986.414551 
156389802795994 986.403564 
156389902783960 986.405029 
156390002771926 986.408691 
156390102759992 986.402344 
156390202747858 986.403809 
156390302735724 986.408936 
156390402723957 986.406982 
156390502712190 986.406006 
156390602700390 986.405518 
156390702688590 986.402344 
156390802676823 986.411133 
156390902665056 986.405273 
156391002653256 986.401367 
156391102641456 986.399658 
156391202629489 986.399170 
156391302617389 986.397217 
156391402605322 986.401611 
156391502593555 986.402344 
156391602581788 986.402100 
156391702569988 986.414795 
156391802558188 986.419189 
156391902546421 986.403320 
156392002534654 986.393799 
156392102522854 986.394531 
156392202511054 986.396729 
156392302499154 986.410645 
156392402487254 986.406738 
156392502475387 986.409668 
156392602463620 986.411865 
156392702451820 986.412842 
156392802440020 986.411133 
156392902428253 986.407471 
156393002416486 986.399658 
156393102404686 986.397949 
156393202392886 986.401855 
156393302381119 986.396973 
156393402368985 986.393555 
156393502356851 986.407715 
156393602344951 986.407227 
156393702333151 986.406250 
156393802321317 986.405029 
156393902309483 986.405273 
156394002297649 986.412598 
156394102285849 986.401611 
156394202274015 986.408691 
156394302262181 986.403076 
156394402250314 986.405029 
156394502238180 986.407227 
156394602226046 986.416748 
156394702214046 986.422607 
156394802202046 986.418945 
156394902190012 986.412109 
156395002177978 986.421875 
156395102165978 986.417236 
156395202153978 986.405518 
156395302141944 986.402344 
156395402129910 986.407227 
156395502117876 986.416260 
156395602105742 986.414063 
156395702093742 986.416992 
156395802081942 986.414307 
156395902070108 986.417969 
156396002058274 986.418701 
156396102046440 986.420898 
156396202034640 986.419922 
156396302022806 986.402100 
156396402010972 986.408447 
156396501999138 986.410156 
156396601987104 986.412842 
156396701974970 986.408203 
156396801962903 986.408447 
156396901950903 986.425537 
156397001938903 986.429688 
156397101926869 986.421875 
156397201914869 986.424561 
156397301902869 986.419678 
156397401890869 986.412109 
156397501878835 986.411865 
156397601866801 986.412598 
156397701854667 986.419678 
156397801842533 986.424805 
156397901830699 986.424805 
156398001818932 986.421631 
156398101807132 986.415039 
156398201795332 986.414307 
156398301783565 986.421387 
156398401771798 986.406494 
156398501759998 986.398438 
156398601748198 986.406250 
156398701736298 986.408203 
156398801724198 986.415283 
156398901712098 986.417969 
156399001700331 986.426025 
156399101688564 986.417236 
156399201676764 986.420898 
156399301664964 986.419922 
156399401653197 986.418701 
156399501641430 986.412842 
156399601629630 986.403076 
156399701617830 986.398438 
156399801605963 986.393066 
156399901594063 986.401855 
156400001582163 986.401855 
156400101570396 986.408691 
156400201558596 986.404541 
156400301546796 986.420654 
156400401534996 986.415283 
156400501523229 986.412842 
156400601511462 986.404297 
156400701499662 986.403809 
156400801487862 986.416260 
156400901475795 986.423584 
156401001463661 986.432861 
156401101451727 986.423096 
156401201439960 986.430664 
156401301428160 986.436523 
156401401416360 986.434814 
156401501404593 986.446777 
156401601392826 986.437012 
156401701381026 986.426514 
156401801369226 986.418457 
156401901357459 986.424561 
156402001345359 986.433594 
156402101333259 986.437988 
156402201321392 986.443359 
156402301309625 986.449463 
156402401297825 986.450439 
156402501286025 986.444092 
156402601274225 986.443604 
156402701262458 986.432129 
156402801250691 986.435303 
156402901238891 986.427246 
156403001227091 986.430908 
156403101215191 986.436279 
156403201203291 986.434570 
156403301191524 986.435547 
156403401179757 986.425781 
156403501167957 986.416260 
156403601156157 986.409668 
156403701144390 986.406494 
156403801132623 986.391846 
156403901120823 986.383545 
156404001109023 986.371094 
156404101097056 986.373779 
156404201084922 986.368408 
156404301072822 986.369385 
156404401061022 986.365967 
156404501049188 986.374756 
156404601037354 986.371338 
156404701025520 986.367676 
156404801013720 986.369873 
156404901001886 986.368896 
156405000990052 986.381348 
156405100978218 986.387451 
156405200966184 986.397461 
156405300954050 986.401123 
156405400941983 986.394287 
156405500929983 986.395264 
156405600917983 986.400879 
156405700905949 986.404053 
156405800893949 986.401611 
156405900881949 986.396973 
156406000869949 986.389893 
156406100857915 986.389648 
156406200845881 986.397949 
156406300833747 986.385254 
156406400821613 986.381104 
156406500809746 986.378418 
156406600797979 986.382813 
156406700786179 986.370605 
