# Created at Fri Mar 14 12:54:19 GMT+01:00 2025 in Burnaby Canada 
160698763913511 1.000000 
160699403842511 2.000000 
160699943775511 3.000000 
160700563700511 4.000000 
160701163626511 5.000000 
160701763559511 6.000000 
160702303493511 7.000000 
160702883429511 8.000000 
160703443359511 9.000000 
160704083282511 10.000000 
160704563221511 11.000000 
160705283140511 12.000000 
160705823075511 13.000000 
160706462994511 14.000000 
160707022936511 15.000000 
160707682852511 16.000000 
160708202796511 17.000000 
160708882712511 18.000000 
160709422647511 19.000000 
160710102572511 20.000000 
160710622505511 21.000000 
160711322420511 22.000000 
160711862353511 23.000000 
160712502283511 24.000000 
160713062213511 25.000000 
160713722140511 26.000000 
160714242075511 27.000000 
160714921992511 28.000000 
160715421937511 29.000000 
160716101854511 30.000000 
160716641789511 31.000000 
160717281709511 32.000000 
160717861646511 33.000000 
160718561558511 34.000000 
160719081503511 35.000000 
160719741424511 36.000000 
160720321351511 37.000000 
160721001274511 38.000000 
160721521210511 39.000000 
160722221124511 40.000000 
160722781054511 41.000000 
160723400986511 42.000000 
160723960917511 43.000000 
160724620842511 44.000000 
160725200773511 45.000000 
160725840692511 46.000000 
160726360637511 47.000000 
160727000557511 48.000000 
160727520495511 49.000000 
160728200409511 50.000000 
160728700357511 51.000000 
160729360278511 52.000000 
160729860221511 53.000000 
160730520142511 54.000000 
160731080071511 55.000000 
160731759994511 56.000000 
160732299927511 57.000000 
160732939850511 58.000000 
160733519778511 59.000000 
160734179706511 60.000000 
160734719638511 61.000000 
160735359566511 62.000000 
160735919499511 63.000000 
160736579416511 64.000000 
160737099361511 65.000000 
160737759277511 66.000000 
160738299213511 67.000000 
160738959131511 68.000000 
160739459079511 69.000000 
160740158998511 70.000000 
160740718929511 71.000000 
160741378850511 72.000000 
160741938779511 73.000000 
160742558710511 74.000000 
160743058647511 75.000000 
160743798559511 76.000000 
160744338490511 77.000000 
160744958424511 78.000000 
160745478361511 79.000000 
160746198276511 80.000000 
160746758211511 81.000000 
160747358134511 82.000000 
160747918073511 83.000000 
160748597989511 84.000000 
160749117927511 85.000000 
160749777849511 86.000000 
160750337783511 87.000000 
160751017708511 88.000000 
160751597635511 89.000000 
160752277552511 90.000000 
160752857480511 91.000000 
160753517407511 92.000000 
160754057338511 93.000000 
160754737257511 94.000000 
160755297197511 95.000000 
160755957114511 96.000000 
160756497055511 97.000000 
160757196967511 98.000000 
160757756902511 99.000000 
160758376827511 100.000000 
160758956760511 101.000000 
160759596683511 102.000000 
160760136614511 103.000000 
160760876532511 104.000000 
160761356472511 105.000000 
160761996400511 106.000000 
160762496338511 107.000000 
160763176257511 108.000000 
160763716188511 109.000000 
160764356117511 110.000000 
160764956046511 111.000000 
160765595965511 112.000000 
160766195901511 113.000000 
160766795825511 114.000000 
160767475750511 115.000000 
160768155667511 116.000000 
