# Created at Fri Mar 14 11:20:51 GMT+01:00 2025 in Burnaby Canada 
155092498712071 1.000000 
155093018656071 2.000000 
155093618582071 3.000000 
155094138526071 4.000000 
155094718454071 5.000000 
155095198396071 6.000000 
155095818318071 7.000000 
155096298266071 8.000000 
155096898192071 9.000000 
155097398132071 10.000000 
155097918068071 11.000000 
155098378019071 12.000000 
155099017939071 13.000000 
155099377903071 14.000000 
155100097813071 15.000000 
155100597753071 16.000000 
155101157683071 17.000000 
155101597637071 18.000000 
155102177564071 19.000000 
155102717501071 20.000000 
155103277431071 21.000000 
155103777378071 22.000000 
155104377302071 23.000000 
155104837254071 24.000000 
155105457176071 25.000000 
155105937120071 26.000000 
155106537044071 27.000000 
155107036990071 28.000000 
155107656914071 29.000000 
155108136856071 30.000000 
155108676788071 31.000000 
155109196733071 32.000000 
155109796659071 33.000000 
155110296605071 34.000000 
155110896529071 35.000000 
155111356475071 36.000000 
155111976397071 37.000000 
155112436349071 38.000000 
155113196254071 39.000000 
155114096143071 41.000000 
155114516102071 42.000000 
155115116026071 43.000000 
155115515986071 44.000000 
155116155905071 45.000000 
155117215775071 47.000000 
155118255653071 49.000000 
155118675604071 50.000000 
155119255531071 51.000000 
155119655488071 52.000000 
155120375402071 53.000000 
155120775359071 54.000000 
155121455274071 55.000000 
155122475150071 57.000000 
155122935103071 58.000000 
155123515030071 59.000000 
155123954975071 60.000000 
155124514908071 61.000000 
155124994848071 62.000000 
155125594781071 63.000000 
155126034726071 64.000000 
155126714651071 65.000000 
155127174593071 66.000000 
155127794519071 67.000000 
155128214466071 68.000000 
155128794403071 69.000000 
155129234348071 70.000000 
155129854273071 71.000000 
155130254222071 72.000000 
155130934148071 73.000000 
155131954028071 75.000000 
155132373977071 76.000000 
155132953906071 77.000000 
155133433847071 78.000000 
155134053777071 79.000000 
155134513721071 80.000000 
155135053655071 81.000000 
155135513598071 82.000000 
155136293511071 83.000000 
155137253398071 85.000000 
155138313268071 87.000000 
155139453136071 89.000000 
155139873084071 90.000000 
155140493009071 91.000000 
155140912956071 92.000000 
155141512891071 93.000000 
155141972833071 94.000000 
155142872730071 96.000000 
155143672631071 97.000000 
155144132575071 98.000000 
155144832496071 99.000000 
155145832373071 101.000000 
155146352309071 102.000000 
155146972241071 103.000000 
155147532170071 104.000000 
155148072113071 105.000000 
