# Created at Thu Mar 27 09:58:12 GMT+01:00 2025 in Burnaby Canada 
1738714443943527 996.875732 
1738714483941391 996.876953 
1738714523943110 996.879395 
1738714563942329 996.876465 
1738714603943266 996.873291 
1738714643941860 996.872314 
1738714683941808 996.870117 
1738714723942329 996.861084 
1738714763943058 996.856934 
1738714803941287 996.857178 
1738714843941756 996.857910 
1738714883942016 996.857910 
1738714923943527 996.840332 
1738714963939933 996.835449 
1738715003943318 996.822754 
1738715043942277 996.830078 
1738715083940870 996.829590 
1738715123949464 996.823730 
1738715163942277 996.809814 
1738715203943318 996.809326 
1738715243940714 996.828125 
1738715283941808 996.845215 
1738715323942016 996.864502 
1738715363944881 996.883545 
1738715403940454 996.892334 
1738715443941860 996.892578 
1738715483942172 996.884277 
1738715523943318 996.880371 
1738715563940975 996.864990 
1738715603942068 996.850342 
1738715643942641 996.850342 
1738715683941235 996.839844 
1738715723941547 996.839844 
1738715763942120 996.846924 
1738715803943579 996.845215 
1738715843940245 996.839111 
1738715883944672 996.836670 
1738715923942485 996.839844 
1738715963943579 996.839600 
1738716003940454 996.842529 
1738716043943214 996.849121 
1738716083942068 996.852051 
1738716123943266 996.853271 
1738716163940402 996.854736 
1738716203943527 996.854004 
1738716243942589 996.846924 
1738716283940975 996.851807 
1738716323948839 996.855469 
1738716363942068 996.859619 
1738716403943318 996.861572 
1738716443940870 996.864502 
1738716483943318 996.861816 
1738716523942225 996.854004 
1738716563943318 996.854980 
1738716603943006 996.854492 
1738716643943110 996.849121 
1738716683942902 996.843506 
1738716723943318 996.847412 
1738716763941912 996.847900 
1738716803941808 996.843994 
1738716843942016 996.854004 
1738716883943527 996.853271 
1738716923974985 996.852539 
1738716963942277 996.848877 
1738717003943527 996.846680 
1738717043940870 996.843018 
1738717083943162 996.843018 
1738717123942329 996.838379 
1738717163941287 996.840332 
1738717203941235 996.843750 
1738717243941808 996.844971 
1738717283942329 996.850586 
1738717323943006 996.853271 
1738717363940714 996.849121 
1738717403941600 996.845215 
1738717443942329 996.855713 
1738717483943266 996.862549 
1738717523939933 996.870361 
1738717563941808 996.871338 
1738717603942329 996.869873 
1738717643941912 996.867920 
1738717683943422 996.860107 
1738717723942277 996.868164 
1738717763943787 996.875488 
1738717803941391 996.880127 
1738717843943162 996.886475 
1738717883942277 996.877930 
1738717923943527 996.867432 
1738717963941235 996.861816 
1738718003947120 996.853027 
1738718043942329 996.861572 
1738718083943839 996.862549 
1738718123943527 996.871826 
1738718163942016 996.916260 
1738718203943527 997.039795 
1738718243940714 997.181641 
1738718283941443 997.259521 
1738718323942016 997.303223 
1738718363943787 997.339600 
1738718403941235 997.429688 
1738718443942902 997.428955 
1738718483943370 997.424805 
1738718523942641 997.535645 
1738718563941547 997.260986 
1738718603943891 996.847168 
1738718643940454 996.663330 
1738718683940975 996.599365 
1738718723944672 996.638184 
1738718763943995 996.772217 
1738718803940506 997.175537 
1738718843943266 997.497314 
1738718883942797 997.462891 
1738718923941027 997.324219 
1738718963943735 997.248047 
1738719003942016 997.211670 
1738719043944152 997.190918 
1738719083940975 997.063477 
1738719123943631 997.005859 
1738719163943527 996.948486 
1738719203943058 996.937256 
1738719243940975 996.897461 
1738719283942120 996.880615 
1738719323941235 996.912598 
1738719363943266 996.948242 
1738719403941495 997.050049 
1738719443945141 997.206543 
1738719483943318 997.232666 
1738719523941183 997.251709 
1738719563948787 997.147705 
1738719603942120 996.955566 
1738719643943631 996.799072 
1738719683941027 996.640137 
1738719723943787 996.454834 
1738719763943058 996.363037 
1738719803943058 996.338379 
1738719843940766 996.345459 
1738719883943318 996.371338 
1738719923942381 996.412354 
1738719963942485 996.468262 
1738720003941287 996.532959 
1738720043943318 996.583008 
1738720083943527 996.624023 
1738720123940714 996.666992 
1738720163940506 996.712646 
1738720203942172 996.738525 
1738720243942381 996.782471 
1738720283940766 996.817871 
1738720323943006 996.845947 
1738720363943058 996.860107 
1738720403943527 996.904053 
1738720443941547 996.921387 
1738720483946860 996.969727 
1738720523942329 996.948730 
1738720563943579 996.942139 
1738720603940975 996.934814 
1738720643943214 996.904541 
1738720683943318 996.862793 
1738720723941235 996.854004 
1738720764049777 996.865723 
1738720803942277 996.872559 
1738720843943579 996.874756 
1738720883941183 996.863770 
1738720923943266 996.841309 
1738720963943579 996.827148 
1738721003943058 996.837402 
1738721043940975 996.854492 
1738721083942381 996.892090 
1738721123941808 996.937988 
1738721163943631 996.979004 
1738721203941235 996.984619 
1738721243943006 996.967773 
1738721283943318 996.926025 
1738721323940402 996.885010 
1738721363943318 996.857422 
1738721403944777 996.869385 
1738721443942902 996.891357 
1738721483940922 996.903809 
1738721523943579 996.903320 
1738721563943839 996.927490 
1738721603943058 996.979004 
1738721643941027 997.035400 
1738721683943006 997.058105 
1738721723942068 997.061768 
1738721763943058 997.066895 
1738721803941547 997.047363 
1738721843943058 996.906494 
1738721883943110 996.826416 
1738721923940766 996.755859 
1738721963940714 996.738037 
1738722003943214 996.745117 
1738722043942068 996.768066 
1738722083941131 996.805908 
1738722123943579 996.830078 
1738722163943266 996.860107 
1738722203943527 996.908691 
1738722243940714 997.041748 
1738722283949777 997.079590 
1738722323941808 997.072021 
1738722363942485 997.062012 
1738722403940975 997.094727 
1738722443943318 997.080078 
1738722483943058 997.054688 
1738722523943058 997.036865 
1738722563941235 997.122070 
1738722603942537 997.213623 
1738722643943266 997.273682 
1738722683940975 997.321045 
1738722723942537 997.344238 
1738722763943006 997.383545 
1738722803943006 997.219482 
1738722843941495 997.124268 
1738722883946287 997.101563 
1738722923942329 997.064941 
1738722963943527 997.030518 
1738723003940975 996.975098 
1738723043943266 996.878174 
1738723083943058 996.820313 
1738723123943527 996.791992 
1738723163940714 996.792725 
1738723203940975 996.819580 
1738723243942016 996.842773 
1738723283940975 996.887451 
1738723323943318 996.906738 
1738723363943058 996.868652 
1738723403942797 996.866455 
1738723443941756 996.899170 
1738723483944464 996.895264 
1738723523942797 996.877197 
1738723563943839 996.814209 
1738723603940975 996.749756 
1738723643943006 996.703125 
1738723683942485 996.684814 
1738723723942485 996.695068 
1738723763941235 996.754395 
1738723803942016 996.803223 
1738723843942068 996.794678 
1738723883948266 996.799316 
1738723923942433 996.799316 
1738723963943110 996.775635 
1738724003943266 996.751953 
1738724043941547 996.740234 
1738724083950610 996.736328 
1738724123942641 996.756104 
1738724163943579 996.783691 
1738724203942016 996.812012 
1738724243943318 996.847900 
1738724283942537 996.872559 
1738724323943527 996.889404 
1738724363948943 996.919922 
1738724403941860 996.943604 
1738724443942016 996.958740 
1738724483943266 996.975830 
1738724523940714 997.000732 
1738724563943266 997.019531 
1738724603943006 997.000488 
1738724643941495 997.012207 
1738724683942693 997.013672 
1738724723942277 997.006592 
1738724763942485 997.002686 
1738724803941391 996.989990 
1738724843943006 996.963867 
1738724883943266 996.914795 
1738724923943058 996.843018 
1738724963927485 996.788086 
1738725003941756 996.739502 
1738725043942537 996.723633 
1738725083943527 996.736816 
1738725123940506 996.751709 
1738725163942589 996.754150 
1738725203943266 996.770264 
1738725243941704 996.808105 
1738725283989152 996.827393 
1738725323942016 996.839111 
1738725363943579 996.860352 
1738725403940975 996.901367 
1738725443943266 996.924072 
1738725483943058 996.987793 
1738725523943058 997.092773 
1738725563941235 997.266357 
1738725603939985 997.433594 
1738725643942537 997.368896 
1738725683943579 997.219727 
1738725723940193 997.105469 
1738725763943266 997.049561 
1738725803942954 997.023438 
1738725843934672 997.011475 
1738725883927433 997.010986 
1738725923943162 997.008789 
1738725963942381 996.982422 
1738726003941391 996.876221 
1738726043943527 996.760498 
1738726083943266 996.696777 
1738726123942797 996.679688 
1738726163940975 996.685059 
1738726203941704 996.701172 
1738726243942537 996.722900 
1738726283943735 996.760010 
1738726323940975 996.792725 
1738726363943214 996.818604 
1738726403943006 996.851563 
1738726443941547 996.884521 
1738726483943370 996.903320 
1738726523942225 996.867920 
1738726563943318 996.859375 
1738726603941652 996.877686 
1738726643943006 996.886230 
1738726683943214 996.915283 
1738726723943266 996.955322 
1738726763940975 996.996826 
1738726803943735 997.043213 
1738726843942277 997.089355 
1738726883943579 997.139893 
1738726923940975 997.182861 
1738726963943318 997.225098 
1738727003943318 997.237305 
1738727043940975 997.239502 
1738727083941183 997.252686 
1738727123943318 997.178223 
1738727163943527 996.955811 
1738727203941079 996.770996 
1738727243943527 996.676025 
1738727283943631 996.659180 
1738727323943631 996.642822 
1738727363942954 996.650635 
1738727403943110 996.691650 
1738727443942329 996.737061 
1738727483943370 996.774902 
1738727523940975 996.810059 
1738727563942954 996.871826 
1738727603943006 996.919434 
1738727643940714 996.957275 
1738727683942120 996.908936 
1738727723943266 996.884521 
1738727763942329 996.865479 
1738727803941131 996.873047 
1738727843943058 996.920654 
1738727883943266 996.959473 
1738727923943527 996.988770 
1738727963940714 997.027344 
1738728003946183 997.063477 
1738728043942120 997.113525 
1738728083942120 997.144287 
1738728123940714 997.153564 
1738728163943006 997.179688 
1738728203943058 997.173584 
1738728243943318 997.055908 
1738728283940714 996.876465 
1738728323942277 996.761475 
1738728363940402 996.732910 
1738728403940975 996.732178 
1738728443942797 996.736816 
1738728483943006 996.740479 
1738728523943058 996.759521 
1738728563940975 996.775391 
1738728603943058 996.846680 
1738728643941547 996.891602 
1738728683943006 996.937500 
1738728723940975 996.940918 
1738728763943058 996.902344 
1738728803943266 996.911865 
1738728843943579 996.895508 
1738728883940975 996.890625 
1738728923943527 996.926025 
1738728963942016 996.968750 
1738729003940766 997.004883 
1738729043943058 997.062012 
1738729083943318 997.120850 
1738729123943058 997.153809 
1738729163941495 997.162354 
1738729204011339 997.159912 
1738729243941235 997.180664 
1738729283943631 997.186768 
1738729323940975 997.120361 
1738729363943527 996.974121 
1738729403943318 996.832764 
1738729443943631 996.765625 
1738729483940975 996.739746 
1738729523941756 996.735840 
1738729563943110 996.726563 
1738729603948214 996.729736 
1738729643940610 996.748535 
1738729683943006 996.779297 
1738729723942485 996.817383 
1738729763941495 996.853271 
1738729803943162 996.879150 
1738729843941808 996.912598 
1738729883942485 996.958252 
1738729923942329 996.914063 
1738729963943058 996.873047 
1738730003943006 996.857422 
1738730043943006 996.854980 
1738730083941027 996.882324 
1738730123941756 996.915527 
1738730163942329 996.961426 
1738730203943058 997.010010 
1738730243940766 997.063477 
1738730283943318 997.106201 
1738730323943058 997.145020 
1738730363942068 997.177979 
1738730404009204 997.210205 
1738730443940922 997.249268 
1738730483943579 997.249512 
1738730523941912 997.124756 
1738730563943058 996.947754 
1738730603945193 996.813721 
1738730643943318 996.749023 
1738730683940454 996.724121 
1738730723942016 996.713135 
1738730763942381 996.701172 
1738730803943579 996.725342 
1738730843941027 996.763916 
1738730883942745 996.808838 
1738730923943318 996.862061 
1738730963940975 996.911377 
1738731003970922 996.959961 
1738731043941808 996.937500 
1738731083941495 996.905518 
1738731123940714 996.888916 
1738731163943266 996.890625 
1738731203943318 996.906738 
1738731243943006 996.936279 
1738731283939857 996.977051 
1738731323941471 997.014404 
1738731363940065 997.055420 
1738731403942096 997.083984 
1738731443939857 997.098145 
1738731483941679 997.126221 
1738731523942461 997.167236 
1738731563940325 997.202393 
1738731603927877 997.181152 
1738731643941211 997.054688 
1738731683941419 996.904053 
1738731723940013 996.805664 
1738731763942200 996.766602 
1738731803942200 996.750732 
1738731843942148 996.746094 
1738731883939596 996.760498 
1738731923940429 996.809082 
1738731963941263 996.858887 
1738732003940690 996.867432 
1738732043939336 996.854004 
1738732083942461 996.843262 
1738732123942148 996.843750 
1738732163940117 996.886475 
1738732204026159 996.931641 
1738732243941107 996.994629 
1738732283942252 997.058105 
1738732323940273 997.118652 
1738732363942409 997.148926 
1738732403942148 997.149658 
1738732443942096 997.148926 
1738732483939909 997.157959 
1738732523925534 997.095215 
1738732563940690 996.964844 
1738732603939857 996.849365 
1738732643939857 996.790527 
1738732683941940 996.759033 
1738732723941940 996.752930 
1738732763939596 996.767090 
1738732803941054 996.781982 
1738732843944752 996.814209 
1738732883940950 996.833252 
1738732923939752 996.877197 
1738732963941940 996.901611 
1738733003943971 996.882568 
1738733043941627 996.898682 
1738733083939388 996.920654 
1738733123940638 996.937012 
1738733163941211 996.981201 
1738733203941211 997.035889 
1738733243939857 997.090820 
1738733283942200 997.133301 
1738733323941888 997.170410 
1738733363939857 997.223633 
1738733403940273 997.265869 
1738733443948815 997.238525 
1738733483941159 997.125244 
1738733523940273 996.976563 
1738733563942461 996.829590 
1738733603941679 996.765381 
1738733643942148 996.751709 
1738733683940117 996.734619 
1738733723940221 996.725586 
1738733763947304 996.753906 
1738733803942461 996.799316 
1738733843939909 996.826660 
1738733883941940 996.878662 
1738733923942200 996.923584 
1738733963941992 996.897949 
1738734003939544 996.878906 
1738734043941211 996.907471 
1738734083940690 996.912354 
1738734123939336 996.933105 
1738734163941627 996.981445 
1738734203941888 997.052002 
1738734243941888 997.119629 
1738734283940377 997.173340 
1738734323941836 997.216797 
1738734363941784 997.292480 
1738734403942929 997.316162 
1738734443940117 997.247559 
1738734483941888 997.072510 
1738734523941888 996.905273 
1738734563941419 996.785889 
1738734603939857 996.733154 
1738734643941211 996.724609 
1738734683940898 996.706055 
1738734723939388 996.720947 
1738734763941732 996.769775 
1738734803942148 996.797363 
1738734843942200 996.822998 
1738734883940117 996.890625 
1738734923938971 996.895508 
1738734963942252 996.895508 
1738735003941211 996.890381 
1738735043939857 996.881348 
1738735083941940 996.906494 
1738735123942200 996.942139 
1738735163942200 996.979004 
1738735203939909 997.009766 
1738735243941471 997.053223 
1738735283954179 997.162842 
1738735323940586 997.222168 
1738735363943138 997.268066 
1738735403942148 997.241211 
1738735443941679 997.104248 
1738735483939857 996.935059 
1738735523940065 996.806396 
1738735563941263 996.744385 
1738735603942461 996.722656 
1738735643940117 996.712646 
1738735683942148 996.712402 
1738735723941471 996.740234 
1738735763942461 996.792480 
1738735803940377 996.833496 
1738735844025117 996.892334 
1738735883962044 996.947266 
1738735923941679 996.932861 
1738735963939336 996.896973 
1738736003941732 996.885742 
1738736043941940 996.896973 
1738736083940117 996.906982 
1738736123944857 996.940430 
1738736163942617 996.977051 
1738736203942721 997.021484 
1738736243939857 997.058838 
1738736283942252 997.082275 
1738736323941419 997.143311 
1738736363941419 997.203125 
1738736403939648 997.241211 
1738736443928398 997.153320 
1738736483940377 996.994385 
1738736523941419 996.852051 
1738736563939336 996.754639 
1738736603941367 996.718994 
1738736643941627 996.714600 
1738736683940169 996.709717 
1738736723940638 996.725586 
1738736763940638 996.765625 
1738736803942982 996.810547 
1738736843939857 996.845947 
1738736883942200 996.896484 
1738736923942200 996.924805 
1738736963941679 996.885254 
1738737003939336 996.876221 
1738737043940846 996.893799 
1738737083941471 996.895996 
1738737123942200 996.930664 
1738737163939336 996.982910 
1738737203943034 997.038086 
1738737243942148 997.098877 
1738737283939857 997.146484 
1738737323946836 997.191895 
1738737363941471 997.251709 
1738737403942513 997.271973 
1738737443939857 997.166260 
1738737483942200 996.998047 
1738737523942409 996.845459 
1738737563941940 996.756104 
1738737603939336 996.723389 
1738737643942096 996.702881 
1738737683941263 996.710449 
1738737723942409 996.729736 
1738737763939857 996.784424 
1738737803942148 996.823975 
1738737843942148 996.856934 
1738737883940638 996.900635 
1738737923941679 996.931152 
1738737963940429 996.894043 
1738738003942357 996.870361 
1738738043940273 996.885010 
1738738083941471 996.896484 
1738738123941940 996.928467 
1738738163943450 996.973145 
1738738203939857 997.022949 
1738738243941263 997.088623 
1738738283941211 997.142822 
1738738323941940 997.203857 
1738738363939596 997.255859 
1738738403942461 997.220459 
1738738443942200 997.091553 
1738738483943242 996.940674 
1738738523938919 996.822021 
1738738563940638 996.778076 
1738738603942096 996.764160 
1738738643940013 996.744629 
1738738683941419 996.769043 
1738738723942148 996.805420 
1738738763941888 996.834717 
1738738803940377 996.856201 
1738738843940013 996.900879 
1738738883941784 996.878418 
1738738923942252 996.868164 
1738738963939336 996.893799 
1738739003941940 996.894287 
1738739043941836 996.923340 
1738739083939336 996.980225 
1738739123940742 997.032227 
1738739163940638 997.083740 
1738739203942513 997.146240 
1738739243940013 997.213379 
1738739283941419 997.263184 
1738739323941367 997.259277 
1738739363941940 997.157471 
1738739403939596 996.993408 
1738739443939648 996.858398 
1738739483942252 996.775635 
1738739523942513 996.739746 
1738739563939857 996.727295 
1738739603942200 996.723145 
1738739643943711 996.750244 
1738739683939336 996.780762 
1738739723940325 996.812500 
1738739763940690 996.848633 
1738739803942721 996.894531 
1738739843940169 996.878418 
1738739883941940 996.865479 
1738739923941419 996.877441 
1738739963941940 996.884277 
1738740003940377 996.910889 
1738740043944857 996.957520 
1738740083941211 997.009766 
1738740123941940 997.073730 
1738740163939075 997.121582 
1738740203942148 997.164063 
1738740243941888 997.221436 
1738740283941419 997.230225 
1738740323939857 997.121094 
1738740363938607 996.974609 
1738740403941002 996.840332 
1738740443938346 996.766602 
1738740483942773 996.740723 
1738740523943294 996.735596 
1738740563942252 996.740479 
1738740603940690 996.758789 
1738740643940846 996.793457 
1738740683941159 996.818359 
1738740723941732 996.852051 
1738740763941159 996.911865 
1738740803942252 996.896484 
1738740843941940 996.887939 
1738740883941627 996.903564 
1738740923939857 996.916016 
1738740963940898 996.947266 
1738741003942565 997.020264 
1738741043939909 997.111572 
1738741083941888 997.163330 
1738741123942461 997.200928 
1738741163942252 997.259766 
1738741203940117 997.304443 
1738741243946784 997.288574 
1738741283942096 997.142334 
1738741323941211 996.954590 
1738741363940273 996.791260 
1738741403941836 996.721191 
1738741443942669 996.709473 
1738741483942148 996.717041 
1738741523939857 996.735107 
1738741563941888 996.769775 
1738741603941211 996.799072 
1738741643942982 996.809814 
1738741683940117 996.839111 
1738741723942200 996.894531 
1738741763942252 996.882568 
1738741803939857 996.868164 
1738741843947773 996.846191 
1738741884060013 996.851807 
1738741923942148 996.902100 
1738741963939075 996.958008 
1738742003942252 997.078857 
1738742043941679 997.127686 
1738742083941888 997.173340 
1738742123939075 997.221924 
1738742163938607 997.260986 
1738742203941419 997.177734 
1738742243942409 997.006836 
1738742283939857 996.852051 
1738742323941940 996.759766 
1738742363942461 996.710693 
1738742403940117 996.709961 
1738742443942669 996.703613 
1738742483940325 996.719238 
1738742523941679 996.758545 
1738742563939492 996.803467 
1738742603942409 996.854004 
1738742643942148 996.912354 
1738742683942148 996.924561 
1738742723939857 996.897949 
1738742763941992 996.884033 
1738742803940950 996.869629 
1738742843942929 996.894775 
1738742883942096 996.960693 
1738742923942200 997.033691 
1738742963941888 997.108887 
1738743003942200 997.164795 
1738743043945794 997.193848 
1738743083938450 997.233398 
1738743123941940 997.250977 
1738743163939336 997.132324 
1738743203942148 996.963379 
1738743243942148 996.840576 
1738743283942200 996.773438 
1738743323939857 996.727539 
1738743363946419 996.699951 
1738743403940690 996.704102 
1738743443942096 996.741455 
1738743483939857 996.783936 
1738743523943919 996.827148 
1738743563941627 996.861572 
1738743603939857 996.904053 
1738743643936523 996.880127 
1738743683941419 996.871582 
1738743723941888 996.883545 
1738743763940013 996.882324 
1738743803942200 996.924561 
1738743843942148 996.983154 
1738743883941575 997.047119 
1738743923940117 997.092285 
1738743963925794 997.152344 
1738744003940950 997.228516 
1738744043942200 997.292236 
1738744083939804 997.276611 
1738744123941627 997.149414 
1738744163941367 996.992188 
1738744203954492 996.843506 
1738744244057982 996.767090 
1738744283940429 996.723389 
1738744323942200 996.708496 
1738744363940273 996.712158 
1738744403942148 996.736816 
1738744443942148 996.775879 
1738744483952617 996.815430 
1738744523939857 996.867188 
1738744563941419 996.933838 
1738744603941419 996.912354 
1738744643941107 996.895752 
1738744683939596 996.875488 
1738744723941888 996.869629 
1738744763942148 996.906494 
1738744803939857 996.945557 
1738744843940898 997.000732 
1738744883940898 997.074951 
1738744923941002 997.166992 
1738744963939804 997.242188 
1738745003942200 997.303711 
1738745043941888 997.298096 
1738745083941888 997.225342 
1738745123941940 997.042725 
1738745163942044 996.875732 
1738745203941211 996.795166 
1738745243942669 996.725830 
1738745283940377 996.696289 
1738745323942096 996.692139 
1738745363941836 996.720703 
1738745403940117 996.769531 
1738745443939700 996.811768 
1738745483940898 996.867188 
1738745523940117 996.937988 
1738745563939804 996.910400 
1738745603942200 996.905762 
1738745643942461 996.917236 
1738745683941627 996.927002 
1738745723939648 996.960449 
1738745763926315 997.035156 
1738745803940898 997.097412 
1738745843940117 997.160889 
1738745883940065 997.230469 
1738745923942200 997.297607 
1738745963942148 997.331055 
1738746003951159 997.283447 
1738746043940690 997.114746 
1738746083940950 996.932861 
1738746123942409 996.822510 
1738746163939909 996.751221 
1738746203942200 996.697510 
1738746243942200 996.679932 
1738746283942461 996.685791 
1738746323940377 996.714600 
1738746363985846 996.770996 
1738746403941471 996.813965 
1738746444001836 996.864746 
1738746483940638 996.934082 
1738746523942461 996.889160 
1738746563942148 996.852783 
1738746603942148 996.838379 
1738746643939857 996.843262 
1738746683946940 996.875977 
1738746723941419 996.911377 
1738746763939857 996.970459 
1738746803942200 997.025146 
1738746843942148 997.063965 
1738746883942669 997.125488 
1738746923940377 997.196289 
1738746963945221 997.270752 
1738747003940690 997.269043 
1738747043942409 997.140625 
1738747083939857 996.979004 
1738747123942148 996.855469 
1738747163943711 996.806885 
1738747203942461 996.789063 
1738747243939336 996.780273 
1738747283942409 996.800049 
1738747323942148 996.831299 
1738747363940377 996.852783 
1738747403942200 996.866455 
1738747443942200 996.886475 
1738747483941888 996.942627 
1738747523940117 996.903320 
1738747563944179 996.893799 
1738747603940898 996.875488 
1738747643941836 996.874756 
1738747683940169 996.889404 
1738747723941888 996.936035 
1738747763941888 996.991943 
1738747803941940 997.051758 
1738747843939857 997.104736 
1738747883939388 997.164551 
1738747923940898 997.229980 
1738747963942409 997.285889 
1738748003940377 997.237305 
1738748043942409 997.083984 
1738748083943919 996.912354 
1738748123940377 996.789551 
1738748163939544 996.724609 
1738748203941211 996.695801 
1738748243941159 996.692383 
1738748283939909 996.702637 
1738748323942929 996.746582 
1738748363942929 996.805176 
1738748403942200 996.857910 
1738748443940065 996.901611 
1738748483941627 996.945313 
1738748523940950 996.925293 
1738748563941940 996.884521 
1738748603940377 996.878662 
1738748643941888 996.870605 
1738748683942200 996.888672 
1738748723940169 996.968018 
1738748763942721 997.037354 
1738748803942148 997.104492 
1738748843941627 997.157227 
1738748883940273 997.199707 
1738748923941888 997.254639 
1738748963941992 997.280273 
1738749003941367 997.179932 
1738749043939857 997.025879 
1738749083941367 996.870850 
1738749123941159 996.785156 
1738749163941419 996.742676 
1738749203940117 996.725830 
1738749243941940 996.728271 
1738749283941419 996.768066 
1738749323940117 996.821289 
1738749363941315 996.864258 
1738749403941211 996.913086 
1738749443941367 996.936279 
1738749483939596 996.931396 
1738749523941836 996.915771 
1738749563942200 996.893799 
1738749603941940 996.914063 
1738749643940117 996.945801 
1738749683941159 996.990967 
1738749724055273 997.042480 
1738749763941940 997.079102 
1738749803940429 997.117920 
1738749843941888 997.163574 
1738749883941940 997.203613 
1738749923940377 997.230469 
1738749963945950 997.211182 
1738750003942044 997.068359 
1738750043941159 996.908936 
1738750083940013 996.826904 
1738750123942200 996.776855 
1738750163941940 996.752930 
1738750203941367 996.733643 
1738750243940013 996.742920 
1738750283940898 996.792725 
1738750323941159 996.847900 
1738750363943711 996.875488 
1738750403939857 996.915283 
1738750443942200 996.974121 
1738750483942409 996.918213 
1738750523940377 996.880615 
1738750563939648 996.903076 
1738750603942565 996.901855 
1738750643942669 996.933105 
1738750683939804 996.976563 
1738750723941679 997.025635 
1738750763941992 997.070801 
1738750803941940 997.103271 
1738750843940586 997.128906 
1738750883943138 997.175537 
1738750923940638 997.217041 
1738750963940638 997.220459 
1738751003939857 997.093018 
1738751043942461 996.923340 
1738751083941888 996.805176 
1738751123943034 996.757080 
1738751163942148 996.727051 
1738751203942513 996.708740 
1738751243941888 996.719238 
1738751283939700 996.741455 
1738751323942148 996.775635 
1738751363941940 996.818359 
1738751403942721 996.855469 
1738751443953971 996.891357 
1738751483941888 996.932861 
1738751523940950 996.915527 
1738751563942357 996.901367 
1738751603939544 996.881348 
1738751643941367 996.893555 
1738751683941367 996.919922 
1738751723952096 996.952393 
1738751763940117 996.996582 
1738751803941419 997.038330 
1738751843942148 997.089355 
1738751883939752 997.156982 
1738751923941627 997.212891 
1738751963941888 997.287354 
1738752003942200 997.313721 
1738752043939909 997.220703 
1738752083947200 996.890381 
1738752123941211 996.798340 
1738752163941367 996.749512 
1738752203940117 996.730469 
1738752243942461 996.724121 
1738752283941888 996.753174 
1738752323942252 996.797607 
1738752363939857 996.844727 
1738752403938867 996.864502 
1738752443942148 996.882813 
1738752483939388 996.940918 
1738752523941732 996.913818 
1738752563941732 996.895020 
1738752603941888 996.899658 
1738752643941575 996.907715 
1738752683942617 996.929688 
1738752723941002 996.965820 
1738752763941888 997.003906 
1738752803939596 997.055420 
1738752843942409 997.119385 
1738752883942200 997.164063 
1738752923942148 997.234863 
1738752963939336 997.297852 
1738753003941419 997.297852 
1738753043942357 997.196777 
1738753083939596 997.012695 
1738753123943659 996.858643 
1738753163942148 996.777344 
1738753203941940 996.743896 
1738753243939857 996.723389 
1738753283943398 996.734375 
1738753323940586 996.744629 
1738753363942200 996.779053 
1738753403939284 996.813477 
1738753443941836 996.867188 
1738753483941836 996.923828 
1738753523948763 996.936035 
1738753563939336 996.906494 
1738753603941107 996.892822 
1738753643940638 996.899902 
1738753683939127 996.922119 
1738753723942565 996.960938 
1738753763942409 997.012451 
1738753803941627 997.064941 
1738753843939596 997.119629 
1738753883946732 997.164551 
1738753923942773 997.218018 
1738753963942929 997.295410 
1738754003940377 997.326904 
1738754043942148 997.272949 
1738754083942200 997.115234 
1738754123942200 996.918701 
1738754163939596 996.798584 
1738754203942096 996.742188 
1738754243941211 996.724854 
1738754283941367 996.709229 
1738754323940325 996.721436 
1738754363942148 996.761719 
1738754403941940 996.798584 
1738754443940117 996.833252 
1738754483951367 996.882080 
1738754523941159 996.948975 
1738754563941888 996.930908 
1738754603939857 996.897217 
1738754643942148 996.893799 
1738754683942461 996.884033 
1738754723942148 996.905029 
1738754763939596 996.935059 
1738754803991732 996.968262 
1738754843940690 997.010010 
1738754883942721 997.052246 
1738754923940117 997.108154 
1738754963941888 997.155273 
1738755003941940 997.223877 
1738755043940117 997.238281 
1738755083941211 997.172363 
1738755123940898 997.029297 
1738755163942982 996.882568 
1738755203939596 996.800537 
1738755243941315 996.773438 
1738755283941940 996.765137 
1738755323941836 996.766602 
1738755363939857 996.778320 
1738755403940325 996.823486 
1738755443940638 996.858154 
1738755483941627 996.917969 
1738755523939336 996.972656 
1738755563942461 996.934814 
1738755603941888 996.895508 
1738755643940117 996.900391 
1738755683940690 996.906250 
1738755723941159 996.921387 
1738755763940898 996.964355 
1738755803939857 997.009521 
1738755843941836 997.050781 
1738755883941367 997.091797 
1738755923941940 997.133789 
1738755963939909 997.205811 
1738756003945325 997.252441 
1738756043940638 997.234375 
1738756083941627 997.113525 
1738756123939857 996.949951 
1738756163941940 996.835938 
1738756203942200 996.786133 
1738756243940377 996.760742 
1738756284116315 996.747314 
1738756323942200 996.749023 
1738756363942461 996.776855 
1738756403940013 996.822266 
1738756443942148 996.855225 
1738756483941888 996.883301 
1738756523941940 996.916260 
1738756563939023 996.899902 
1738756604057200 996.884277 
1738756643941159 996.872070 
1738756683942409 996.887939 
1738756723939857 996.913574 
1738756763941940 996.947510 
1738756803942200 996.993164 
1738756843940846 997.036133 
1738756883941836 997.086426 
1738756923941367 997.134766 
1738756963942461 997.197510 
1738757003941940 997.261963 
1738757043942148 997.274414 
1738757083942252 997.192627 
1738757123942357 997.025635 
1738757163940638 996.886230 
1738757203941367 996.810547 
1738757243940638 996.781006 
1738757283941159 996.764404 
1738757323940534 996.755127 
1738757363942200 996.769287 
1738757403941419 996.795898 
1738757443939857 996.830322 
1738757483942252 996.864990 
1738757523940273 996.913330 
1738757563942461 996.904053 
1738757603939700 996.890625 
1738757643942148 996.879150 
1738757683941836 996.885498 
1738757723942148 996.899902 
1738757763939857 996.931396 
1738757804066419 996.975342 
1738757843941211 997.026855 
1738757883941888 997.089111 
1738757923939857 997.155762 
1738757963942148 997.217041 
1738758003942096 997.290039 
1738758043940638 997.306396 
1738758083940065 997.221680 
1738758123940690 997.040283 
1738758163944179 996.880127 
1738758203939284 996.801514 
1738758243941419 996.761230 
1738758283941627 996.738037 
1738758323942148 996.734863 
1738758363940065 996.754150 
1738758403940846 996.784912 
1738758443941211 996.823242 
1738758483941888 996.863525 
1738758523939804 996.901367 
1738758563941940 996.959961 
1738758603942409 996.913818 
1738758643942461 996.877197 
1738758683940325 996.879395 
1738758723941575 996.878418 
1738758763941836 996.898438 
1738758803939336 996.935059 
1738758843941367 996.987061 
1738758883941367 997.083008 
1738758923941940 997.159912 
1738758963939857 997.252441 
1738759003940482 997.278564 
1738759043940638 997.163818 
1738759083941940 996.987549 
1738759123939596 996.863037 
1738759163942200 996.798096 
1738759203942200 996.774414 
1738759243942148 996.771240 
1738759283939857 996.779785 
1738759323942461 996.835693 
1738759363941159 996.926758 
1738759403940117 996.946533 
1738759443942148 996.979248 
1738759483942096 997.000977 
1738759523942461 996.949707 
1738759563940638 996.915039 
1738759603942513 996.880127 
1738759643941107 996.881592 
1738759683942669 996.909180 
1738759723939857 996.949463 
1738759763942200 996.997070 
1738759803942409 997.042480 
1738759843928242 997.084229 
1738759883939596 997.128906 
1738759923946627 997.206543 
1738759963940950 997.249512 
1738760003939857 997.192383 
1738760043941211 997.043945 
1738760083941888 996.889404 
1738760123941888 996.791260 
1738760163940377 996.764648 
1738760203941211 996.751221 
1738760243940638 996.741699 
1738760283942148 996.753174 
1738760323939804 996.791504 
1738760363941315 996.842529 
1738760403944232 996.868408 
1738760443942200 996.917236 
1738760483939596 996.962402 
1738760523942461 996.930176 
1738760563940638 996.908203 
1738760603942409 996.902344 
1738760643939857 996.907471 
1738760683942148 996.932129 
1738760723941992 996.964600 
1738760763940429 997.023438 
1738760803948971 997.075195 
1738760843940950 997.128418 
1738760883941679 997.177002 
1738760923939804 997.240479 
1738760963941419 997.284912 
1738761003941888 997.222168 
1738761043942148 997.076416 
1738761083939596 996.903076 
1738761123942357 996.813477 
1738761163940950 996.769775 
1738761203941888 996.742676 
1738761243939857 996.728516 
1738761283942409 996.743652 
1738761323941888 996.774658 
1738761363940117 996.833252 
1738761403941523 996.870605 
1738761443941523 996.932861 
1738761483942461 996.978271 
1738761523939492 996.922363 
1738761563942409 996.896729 
1738761603942096 996.896729 
1738761643941367 996.903809 
1738761683939648 996.940186 
1738761723939388 996.973877 
1738761763946784 997.010986 
1738761803942148 997.045654 
1738761843939596 997.091797 
1738761883941940 997.160156 
1738761923941419 997.219238 
1738761963940586 997.238037 
1738762003938971 997.181641 
1738762043942565 997.030518 
1738762083941471 996.879639 
1738762123940117 996.789063 
1738762163941940 996.766602 
1738762203941940 996.746094 
1738762243942409 996.743408 
1738762283939336 996.814453 
1738762323941367 996.868896 
1738762363940950 996.889893 
1738762403941315 996.928223 
1738762443940065 996.962402 
1738762483942200 996.940430 
1738762523941888 996.892578 
1738762563940377 996.894775 
1738762603940638 996.905029 
1738762643942200 996.906738 
1738762683940950 996.927979 
1738762723940273 996.964600 
1738762763942252 997.015625 
1738762803942148 997.080566 
1738762843941888 997.153320 
1738762883940429 997.219727 
1738762923939544 997.243408 
1738762963941159 997.199463 
1738763003942200 997.078125 
1738763043939075 996.930908 
1738763083941940 996.834473 
1738763123942200 996.797363 
1738763163940117 996.787109 
1738763203999440 996.783936 
1738763243941159 996.788330 
1738763283941679 996.822510 
1738763323940013 996.838867 
1738763363942669 996.871826 
1738763403943711 996.911377 
1738763443943346 996.966553 
1738763483940117 996.933105 
1738763523941211 996.921875 
1738763563941367 996.924805 
1738763603942617 996.933105 
1738763643941419 996.951660 
1738763683941940 996.981689 
1738763723941419 997.008301 
1738763763939336 997.061523 
1738763803940742 997.129883 
1738763843940898 997.186523 
1738763883941679 997.238037 
1738763923940013 997.256104 
1738763963942148 997.185547 
1738764003941940 997.019531 
1738764043941940 996.876221 
1738764083940117 996.796143 
1738764123941263 996.752197 
1738764163940846 996.733154 
1738764203942617 996.730957 
1738764243939857 996.748047 
1738764283942148 996.790283 
1738764323942461 996.840820 
1738764363939909 996.891846 
1738764403940065 996.939453 
1738764443939804 996.923828 
1738764483942200 996.909668 
1738764523939857 996.902100 
1738764563941940 996.921143 
1738764603941888 996.957031 
1738764643942200 996.992188 
1738764683939857 997.032959 
1738764723955690 997.105225 
1738764763943034 997.164795 
1738764803942409 997.216553 
1738764843940377 997.286377 
1738764883943971 997.309570 
1738764923941888 997.253418 
1738764963950638 997.055908 
1738765003939127 996.870605 
1738765043941211 996.786377 
1738765083942461 996.742676 
1738765123940169 996.719727 
1738765163941888 996.704102 
1738765203941367 996.709717 
1738765243942461 996.749512 
1738765283940638 996.796143 
1738765323941888 996.826660 
1738765363942357 996.875244 
1738765403943711 996.891846 
1738765443940117 996.868652 
1738765483942096 996.850586 
1738765523942461 996.844482 
1738765563942148 996.867920 
1738765603939336 996.920654 
1738765643940898 996.967041 
1738765683941471 997.081299 
1738765723939804 997.154053 
1738765763941367 997.214600 
1738765803942200 997.234375 
1738765843941679 997.191406 
1738765883940638 997.069580 
1738765923940794 996.916504 
1738765963941784 996.833252 
1738766003942409 996.784180 
1738766043939648 996.753418 
1738766083941992 996.740479 
1738766123942461 996.746826 
1738766163941888 996.760986 
1738766203939857 996.792969 
1738766243994023 996.825439 
1738766283940638 996.876953 
1738766323939857 996.919678 
1738766363943398 996.903320 
1738766403942148 996.890381 
1738766443942409 996.893799 
1738766483940169 996.908447 
1738766523941419 996.936279 
1738766563940638 996.969727 
1738766603941211 997.014404 
1738766643940117 997.062012 
1738766683942096 997.115723 
1738766723942148 997.172363 
1738766763941888 997.229492 
1738766803939909 997.245605 
1738766843941107 997.169922 
1738766883941211 997.025879 
1738766923942721 996.888184 
1738766963939075 996.809326 
1738767003944232 996.781250 
1738767043942200 996.769531 
1738767083940638 996.753174 
1738767123941575 996.769043 
1738767163944232 996.803711 
1738767203942409 996.831543 
1738767243939857 996.870850 
1738767283942096 996.914307 
1738767323942148 996.974609 
1738767363941888 996.922363 
1738767403939596 996.895508 
1738767443942982 996.904053 
1738767483941159 996.902100 
1738767523942721 996.920410 
1738767563940065 996.966064 
1738767603942148 997.018066 
1738767643942148 997.062500 
1738767683940377 997.123047 
1738767723945534 997.191406 
1738767763941419 997.231201 
1738767803942148 997.228271 
1738767843940794 997.156738 
1738767883942200 997.016846 
1738767923942461 996.878906 
1738767963942461 996.796387 
1738768003940117 996.759033 
1738768043944492 996.747314 
1738768083940898 996.743896 
1738768123941836 996.758789 
1738768163940273 996.788086 
1738768203942148 996.817383 
1738768243942409 996.848633 
1738768283940117 996.875977 
1738768323940377 996.909180 
1738768363942304 996.894287 
1738768403941940 996.880127 
1738768443939857 996.897705 
1738768483942148 996.907715 
1738768523941940 996.944092 
1738768563941836 997.004150 
1738768603940377 997.067627 
1738768643941888 997.118164 
1738768683941159 997.172119 
1738768723942357 997.229492 
1738768763940065 997.264404 
1738768803942409 997.229004 
1738768843942200 997.096191 
1738768883940377 996.924561 
1738768923940325 996.812500 
1738768963942773 996.762451 
1738769003942461 996.752197 
1738769043939492 996.740967 
1738769083941940 996.777100 
1738769123941679 996.813965 
1738769163941367 996.838623 
1738769203940325 996.871094 
1738769243939700 996.886475 
1738769283941159 996.880615 
1738769323942669 996.886719 
1738769363940117 996.888916 
1738769403942200 996.904541 
1738769443941888 996.949951 
1738769483940638 997.028076 
1738769523942096 997.091797 
1738769563941159 997.162598 
1738769603942148 997.214844 
1738769643940013 997.257324 
1738769683941940 997.234619 
1738769723942252 997.110352 
1738769763941888 996.940674 
1738769803939857 996.831787 
1738769843941211 996.790039 
1738769883942565 996.769287 
1738769923942461 996.752197 
1738769963939804 996.756348 
1738770003941575 996.791992 
1738770043941679 996.827393 
1738770083940117 996.843994 
1738770123940065 996.876709 
1738770163946263 996.887207 
1738770203942669 996.885986 
1738770243940013 996.892090 
1738770283942200 996.910156 
1738770323941888 996.923096 
1738770363942096 996.960938 
1738770403939857 997.024902 
1738770443990013 997.094238 
1738770483941159 997.153809 
1738770523941888 997.216553 
1738770563940117 997.281982 
1738770603941888 997.254883 
1738770643942148 997.114746 
1738770683939596 996.959717 
1738770723941836 996.841553 
1738770763942044 996.776367 
1738770803940429 996.750000 
1738770843940273 996.744141 
1738770883941940 996.741455 
1738770923942929 996.773438 
1738770963941419 996.813477 
1738771003939857 996.845703 
1738771043940898 996.870850 
1738771083941211 996.918457 
1738771123942461 996.907959 
1738771163939909 996.919678 
1738771203941888 996.920898 
1738771243942461 996.931641 
1738771283942200 996.958252 
1738771323940273 997.022949 
1738771363949127 997.099854 
1738771403941940 997.168945 
1738771443939596 997.223145 
1738771483942148 997.262207 
1738771523942409 997.300537 
1738771563942409 997.277344 
1738771603940690 997.113525 
1738771643942929 996.926758 
1738771683952565 996.800781 
1738771723942200 996.737305 
1738771763940169 996.711426 
1738771803942200 996.694824 
1738771843942200 996.704346 
1738771883942096 996.738037 
1738771923940377 996.792236 
1738771963941419 996.830566 
1738772003940846 996.885010 
1738772043939804 996.880127 
1738772083942669 996.875000 
1738772123942148 996.865234 
1738772163942513 996.885986 
1738772203940690 996.909912 
1738772243942877 996.944824 
1738772283941471 996.993164 
1738772323942409 997.044434 
1738772363940846 997.092773 
1738772403942461 997.137207 
1738772443942148 997.286621 
1738772483941940 997.296631 
1738772523939336 997.175293 
1738772563940950 996.983887 
1738772603941211 996.828857 
1738772643939596 996.756104 
1738772683942200 996.724365 
1738772723942096 996.714600 
1738772763942461 996.722168 
1738772803940117 996.763672 
1738772843940221 996.811768 
1738772883940846 996.842773 
1738772923941159 996.873535 
1738772963941054 996.914551 
1738773003941888 996.884277 
1738773043941888 996.866211 
1738773083942148 996.854492 
1738773123939857 996.861816 
1738773163938607 996.891846 
1738773203940846 996.948730 
1738773243942461 997.014893 
1738773283939909 997.081787 
1738773323942461 997.145264 
1738773363942148 997.254639 
1738773403940377 997.358643 
1738773443942409 997.316895 
1738773483941732 997.127686 
1738773523942461 996.927002 
1738773563940377 996.812256 
1738773603942461 996.749268 
1738773643942148 996.700684 
1738773683942200 996.689697 
1738773723939857 996.700195 
1738773763942669 996.730957 
1738773803940898 996.779297 
1738773843942357 996.817139 
1738773883940586 996.869629 
1738773923942148 996.915771 
1738773963942148 996.874268 
1738774003940377 996.861084 
1738774043941679 996.867676 
1738774083941211 996.888184 
1738774123942721 996.924072 
1738774163940273 996.972900 
1738774203942409 997.035645 
1738774243941836 997.098145 
1738774283941888 997.143799 
1738774323940169 997.194092 
1738774364025638 997.292725 
1738774403940065 997.263184 
1738774443942409 997.113037 
1738774483940794 996.943115 
1738774523941940 996.814453 
1738774563942200 996.764893 
1738774603940429 996.740479 
1738774643941732 996.723145 
1738774683938867 996.728271 
1738774723942409 996.763672 
1738774763939336 996.816406 
1738774803941836 996.849365 
1738774843941940 996.893066 
1738774883942200 996.914795 
1738774923939804 996.887939 
1738774963940898 996.882080 
1738775003940690 996.868408 
1738775043942461 996.883301 
1738775083939596 996.924316 
1738775123941888 996.984619 
1738775163941836 997.050049 
1738775203939596 997.117920 
1738775243940898 997.173584 
1738775283940690 997.250000 
1738775323942461 997.319092 
1738775363940065 997.283936 
1738775403941940 997.129639 
1738775443941679 996.970215 
1738775483942200 996.846436 
1738775523939596 996.764160 
1738775563941679 996.720703 
1738775603941211 996.708496 
1738775643942409 996.705811 
1738775683939596 996.733398 
1738775723941627 996.792969 
1738775763942200 996.822754 
1738775803940117 996.874512 
1738775843941732 996.936279 
1738775883941575 996.871094 
1738775923941940 996.855469 
1738775963939492 996.867432 
1738776003941940 996.886719 
1738776043941419 996.921387 
1738776083942200 996.970703 
1738776123939544 997.035156 
1738776163942721 997.089355 
1738776203941732 997.172119 
1738776243942148 997.280029 
1738776283940117 997.304443 
1738776323942200 997.216064 
1738776363942148 997.038086 
1738776403944284 996.875244 
1738776443942357 996.798096 
1738776483926107 996.766846 
1738776523940690 996.746826 
1738776563939752 996.733154 
1738776603942409 996.756348 
1738776643942148 996.801514 
1738776683943763 996.840332 
1738776723939075 996.867920 
1738776763941107 996.927490 
1738776803940898 996.932617 
1738776843942148 996.893311 
1738776883939857 996.863281 
1738776923941627 996.854004 
1738776963941679 996.866211 
1738777003939648 996.903564 
1738777043940950 996.950684 
1738777083941575 996.997314 
1738777123942409 997.041992 
1738777163939492 997.105225 
1738777203941888 997.197021 
1738777243942148 997.269531 
1738777283942148 997.252686 
1738777323939857 997.129639 
1738777363939023 996.964600 
1738777403940690 996.853271 
1738777443942513 996.798096 
1738777483940169 996.770508 
1738777523941836 996.754883 
1738777563941419 996.764648 
1738777603939857 996.799072 
1738777643940065 996.834961 
1738777683939075 996.856445 
1738777723940117 996.884033 
1738777763939857 996.942139 
1738777803941888 996.895752 
1738777843941627 996.876709 
1738777883942200 996.867432 
1738777923940377 996.869141 
1738777963941315 996.900146 
1738778003941940 996.930908 
1738778043942721 996.969971 
1738778083940117 997.027832 
1738778123942461 997.085938 
1738778163941627 997.155029 
1738778203942409 997.224854 
1738778243940169 997.267578 
1738778283941419 997.226074 
1738778323941940 997.075195 
1738778363940377 996.908936 
1738778403942200 996.794922 
1738778443942148 996.752686 
1738813953712012 996.899658 
1738813993705450 996.902832 
1738814033712429 996.914795 
1738814073706700 996.920166 
1738814113711127 996.920898 
1738814153708575 996.923584 
1738814193712064 996.921143 
1738814233704877 996.919189 
1738814273711960 996.927246 
1738814313708106 996.930176 
1738814353712637 996.933350 
1738814393705710 996.929199 
1738814433710814 996.927002 
1738814473705450 996.927734 
1738814513703367 996.932617 
1738814553704981 996.928711 
1738814593711127 996.935059 
1738814633708731 996.930664 
