# Created at Thu Mar 27 09:42:37 GMT+01:00 2025 in Burnaby Canada 
3268526150110 1.000000 
3269106078110 2.000000 
3269706004110 3.000000 
3270305940110 4.000000 
3270825875110 5.000000 
3271445806110 6.000000 
3271965741110 7.000000 
3272545670110 8.000000 
3273065605110 9.000000 
3273685536110 10.000000 
3274185473110 11.000000 
3274785402110 12.000000 
3275325336110 13.000000 
3275925269110 14.000000 
3276445205110 15.000000 
3277025141110 16.000000 
3277565073110 17.000000 
3278145004110 18.000000 
3278664939110 19.000000 
3279264872110 20.000000 
3279764809110 21.000000 
3280404732110 22.000000 
3280924673110 23.000000 
3281544600110 24.000000 
3282044541110 25.000000 
3282624466110 26.000000 
3283164410110 27.000000 
3283764333110 28.000000 
3284284278110 29.000000 
3284844207110 30.000000 
3285364146110 31.000000 
3285964071110 32.000000 
3286464018110 33.000000 
3287043945110 34.000000 
3287563882110 35.000000 
3288183805110 36.000000 
3288703749110 37.000000 
3289363667110 38.000000 
3289843615110 39.000000 
3290443541110 40.000000 
3290943481110 41.000000 
3291543407110 42.000000 
3292043353110 43.000000 
3292663275110 44.000000 
3293163216110 45.000000 
3293763141110 46.000000 
3294283085110 47.000000 
3294903012110 48.000000 
3295382957110 49.000000 
3295942886110 50.000000 
3296502819110 51.000000 
3297082754110 52.000000 
3297582694110 53.000000 
3298162628110 54.000000 
3298702562110 55.000000 
3299282493110 56.000000 
3299802428110 57.000000 
3300382365110 58.000000 
3300882302110 59.000000 
3301482231110 60.000000 
3301982168110 61.000000 
3302562104110 62.000000 
3303082039110 63.000000 
3303681974110 64.000000 
3304201907110 65.000000 
3304781838110 66.000000 
3305281775110 67.000000 
3305861712110 68.000000 
3306381647110 69.000000 
3306961578110 70.000000 
3307481513110 71.000000 
3308081446110 72.000000 
3308601381110 73.000000 
3309181312110 74.000000 
3309701246110 75.000000 
3310281183110 76.000000 
3310801119110 77.000000 
3311381055110 78.000000 
3311900991110 79.000000 
3312460923110 80.000000 
3313020853110 81.000000 
3313560793110 82.000000 
3314080729110 83.000000 
3314680658110 84.000000 
3315200593110 85.000000 
3315740535110 86.000000 
3316280466110 87.000000 
3316860403110 88.000000 
3317380338110 89.000000 
3317980267110 90.000000 
3318500200110 91.000000 
3319080137110 92.000000 
3319600072110 93.000000 
3320180003110 94.000000 
3320699944110 95.000000 
3321279874110 96.000000 
3321819815110 97.000000 
3322419742110 98.000000 
3322939679110 99.000000 
3323519606110 100.000000 
3324059549110 101.000000 
3324658889096 102.000000 
3325178828096 103.000000 
3325798749096 104.000000 
3326298697096 105.000000 
3326838630096 106.000000 
3327398569096 107.000000 
3327998493096 108.000000 
3328518431096 109.000000 
3329118357096 110.000000 
3329638299096 111.000000 
3330258223096 112.000000 
3330818156096 113.000000 
3331418082096 114.000000 
3331938025096 115.000000 
3332577954096 116.000000 
3333137885096 117.000000 
3333937786096 118.000000 
