# Created at Thu Mar 27 09:22:50 GMT+01:00 2025 in Burnaby Canada 
2090377877370 1.000000 
2090917814370 2.000000 
2091437753370 3.000000 
2092037682370 4.000000 
2092477627370 5.000000 
2093017558370 6.000000 
2093557499370 7.000000 
2094057436370 8.000000 
2094617371370 9.000000 
2095177301370 10.000000 
2095697244370 11.000000 
2096217179370 12.000000 
2096737123370 13.000000 
2097277055370 14.000000 
2097816992370 15.000000 
2098336927370 16.000000 
2098876869370 17.000000 
2099396804370 18.000000 
2099936744370 19.000000 
2100476678370 20.000000 
2101016613370 21.000000 
2101536548370 22.000000 
2102076488370 23.000000 
2102596424370 24.000000 
2103116362370 25.000000 
2103656294370 26.000000 
2104176239370 27.000000 
2104696175370 28.000000 
2105236115370 29.000000 
2105776047370 30.000000 
2106295985370 31.000000 
2106835919370 32.000000 
2107355861370 33.000000 
2107875796370 34.000000 
2108395735370 35.000000 
2108935667370 36.000000 
2109435614370 37.000000 
2109955549370 38.000000 
2110475494370 39.000000 
2110995427370 40.000000 
2111515366370 41.000000 
2112035301370 42.000000 
2112555246370 43.000000 
2113055183370 44.000000 
2113555124370 45.000000 
2114075057370 46.000000 
2114575001370 47.000000 
2115094940370 48.000000 
2115594877370 49.000000 
2116134818370 50.000000 
2116634755370 51.000000 
2117134696370 52.000000 
2117634633370 53.000000 
2118114583370 54.000000 
2118614520370 55.000000 
2119134459370 56.000000 
2119634396370 57.000000 
2120154340370 58.000000 
2120694273370 59.000000 
2121194220370 60.000000 
2121714153370 61.000000 
2122234092370 62.000000 
2122754027370 63.000000 
2123273972370 64.000000 
2123773909370 65.000000 
2124293846370 66.000000 
2124793783370 67.000000 
2125293724370 68.000000 
2125773670370 69.000000 
2126253610370 70.000000 
2126793545370 71.000000 
2127293482370 72.000000 
2127773433370 73.000000 
2128293367370 74.000000 
2128793313370 75.000000 
2129293250370 76.000000 
2129793191370 77.000000 
2130293128370 78.000000 
2130793076370 79.000000 
2131313011370 80.000000 
2131812956370 81.000000 
2132332893370 82.000000 
2132832830370 83.000000 
2133332771370 84.000000 
2133852706370 85.000000 
2134332654370 86.000000 
2134852590370 87.000000 
2135392524370 88.000000 
2135892462370 89.000000 
2136392409370 90.000000 
2136932341370 91.000000 
2137452285370 92.000000 
2137972220370 93.000000 
2138512155370 94.000000 
2138992096370 95.000000 
2139512039370 96.000000 
2140011976370 97.000000 
2140551913370 98.000000 
2141051850370 99.000000 
2141571795370 100.000000 
2142091728370 101.000000 
2142631665370 102.000000 
2143131602370 103.000000 
2143671544370 104.000000 
2144151483370 105.000000 
2144711422370 106.000000 
2145171365370 107.000000 
2145711298370 108.000000 
2146211239370 109.000000 
2146731172370 110.000000 
2147211123370 111.000000 
2147751055370 112.000000 
2148231003370 113.000000 
2148770937370 114.000000 
2149270877370 115.000000 
2149810809370 116.000000 
2150310755370 117.000000 
2150870684370 118.000000 
2151330631370 119.000000 
2151889949627 120.000000 
2152369898627 121.000000 
2152929829627 122.000000 
2153409772627 123.000000 
2153969701627 124.000000 
2154449651627 125.000000 
2154989584627 126.000000 
2155469533627 127.000000 
2155969470627 128.000000 
2156469407627 129.000000 
2157009342627 130.000000 
2157509279627 131.000000 
2158029225627 132.000000 
2158529162627 133.000000 
2159069104627 134.000000 
2159569042627 135.000000 
2160128975627 136.000000 
2160628912627 137.000000 
2161148856627 138.000000 
2161648793627 139.000000 
2162208726627 140.000000 
2162688666627 141.000000 
2163248604627 142.000000 
2163728543627 143.000000 
2164268480627 144.000000 
2164748419627 145.000000 
2165328357627 146.000000 
2165788300627 147.000000 
2166368237627 148.000000 
2166848176627 149.000000 
2167408109627 150.000000 
2167948040627 151.000000 
2168827940627 153.000000 
