# Created at Fri Mar 14 11:49:35 GMT+01:00 2025 in Burnaby Canada 
156819257471898 1.000000 
156819977384898 2.000000 
156821077257898 4.000000 
156821557206898 5.000000 
156822277116898 6.000000 
156822777056898 7.000000 
156823476968898 8.000000 
156823916922898 9.000000 
156824556842898 10.000000 
156825036784898 11.000000 
156825636710898 12.000000 
156826176651898 13.000000 
156826816574898 14.000000 
156827336509898 15.000000 
156827976439898 16.000000 
156828456378898 17.000000 
156829156299898 18.000000 
156829616242898 19.000000 
156830296161898 20.000000 
156830736104898 21.000000 
156831376033898 22.000000 
156831855974898 23.000000 
156832535891898 24.000000 
156832995835898 25.000000 
156833695757898 26.000000 
156834775631898 28.000000 
156835255570898 29.000000 
156835895493898 30.000000 
156836355436898 31.000000 
156837015362898 32.000000 
156837495303898 33.000000 
156838155230898 34.000000 
156838655169898 35.000000 
156839275092898 36.000000 
156839755041898 37.000000 
156840414958898 38.000000 
156840914899898 39.000000 
156841574816898 40.000000 
156842054766898 41.000000 
156842694686898 42.000000 
156843214630898 43.000000 
156843854550898 44.000000 
156844334492898 45.000000 
156844974412898 46.000000 
156845434364898 47.000000 
156846094280898 48.000000 
156846574225898 49.000000 
156847254146898 50.000000 
156847734087898 51.000000 
156848414006898 52.000000 
156848853951898 53.000000 
156849513879898 54.000000 
156850013816898 55.000000 
156850713737898 56.000000 
156851193676898 57.000000 
156851833599898 58.000000 
156852333537898 59.000000 
156852953467898 60.000000 
156853473403898 61.000000 
156854113326898 62.000000 
156854633261898 63.000000 
156855293189898 64.000000 
156855793126898 65.000000 
156856453051898 66.000000 
156856912996898 67.000000 
156857612909898 68.000000 
156858072863898 69.000000 
156858692784898 70.000000 
156859212729898 71.000000 
156859832650898 72.000000 
156860332591898 73.000000 
156861012507898 74.000000 
156861492455898 75.000000 
156862132375898 76.000000 
156862632315898 77.000000 
156863292233898 78.000000 
156863812177898 79.000000 
156864492102898 80.000000 
156864932047898 81.000000 
156865631962898 82.000000 
156866091905898 83.000000 
156866771828898 84.000000 
156867251767898 85.000000 
156867891690898 86.000000 
156868391627898 87.000000 
156869031556898 88.000000 
156869531493898 89.000000 
156870131422898 90.000000 
156870611361898 91.000000 
156871270352258 92.000000 
156871770289258 93.000000 
156872390219258 94.000000 
156872870161258 95.000000 
156873550078258 96.000000 
156874010021258 97.000000 
156874649951258 98.000000 
156875129890258 99.000000 
156875769819258 100.000000 
156876269758258 101.000000 
156876929677258 102.000000 
156877389628258 103.000000 
156878049545258 104.000000 
156878489494258 105.000000 
156879149411258 106.000000 
156879609363258 107.000000 
156880269280258 108.000000 
156880769227258 109.000000 
156881409147258 110.000000 
156881869093258 111.000000 
156882549007258 112.000000 
156883028957258 113.000000 
156883688873258 114.000000 
156884168817258 115.000000 
156884828737258 116.000000 
156885328681258 117.000000 
156886268572258 119.000000 
