# Created at Fri Mar 14 11:59:23 GMT+01:00 2025 in Burnaby Canada 
157403401897688 1.000000 
157403881838688 2.000000 
157404481770688 3.000000 
157404921716688 4.000000 
157405521644688 5.000000 
157405981586688 6.000000 
157406621516688 7.000000 
157407061461688 8.000000 
157407641397688 9.000000 
157408081342688 10.000000 
157408661273688 11.000000 
157409101218688 12.000000 
157409721149688 13.000000 
157410181090688 14.000000 
157410801017688 15.000000 
157411240962688 16.000000 
157411840895688 17.000000 
157412320836688 18.000000 
157412900765688 19.000000 
157413380706688 20.000000 
157413980640688 21.000000 
157414480577688 22.000000 
157415080512688 23.000000 
157415520457688 24.000000 
157416120384688 25.000000 
157416560329688 26.000000 
157417120269688 27.000000 
157417600210688 28.000000 
157418160149688 29.000000 
157418640088688 30.000000 
157419220019688 31.000000 
157419679962688 32.000000 
157420279895688 33.000000 
157420739838688 34.000000 
157421299771688 35.000000 
157421759712688 36.000000 
157422319644688 37.000000 
157422739601688 38.000000 
157423359522688 39.000000 
157423779478688 40.000000 
157424359406688 41.000000 
157424779356688 42.000000 
157425399280688 43.000000 
157425819236688 44.000000 
157426419160688 45.000000 
157426859108688 46.000000 
157427439035688 47.000000 
157427858993688 48.000000 
157428438920688 49.000000 
157428858877688 50.000000 
157429438804688 51.000000 
157429858751688 52.000000 
157430458680688 53.000000 
157430898625688 54.000000 
157431478560688 55.000000 
157431918505688 56.000000 
157432498436688 57.000000 
157432958379688 58.000000 
157433578310688 59.000000 
157433978259688 60.000000 
157434538193688 61.000000 
157435018133688 62.000000 
157435618068688 63.000000 
157436038015688 64.000000 
157436637948688 65.000000 
157437077893688 66.000000 
157437657824688 67.000000 
157438077771688 68.000000 
157438697702688 69.000000 
157439157645688 70.000000 
157439717578688 71.000000 
157440177521688 72.000000 
157440757459688 73.000000 
157441217400688 74.000000 
157441777339688 75.000000 
157442217284688 76.000000 
157442837209688 77.000000 
157443277154688 78.000000 
157443857088688 79.000000 
157444317035688 80.000000 
157444916962688 81.000000 
157445356912688 82.000000 
157445956838688 83.000000 
157446376788688 84.000000 
157447016708688 85.000000 
157447436664688 86.000000 
157448036590688 87.000000 
157448476538688 88.000000 
157449056464688 89.000000 
157449516416688 90.000000 
157450116342688 91.000000 
157450576286688 92.000000 
157451176212688 93.000000 
157451616167688 94.000000 
157452196095688 95.000000 
157452656045688 96.000000 
157453255970688 97.000000 
157453715915688 98.000000 
157454315840688 99.000000 
157454735798688 100.000000 
157455335723688 101.000000 
157455795674688 102.000000 
157456415595688 103.000000 
157456875542688 104.000000 
157457455469688 105.000000 
157457895424688 106.000000 
157458495347688 107.000000 
157458955294688 108.000000 
157459555219688 109.000000 
157459995170688 110.000000 
157460595097688 111.000000 
157461035043688 112.000000 
157461594975688 113.000000 
157462074915688 114.000000 
157462654852688 115.000000 
157463114795688 116.000000 
157463714728688 117.000000 
157464174671688 118.000000 
157464774598688 119.000000 
157465234541688 120.000000 
157465834476688 121.000000 
157466254423688 122.000000 
157466854350688 123.000000 
157467334291688 124.000000 
157467934225688 125.000000 
157468354172688 126.000000 
157468954106688 127.000000 
157469394051688 128.000000 
157470013976688 129.000000 
157470473920688 130.000000 
157471053856688 131.000000 
157471493799688 132.000000 
157472093728688 133.000000 
157472673656688 134.000000 
157473813523688 135.000000 
