# Created at Fri Mar 14 11:22:19 GMT+01:00 2025 in Burnaby Canada 
155170868629603 986.319336 
155170968617836 986.321777 
155171068605702 986.321777 
155171168593568 986.321289 
155171268581668 986.328613 
155171368569868 986.335938 
155171468558034 986.339844 
155171568546200 986.341797 
155171668534366 986.337646 
155171768522566 986.326416 
155171868510732 986.323975 
155171968498898 986.332031 
155172068487031 986.339355 
155172168474897 986.338623 
155172268462763 986.347900 
155172368450763 986.351807 
155172468438763 986.361328 
155172568426729 986.364990 
155172668414695 986.364014 
155172768402695 986.359863 
155172868390695 986.363770 
155172968378661 986.365967 
155173068366627 986.364014 
155173168354593 986.360596 
155173268342459 986.361084 
155173368330459 986.362549 
155173468318692 986.355713 
155173568306892 986.345215 
155173668295092 986.354736 
155173768283292 986.352295 
155173868271525 986.357666 
155173968259725 986.360840 
155174068247925 986.356689 
155174168236125 986.356934 
155174268224125 986.355957 
155174368212025 986.362549 
155174468200058 986.364990 
155174568188291 986.367432 
155174668176524 986.360352 
155174768164724 986.359863 
155174868152924 986.362549 
155174968141157 986.359619 
155175068129390 986.354736 
155175168117590 986.356934 
155175268105790 986.355957 
155175368093890 986.351563 
155175468081990 986.360596 
155175568070223 986.360107 
155175668058456 986.367676 
155175768046656 986.372314 
155175868034856 986.368408 
155175968023089 986.359863 
155176068011389 986.354736 
155176167999589 986.353271 
155176267987789 986.341553 
155176367975889 986.348389 
155176467963755 986.346924 
155176567951688 986.341553 
155176667939888 986.340820 
155176767928088 986.339600 
155176867916254 986.333496 
155176967904420 986.332520 
155177067892653 986.336914 
155177167880853 986.343018 
155177267869019 986.344238 
155177367857185 986.347900 
155177467845218 986.344971 
155177567833151 986.350586 
155177667821017 986.354980 
155177767809017 986.352783 
155177867797017 986.360352 
155177967784983 986.353027 
155178067773016 986.355469 
155178167761016 986.357422 
155178267749016 986.354004 
155178367736982 986.350342 
155178467724948 986.344727 
155178567712881 986.347656 
155178667700747 986.352783 
155178767688813 986.358887 
155178867677013 986.371338 
155178967665179 986.373047 
155179067653345 986.381592 
155179167641511 986.383545 
155179267629711 986.383057 
155179367617877 986.385986 
155179467606043 986.392578 
155179567594209 986.389160 
155179667582075 986.389160 
155179767569941 986.381104 
155179867557941 986.381104 
155179967545941 986.381592 
155180067533941 986.378174 
155180167521907 986.370117 
155180267509907 986.374756 
155180367497907 986.372559 
155180467485907 986.374512 
155180567473873 986.375000 
155180667461873 986.369629 
155180767449739 986.378174 
155180867437639 986.369385 
155180967425872 986.372803 
155181067414105 986.357666 
155181167402305 986.352295 
155181267390505 986.353271 
155181367378738 986.364502 
155181467366971 986.374023 
155181567355171 986.354980 
155181667343371 986.360840 
155181767331404 986.354492 
155181867319304 986.343750 
155181967307237 986.331055 
155182067295470 986.343506 
155182167283703 986.358154 
155182267271903 986.363281 
155182367260103 986.363770 
155182467248336 986.368652 
155182567236569 986.364746 
155182667224769 986.367188 
155182767212969 986.367188 
155182867201069 986.362305 
155182967189169 986.357422 
155183067177302 986.343994 
155183167165535 986.343262 
155183267153735 986.353760 
155183367141935 986.353516 
155183467130135 986.355713 
155183567118368 986.352295 
155183667106568 986.354492 
155183767094768 986.345947 
155183867082934 986.353027 
155183967070800 986.354004 
155184067058666 986.349854 
155184167046799 986.350098 
155184267035032 986.351563 
155184367023232 986.351074 
155184467011432 986.352295 
155184566999665 986.358154 
155184666987898 986.349121 
155184766976098 986.356445 
155184866964298 986.357666 
155184966952498 986.358398 
155185066940398 986.347412 
155185166928298 986.346680 
155185266916464 986.344727 
155185366904697 986.350342 
155185466892897 986.350586 
155185566881097 986.353027 
155185666869330 986.351807 
155185766857563 986.353271 
155185866845763 986.349609 
155185966833963 986.353027 
155186066822129 986.349854 
155186166810229 986.350098 
155186266798329 986.350830 
155186366786562 986.348877 
155186466774795 986.347656 
155186566762995 986.342529 
155186666751195 986.352539 
155186766739428 986.353760 
155186866727661 986.350586 
155186966715861 986.339600 
155187066704061 986.339355 
155187166692027 986.339111 
155187266679893 986.339844 
155187366667959 986.341553 
155187466656159 986.344238 
155187566644325 986.339844 
155187666632491 986.341553 
155187766620657 986.348877 
155187866608857 986.352539 
155187966597023 986.351807 
155188066585189 986.354248 
155188166573355 986.350098 
155188266561288 986.344482 
155188366549154 986.345459 
155188466537154 986.342529 
155188566525154 986.331055 
155188666513120 986.322510 
155188766501086 986.332031 
155188866489086 986.340576 
155188966477086 986.337891 
155189066465086 986.341553 
155189166453052 986.335693 
155189266441052 986.333252 
155189366428918 986.332275 
155189466416784 986.331543 
155189566404950 986.332275 
155189666393183 986.336426 
155189766381383 986.337158 
155189866369583 986.339600 
155189966357816 986.344238 
155190066346049 986.344482 
155190166334249 986.342773 
155190266322449 986.342285 
155190366310482 986.328857 
155190466298382 986.327148 
155190566286282 986.336914 
155190666274515 986.338379 
155190766262748 986.341064 
155190866250948 986.344727 
155190966239148 986.340332 
155191066227381 986.344238 
155191166215614 986.340088 
155191266203814 986.333252 
155191366192014 986.308838 
155191466180114 986.308350 
155191566168214 986.311035 
155191666156347 986.314209 
155191766144580 986.331055 
155191866132780 986.333740 
155191966120980 986.335693 
155192066109180 986.324951 
155192166097413 986.324463 
155192266085613 986.327637 
155192366073813 986.323486 
155192466062013 986.326660 
155192566049946 986.322510 
155192666037812 986.324951 
155192766025912 986.327881 
155192866014112 986.333252 
155192966002278 986.333496 
155193065990444 986.342041 
155193165978610 986.330078 
155193265966810 986.336426 
155193365954976 986.333252 
155193465943142 986.332031 
155193565931308 986.337646 
155193665919174 986.340332 
155193765907040 986.342041 
155193865895040 986.338379 
155193965883040 986.333496 
155194065871006 986.339844 
155194165858972 986.346436 
155194265846972 986.345459 
155194365834972 986.344971 
155194465822938 986.340332 
155194565810904 986.346191 
155194665798870 986.351807 
155194765786736 986.351318 
155194865774736 986.347900 
155194965762969 986.357178 
155195065751202 986.354736 
155195165739402 986.356934 
155195265727602 986.351074 
155195365715835 986.359375 
155195465704068 986.355713 
155195565692268 986.360840 
155195665680468 986.367432 
155195765668468 986.357910 
155195865656368 986.350586 
155195965644401 986.348633 
155196065632634 986.357910 
155196165620867 986.356689 
155196265609067 986.361572 
155196365597267 986.361084 
155196465585500 986.357910 
155196565573733 986.352539 
155196665561933 986.354736 
155196765550133 986.356934 
155196865538233 986.354248 
155196965526333 986.350098 
155197065514499 986.348877 
155197165502732 986.346191 
155197265490932 986.344238 
155197365479132 986.351074 
155197465467365 986.351074 
155197565455598 986.354492 
155197665443798 986.347656 
155197765431998 986.338867 
155197865420098 986.337646 
155197965407964 986.338867 
155198065395830 986.345703 
155198165384030 986.344971 
155198265372230 986.348389 
155198365360396 986.353027 
155198465348562 986.353271 
155198565336728 986.356934 
155198665324928 986.354736 
155198765313094 986.351807 
155198865301260 986.356934 
155198965289293 986.350342 
155199065277159 986.344971 
155199165265025 986.338379 
155199265253025 986.345459 
155199365241025 986.354980 
155199465228991 986.358154 
155199565216957 986.358643 
155199665204957 986.362061 
155199765192957 986.362549 
155199865180923 986.355957 
155199965168889 986.358154 
155200065156822 986.352783 
155200165144688 986.344971 
155200265132754 986.341064 
155200365120987 986.338623 
155200465109187 986.351563 
155200565097387 986.345215 
155200665085620 986.349365 
155200765073853 986.357910 
155200865062053 986.361572 
155200965050253 986.360107 
155201065038453 986.362061 
155201165026353 986.357422 
155201265014253 986.357422 
155201365002386 986.363525 
155201464990619 986.364014 
155201564978852 986.367188 
155201664967052 986.356934 
155201764955252 986.353516 
155201864943485 986.356201 
155201964931718 986.366455 
155202064919918 986.360107 
155202164908118 986.364502 
155202264896218 986.363770 
155202364884384 986.353760 
155202464872617 986.354980 
155202564860850 986.357422 
155202664849050 986.353760 
155202764837250 986.355713 
155202864825550 986.354980 
155202964813783 986.356445 
155203064801983 986.352295 
155203164790183 986.353760 
155203264778216 986.346191 
155203364766149 986.339600 
155203464754049 986.340576 
155203564742249 986.338867 
155203664730415 986.342529 
155203764718581 986.347656 
155203864706814 986.347412 
155203964695014 986.344727 
155204064683247 986.353760 
155204164671413 986.352783 
155204264659579 986.350098 
155204364647612 986.356934 
155204464635478 986.360352 
155204564623378 986.369385 
155204664611378 986.369873 
155204764599378 986.370850 
155204864587411 986.364990 
155204964575377 986.357666 
155205064563377 986.355713 
155205164551377 986.355225 
155205264539343 986.351318 
155205364527309 986.347656 
155205464515175 986.354004 
155205564503041 986.354492 
155205664491174 986.355225 
155205764479407 986.360840 
155205864467607 986.367432 
155205964455807 986.369141 
155206064444040 986.364014 
155206164432273 986.366211 
155206264420473 986.368896 
155206364408673 986.365723 
155206464396873 986.360107 
155206564384773 986.352295 
155206664372673 986.341064 
155206764360839 986.346436 
155206864349072 986.345947 
155206964337272 986.349854 
155207064325438 986.357910 
155207164313671 986.365723 
155207264301904 986.375244 
155207364290104 986.372803 
155207464278304 986.375000 
155207564266470 986.368408 
155207664254570 986.362305 
155207764242670 986.356201 
155207864230903 986.355225 
155207964219136 986.355957 
155208064207336 986.351318 
155208164195536 986.348633 
155208264183769 986.354004 
155208364172002 986.360840 
155208464160202 986.357422 
155208564148402 986.365479 
155208664136368 986.356689 
155208764124234 986.356201 
155208864112234 986.352783 
155208964100434 986.360352 
155209064088600 986.360840 
155209164076766 986.363281 
155209264064932 986.360840 
155209364053132 986.361084 
155209464041298 986.351563 
155209564029464 986.345215 
155209664017630 986.346680 
155209764005563 986.351563 
155209863993429 986.346436 
155209963981429 986.352783 
155210063969429 986.353027 
155210163957395 986.356689 
155210263945361 986.353760 
155210363933361 986.349609 
155210463921361 986.347168 
155210563909361 986.344238 
155210663897327 986.336670 
155210763885327 986.334473 
155210863873193 986.341309 
155210963861059 986.342041 
155211063849225 986.351074 
155211163837458 986.353271 
155211263825658 986.361816 
155211363813858 986.361572 
155211463802091 986.360352 
155211563790324 986.361328 
155211663778524 986.363525 
155211763766724 986.350342 
155211863754824 986.350586 
155211963742724 986.353027 
155212063730624 986.343018 
155212163718857 986.356201 
155212263707090 986.359375 
155212363695290 986.361816 
155212463683490 986.360107 
155212563671723 986.354736 
155212663659956 986.355713 
155212763648156 986.353027 
155212863636356 986.349121 
155212963624456 986.343506 
155213063612556 986.333496 
155213163600689 986.337158 
155213263588922 986.345947 
155213363577122 986.342529 
155213463565322 986.339355 
155213563553522 986.341064 
155213663541755 986.342041 
155213763529955 986.338135 
155213863518155 986.343750 
155213963506355 986.336670 
155214063494288 986.340332 
155214163482154 986.341309 
155214263470254 986.346924 
155214363458454 986.358643 
155214463446620 986.354736 
155214563434786 986.353027 
155214663422952 986.356934 
155214763411152 986.355713 
155214863399318 986.350098 
155214963387484 986.344727 
155215063375650 986.343506 
155215163363516 986.343750 
155215263351382 986.355469 
155215363339382 986.363037 
155215463327382 986.362549 
155215563315348 986.358643 
155215663303314 986.351807 
155215763291314 986.345703 
155215863279314 986.342773 
155215963267280 986.347412 
155216063255246 986.343994 
155216163243212 986.337402 
155216263231078 986.332275 
155216363218978 986.337402 
155216463207211 986.350830 
155216563195444 986.357666 
155216663183644 986.354980 
155216763171844 986.343262 
155216863160077 986.346436 
155216963148310 986.346680 
155217063136510 986.347412 
155217163124710 986.344727 
155217263112710 986.344727 
155217363100610 986.344727 
155217463088643 986.344482 
155217563076876 986.352051 
155217663065109 986.345947 
155217763053309 986.340820 
155217863041509 986.339844 
155217963029742 986.352051 
155218063017975 986.348633 
155218163006175 986.348389 
155218262994375 986.343994 
155218362982475 986.337891 
155218462970575 986.343994 
155218562958741 986.346436 
155218662946974 986.355713 
155218762935174 986.360596 
155218862923374 986.367920 
155218962911607 986.355713 
155219062899840 986.348145 
155219162888040 986.342285 
155219262876240 986.337402 
155219362864440 986.339844 
155219462852306 986.353027 
155219562840172 986.365479 
155219662828372 986.367432 
155219762816572 986.359131 
155219862804738 986.352783 
155219962792904 986.363037 
155220062781070 986.358643 
155220162769270 986.349365 
155220262757436 986.347656 
155220362745602 986.340088 
155220462733635 986.356201 
155220562721501 986.367676 
155220662709367 986.369385 
155220762697367 986.365723 
155220862685367 986.359619 
155220962673333 986.362793 
155221062661299 986.361816 
155221162649299 986.348389 
155221262637299 986.344482 
155221362625265 986.341064 
155221462613231 986.345459 
155221562601164 986.351318 
155221662589030 986.356934 
155221762577096 986.369629 
155221862565329 986.364990 
155221962553529 986.366455 
155222062541729 986.360107 
155222162529962 986.350586 
155222262518195 986.347412 
155222362506395 986.348877 
155222461812889 986.342285 
155222561801089 986.347900 
155222661788989 986.354004 
155222761776889 986.362549 
155222861764989 986.367432 
155222961753222 986.363037 
155223061741455 986.351807 
155223161729655 986.354980 
155223261717855 986.353271 
155223361706088 986.353027 
155223461694321 986.347168 
155223561682521 986.343018 
155223661670721 986.343994 
155223761658821 986.352295 
155223861646921 986.356934 
155223961635154 986.356689 
155224061623387 986.355225 
155224161611587 986.347412 
155224261599787 986.355225 
155224361588020 986.350098 
155224461576253 986.355713 
155224561564453 986.354980 
155224661552653 986.354736 
155224761540686 986.351807 
155224861528552 986.345215 
155224961516452 986.356689 
155225061504652 986.371582 
155225161492818 986.375488 
155225261480984 986.372314 
155225361469150 986.366455 
155225461457350 986.369629 
155225561445550 986.361328 
155225661433716 986.357178 
155225761421882 986.352051 
155225861409882 986.356689 
155225961397748 986.361572 
155226061385648 986.370605 
155226161373648 986.367676 
155226261361648 986.374023 
155226361349614 986.372559 
155226461337580 986.372314 
155226561325580 986.364502 
155226661313580 986.352783 
155226761301546 986.352783 
155226861289512 986.349609 
155226961277378 986.353760 
155227061265244 986.364502 
155227161253377 986.372559 
155227261241577 986.370850 
155227361229743 986.373535 
155227461217909 986.374512 
155227561206075 986.371338 
155227661194275 986.368408 
155227761182441 986.357910 
155227861170607 986.352295 
155227961158740 986.356445 
155228061146606 986.358154 
155228161134472 986.365234 
155228261122472 986.367432 
155228361110472 986.362793 
155228461098438 986.369385 
155228561086404 986.369873 
155228661074470 986.357910 
155228761062470 986.351074 
155228861050436 986.343018 
155228961038402 986.335693 
155229061026368 986.351563 
155229161014301 986.360107 
155229261002301 986.369873 
155229360990534 986.376465 
155229460978767 986.372559 
155229560966967 986.373291 
155229660955233 986.377197 
155229760943466 986.376709 
155229860931699 986.374756 
155229960919899 986.359619 
155230060908099 986.364746 
155230160896132 986.369629 
155230260884032 986.383301 
155230360872065 986.383301 
155230460860298 986.369385 
155230560848531 986.369141 
155230660836797 986.367676 
155230760824997 986.357910 
155230860813230 986.358154 
155230960801463 986.357422 
155231060789663 986.347900 
155231160777929 986.359863 
155231260766029 986.381836 
155231360754129 986.391357 
155231460742362 986.394287 
155231560730595 986.383301 
155231660718795 986.382080 
155231760706995 986.375488 
155231860695228 986.354736 
155231960683461 986.347656 
155232060671661 986.353027 
155232160659861 986.361572 
155232260647961 986.369629 
155232360635827 986.370850 
155232460623693 986.371826 
155232560611859 986.374268 
155232660600092 986.380615 
155232760588292 986.380615 
155232860576492 986.367920 
155232960564725 986.371094 
155233060552958 986.370361 
155233160541158 986.363770 
155233260529358 986.368896 
155233360517458 986.373047 
155233460505358 986.386719 
155233560493258 986.393311 
155233660481491 986.393311 
155233760469724 986.392822 
155233860457924 986.377441 
155233960446124 986.369385 
155234060434357 986.364746 
155234160422590 986.362061 
155234260410790 986.363037 
155234360398990 986.369873 
155234460387090 986.381348 
155234560375190 986.389160 
155234660363290 986.396240 
155234760351523 986.392578 
155234860339723 986.393555 
155234960327923 986.391602 
155235060316123 986.377197 
155235160304356 986.374023 
155235260292556 986.369873 
155235360280756 986.365234 
155235460268989 986.369629 
155235560256922 986.377686 
155235660244788 986.385742 
155235760232888 986.391602 
155235860221088 986.392822 
155235960209254 986.391846 
155236060197420 986.391357 
155236160185586 986.392578 
155236260173786 986.388672 
155236360161952 986.382568 
155236460150118 986.374268 
155236560138284 986.374512 
155236660126150 986.375488 
155236760114016 986.382568 
155236860102016 986.404541 
155236960090016 986.409668 
155237060077982 986.406982 
155237160065948 986.398682 
155237260053948 986.398926 
155237360041948 986.406982 
155237460029914 986.402832 
155237560017880 986.404541 
155237660005880 986.402588 
155237759993746 986.406494 
155237859981646 986.396240 
155237959969879 986.395264 
155238059958112 986.385254 
155238159946312 986.375732 
155238259934512 986.377441 
155238359922745 986.374023 
155238459910945 986.369629 
155238559899145 986.368896 
155238659887345 986.360107 
155238759875345 986.360107 
155238859863245 986.363037 
155238959851278 986.372559 
155239059839511 986.377930 
155239159827744 986.374512 
155239259815944 986.377441 
155239359804144 986.380859 
155239459792377 986.385254 
155239559780610 986.388184 
155239659768810 986.383545 
155239759757010 986.393799 
155239859745110 986.396240 
155239959733210 986.395996 
155240059721376 986.391357 
155240159709609 986.395752 
155240259697809 986.391113 
155240359686009 986.395752 
155240459674242 986.395264 
155240559662475 986.397705 
155240659650675 986.396729 
155240759638875 986.395020 
