# Created at Fri Jan 31 08:35:36 GMT+01:00 2025 in Burnaby Canada 
71306344497208 0.000000 0.000000 0.000000 
71306363254812 0.000000 0.000000 0.000000 
71306382012416 0.000000 0.000000 0.000000 
71306400770021 0.000000 0.000000 0.000000 
71306419527625 0.000000 0.000000 0.000000 
71306438285229 0.000000 0.000000 0.000000 
71306457042729 0.000000 0.000000 0.000000 
71306475800333 0.000000 0.000000 0.000000 
71306494557937 0.000000 0.000000 0.000000 
71306513315541 0.000000 0.000000 0.000000 
71306532073146 0.000000 0.000000 0.000000 
71306550830750 0.000000 0.000000 0.000000 
71306569588354 0.000000 0.000000 0.000000 
71306588345958 0.000000 0.000000 0.000000 
71306607103562 0.000000 0.000000 0.000000 
71306625861166 0.000000 0.000000 0.000000 
71306644618666 0.000000 0.000000 0.000000 
71306663376271 0.000000 0.000000 0.000000 
71306682133875 0.000000 0.000000 0.000000 
71306700891479 0.000000 0.000000 0.000000 
71306719649083 0.000000 0.000000 0.000000 
71306738406687 0.000000 0.000000 0.000000 
71306757164291 0.000000 0.000000 0.000000 
71306775921896 0.000000 0.000000 0.000000 
71306794679500 0.000000 0.000000 0.000000 
71306813437000 0.000000 0.000000 0.000000 
71306832194604 0.000000 0.000000 0.000000 
71306850952208 0.000000 0.000000 0.000000 
71306869709812 0.000000 0.000000 0.000000 
71306888467416 0.000000 0.000000 0.000000 
71306907225021 0.000000 0.000000 0.000000 
71306925982625 0.000000 0.000000 0.000000 
71306944740229 0.000000 0.000000 0.000000 
71306963497833 0.000000 0.000000 0.000000 
71306982255437 0.000000 0.000000 0.000000 
71307001012937 0.000000 0.000000 0.000000 
71307019770541 0.000000 0.000000 0.000000 
71307038528146 0.000000 0.000000 0.000000 
71307057285750 0.000000 0.000000 0.000000 
71307076043354 0.000000 0.000000 0.000000 
71307094800958 0.000000 0.000000 0.000000 
71307113558562 0.000000 0.000000 0.000000 
71307132316166 0.000000 0.000000 0.000000 
71307151073771 0.000000 0.000000 0.000000 
71307169831271 0.000000 0.000000 0.000000 
71307188588875 0.000000 0.000000 0.000000 
71307207346479 0.000000 0.000000 0.000000 
71307226104083 0.000000 0.000000 0.000000 
71307244861687 0.000000 0.000000 0.000000 
71307263619291 0.000000 0.000000 0.000000 
71307282376896 0.000000 0.000000 0.000000 
71307301134500 0.000000 0.000000 0.000000 
71307319892104 0.000000 0.000000 0.000000 
71307338649708 0.000000 0.000000 0.000000 
71307357407312 0.000000 0.000000 0.000000 
71307376164812 0.000000 0.000000 0.000000 
71307394922416 0.000000 0.000000 0.000000 
71307413680021 0.000000 0.000000 0.000000 
71307432437625 0.000000 0.000000 0.000000 
71307451195229 0.000000 0.000000 0.000000 
71307469952833 0.000000 0.000000 0.000000 
71307488710437 0.000000 0.000000 0.000000 
71307507468041 0.000000 0.000000 0.000000 
71307526225646 0.000000 0.000000 0.000000 
71307544983250 0.000000 0.000000 0.000000 
71307563740854 0.000000 0.000000 0.000000 
71307582498458 0.000000 0.000000 0.000000 
71307601256062 0.000000 0.000000 0.000000 
71307620013666 0.000000 0.000000 0.000000 
71307638771166 0.000000 0.000000 0.000000 
71307657528771 0.000000 0.000000 0.000000 
71307676286375 0.000000 0.000000 0.000000 
71307695043979 0.000000 0.000000 0.000000 
71307713801583 0.000000 0.000000 0.000000 
71307732559187 0.000000 0.000000 0.000000 
71307751316791 0.000000 0.000000 0.000000 
71307770074396 0.000000 0.000000 0.000000 
71307788832000 0.000000 0.000000 0.000000 
71307807589604 0.000000 0.000000 0.000000 
71307826347208 0.000000 0.000000 0.000000 
71307845104812 0.000000 0.000000 0.000000 
71307863862416 0.000000 0.000000 0.000000 
71307882620021 0.000000 0.000000 0.000000 
71307901377625 0.000000 0.000000 0.000000 
71307920135125 0.000000 0.000000 0.000000 
71307938892833 0.000000 0.000000 0.000000 
71307957650333 0.000000 0.000000 0.000000 
71307976408041 0.000000 0.000000 0.000000 
71307995165646 0.000000 0.000000 0.000000 
71308013923146 0.000000 0.000000 0.000000 
71308031686687 0.000000 0.000000 0.000000 
71308050444291 0.000000 0.000000 0.000000 
71308069201896 0.000000 0.000000 0.000000 
71308087959552 0.000000 0.000000 0.000000 
71308106717156 0.000000 0.000000 0.000000 
71308125474760 0.000000 0.000000 0.000000 
71308144232364 0.000000 0.000000 0.000000 
71308162989968 0.000000 0.000000 0.000000 
71308181747573 0.000000 0.000000 0.000000 
71308200505177 0.000000 0.000000 0.000000 
71308219262781 0.000000 0.000000 0.000000 
71308238020385 0.000000 0.000000 0.000000 
71308256777989 0.000000 0.000000 0.000000 
71308275535541 0.000000 0.000000 0.000000 
71308294292833 0.000000 0.000000 0.000000 
71308313050854 0.000000 0.000000 0.000000 
71308331808458 0.000000 0.000000 0.000000 
71308350566062 0.000000 0.000000 0.000000 
71308369323666 0.000000 0.000000 0.000000 
71308388081218 0.000000 0.000000 0.000000 
71308406838875 0.000000 0.000000 0.000000 
71308425596479 0.000000 0.000000 0.000000 
71308444354135 0.000000 0.000000 0.000000 
71308463111739 0.000000 0.000000 0.000000 
71308481869343 0.000000 0.000000 0.000000 
71308500626948 0.000000 0.000000 0.000000 
71308519384552 0.000000 0.000000 0.000000 
71308538142208 0.000000 0.000000 0.000000 
71308556899812 0.000000 0.000000 0.000000 
71308575657416 0.000000 0.000000 0.000000 
71308594415021 0.000000 0.000000 0.000000 
71308613172677 0.000000 0.000000 0.000000 
71308631930281 0.000000 0.000000 0.000000 
71308650687885 0.000000 0.000000 0.000000 
71308669445489 0.000000 0.000000 0.000000 
71308688203146 0.000000 0.000000 0.000000 
71308706960750 0.000000 0.000000 0.000000 
71308725718354 0.000000 0.000000 0.000000 
71308744476010 0.000000 0.000000 0.000000 
71308763233614 0.000000 0.000000 0.000000 
71308781991218 0.000000 0.000000 0.000000 
71308800748875 0.000000 0.000000 0.000000 
71308819506479 0.000000 0.000000 0.000000 
71308838264083 0.000000 0.000000 0.000000 
71308857021739 0.000000 0.000000 0.000000 
71308875779343 0.000000 0.000000 0.000000 
71308894537000 0.000000 0.000000 0.000000 
71308913294604 0.000000 0.000000 0.000000 
71308932052208 0.000000 0.000000 0.000000 
71308950809864 0.000000 0.000000 0.000000 
71308969567468 0.000000 0.000000 0.000000 
71308988325125 0.000000 0.000000 0.000000 
71309007082729 0.000000 0.000000 0.000000 
71309025840385 0.000000 0.000000 0.000000 
71309044597989 0.000000 0.000000 0.000000 
71309063355646 0.000000 0.000000 0.000000 
71309082113250 0.000000 0.000000 0.000000 
71309100870906 0.000000 0.000000 0.000000 
71309119628510 0.000000 0.000000 0.000000 
71309138386166 0.000000 0.000000 0.000000 
71309157143771 0.000000 0.000000 0.000000 
71309175901427 0.000000 0.000000 0.000000 
71309194659083 0.000000 0.000000 0.000000 
71309213416687 0.000000 0.000000 0.000000 
71309232174343 0.000000 0.000000 0.000000 
71309250931948 0.000000 0.000000 0.000000 
71309269689604 0.000000 0.000000 0.000000 
71309288447208 0.000000 0.000000 0.000000 
71309307204864 0.000000 0.000000 0.000000 
71309325962521 0.000000 0.000000 0.000000 
71309344720125 0.000000 0.000000 0.000000 
71309363477781 0.000000 0.000000 0.000000 
71309382235437 0.000000 0.000000 0.000000 
71309400993041 0.000000 0.000000 0.000000 
71309419750698 0.000000 0.000000 0.000000 
71309438508354 0.000000 0.000000 0.000000 
71309457265958 0.000000 0.000000 0.000000 
71309476023614 0.000000 0.000000 0.000000 
71309494781271 0.000000 0.000000 0.000000 
71309513538927 0.000000 0.000000 0.000000 
71309532296531 0.000000 0.000000 0.000000 
71309551054187 0.000000 0.000000 0.000000 
71309569811843 0.000000 0.000000 0.000000 
71309588569500 0.000000 0.000000 0.000000 
71309607327104 0.000000 0.000000 0.000000 
71309626084760 0.000000 0.000000 0.000000 
71309644842364 0.000000 0.000000 0.000000 
71309663600073 0.000000 0.000000 0.000000 
71309682357729 0.000000 0.000000 0.000000 
71309701115385 0.000000 0.000000 0.000000 
71309719872989 0.000000 0.000000 0.000000 
71309738630646 0.000000 0.000000 0.000000 
71309757388302 0.000000 0.000000 0.000000 
71309776145906 0.000000 0.000000 0.000000 
71309794903614 0.000000 0.000000 0.000000 
71309813661271 0.000000 0.000000 0.000000 
71309832418927 0.000000 0.000000 0.000000 
71309851176583 0.000000 0.000000 0.000000 
71309869934239 0.000000 0.000000 0.000000 
71309888691896 0.000000 0.000000 0.000000 
71309907449552 0.000000 0.000000 0.000000 
71309926207208 0.000000 0.000000 0.000000 
71309944964812 0.000000 0.000000 0.000000 
71309963722468 0.000000 0.000000 0.000000 
71309982480125 0.000000 0.000000 0.000000 
71310001237781 0.000000 0.000000 0.000000 
71310019995437 0.000000 0.000000 0.000000 
71310038753146 0.000000 0.000000 0.000000 
71310057510802 0.000000 0.000000 0.000000 
71310076268458 0.000000 0.000000 0.000000 
71310095026114 0.000000 0.000000 0.000000 
71310113783771 0.000000 0.000000 0.000000 
71310132541427 0.000000 0.000000 0.000000 
71310151299083 0.000000 0.000000 0.000000 
71310170056739 0.000000 0.000000 0.000000 
71310188814396 0.000000 0.000000 0.000000 
71310207572052 0.000000 0.000000 0.000000 
71310226329708 0.000000 0.000000 0.000000 
71310245087364 0.000000 0.000000 0.000000 
71310263845021 0.000000 0.000000 0.000000 
71310282602729 0.000000 0.000000 0.000000 
71310301360385 0.000000 0.000000 0.000000 
71310320118041 0.000000 0.000000 0.000000 
71310338875698 0.000000 0.000000 0.000000 
71310357633354 0.000000 0.000000 0.000000 
71310376391010 0.000000 0.000000 0.000000 
71310395148718 0.000000 0.000000 0.000000 
71310413906375 0.000000 0.000000 0.000000 
71310432664031 0.000000 0.000000 0.000000 
71310451421687 0.000000 0.000000 0.000000 
71310470179396 0.000000 0.000000 0.000000 
71310488937052 0.000000 0.000000 0.000000 
71310507694708 0.000000 0.000000 0.000000 
71310526452364 0.000000 0.000000 0.000000 
71310545210021 0.000000 0.000000 0.000000 
71310563967729 0.000000 0.000000 0.000000 
71310582725385 0.000000 0.000000 0.000000 
71310601483041 0.000000 0.000000 0.000000 
71310620240750 0.000000 0.000000 0.000000 
71310638998406 0.000000 0.000000 0.000000 
71310657756062 0.000000 0.000000 0.000000 
71310676513771 0.000000 0.000000 0.000000 
71310695271427 0.000000 0.000000 0.000000 
71310714029083 0.000000 0.000000 0.000000 
71310732786739 0.000000 0.000000 0.000000 
71310751544448 0.000000 0.000000 0.000000 
71310770302104 0.000000 0.000000 0.000000 
71310789059760 0.000000 0.000000 0.000000 
71310807817468 0.000000 0.000000 0.000000 
71310826575125 0.000000 0.000000 0.000000 
71310845332781 0.000000 0.000000 0.000000 
71310864090489 0.000000 0.000000 0.000000 
71310882848146 0.000000 0.000000 0.000000 
71310901605854 0.000000 0.000000 0.000000 
71310920363510 0.000000 0.000000 0.000000 
71310939121218 0.000000 0.000000 0.000000 
71310957878875 0.000000 0.000000 0.000000 
71310976636531 0.000000 0.000000 0.000000 
71310995394239 0.000000 0.000000 0.000000 
71311014151896 0.000000 0.000000 0.000000 
71311032909604 0.000000 0.000000 0.000000 
71311051667260 0.000000 0.000000 0.000000 
71311070424968 0.000000 0.000000 0.000000 
71311089182625 0.000000 0.000000 0.000000 
71311107940281 0.000000 0.000000 0.000000 
71311126697989 0.000000 0.000000 0.000000 
71311145455646 0.000000 0.000000 0.000000 
71311164213354 0.000000 0.000000 0.000000 
71311182971010 0.000000 0.000000 0.000000 
71311201728718 0.000000 0.000000 0.000000 
71311220486375 0.000000 0.000000 0.000000 
71311239244083 0.000000 0.000000 0.000000 
71311258001739 0.000000 0.000000 0.000000 
71311276759448 0.000000 0.000000 0.000000 
71311295517104 0.000000 0.000000 0.000000 
71311314274812 0.000000 0.000000 0.000000 
71311333032468 0.000000 0.000000 0.000000 
71311351790177 0.000000 0.000000 0.000000 
71311370547885 0.000000 0.000000 0.000000 
71311389305541 0.000000 0.000000 0.000000 
71311408063198 0.000000 0.000000 0.000000 
71311426820906 0.000000 0.000000 0.000000 
71311445578614 0.000000 0.000000 0.000000 
71311464336271 0.000000 0.000000 0.000000 
71311483093979 0.000000 0.000000 0.000000 
71311501851635 0.000000 0.000000 0.000000 
71311520609343 0.000000 0.000000 0.000000 
71311539367000 0.000000 0.000000 0.000000 
71311558124708 0.000000 0.000000 0.000000 
71311576882364 0.000000 0.000000 0.000000 
71311595640073 0.000000 0.000000 0.000000 
71311614397729 0.000000 0.000000 0.000000 
71311633155437 0.000000 0.000000 0.000000 
71311651913146 0.000000 0.000000 0.000000 
71311670670802 0.000000 0.000000 0.000000 
71311689428510 0.000000 0.000000 0.000000 
71311708186166 0.000000 0.000000 0.000000 
71311726943875 0.000000 0.000000 0.000000 
71311745701531 0.000000 0.000000 0.000000 
71311764459239 0.000000 0.000000 0.000000 
71311783216948 0.000000 0.000000 0.000000 
71311801974604 0.000000 0.000000 0.000000 
71311820732312 0.000000 0.000000 0.000000 
71311839489968 0.000000 0.000000 0.000000 
71311858247677 0.000000 0.000000 0.000000 
71311877005333 0.000000 0.000000 0.000000 
71311895763041 0.000000 0.000000 0.000000 
71311914520750 0.000000 0.000000 0.000000 
71311933278406 0.000000 0.000000 0.000000 
71311952036114 0.000000 0.000000 0.000000 
71311970793771 0.000000 0.000000 0.000000 
71311989551479 0.000000 0.000000 0.000000 
71312008309187 0.000000 0.000000 0.000000 
71312027066739 0.000000 0.000000 0.000000 
71312045824552 0.000000 0.000000 0.000000 
71312064582208 0.000000 0.000000 0.000000 
71312083339916 0.000000 0.000000 0.000000 
71312102097625 0.000000 0.000000 0.000000 
71312120855281 0.000000 0.000000 0.000000 
71312139612989 0.000000 0.000000 0.000000 
71312158370698 0.000000 0.000000 0.000000 
71312177128354 0.000000 0.000000 0.000000 
71312195886062 0.000000 0.000000 0.000000 
71312214643771 0.000000 0.000000 0.000000 
71312233401427 0.000000 0.000000 0.000000 
71312252159135 0.000000 0.000000 0.000000 
71312270916791 0.000000 0.000000 0.000000 
71312289674500 0.000000 0.000000 0.000000 
71312308432208 0.000000 0.000000 0.000000 
71312327189864 0.000000 0.000000 0.000000 
71312345947573 0.000000 0.000000 0.000000 
71312364705229 0.000000 0.000000 0.000000 
71312383462937 0.000000 0.000000 0.000000 
71312402220646 0.000000 0.000000 0.000000 
71312420978302 0.000000 0.000000 0.000000 
71312439736010 0.000000 0.000000 0.000000 
71312458493718 0.000000 0.000000 0.000000 
71312477251375 0.000000 0.000000 0.000000 
71312496009083 0.000000 0.000000 0.000000 
71312514766791 0.000000 0.000000 0.000000 
71312533524448 0.000000 0.000000 0.000000 
71312552282156 0.000000 0.000000 0.000000 
71312571039864 0.000000 0.000000 0.000000 
71312589797521 0.000000 0.000000 0.000000 
71312608555229 0.000000 0.000000 0.000000 
71312627312937 0.000000 0.000000 0.000000 
71312646070593 0.000000 0.000000 0.000000 
71312664828302 0.000000 0.000000 0.000000 
71312683586010 0.000000 0.000000 0.000000 
71312702343666 0.000000 0.000000 0.000000 
71312721101375 0.000000 0.000000 0.000000 
71312739859031 0.000000 0.000000 0.000000 
71312758616739 0.000000 0.000000 0.000000 
71312777374396 0.000000 0.000000 0.000000 
71312796132104 0.000000 0.000000 0.000000 
71312814889812 0.000000 0.000000 0.000000 
71312833647521 0.000000 0.000000 0.000000 
71312852405177 0.000000 0.000000 0.000000 
71312871162885 0.000000 0.000000 0.000000 
71312889920593 0.000000 0.000000 0.000000 
71312908678250 0.000000 0.000000 0.000000 
71312927435958 0.000000 0.000000 0.000000 
71312946193666 0.000000 0.000000 0.000000 
71312964951375 0.000000 0.000000 0.000000 
71312983709031 0.000000 0.000000 0.000000 
71313002466739 0.000000 0.000000 0.000000 
71313021224396 0.000000 0.000000 0.000000 
71313039982104 0.000000 0.000000 0.000000 
71313058739812 0.000000 0.000000 0.000000 
71313077497468 0.000000 0.000000 0.000000 
71313096255177 0.000000 0.000000 0.000000 
71313115012885 0.000000 0.000000 0.000000 
71313133770541 0.000000 0.000000 0.000000 
71313152528250 0.000000 0.000000 0.000000 
71313171285906 0.000000 0.000000 0.000000 
71313190043614 0.000000 0.000000 0.000000 
71313208801271 0.000000 0.000000 0.000000 
71313227558979 0.000000 0.000000 0.000000 
71313246316687 0.000000 0.000000 0.000000 
71313265074396 0.000000 0.000000 0.000000 
71313283832052 0.000000 0.000000 0.000000 
71313302589760 0.000000 0.000000 0.000000 
71313321347416 0.000000 0.000000 0.000000 
71313340105125 0.000000 0.000000 0.000000 
71313358862833 0.000000 0.000000 0.000000 
71313377620489 0.000000 0.000000 0.000000 
71313396378198 0.000000 0.000000 0.000000 
71313415135906 0.000000 0.000000 0.000000 
71313433893562 0.000000 0.000000 0.000000 
71313452651271 0.000000 0.000000 0.000000 
71313471408927 0.000000 0.000000 0.000000 
71313490166635 0.000000 0.000000 0.000000 
71313508924343 0.000000 0.000000 0.000000 
71313527682000 0.000000 0.000000 0.000000 
71313546439708 0.000000 0.000000 0.000000 
71313565197416 0.000000 0.000000 0.000000 
71313583955073 0.000000 0.000000 0.000000 
71313602712781 0.000000 0.000000 0.000000 
71313621470437 0.000000 0.000000 0.000000 
71313640228146 0.000000 0.000000 0.000000 
71313658985854 0.000000 0.000000 0.000000 
71313677743510 0.000000 0.000000 0.000000 
71313696501218 0.000000 0.000000 0.000000 
71313715258875 0.000000 0.000000 0.000000 
71313734016583 0.000000 0.000000 0.000000 
71313752774291 0.000000 0.000000 0.000000 
71313771531948 0.000000 0.000000 0.000000 
71313790289656 0.000000 0.000000 0.000000 
71313809047312 0.000000 0.000000 0.000000 
71313827805021 0.000000 0.000000 0.000000 
71313846562677 0.000000 0.000000 0.000000 
71313865320385 0.000000 0.000000 0.000000 
71313884078093 0.000000 0.000000 0.000000 
71313902835750 0.000000 0.000000 0.000000 
71313921593458 0.000000 0.000000 0.000000 
71313940351114 0.000000 0.000000 0.000000 
71313959108823 0.000000 0.000000 0.000000 
71313977866479 0.000000 0.000000 0.000000 
71313996624187 0.000000 0.000000 0.000000 
71314015381896 0.000000 0.000000 0.000000 
71314034139552 0.000000 0.000000 0.000000 
71314052897260 0.000000 0.000000 0.000000 
71314071654916 0.000000 0.000000 0.000000 
71314090412625 0.000000 0.000000 0.000000 
71314109170281 0.000000 0.000000 0.000000 
71314127927989 0.000000 0.000000 0.000000 
71314146685646 0.000000 0.000000 0.000000 
71314165443354 0.000000 0.000000 0.000000 
71314184201010 0.000000 0.000000 0.000000 
71314202958718 0.000000 0.000000 0.000000 
71314221716375 0.000000 0.000000 0.000000 
71314240474083 0.000000 0.000000 0.000000 
71314259231739 0.000000 0.000000 0.000000 
71314277989448 0.000000 0.000000 0.000000 
71314296747104 0.000000 0.000000 0.000000 
71314315504812 0.000000 0.000000 0.000000 
71314334262468 0.000000 0.000000 0.000000 
71314353020177 0.000000 0.000000 0.000000 
71314371777833 0.000000 0.000000 0.000000 
71314390535541 0.000000 0.000000 0.000000 
71314409293198 0.000000 0.000000 0.000000 
71314428050906 0.000000 0.000000 0.000000 
71314446808562 0.000000 0.000000 0.000000 
71314465566271 0.000000 0.000000 0.000000 
71314484323927 0.000000 0.000000 0.000000 
71314503081635 0.000000 0.000000 0.000000 
71314521839291 0.000000 0.000000 0.000000 
71314540597000 0.000000 0.000000 0.000000 
71314559354656 0.000000 0.000000 0.000000 
71314578112364 0.000000 0.000000 0.000000 
71314596870021 0.000000 0.000000 0.000000 
71314615627729 0.000000 0.000000 0.000000 
71314634385385 0.000000 0.000000 0.000000 
71314653143093 0.000000 0.000000 0.000000 
71314671900750 0.000000 0.000000 0.000000 
71314690658458 0.000000 0.000000 0.000000 
71314709416114 0.000000 0.000000 0.000000 
71314728173823 0.000000 0.000000 0.000000 
71314746931479 0.000000 0.000000 0.000000 
71314765689187 0.000000 0.000000 0.000000 
71314784446843 0.000000 0.000000 0.000000 
71314803204500 0.000000 0.000000 0.000000 
71314821962208 0.000000 0.000000 0.000000 
71314840719864 0.000000 0.000000 0.000000 
71314859477573 0.000000 0.000000 0.000000 
71314878235229 0.000000 0.000000 0.000000 
71314896992885 0.000000 0.000000 0.000000 
71314915750593 0.000000 0.000000 0.000000 
71314934508250 0.000000 0.000000 0.000000 
71314953265958 0.000000 0.000000 0.000000 
71314972023614 0.000000 0.000000 0.000000 
71314990781323 0.000000 0.000000 0.000000 
71315009538979 0.000000 0.000000 0.000000 
71315028296635 0.000000 0.000000 0.000000 
71315047054343 0.000000 0.000000 0.000000 
71315065812000 0.000000 0.000000 0.000000 
71315084569708 0.000000 0.000000 0.000000 
71315103327312 0.000000 0.000000 0.000000 
71315122085021 0.000000 0.000000 0.000000 
71315140842729 0.000000 0.000000 0.000000 
71315159600385 0.000000 0.000000 0.000000 
71315178358041 0.000000 0.000000 0.000000 
71315197115750 0.000000 0.000000 0.000000 
71315215873406 0.000000 0.000000 0.000000 
71315234631114 0.000000 0.000000 0.000000 
71315253388771 0.000000 0.000000 0.000000 
71315272146427 0.000000 0.000000 0.000000 
71315290904135 0.000000 0.000000 0.000000 
71315309661791 0.000000 0.000000 0.000000 
71315328419448 0.000000 0.000000 0.000000 
71315347177156 0.000000 0.000000 0.000000 
71315365934812 0.000000 0.000000 0.000000 
71315384692468 0.000000 0.000000 0.000000 
71315403450177 0.000000 0.000000 0.000000 
71315422207833 0.000000 0.000000 0.000000 
71315440965489 0.000000 0.000000 0.000000 
71315459723198 0.000000 0.000000 0.000000 
71315478480854 0.000000 0.000000 0.000000 
71315497238510 0.000000 0.000000 0.000000 
71315515996218 0.000000 0.000000 0.000000 
71315534753875 0.000000 0.000000 0.000000 
71315553511531 0.000000 0.000000 0.000000 
71315572269239 0.000000 0.000000 0.000000 
71315591026896 0.000000 0.000000 0.000000 
71315609784552 0.000000 0.000000 0.000000 
71315628542260 0.000000 0.000000 0.000000 
71315647299916 0.000000 0.000000 0.000000 
71315666057573 0.000000 0.000000 0.000000 
71315684815229 0.000000 0.000000 0.000000 
71315703572937 0.000000 0.000000 0.000000 
71315722330541 0.000000 0.000000 0.000000 
71315741088250 0.000000 0.000000 0.000000 
71315759845958 0.000000 0.000000 0.000000 
71315778603614 0.000000 0.000000 0.000000 
71315797361271 0.000000 0.000000 0.000000 
71315816118927 0.000000 0.000000 0.000000 
71315834876635 0.000000 0.000000 0.000000 
71315853634291 0.000000 0.000000 0.000000 
71315872391948 0.000000 0.000000 0.000000 
71315891149656 0.000000 0.000000 0.000000 
71315909907312 0.000000 0.000000 0.000000 
71315928664968 0.000000 0.000000 0.000000 
71315947422625 0.000000 0.000000 0.000000 
71315966180333 0.000000 0.000000 0.000000 
71315984937989 0.000000 0.000000 0.000000 
71316003695646 0.000000 0.000000 0.000000 
71316022453302 0.000000 0.000000 0.000000 
71316041210958 0.000000 0.000000 0.000000 
71316059968666 0.000000 0.000000 0.000000 
71316078726323 0.000000 0.000000 0.000000 
71316097483979 0.000000 0.000000 0.000000 
71316116241635 0.000000 0.000000 0.000000 
71316134999343 0.000000 0.000000 0.000000 
71316153757000 0.000000 0.000000 0.000000 
71316172514656 0.000000 0.000000 0.000000 
71316191272312 0.000000 0.000000 0.000000 
71316210029916 0.000000 0.000000 0.000000 
71316228787677 0.000000 0.000000 0.000000 
71316247545333 0.000000 0.000000 0.000000 
71316266302989 0.000000 0.000000 0.000000 
71316285060646 0.000000 0.000000 0.000000 
71316303818302 0.000000 0.000000 0.000000 
71316322575958 0.000000 0.000000 0.000000 
71316341333666 0.000000 0.000000 0.000000 
71316360091323 0.000000 0.000000 0.000000 
71316378848979 0.000000 0.000000 0.000000 
71316397606635 0.000000 0.000000 0.000000 
71316416364291 0.000000 0.000000 0.000000 
71316435121948 0.000000 0.000000 0.000000 
71316453879656 0.000000 0.000000 0.000000 
71316472637312 0.000000 0.000000 0.000000 
71316491394968 0.000000 0.000000 0.000000 
71316510152625 0.000000 0.000000 0.000000 
71316528910281 0.000000 0.000000 0.000000 
71316547667937 0.000000 0.000000 0.000000 
71316566425593 0.000000 0.000000 0.000000 
71316585183250 0.000000 0.000000 0.000000 
71316603940958 0.000000 0.000000 0.000000 
71316622698614 0.000000 0.000000 0.000000 
71316641456271 0.000000 0.000000 0.000000 
71316660213927 0.000000 0.000000 0.000000 
71316678971531 0.000000 0.000000 0.000000 
71316697729239 0.000000 0.000000 0.000000 
71316716486896 0.000000 0.000000 0.000000 
71316735244552 0.000000 0.000000 0.000000 
71316754002208 0.000000 0.000000 0.000000 
71316772759864 0.000000 0.000000 0.000000 
71316791517573 0.000000 0.000000 0.000000 
71316810274812 0.000000 0.000000 0.000000 
71316829032833 0.000000 0.000000 0.000000 
71316847790489 0.000000 0.000000 0.000000 
71316866548146 0.000000 0.000000 0.000000 
71316885305802 0.000000 0.000000 0.000000 
71316904063458 0.000000 0.000000 0.000000 
71316922821166 0.000000 0.000000 0.000000 
71316941578771 0.000000 0.000000 0.000000 
71316960336479 0.000000 0.000000 0.000000 
71316979094135 0.000000 0.000000 0.000000 
71316997851791 0.000000 0.000000 0.000000 
71317016609448 0.000000 0.000000 0.000000 
71317035367104 0.000000 0.000000 0.000000 
71317054124760 0.000000 0.000000 0.000000 
71317072882416 0.000000 0.000000 0.000000 
71317091640073 0.000000 0.000000 0.000000 
71317110397729 0.000000 0.000000 0.000000 
71317129155385 0.000000 0.000000 0.000000 
71317147913041 0.000000 0.000000 0.000000 
71317166670698 0.000000 0.000000 0.000000 
71317185428354 0.000000 0.000000 0.000000 
71317204186010 0.000000 0.000000 0.000000 
71317222943666 0.000000 0.000000 0.000000 
71317241701323 0.000000 0.000000 0.000000 
71317260458979 0.000000 0.000000 0.000000 
71317279216635 0.000000 0.000000 0.000000 
71317297974291 0.000000 0.000000 0.000000 
71317316731948 0.000000 0.000000 0.000000 
71317335489604 0.000000 0.000000 0.000000 
71317354247260 0.000000 0.000000 0.000000 
71317373004916 0.000000 0.000000 0.000000 
71317391762573 0.000000 0.000000 0.000000 
71317410520177 0.000000 0.000000 0.000000 
71317429277885 0.000000 0.000000 0.000000 
71317448035541 0.000000 0.000000 0.000000 
71317466793198 0.000000 0.000000 0.000000 
71317485550854 0.000000 0.000000 0.000000 
71317504308458 0.000000 0.000000 0.000000 
71317523066114 0.000000 0.000000 0.000000 
71317541823771 0.000000 0.000000 0.000000 
71317560581427 0.000000 0.000000 0.000000 
71317579339083 0.000000 0.000000 0.000000 
71317598096739 0.000000 0.000000 0.000000 
71317616854396 0.000000 0.000000 0.000000 
71317635612052 0.000000 0.000000 0.000000 
71317654369708 0.000000 0.000000 0.000000 
71317673127312 0.000000 0.000000 0.000000 
71317691885021 0.000000 0.000000 0.000000 
71317710642625 0.000000 0.000000 0.000000 
71317729400281 0.000000 0.000000 0.000000 
71317748157937 0.000000 0.000000 0.000000 
71317766915541 0.000000 0.000000 0.000000 
71317785673250 0.000000 0.000000 0.000000 
71317804430906 0.000000 0.000000 0.000000 
71317823188562 0.000000 0.000000 0.000000 
71317841946166 0.000000 0.000000 0.000000 
71317860703823 0.000000 0.000000 0.000000 
71317879461479 0.000000 0.000000 0.000000 
71317898219135 0.000000 0.000000 0.000000 
71317916976791 0.000000 0.000000 0.000000 
71317935734448 0.000000 0.000000 0.000000 
71317954492052 0.000000 0.000000 0.000000 
71317973249708 0.000000 0.000000 0.000000 
71317992007364 0.000000 0.000000 0.000000 
71318010765021 0.000000 0.000000 0.000000 
71318029522677 0.000000 0.000000 0.000000 
71318048280333 0.000000 0.000000 0.000000 
71318067037937 0.000000 0.000000 0.000000 
71318085795593 0.000000 0.000000 0.000000 
71318104553250 0.000000 0.000000 0.000000 
71318123310906 0.000000 0.000000 0.000000 
71318142068562 0.000000 0.000000 0.000000 
71318160826166 0.000000 0.000000 0.000000 
71318179583823 0.000000 0.000000 0.000000 
71318198341479 0.000000 0.000000 0.000000 
71318217099135 0.000000 0.000000 0.000000 
71318235856791 0.000000 0.000000 0.000000 
71318254614396 0.000000 0.000000 0.000000 
71318273372052 0.000000 0.000000 0.000000 
71318292129708 0.000000 0.000000 0.000000 
71318310887364 0.000000 0.000000 0.000000 
71318329644968 0.000000 0.000000 0.000000 
71318348402625 0.000000 0.000000 0.000000 
71318367160281 0.000000 0.000000 0.000000 
71318385917937 0.000000 0.000000 0.000000 
71318404675541 0.000000 0.000000 0.000000 
71318423433198 0.000000 0.000000 0.000000 
71318442190854 0.000000 0.000000 0.000000 
71318460948458 0.000000 0.000000 0.000000 
71318479706114 0.000000 0.000000 0.000000 
71318498463771 0.000000 0.000000 0.000000 
71318517221427 0.000000 0.000000 0.000000 
71318535979031 0.000000 0.000000 0.000000 
71318554736687 0.000000 0.000000 0.000000 
71318573494343 0.000000 0.000000 0.000000 
71318592252000 0.000000 0.000000 0.000000 
71318611009604 0.000000 0.000000 0.000000 
71318629767260 0.000000 0.000000 0.000000 
71318648524864 0.000000 0.000000 0.000000 
71318667282521 0.000000 0.000000 0.000000 
71318686040177 0.000000 0.000000 0.000000 
71318704797781 0.000000 0.000000 0.000000 
71318723555437 0.000000 0.000000 0.000000 
71318742313093 0.000000 0.000000 0.000000 
71318761070750 0.000000 0.000000 0.000000 
71318779828354 0.000000 0.000000 0.000000 
71318798586010 0.000000 0.000000 0.000000 
71318817343614 0.000000 0.000000 0.000000 
71318836101271 0.000000 0.000000 0.000000 
71318854858927 0.000000 0.000000 0.000000 
71318873616531 0.000000 0.000000 0.000000 
71318892374187 0.000000 0.000000 0.000000 
71318911131843 0.000000 0.000000 0.000000 
71318929889448 0.000000 0.000000 0.000000 
71318948647104 0.000000 0.000000 0.000000 
71318967404708 0.000000 0.000000 0.000000 
71318986162364 0.000000 0.000000 0.000000 
71319004920021 0.000000 0.000000 0.000000 
71319023677625 0.000000 0.000000 0.000000 
71319042435281 0.000000 0.000000 0.000000 
71319061192937 0.000000 0.000000 0.000000 
71319079950541 0.000000 0.000000 0.000000 
71319098708198 0.000000 0.000000 0.000000 
71319117465802 0.000000 0.000000 0.000000 
71319136223458 0.000000 0.000000 0.000000 
71319154981114 0.000000 0.000000 0.000000 
71319173738718 0.000000 0.000000 0.000000 
71319192496375 0.000000 0.000000 0.000000 
71319211253979 0.000000 0.000000 0.000000 
71319230011635 0.000000 0.000000 0.000000 
71319248769291 0.000000 0.000000 0.000000 
71319267526896 0.000000 0.000000 0.000000 
71319286284552 0.000000 0.000000 0.000000 
71319305042156 0.000000 0.000000 0.000000 
71319323799812 0.000000 0.000000 0.000000 
71319342557416 0.000000 0.000000 0.000000 
71319361315073 0.000000 0.000000 0.000000 
71319380072677 0.000000 0.000000 0.000000 
71319398830333 0.000000 0.000000 0.000000 
71319417587989 0.000000 0.000000 0.000000 
71319436345593 0.000000 0.000000 0.000000 
71319455103250 0.000000 0.000000 0.000000 
71319473860854 0.000000 0.000000 0.000000 
71319492618510 0.000000 0.000000 0.000000 
71319511376114 0.000000 0.000000 0.000000 
71319530133771 0.000000 0.000000 0.000000 
71319548891375 0.000000 0.000000 0.000000 
71319567649031 0.000000 0.000000 0.000000 
71319586406583 0.000000 0.000000 0.000000 
71319605164291 0.000000 0.000000 0.000000 
71319623921896 0.000000 0.000000 0.000000 
71319642679552 0.000000 0.000000 0.000000 
71319661437156 0.000000 0.000000 0.000000 
71319680194812 0.000000 0.000000 0.000000 
71319698952416 0.000000 0.000000 0.000000 
71319717710021 0.000000 0.000000 0.000000 
71319736467677 0.000000 0.000000 0.000000 
71319755225333 0.000000 0.000000 0.000000 
71319773982937 0.000000 0.000000 0.000000 
71319792740593 0.000000 0.000000 0.000000 
71319811498198 0.000000 0.000000 0.000000 
71319830255854 0.000000 0.000000 0.000000 
71319849013458 0.000000 0.000000 0.000000 
71319867771062 0.000000 0.000000 0.000000 
71319886528718 0.000000 0.000000 0.000000 
71319905286323 0.000000 0.000000 0.000000 
71319924043927 0.000000 0.000000 0.000000 
71319942801583 0.000000 0.000000 0.000000 
71319961559239 0.000000 0.000000 0.000000 
71319980316843 0.000000 0.000000 0.000000 
71319999074500 0.000000 0.000000 0.000000 
71320017832104 0.000000 0.000000 0.000000 
71320036589760 0.000000 0.000000 0.000000 
71320055347364 0.000000 0.000000 0.000000 
71320074104968 0.000000 0.000000 0.000000 
71320092862625 0.000000 0.000000 0.000000 
71320111620229 0.000000 0.000000 0.000000 
71320130377885 0.000000 0.000000 0.000000 
71320149135489 0.000000 0.000000 0.000000 
71320167893146 0.000000 0.000000 0.000000 
71320186650750 0.000000 0.000000 0.000000 
71320205408354 0.000000 0.000000 0.000000 
71320224166010 0.000000 0.000000 0.000000 
71320242923614 0.000000 0.000000 0.000000 
71320261681271 0.000000 0.000000 0.000000 
71320280438875 0.000000 0.000000 0.000000 
71320299196479 0.000000 0.000000 0.000000 
71320317954135 0.000000 0.000000 0.000000 
71320336711739 0.000000 0.000000 0.000000 
71320355469396 0.000000 0.000000 0.000000 
71320374227000 0.000000 0.000000 0.000000 
71320392984604 0.000000 0.000000 0.000000 
71320411742208 0.000000 0.000000 0.000000 
71320430499864 0.000000 0.000000 0.000000 
71320449257468 0.000000 0.000000 0.000000 
71320468015125 0.000000 0.000000 0.000000 
71320486772729 0.000000 0.000000 0.000000 
71320505530333 0.000000 0.000000 0.000000 
71320524287989 0.000000 0.000000 0.000000 
71320543045593 0.000000 0.000000 0.000000 
71320561803250 0.000000 0.000000 0.000000 
71320580560854 0.000000 0.000000 0.000000 
71320599318458 0.000000 0.000000 0.000000 
71320618076114 0.000000 0.000000 0.000000 
71320636833666 0.000000 0.000000 0.000000 
71320655591323 0.000000 0.000000 0.000000 
71320674348979 0.000000 0.000000 0.000000 
71320693106583 0.000000 0.000000 0.000000 
71320711864187 0.000000 0.000000 0.000000 
71320730621843 0.000000 0.000000 0.000000 
71320749379448 0.000000 0.000000 0.000000 
71320768137052 0.000000 0.000000 0.000000 
71320786894656 0.000000 0.000000 0.000000 
71320805652312 0.000000 0.000000 0.000000 
71320824409916 0.000000 0.000000 0.000000 
71320843167521 0.000000 0.000000 0.000000 
71320861925177 0.000000 0.000000 0.000000 
71320880682781 0.000000 0.000000 0.000000 
71320899440385 0.000000 0.000000 0.000000 
71320918197989 0.000000 0.000000 0.000000 
71320936955646 0.000000 0.000000 0.000000 
71320955713250 0.000000 0.000000 0.000000 
71320974470802 0.000000 0.000000 0.000000 
71320993228510 0.000000 0.000000 0.000000 
71321011986114 0.000000 0.000000 0.000000 
71321030743718 0.000000 0.000000 0.000000 
71321049501323 0.000000 0.000000 0.000000 
71321068258927 0.000000 0.000000 0.000000 
71321087016583 0.000000 0.000000 0.000000 
71321105774187 0.000000 0.000000 0.000000 
71321124531791 0.000000 0.000000 0.000000 
71321143289448 0.000000 0.000000 0.000000 
71321162047052 0.000000 0.000000 0.000000 
71321180804656 0.000000 0.000000 0.000000 
71321199562260 0.000000 0.000000 0.000000 
71321218319916 0.000000 0.000000 0.000000 
71321237077521 0.000000 0.000000 0.000000 
71321255835125 0.000000 0.000000 0.000000 
71321274592729 0.000000 0.000000 0.000000 
71321293350385 0.000000 0.000000 0.000000 
71321312107989 0.000000 0.000000 0.000000 
71321330865593 0.000000 0.000000 0.000000 
71321349623748 0.000000 0.000000 0.000000 
71321368381404 0.000000 0.000000 0.000000 
71321387139008 0.000000 0.000000 0.000000 
71321405896612 0.000000 0.000000 0.000000 
71321424654216 0.000000 0.000000 0.000000 
71321443411821 0.000000 0.000000 0.000000 
71321462169477 0.000000 0.000000 0.000000 
71321480927081 0.000000 0.000000 0.000000 
71321499684685 0.000000 0.000000 0.000000 
71321518442289 0.000000 0.000000 0.000000 
71321537199893 0.000000 0.000000 0.000000 
71321555957550 0.000000 0.000000 0.000000 
71321574715154 0.000000 0.000000 0.000000 
71321593472706 0.000000 0.000000 0.000000 
71321612230362 0.000000 0.000000 0.000000 
71321630987966 0.000000 0.000000 0.000000 
71321649745571 0.000000 0.000000 0.000000 
71321668503227 0.000000 0.000000 0.000000 
71321687260831 0.000000 0.000000 0.000000 
71321706018435 0.000000 0.000000 0.000000 
71321724776039 0.000000 0.000000 0.000000 
71321743533643 0.000000 0.000000 0.000000 
71321762291248 0.000000 0.000000 0.000000 
71321781048852 0.000000 0.000000 0.000000 
71321799806508 0.000000 0.000000 0.000000 
71321818564112 0.000000 0.000000 0.000000 
71321837321716 0.000000 0.000000 0.000000 
71321856079321 0.000000 0.000000 0.000000 
71321874836925 0.000000 0.000000 0.000000 
71321893594529 0.000000 0.000000 0.000000 
71321912352133 0.000000 0.000000 0.000000 
71321931109737 0.000000 0.000000 0.000000 
71321949867393 0.000000 0.000000 0.000000 
71321968624998 0.000000 0.000000 0.000000 
71321987382602 0.000000 0.000000 0.000000 
71322006140206 0.000000 0.000000 0.000000 
71322024897810 0.000000 0.000000 0.000000 
71322043655414 0.000000 0.000000 0.000000 
71322062412966 0.000000 0.000000 0.000000 
71322081170623 0.000000 0.000000 0.000000 
71322099928227 0.000000 0.000000 0.000000 
71322118685831 0.000000 0.000000 0.000000 
71322137443435 0.000000 0.000000 0.000000 
71322156201091 0.000000 0.000000 0.000000 
71322174958696 0.000000 0.000000 0.000000 
71322193716300 0.000000 0.000000 0.000000 
71322212473904 0.000000 0.000000 0.000000 
71322231231508 0.000000 0.000000 0.000000 
71322249989112 0.000000 0.000000 0.000000 
71322268746716 0.000000 0.000000 0.000000 
71322287504321 0.000000 0.000000 0.000000 
71322306261925 0.000000 0.000000 0.000000 
71322325019529 0.000000 0.000000 0.000000 
71322343777133 0.000000 0.000000 0.000000 
71322362534685 0.000000 0.000000 0.000000 
71322381292341 0.000000 0.000000 0.000000 
71322400049998 0.000000 0.000000 0.000000 
71322418807550 0.000000 0.000000 0.000000 
71322437565206 0.000000 0.000000 0.000000 
71322456322810 0.000000 0.000000 0.000000 
71322475080414 0.000000 0.000000 0.000000 
71322493838018 0.000000 0.000000 0.000000 
71322512595623 0.000000 0.000000 0.000000 
71322531353227 0.000000 0.000000 0.000000 
71322550110831 0.000000 0.000000 0.000000 
71322568868071 0.000000 0.000000 0.000000 
71322587626091 0.000000 0.000000 0.000000 
71322606383696 0.000000 0.000000 0.000000 
71322625141248 0.000000 0.000000 0.000000 
71322643898904 0.000000 0.000000 0.000000 
71322662656508 0.000000 0.000000 0.000000 
71322681414112 0.000000 0.000000 0.000000 
71322700171716 0.000000 0.000000 0.000000 
71322718929321 0.000000 0.000000 0.000000 
71322737686925 0.000000 0.000000 0.000000 
71322756444529 0.000000 0.000000 0.000000 
71322775202133 0.000000 0.000000 0.000000 
71322793959737 0.000000 0.000000 0.000000 
71322812717341 0.000000 0.000000 0.000000 
71322831474946 0.000000 0.000000 0.000000 
71322850232550 0.000000 0.000000 0.000000 
71322868990154 0.000000 0.000000 0.000000 
71322887747758 0.000000 0.000000 0.000000 
71322906505362 0.000000 0.000000 0.000000 
71322925262966 0.000000 0.000000 0.000000 
71322944020571 0.000000 0.000000 0.000000 
71322962778123 0.000000 0.000000 0.000000 
71322981535727 0.000000 0.000000 0.000000 
71323000293331 0.000000 0.000000 0.000000 
71323019050935 0.000000 0.000000 0.000000 
71323037808539 0.000000 0.000000 0.000000 
71323056566143 0.000000 0.000000 0.000000 
71323075323748 0.000000 0.000000 0.000000 
71323094081352 0.000000 0.000000 0.000000 
71323112838956 0.000000 0.000000 0.000000 
71323131596560 0.000000 0.000000 0.000000 
71323150354164 0.000000 0.000000 0.000000 
71323169111768 0.000000 0.000000 0.000000 
71323187869373 0.000000 0.000000 0.000000 
71323206626977 0.000000 0.000000 0.000000 
71323225384581 0.000000 0.000000 0.000000 
71323244142185 0.000000 0.000000 0.000000 
71323262899789 0.000000 0.000000 0.000000 
71323281657393 0.000000 0.000000 0.000000 
71323300414946 0.000000 0.000000 0.000000 
71323319172550 0.000000 0.000000 0.000000 
71323337930154 0.000000 0.000000 0.000000 
71323356687758 0.000000 0.000000 0.000000 
71323375445362 0.000000 0.000000 0.000000 
71323394202966 0.000000 0.000000 0.000000 
71323412960571 0.000000 0.000000 0.000000 
71323431718175 0.000000 0.000000 0.000000 
71323450475779 0.000000 0.000000 0.000000 
71323469233383 0.000000 0.000000 0.000000 
71323487990987 0.000000 0.000000 0.000000 
71323506748591 0.000000 0.000000 0.000000 
71323525506143 0.000000 0.000000 0.000000 
71323544263748 0.000000 0.000000 0.000000 
71323563021352 0.000000 0.000000 0.000000 
71323581778956 0.000000 0.000000 0.000000 
71323600536560 0.000000 0.000000 0.000000 
71323619294164 0.000000 0.000000 0.000000 
71323638051768 0.000000 0.000000 0.000000 
71323656809373 0.000000 0.000000 0.000000 
71323675566977 0.000000 0.000000 0.000000 
71323694324529 0.000000 0.000000 0.000000 
71323713082133 0.000000 0.000000 0.000000 
71323731839737 0.000000 0.000000 0.000000 
71323750597341 0.000000 0.000000 0.000000 
71323769354946 0.000000 0.000000 0.000000 
71323788112550 0.000000 0.000000 0.000000 
71323806870154 0.000000 0.000000 0.000000 
71323825627706 0.000000 0.000000 0.000000 
71323844385310 0.000000 0.000000 0.000000 
71323863142914 0.000000 0.000000 0.000000 
71323881900518 0.000000 0.000000 0.000000 
71323900658123 0.000000 0.000000 0.000000 
71323919415727 0.000000 0.000000 0.000000 
71323938173279 0.000000 0.000000 0.000000 
71323956930883 0.000000 0.000000 0.000000 
71323975688487 0.000000 0.000000 0.000000 
71323994446091 0.000000 0.000000 0.000000 
71324013203696 0.000000 0.000000 0.000000 
71324031961300 0.000000 0.000000 0.000000 
71324050718852 0.000000 0.000000 0.000000 
71324069476456 0.000000 0.000000 0.000000 
71324088234060 0.000000 0.000000 0.000000 
71324106991664 0.000000 0.000000 0.000000 
71324125749268 0.000000 0.000000 0.000000 
71324144506821 0.000000 0.000000 0.000000 
71324163264425 0.000000 0.000000 0.000000 
71324182022029 0.000000 0.000000 0.000000 
71324200779633 0.000000 0.000000 0.000000 
71324219537237 0.000000 0.000000 0.000000 
71324238294737 0.000000 0.000000 0.000000 
71324257052393 0.000000 0.000000 0.000000 
71324275809998 0.000000 0.000000 0.000000 
71324294567602 0.000000 0.000000 0.000000 
71324313325206 0.000000 0.000000 0.000000 
71324332082758 0.000000 0.000000 0.000000 
71324350840362 0.000000 0.000000 0.000000 
71324369597966 0.000000 0.000000 0.000000 
71324388355571 0.000000 0.000000 0.000000 
71324407113123 0.000000 0.000000 0.000000 
71324425870727 0.000000 0.000000 0.000000 
71324444628331 0.000000 0.000000 0.000000 
71324463385935 0.000000 0.000000 0.000000 
71324482143487 0.000000 0.000000 0.000000 
71324500901091 0.000000 0.000000 0.000000 
71324519658696 0.000000 0.000000 0.000000 
71324538416300 0.000000 0.000000 0.000000 
71324557173904 0.000000 0.000000 0.000000 
71324575931456 0.000000 0.000000 0.000000 
71324594689060 0.000000 0.000000 0.000000 
71324613446664 0.000000 0.000000 0.000000 
71324632204268 0.000000 0.000000 0.000000 
71324650961821 0.000000 0.000000 0.000000 
71324669719425 0.000000 0.000000 0.000000 
71324688477029 0.000000 0.000000 0.000000 
71324707234633 0.000000 0.000000 0.000000 
71324725992185 0.000000 0.000000 0.000000 
71324744749789 0.000000 0.000000 0.000000 
71324763507393 0.000000 0.000000 0.000000 
71324782264946 0.000000 0.000000 0.000000 
71324801022550 0.000000 0.000000 0.000000 
71324819780154 0.000000 0.000000 0.000000 
71324838537706 0.000000 0.000000 0.000000 
71324857295310 0.000000 0.000000 0.000000 
71324876052914 0.000000 0.000000 0.000000 
71324894810518 0.000000 0.000000 0.000000 
71324913568071 0.000000 0.000000 0.000000 
71324932325675 0.000000 0.000000 0.000000 
71324951083279 0.000000 0.000000 0.000000 
71324969840883 0.000000 0.000000 0.000000 
71324988598435 0.000000 0.000000 0.000000 
71325007356039 0.000000 0.000000 0.000000 
71325026113643 0.000000 0.000000 0.000000 
71325044871196 0.000000 0.000000 0.000000 
71325063628800 0.000000 0.000000 0.000000 
71325082386352 0.000000 0.000000 0.000000 
71325101144008 0.000000 0.000000 0.000000 
71325119901560 0.000000 0.000000 0.000000 
71325138659164 0.000000 0.000000 0.000000 
71325157416768 0.000000 0.000000 0.000000 
71325176174321 0.000000 0.000000 0.000000 
71325194931925 0.000000 0.000000 0.000000 
71325213689529 0.000000 0.000000 0.000000 
71325232447081 0.000000 0.000000 0.000000 
71325251204685 0.000000 0.000000 0.000000 
71325269962289 0.000000 0.000000 0.000000 
71325288719893 0.000000 0.000000 0.000000 
71325307477446 0.000000 0.000000 0.000000 
71325326235050 0.000000 0.000000 0.000000 
71325344992654 0.000000 0.000000 0.000000 
71325363750206 0.000000 0.000000 0.000000 
71325382507810 0.000000 0.000000 0.000000 
71325401265414 0.000000 0.000000 0.000000 
71325420022966 0.000000 0.000000 0.000000 
71325438780571 0.000000 0.000000 0.000000 
71325457538175 0.000000 0.000000 0.000000 
71325476295727 0.000000 0.000000 0.000000 
71325495053331 0.000000 0.000000 0.000000 
71325513810935 0.000000 0.000000 0.000000 
71325532568487 0.000000 0.000000 0.000000 
71325551326091 0.000000 0.000000 0.000000 
71325570083696 0.000000 0.000000 0.000000 
71325588841248 0.000000 0.000000 0.000000 
71325607598852 0.000000 0.000000 0.000000 
71325626356456 0.000000 0.000000 0.000000 
71325645114008 0.000000 0.000000 0.000000 
71325663871612 0.000000 0.000000 0.000000 
71325682629216 0.000000 0.000000 0.000000 
71325701386768 0.000000 0.000000 0.000000 
71325720144373 0.000000 0.000000 0.000000 
71325738901977 0.000000 0.000000 0.000000 
71325757659529 0.000000 0.000000 0.000000 
71325776417133 0.000000 0.000000 0.000000 
71325795174685 0.000000 0.000000 0.000000 
71325813932289 0.000000 0.000000 0.000000 
71325832689893 0.000000 0.000000 0.000000 
71325851447446 0.000000 0.000000 0.000000 
71325870205050 0.000000 0.000000 0.000000 
71325888962602 0.000000 0.000000 0.000000 
71325907720206 0.000000 0.000000 0.000000 
71325926477706 0.000000 0.000000 0.000000 
71325945235362 0.000000 0.000000 0.000000 
71325963992966 0.000000 0.000000 0.000000 
71325982750518 0.000000 0.000000 0.000000 
71326001508123 0.000000 0.000000 0.000000 
71326020265727 0.000000 0.000000 0.000000 
71326039023279 0.000000 0.000000 0.000000 
71326057780883 0.000000 0.000000 0.000000 
71326076538435 0.000000 0.000000 0.000000 
71326095296039 0.000000 0.000000 0.000000 
71326114053643 0.000000 0.000000 0.000000 
71326132811143 0.000000 0.000000 0.000000 
71326151568800 0.000000 0.000000 0.000000 
71326170326352 0.000000 0.000000 0.000000 
71326189083956 0.000000 0.000000 0.000000 
71326207841508 0.000000 0.000000 0.000000 
71326226599112 0.000000 0.000000 0.000000 
71326245356716 0.000000 0.000000 0.000000 
71326264114268 0.000000 0.000000 0.000000 
71326282871873 0.000000 0.000000 0.000000 
71326301629425 0.000000 0.000000 0.000000 
71326320387029 0.000000 0.000000 0.000000 
71326339144633 0.000000 0.000000 0.000000 
71326357902185 0.000000 0.000000 0.000000 
71326376659789 0.000000 0.000000 0.000000 
71326395417341 0.000000 0.000000 0.000000 
71326414174946 0.000000 0.000000 0.000000 
71326432932498 0.000000 0.000000 0.000000 
71326451690102 0.000000 0.000000 0.000000 
71326470447706 0.000000 0.000000 0.000000 
71326489205258 0.000000 0.000000 0.000000 
71326507962862 0.000000 0.000000 0.000000 
71326526720414 0.000000 0.000000 0.000000 
71326545478018 0.000000 0.000000 0.000000 
71326564235571 0.000000 0.000000 0.000000 
71326582993123 0.000000 0.000000 0.000000 
71326601750675 0.000000 0.000000 0.000000 
71326620508331 0.000000 0.000000 0.000000 
71326639265883 0.000000 0.000000 0.000000 
71326658023487 0.000000 0.000000 0.000000 
71326676781039 0.000000 0.000000 0.000000 
71326695538643 0.000000 0.000000 0.000000 
71326714296248 0.000000 0.000000 0.000000 
71326733053800 0.000000 0.000000 0.000000 
71326751811404 0.000000 0.000000 0.000000 
71326770568956 0.000000 0.000000 0.000000 
71326789326560 0.000000 0.000000 0.000000 
71326808084164 0.000000 0.000000 0.000000 
71326826841716 0.000000 0.000000 0.000000 
71326845599321 0.000000 0.000000 0.000000 
71326864356873 0.000000 0.000000 0.000000 
71326883114477 0.000000 0.000000 0.000000 
71326901872029 0.000000 0.000000 0.000000 
71326920629633 0.000000 0.000000 0.000000 
71326939387185 0.000000 0.000000 0.000000 
71326958144789 0.000000 0.000000 0.000000 
71326976902341 0.000000 0.000000 0.000000 
71326995659946 0.000000 0.000000 0.000000 
71327014417498 0.000000 0.000000 0.000000 
71327033175102 0.000000 0.000000 0.000000 
71327051932654 0.000000 0.000000 0.000000 
71327070690258 0.000000 0.000000 0.000000 
71327089447810 0.000000 0.000000 0.000000 
71327108205414 0.000000 0.000000 0.000000 
71327126962966 0.000000 0.000000 0.000000 
71327145720571 0.000000 0.000000 0.000000 
71327164478123 0.000000 0.000000 0.000000 
71327183235727 0.000000 0.000000 0.000000 
71327201993279 0.000000 0.000000 0.000000 
71327220750883 0.000000 0.000000 0.000000 
71327239508435 0.000000 0.000000 0.000000 
71327258266039 0.000000 0.000000 0.000000 
71327277023591 0.000000 0.000000 0.000000 
71327295781196 0.000000 0.000000 0.000000 
71327314538748 0.000000 0.000000 0.000000 
71327333296352 0.000000 0.000000 0.000000 
71327352053904 0.000000 0.000000 0.000000 
71327370811508 0.000000 0.000000 0.000000 
71327389569060 0.000000 0.000000 0.000000 
71327408326612 0.000000 0.000000 0.000000 
71327427084164 0.000000 0.000000 0.000000 
71327445841768 0.000000 0.000000 0.000000 
71327464599373 0.000000 0.000000 0.000000 
71327483356925 0.000000 0.000000 0.000000 
71327502114529 0.000000 0.000000 0.000000 
71327520872081 0.000000 0.000000 0.000000 
71327539629685 0.000000 0.000000 0.000000 
71327558387237 0.000000 0.000000 0.000000 
71327577144789 0.000000 0.000000 0.000000 
71327595902393 0.000000 0.000000 0.000000 
71327614659946 0.000000 0.000000 0.000000 
71327633417550 0.000000 0.000000 0.000000 
71327652175102 0.000000 0.000000 0.000000 
71327670932706 0.000000 0.000000 0.000000 
71327689690258 0.000000 0.000000 0.000000 
71327708447862 0.000000 0.000000 0.000000 
71327727205414 0.000000 0.000000 0.000000 
71327745962966 0.000000 0.000000 0.000000 
71327764720571 0.000000 0.000000 0.000000 
71327783478123 0.000000 0.000000 0.000000 
71327802235727 0.000000 0.000000 0.000000 
71327820993279 0.000000 0.000000 0.000000 
71327839750883 0.000000 0.000000 0.000000 
71327858508435 0.000000 0.000000 0.000000 
71327877266039 0.000000 0.000000 0.000000 
71327896023591 0.000000 0.000000 0.000000 
71327914781143 0.000000 0.000000 0.000000 
71327933538748 0.000000 0.000000 0.000000 
71327952296300 0.000000 0.000000 0.000000 
71327971053852 0.000000 0.000000 0.000000 
71327989811456 0.000000 0.000000 0.000000 
71328008568956 0.000000 0.000000 0.000000 
71328027326612 0.000000 0.000000 0.000000 
71328046084164 0.000000 0.000000 0.000000 
71328064841768 0.000000 0.000000 0.000000 
71328083599321 0.000000 0.000000 0.000000 
71328102356873 0.000000 0.000000 0.000000 
71328121114477 0.000000 0.000000 0.000000 
71328139872029 0.000000 0.000000 0.000000 
71328158629633 0.000000 0.000000 0.000000 
71328177387185 0.000000 0.000000 0.000000 
71328196144737 0.000000 0.000000 0.000000 
71328214902341 0.000000 0.000000 0.000000 
71328233659893 0.000000 0.000000 0.000000 
71328252417498 0.000000 0.000000 0.000000 
71328271175050 0.000000 0.000000 0.000000 
71328289932602 0.000000 0.000000 0.000000 
71328308690206 0.000000 0.000000 0.000000 
71328327447758 0.000000 0.000000 0.000000 
71328346205310 0.000000 0.000000 0.000000 
71328364962914 0.000000 0.000000 0.000000 
71328383720466 0.000000 0.000000 0.000000 
71328402478018 0.000000 0.000000 0.000000 
71328421235623 0.000000 0.000000 0.000000 
71328439993175 0.000000 0.000000 0.000000 
71328458750779 0.000000 0.000000 0.000000 
71328477508331 0.000000 0.000000 0.000000 
71328496265883 0.000000 0.000000 0.000000 
71328515023487 0.000000 0.000000 0.000000 
71328533781039 0.000000 0.000000 0.000000 
71328552538591 0.000000 0.000000 0.000000 
71328571296196 0.000000 0.000000 0.000000 
71328590053748 0.000000 0.000000 0.000000 
71328608811300 0.000000 0.000000 0.000000 
71328627568904 0.000000 0.000000 0.000000 
71328646326456 0.000000 0.000000 0.000000 
71328665084060 0.000000 0.000000 0.000000 
71328683841612 0.000000 0.000000 0.000000 
71328702647914 0.000000 0.000000 0.000000 
71328721356716 0.000000 0.000000 0.000000 
71328740114268 0.000000 0.000000 0.000000 
71328758871873 0.000000 0.000000 0.000000 
71328777629373 0.000000 0.000000 0.000000 
71328796386977 0.000000 0.000000 0.000000 
71328815144581 0.000000 0.000000 0.000000 
71328833902133 0.000000 0.000000 0.000000 
71328852659685 0.000000 0.000000 0.000000 
71328871417289 0.000000 0.000000 0.000000 
71328890174841 0.000000 0.000000 0.000000 
71328908932393 0.000000 0.000000 0.000000 
71328927689998 0.000000 0.000000 0.000000 
71328946447550 0.000000 0.000000 0.000000 
71328965205050 0.000000 0.000000 0.000000 
71328983962654 0.000000 0.000000 0.000000 
71329002720258 0.000000 0.000000 0.000000 
71329021477810 0.000000 0.000000 0.000000 
71329040235362 0.000000 0.000000 0.000000 
71329058992966 0.000000 0.000000 0.000000 
71329077750518 0.000000 0.000000 0.000000 
71329096508071 0.000000 0.000000 0.000000 
71329115265675 0.000000 0.000000 0.000000 
71329134023227 0.000000 0.000000 0.000000 
71329152780779 0.000000 0.000000 0.000000 
71329171538331 0.000000 0.000000 0.000000 
71329190295935 0.000000 0.000000 0.000000 
71329209053487 0.000000 0.000000 0.000000 
71329227811039 0.000000 0.000000 0.000000 
71329246568643 0.000000 0.000000 0.000000 
71329265326196 0.000000 0.000000 0.000000 
71329284083748 0.000000 0.000000 0.000000 
71329302841300 0.000000 0.000000 0.000000 
71329321598904 0.000000 0.000000 0.000000 
71329340356456 0.000000 0.000000 0.000000 
71329359114008 0.000000 0.000000 0.000000 
71329377871612 0.000000 0.000000 0.000000 
71329396629164 0.000000 0.000000 0.000000 
71329415386716 0.000000 0.000000 0.000000 
71329434144268 0.000000 0.000000 0.000000 
71329452901873 0.000000 0.000000 0.000000 
71329471659425 0.000000 0.000000 0.000000 
71329490416977 0.000000 0.000000 0.000000 
71329509174581 0.000000 0.000000 0.000000 
71329527932133 0.000000 0.000000 0.000000 
71329546689737 0.000000 0.000000 0.000000 
71329565447289 0.000000 0.000000 0.000000 
71329584204841 0.000000 0.000000 0.000000 
71329602962393 0.000000 0.000000 0.000000 
71329621719998 0.000000 0.000000 0.000000 
71329640477550 0.000000 0.000000 0.000000 
71329659235102 0.000000 0.000000 0.000000 
71329677992654 0.000000 0.000000 0.000000 
71329696750258 0.000000 0.000000 0.000000 
71329715507810 0.000000 0.000000 0.000000 
71329734265362 0.000000 0.000000 0.000000 
71329753022966 0.000000 0.000000 0.000000 
71329771780518 0.000000 0.000000 0.000000 
71329790538071 0.000000 0.000000 0.000000 
71329809295623 0.000000 0.000000 0.000000 
71329828053175 0.000000 0.000000 0.000000 
71329846810727 0.000000 0.000000 0.000000 
71329865568331 0.000000 0.000000 0.000000 
71329884325883 0.000000 0.000000 0.000000 
71329903083435 0.000000 0.000000 0.000000 
71329921840987 0.000000 0.000000 0.000000 
71329940598539 0.000000 0.000000 0.000000 
71329959356143 0.000000 0.000000 0.000000 
71329978113696 0.000000 0.000000 0.000000 
71329996871248 0.000000 0.000000 0.000000 
71330015628800 0.000000 0.000000 0.000000 
71330034386404 0.000000 0.000000 0.000000 
71330053143956 0.000000 0.000000 0.000000 
71330071901508 0.000000 0.000000 0.000000 
71330090659060 0.000000 0.000000 0.000000 
71330109416612 0.000000 0.000000 0.000000 
71330128174216 0.000000 0.000000 0.000000 
71330146931768 0.000000 0.000000 0.000000 
71330165689321 0.000000 0.000000 0.000000 
71330184446873 0.000000 0.000000 0.000000 
71330203204425 0.000000 0.000000 0.000000 
71330221962029 0.000000 0.000000 0.000000 
71330240719581 0.000000 0.000000 0.000000 
71330259477133 0.000000 0.000000 0.000000 
71330278234685 0.000000 0.000000 0.000000 
71330296992237 0.000000 0.000000 0.000000 
71330315749841 0.000000 0.000000 0.000000 
71330334507393 0.000000 0.000000 0.000000 
71330353264946 0.000000 0.000000 0.000000 
71330372022498 0.000000 0.000000 0.000000 
71330390780102 0.000000 0.000000 0.000000 
71330409537654 0.000000 0.000000 0.000000 
71330428295206 0.000000 0.000000 0.000000 
71330447052758 0.000000 0.000000 0.000000 
71330465810310 0.000000 0.000000 0.000000 
71330484567914 0.000000 0.000000 0.000000 
71330503325466 0.000000 0.000000 0.000000 
71330522083018 0.000000 0.000000 0.000000 
71330540840571 0.000000 0.000000 0.000000 
71330559598123 0.000000 0.000000 0.000000 
71330578355727 0.000000 0.000000 0.000000 
71330597113279 0.000000 0.000000 0.000000 
71330615870831 0.000000 0.000000 0.000000 
71330634628383 0.000000 0.000000 0.000000 
71330653385935 0.000000 0.000000 0.000000 
71330672143539 0.000000 0.000000 0.000000 
71330690901091 0.000000 0.000000 0.000000 
71330709658643 0.000000 0.000000 0.000000 
71330728416196 0.000000 0.000000 0.000000 
71330747173748 0.000000 0.000000 0.000000 
71330765931352 0.000000 0.000000 0.000000 
71330784688904 0.000000 0.000000 0.000000 
71330803446456 0.000000 0.000000 0.000000 
71330822204008 0.000000 0.000000 0.000000 
71330840961560 0.000000 0.000000 0.000000 
71330859719164 0.000000 0.000000 0.000000 
71330878476716 0.000000 0.000000 0.000000 
71330897234268 0.000000 0.000000 0.000000 
71330915991821 0.000000 0.000000 0.000000 
71330934749373 0.000000 0.000000 0.000000 
71330953506925 0.000000 0.000000 0.000000 
71330972264529 0.000000 0.000000 0.000000 
71330991022081 0.000000 0.000000 0.000000 
71331009779633 0.000000 0.000000 0.000000 
71331028537185 0.000000 0.000000 0.000000 
71331047294737 0.000000 0.000000 0.000000 
71331066052237 0.000000 0.000000 0.000000 
71331084809841 0.000000 0.000000 0.000000 
71331103567446 0.000000 0.000000 0.000000 
71331122324998 0.000000 0.000000 0.000000 
71331141082550 0.000000 0.000000 0.000000 
71331159840102 0.000000 0.000000 0.000000 
71331178597654 0.000000 0.000000 0.000000 
71331197355206 0.000000 0.000000 0.000000 
71331216112706 0.000000 0.000000 0.000000 
71331234870362 0.000000 0.000000 0.000000 
71331253627914 0.000000 0.000000 0.000000 
71331272385466 0.000000 0.000000 0.000000 
71331291143018 0.000000 0.000000 0.000000 
71331309900571 0.000000 0.000000 0.000000 
71331328658123 0.000000 0.000000 0.000000 
71331347415675 0.000000 0.000000 0.000000 
71331366173279 0.000000 0.000000 0.000000 
71331384930779 0.000000 0.000000 0.000000 
71331403688383 0.000000 0.000000 0.000000 
71331422445935 0.000000 0.000000 0.000000 
71331441203487 0.000000 0.000000 0.000000 
71331459961039 0.000000 0.000000 0.000000 
71331478718591 0.000000 0.000000 0.000000 
71331497476196 0.000000 0.000000 0.000000 
71331516233748 0.000000 0.000000 0.000000 
71331534991300 0.000000 0.000000 0.000000 
71331553748852 0.000000 0.000000 0.000000 
71331572506404 0.000000 0.000000 0.000000 
71331591263956 0.000000 0.000000 0.000000 
71331610021508 0.000000 0.000000 0.000000 
71331628779060 0.000000 0.000000 0.000000 
71331647536664 0.000000 0.000000 0.000000 
71331666294216 0.000000 0.000000 0.000000 
71331685051768 0.000000 0.000000 0.000000 
71331703809321 0.000000 0.000000 0.000000 
71331722566873 0.000000 0.000000 0.000000 
71331741324425 0.000000 0.000000 0.000000 
71331760081977 0.000000 0.000000 0.000000 
71331778839581 0.000000 0.000000 0.000000 
71331797597133 0.000000 0.000000 0.000000 
71331816354685 0.000000 0.000000 0.000000 
71331835112237 0.000000 0.000000 0.000000 
71331853869789 0.000000 0.000000 0.000000 
71331872627341 0.000000 0.000000 0.000000 
71331891384893 0.000000 0.000000 0.000000 
71331910142446 0.000000 0.000000 0.000000 
71331928900050 0.000000 0.000000 0.000000 
71331947657602 0.000000 0.000000 0.000000 
71331966415154 0.000000 0.000000 0.000000 
71331985172706 0.000000 0.000000 0.000000 
71332003930258 0.000000 0.000000 0.000000 
71332022687810 0.000000 0.000000 0.000000 
71332041445362 0.000000 0.000000 0.000000 
71332060202914 0.000000 0.000000 0.000000 
71332078960466 0.000000 0.000000 0.000000 
71332097718018 0.000000 0.000000 0.000000 
71332116475623 0.000000 0.000000 0.000000 
71332135233175 0.000000 0.000000 0.000000 
71332153990727 0.000000 0.000000 0.000000 
71332172748279 0.000000 0.000000 0.000000 
71332191505831 0.000000 0.000000 0.000000 
71332210263383 0.000000 0.000000 0.000000 
71332229020883 0.000000 0.000000 0.000000 
71332247778487 0.000000 0.000000 0.000000 
71332266536039 0.000000 0.000000 0.000000 
71332285293591 0.000000 0.000000 0.000000 
71332304051143 0.000000 0.000000 0.000000 
71332322808696 0.000000 0.000000 0.000000 
71332341566300 0.000000 0.000000 0.000000 
71332360323852 0.000000 0.000000 0.000000 
71332379081404 0.000000 0.000000 0.000000 
71332397838956 0.000000 0.000000 0.000000 
71332416596508 0.000000 0.000000 0.000000 
71332435354060 0.000000 0.000000 0.000000 
71332454111612 0.000000 0.000000 0.000000 
71332472869164 0.000000 0.000000 0.000000 
71332491626716 0.000000 0.000000 0.000000 
71332510384268 0.000000 0.000000 0.000000 
71332529141821 0.000000 0.000000 0.000000 
71332547899373 0.000000 0.000000 0.000000 
71332566656925 0.000000 0.000000 0.000000 
71332585414529 0.000000 0.000000 0.000000 
71332604172029 0.000000 0.000000 0.000000 
71332622929633 0.000000 0.000000 0.000000 
71332641687185 0.000000 0.000000 0.000000 
71332660444737 0.000000 0.000000 0.000000 
71332679202289 0.000000 0.000000 0.000000 
71332697959841 0.000000 0.000000 0.000000 
71332716717393 0.000000 0.000000 0.000000 
71332735474946 0.000000 0.000000 0.000000 
71332754232498 0.000000 0.000000 0.000000 
71332772990050 0.000000 0.000000 0.000000 
71332791747602 0.000000 0.000000 0.000000 
71332810505154 0.000000 0.000000 0.000000 
71332829262706 0.000000 0.000000 0.000000 
71332848020258 0.000000 0.000000 0.000000 
71332866777810 0.000000 0.000000 0.000000 
71332885535414 0.000000 0.000000 0.000000 
71332904292914 0.000000 0.000000 0.000000 
71332923050518 0.000000 0.000000 0.000000 
71332941808071 0.000000 0.000000 0.000000 
71332960565623 0.000000 0.000000 0.000000 
71332979323175 0.000000 0.000000 0.000000 
71332998080727 0.000000 0.000000 0.000000 
71333016838279 0.000000 0.000000 0.000000 
71333035595831 0.000000 0.000000 0.000000 
71333054353383 0.000000 0.000000 0.000000 
71333073110935 0.000000 0.000000 0.000000 
71333091868487 0.000000 0.000000 0.000000 
71333110626039 0.000000 0.000000 0.000000 
71333129383591 0.000000 0.000000 0.000000 
71333148141143 0.000000 0.000000 0.000000 
71333166898696 0.000000 0.000000 0.000000 
71333185656248 0.000000 0.000000 0.000000 
71333204413800 0.000000 0.000000 0.000000 
71333223171352 0.000000 0.000000 0.000000 
71333241928904 0.000000 0.000000 0.000000 
71333260686456 0.000000 0.000000 0.000000 
71333279444008 0.000000 0.000000 0.000000 
71333298201560 0.000000 0.000000 0.000000 
71333316959112 0.000000 0.000000 0.000000 
71333335716664 0.000000 0.000000 0.000000 
71333354474216 0.000000 0.000000 0.000000 
71333373231768 0.000000 0.000000 0.000000 
71333391989321 0.000000 0.000000 0.000000 
71333410746873 0.000000 0.000000 0.000000 
71333429504425 0.000000 0.000000 0.000000 
71333448261612 0.000000 0.000000 0.000000 
71333467019581 0.000000 0.000000 0.000000 
71333485777133 0.000000 0.000000 0.000000 
71333504534685 0.000000 0.000000 0.000000 
71333523292237 0.000000 0.000000 0.000000 
71333542049789 0.000000 0.000000 0.000000 
71333560807341 0.000000 0.000000 0.000000 
71333579564893 0.000000 0.000000 0.000000 
71333598322446 0.000000 0.000000 0.000000 
71333617079998 0.000000 0.000000 0.000000 
71333635837550 0.000000 0.000000 0.000000 
71333654595102 0.000000 0.000000 0.000000 
71333673352654 0.000000 0.000000 0.000000 
71333692110206 0.000000 0.000000 0.000000 
71333710867758 0.000000 0.000000 0.000000 
71333729625310 0.000000 0.000000 0.000000 
71333748382862 0.000000 0.000000 0.000000 
71333767140414 0.000000 0.000000 0.000000 
71333785897966 0.000000 0.000000 0.000000 
71333804655466 0.000000 0.000000 0.000000 
71333823413071 0.000000 0.000000 0.000000 
71333842170623 0.000000 0.000000 0.000000 
71333860928175 0.000000 0.000000 0.000000 
71333879685727 0.000000 0.000000 0.000000 
71333898443279 0.000000 0.000000 0.000000 
71333917200831 0.000000 0.000000 0.000000 
71333935958383 0.000000 0.000000 0.000000 
71333954715935 0.000000 0.000000 0.000000 
71333973473487 0.000000 0.000000 0.000000 
71333992231039 0.000000 0.000000 0.000000 
71334010988591 0.000000 0.000000 0.000000 
71334029746143 0.000000 0.000000 0.000000 
71334048503696 0.000000 0.000000 0.000000 
71334067261248 0.000000 0.000000 0.000000 
71334086018800 0.000000 0.000000 0.000000 
71334104776352 0.000000 0.000000 0.000000 
71334123533904 0.000000 0.000000 0.000000 
71334142291456 0.000000 0.000000 0.000000 
71334161049008 0.000000 0.000000 0.000000 
71334179806560 0.000000 0.000000 0.000000 
71334198564112 0.000000 0.000000 0.000000 
71334217321664 0.000000 0.000000 0.000000 
71334236079216 0.000000 0.000000 0.000000 
71334254836768 0.000000 0.000000 0.000000 
71334273594321 0.000000 0.000000 0.000000 
71334292351873 0.000000 0.000000 0.000000 
71334311109425 0.000000 0.000000 0.000000 
71334329866925 0.000000 0.000000 0.000000 
71334348624477 0.000000 0.000000 0.000000 
71334367382029 0.000000 0.000000 0.000000 
71334386139581 0.000000 0.000000 0.000000 
71334404897133 0.000000 0.000000 0.000000 
71334423654685 0.000000 0.000000 0.000000 
71334442412237 0.000000 0.000000 0.000000 
71334461169789 0.000000 0.000000 0.000000 
71334479927341 0.000000 0.000000 0.000000 
71334498684893 0.000000 0.000000 0.000000 
71334517442446 0.000000 0.000000 0.000000 
71334536199998 0.000000 0.000000 0.000000 
71334554957550 0.000000 0.000000 0.000000 
71334573715102 0.000000 0.000000 0.000000 
71334592472654 0.000000 0.000000 0.000000 
71334611230206 0.000000 0.000000 0.000000 
71334629987758 0.000000 0.000000 0.000000 
71334648745310 0.000000 0.000000 0.000000 
71334667502862 0.000000 0.000000 0.000000 
71334686260414 0.000000 0.000000 0.000000 
71334705017966 0.000000 0.000000 0.000000 
71334723775518 0.000000 0.000000 0.000000 
71334742533018 0.000000 0.000000 0.000000 
71334761290571 0.000000 0.000000 0.000000 
71334780048123 0.000000 0.000000 0.000000 
71334798805675 0.000000 0.000000 0.000000 
71334817563227 0.000000 0.000000 0.000000 
71334836320779 0.000000 0.000000 0.000000 
71334855078331 0.000000 0.000000 0.000000 
71334873835831 0.000000 0.000000 0.000000 
71334892593435 0.000000 0.000000 0.000000 
71334911350987 0.000000 0.000000 0.000000 
71334930108539 0.000000 0.000000 0.000000 
71334948866091 0.000000 0.000000 0.000000 
71334967623643 0.000000 0.000000 0.000000 
71334986381196 0.000000 0.000000 0.000000 
71335005138748 0.000000 0.000000 0.000000 
71335023896300 0.000000 0.000000 0.000000 
71335042653852 0.000000 0.000000 0.000000 
71335061411404 0.000000 0.000000 0.000000 
71335080168956 0.000000 0.000000 0.000000 
71335098926456 0.000000 0.000000 0.000000 
71335117684008 0.000000 0.000000 0.000000 
71335136441560 0.000000 0.000000 0.000000 
71335155199112 0.000000 0.000000 0.000000 
71335173956664 0.000000 0.000000 0.000000 
71335192714216 0.000000 0.000000 0.000000 
71335211471768 0.000000 0.000000 0.000000 
71335230229321 0.000000 0.000000 0.000000 
71335248986873 0.000000 0.000000 0.000000 
71335267744425 0.000000 0.000000 0.000000 
71335286501977 0.000000 0.000000 0.000000 
71335305259529 0.000000 0.000000 0.000000 
71335324017029 0.000000 0.000000 0.000000 
71335342774529 0.000000 0.000000 0.000000 
71335361532081 0.000000 0.000000 0.000000 
71335380289685 0.000000 0.000000 0.000000 
71335399047237 0.000000 0.000000 0.000000 
71335417804789 0.000000 0.000000 0.000000 
71335436562341 0.000000 0.000000 0.000000 
71335455319893 0.000000 0.000000 0.000000 
71335474077446 0.000000 0.000000 0.000000 
71335492834998 0.000000 0.000000 0.000000 
71335511592550 0.000000 0.000000 0.000000 
71335530350050 0.000000 0.000000 0.000000 
71335549107654 0.000000 0.000000 0.000000 
71335567865154 0.000000 0.000000 0.000000 
71335586622706 0.000000 0.000000 0.000000 
71335605380258 0.000000 0.000000 0.000000 
71335624137810 0.000000 0.000000 0.000000 
71335642895362 0.000000 0.000000 0.000000 
71335661652914 0.000000 0.000000 0.000000 
71335680410466 0.000000 0.000000 0.000000 
71335699168018 0.000000 0.000000 0.000000 
71335717925571 0.000000 0.000000 0.000000 
71335736683123 0.000000 0.000000 0.000000 
71335755440675 0.000000 0.000000 0.000000 
71335774198227 0.000000 0.000000 0.000000 
71335792955779 0.000000 0.000000 0.000000 
71335811713279 0.000000 0.000000 0.000000 
71335830470831 0.000000 0.000000 0.000000 
71335849228383 0.000000 0.000000 0.000000 
71335867985935 0.000000 0.000000 0.000000 
71335886743487 0.000000 0.000000 0.000000 
71335905501039 0.000000 0.000000 0.000000 
71335924258591 0.000000 0.000000 0.000000 
71335943016143 0.000000 0.000000 0.000000 
71335961773696 0.000000 0.000000 0.000000 
71335980531248 0.000000 0.000000 0.000000 
71335999288800 0.000000 0.000000 0.000000 
71336018046300 0.000000 0.000000 0.000000 
71336036803852 0.000000 0.000000 0.000000 
71336055561404 0.000000 0.000000 0.000000 
71336074318956 0.000000 0.000000 0.000000 
71336093076508 0.000000 0.000000 0.000000 
71336111834060 0.000000 0.000000 0.000000 
71336130591612 0.000000 0.000000 0.000000 
71336149349164 0.000000 0.000000 0.000000 
71336168106716 0.000000 0.000000 0.000000 
71336186864268 0.000000 0.000000 0.000000 
71336205621821 0.000000 0.000000 0.000000 
71336224379321 0.000000 0.000000 0.000000 
71336243136873 0.000000 0.000000 0.000000 
71336261894425 0.000000 0.000000 0.000000 
71336280651977 0.000000 0.000000 0.000000 
71336299409529 0.000000 0.000000 0.000000 
71336318167081 0.000000 0.000000 0.000000 
71336336924633 0.000000 0.000000 0.000000 
71336355682185 0.000000 0.000000 0.000000 
71336374439737 0.000000 0.000000 0.000000 
71336393197237 0.000000 0.000000 0.000000 
71336411954789 0.000000 0.000000 0.000000 
71336430712341 0.000000 0.000000 0.000000 
71336449469893 0.000000 0.000000 0.000000 
71336468227393 0.000000 0.000000 0.000000 
71336486984946 0.000000 0.000000 0.000000 
71336505742498 0.000000 0.000000 0.000000 
71336524500050 0.000000 0.000000 0.000000 
71336543257602 0.000000 0.000000 0.000000 
71336562015154 0.000000 0.000000 0.000000 
71336580772706 0.000000 0.000000 0.000000 
71336599530258 0.000000 0.000000 0.000000 
71336618287758 0.000000 0.000000 0.000000 
71336637045310 0.000000 0.000000 0.000000 
71336655802862 0.000000 0.000000 0.000000 
71336674560414 0.000000 0.000000 0.000000 
71336693317966 0.000000 0.000000 0.000000 
71336712075518 0.000000 0.000000 0.000000 
71336730833018 0.000000 0.000000 0.000000 
71336749590623 0.000000 0.000000 0.000000 
71336768348175 0.000000 0.000000 0.000000 
71336787105675 0.000000 0.000000 0.000000 
71336805863227 0.000000 0.000000 0.000000 
71336824620779 0.000000 0.000000 0.000000 
71336843378331 0.000000 0.000000 0.000000 
71336862135883 0.000000 0.000000 0.000000 
71336880893383 0.000000 0.000000 0.000000 
71336899650935 0.000000 0.000000 0.000000 
71336918408539 0.000000 0.000000 0.000000 
71336937166091 0.000000 0.000000 0.000000 
71336955923591 0.000000 0.000000 0.000000 
71336974681143 0.000000 0.000000 0.000000 
71336993438696 0.000000 0.000000 0.000000 
71337012196248 0.000000 0.000000 0.000000 
71337030953800 0.000000 0.000000 0.000000 
71337049711352 0.000000 0.000000 0.000000 
71337068468904 0.000000 0.000000 0.000000 
71337087226456 0.000000 0.000000 0.000000 
71337105984008 0.000000 0.000000 0.000000 
71337124741560 0.000000 0.000000 0.000000 
71337143499112 0.000000 0.000000 0.000000 
71337162256664 0.000000 0.000000 0.000000 
71337181014216 0.000000 0.000000 0.000000 
71337199771768 0.000000 0.000000 0.000000 
71337218529268 0.000000 0.000000 0.000000 
71337237286821 0.000000 0.000000 0.000000 
71337256044373 0.000000 0.000000 0.000000 
71337274801925 0.000000 0.000000 0.000000 
71337293559477 0.000000 0.000000 0.000000 
71337312317029 0.000000 0.000000 0.000000 
71337331074581 0.000000 0.000000 0.000000 
71337349832081 0.000000 0.000000 0.000000 
71337368589633 0.000000 0.000000 0.000000 
71337387347133 0.000000 0.000000 0.000000 
71337406104737 0.000000 0.000000 0.000000 
71337424922185 0.000000 0.000000 0.000000 
71337443619841 0.000000 0.000000 0.000000 
71337462377393 0.000000 0.000000 0.000000 
71337481134946 0.000000 0.000000 0.000000 
71337499892446 0.000000 0.000000 0.000000 
71337518649998 0.000000 0.000000 0.000000 
71337537407550 0.000000 0.000000 0.000000 
71337556165102 0.000000 0.000000 0.000000 
71337574922654 0.000000 0.000000 0.000000 
71337593680206 0.000000 0.000000 0.000000 
71337612437706 0.000000 0.000000 0.000000 
71337631195258 0.000000 0.000000 0.000000 
71337649952810 0.000000 0.000000 0.000000 
71337668710362 0.000000 0.000000 0.000000 
71337687467914 0.000000 0.000000 0.000000 
71337706225466 0.000000 0.000000 0.000000 
71337724983018 0.000000 0.000000 0.000000 
71337743740518 0.000000 0.000000 0.000000 
71337762498071 0.000000 0.000000 0.000000 
71337781255623 0.000000 0.000000 0.000000 
71337800013175 0.000000 0.000000 0.000000 
71337818770727 0.000000 0.000000 0.000000 
71337837528279 0.000000 0.000000 0.000000 
71337856285831 0.000000 0.000000 0.000000 
71337875043331 0.000000 0.000000 0.000000 
71337893800883 0.000000 0.000000 0.000000 
71337912558435 0.000000 0.000000 0.000000 
71337931315987 0.000000 0.000000 0.000000 
71337950073539 0.000000 0.000000 0.000000 
71337968831091 0.000000 0.000000 0.000000 
71337987588643 0.000000 0.000000 0.000000 
71338006346143 0.000000 0.000000 0.000000 
71338025103696 0.000000 0.000000 0.000000 
71338043861248 0.000000 0.000000 0.000000 
71338062618800 0.000000 0.000000 0.000000 
71338081376352 0.000000 0.000000 0.000000 
71338100133904 0.000000 0.000000 0.000000 
71338118891404 0.000000 0.000000 0.000000 
71338137648956 0.000000 0.000000 0.000000 
71338156406508 0.000000 0.000000 0.000000 
71338175164008 0.000000 0.000000 0.000000 
71338193921612 0.000000 0.000000 0.000000 
71338212679164 0.000000 0.000000 0.000000 
71338231436716 0.000000 0.000000 0.000000 
71338250194268 0.000000 0.000000 0.000000 
71338268951768 0.000000 0.000000 0.000000 
71338287709321 0.000000 0.000000 0.000000 
71338306466873 0.000000 0.000000 0.000000 
71338325224425 0.000000 0.000000 0.000000 
71338343981977 0.000000 0.000000 0.000000 
71338362739529 0.000000 0.000000 0.000000 
71338381497029 0.000000 0.000000 0.000000 
71338400254581 0.000000 0.000000 0.000000 
71338419012133 0.000000 0.000000 0.000000 
71338437769685 0.000000 0.000000 0.000000 
71338456527237 0.000000 0.000000 0.000000 
71338475284893 0.000000 0.000000 0.000000 
71338494042237 0.000000 0.000000 0.000000 
71338512799841 0.000000 0.000000 0.000000 
71338531557393 0.000000 0.000000 0.000000 
71338550314946 0.000000 0.000000 0.000000 
71338569072498 0.000000 0.000000 0.000000 
71338587830050 0.000000 0.000000 0.000000 
71338606587550 0.000000 0.000000 0.000000 
71338625345102 0.000000 0.000000 0.000000 
71338644102654 0.000000 0.000000 0.000000 
71338662860206 0.000000 0.000000 0.000000 
71338681617758 0.000000 0.000000 0.000000 
71338700375258 0.000000 0.000000 0.000000 
71338719132810 0.000000 0.000000 0.000000 
71338737890362 0.000000 0.000000 0.000000 
71338756647914 0.000000 0.000000 0.000000 
71338775405466 0.000000 0.000000 0.000000 
71338794162966 0.000000 0.000000 0.000000 
71338812920518 0.000000 0.000000 0.000000 
71338831678071 0.000000 0.000000 0.000000 
71338850435623 0.000000 0.000000 0.000000 
71338869193175 0.000000 0.000000 0.000000 
71338887950727 0.000000 0.000000 0.000000 
71338906708227 0.000000 0.000000 0.000000 
71338925465779 0.000000 0.000000 0.000000 
71338944223331 0.000000 0.000000 0.000000 
71338962980883 0.000000 0.000000 0.000000 
71338981738435 0.000000 0.000000 0.000000 
71339000495935 0.000000 0.000000 0.000000 
71339019253435 0.000000 0.000000 0.000000 
71339038011039 0.000000 0.000000 0.000000 
71339056768591 0.000000 0.000000 0.000000 
71339075526143 0.000000 0.000000 0.000000 
71339094283643 0.000000 0.000000 0.000000 
71339113041196 0.000000 0.000000 0.000000 
71339131798748 0.000000 0.000000 0.000000 
71339150556300 0.000000 0.000000 0.000000 
71339169313852 0.000000 0.000000 0.000000 
71339188071248 0.000000 0.000000 0.000000 
71339206828904 0.000000 0.000000 0.000000 
71339225586456 0.000000 0.000000 0.000000 
71339244344008 0.000000 0.000000 0.000000 
71339263101560 0.000000 0.000000 0.000000 
71339281859112 0.000000 0.000000 0.000000 
71339300616560 0.000000 0.000000 0.000000 
71339319374164 0.000000 0.000000 0.000000 
71339338131716 0.000000 0.000000 0.000000 
71339356889268 0.000000 0.000000 0.000000 
71339375646821 0.000000 0.000000 0.000000 
71339394404321 0.000000 0.000000 0.000000 
71339413161873 0.000000 0.000000 0.000000 
71339431919425 0.000000 0.000000 0.000000 
71339450676977 0.000000 0.000000 0.000000 
71339469434529 0.000000 0.000000 0.000000 
71339488192029 0.000000 0.000000 0.000000 
71339506949581 0.000000 0.000000 0.000000 
71339525707133 0.000000 0.000000 0.000000 
71339544464633 0.000000 0.000000 0.000000 
71339563222185 0.000000 0.000000 0.000000 
71339581979737 0.000000 0.000000 0.000000 
71339600737289 0.000000 0.000000 0.000000 
71339619494841 0.000000 0.000000 0.000000 
71339638252341 0.000000 0.000000 0.000000 
71339657009893 0.000000 0.000000 0.000000 
71339675767446 0.000000 0.000000 0.000000 
71339694524998 0.000000 0.000000 0.000000 
71339713282550 0.000000 0.000000 0.000000 
71339732040050 0.000000 0.000000 0.000000 
71339750797602 0.000000 0.000000 0.000000 
71339769555154 0.000000 0.000000 0.000000 
71339788312706 0.000000 0.000000 0.000000 
71339807070206 0.000000 0.000000 0.000000 
71339825827758 0.000000 0.000000 0.000000 
71339844585310 0.000000 0.000000 0.000000 
71339863342862 0.000000 0.000000 0.000000 
71339882100414 0.000000 0.000000 0.000000 
71339900857914 0.000000 0.000000 0.000000 
71339919615466 0.000000 0.000000 0.000000 
71339938373018 0.000000 0.000000 0.000000 
71339957130571 0.000000 0.000000 0.000000 
71339975888123 0.000000 0.000000 0.000000 
71339994645623 0.000000 0.000000 0.000000 
71340013403175 0.000000 0.000000 0.000000 
71340032160727 0.000000 0.000000 0.000000 
71340050918227 0.000000 0.000000 0.000000 
71340069675831 0.000000 0.000000 0.000000 
71340088433331 0.000000 0.000000 0.000000 
71340107190883 0.000000 0.000000 0.000000 
71340125948435 0.000000 0.000000 0.000000 
71340144705987 0.000000 0.000000 0.000000 
71340163463487 0.000000 0.000000 0.000000 
71340182221039 0.000000 0.000000 0.000000 
71340200978591 0.000000 0.000000 0.000000 
71340219736143 0.000000 0.000000 0.000000 
71340238493696 0.000000 0.000000 0.000000 
71340257251143 0.000000 0.000000 0.000000 
71340276008748 0.000000 0.000000 0.000000 
71340294766300 0.000000 0.000000 0.000000 
71340313523852 0.000000 0.000000 0.000000 
71340332281352 0.000000 0.000000 0.000000 
71340351038904 0.000000 0.000000 0.000000 
71340369796456 0.000000 0.000000 0.000000 
71340388554008 0.000000 0.000000 0.000000 
71340407311508 0.000000 0.000000 0.000000 
71340426069060 0.000000 0.000000 0.000000 
71340444826612 0.000000 0.000000 0.000000 
71340463584164 0.000000 0.000000 0.000000 
71340482341716 0.000000 0.000000 0.000000 
71340501099216 0.000000 0.000000 0.000000 
71340519856768 0.000000 0.000000 0.000000 
71340538614321 0.000000 0.000000 0.000000 
71340557371873 0.000000 0.000000 0.000000 
71340576129373 0.000000 0.000000 0.000000 
71340594886925 0.000000 0.000000 0.000000 
71340613644477 0.000000 0.000000 0.000000 
71340632402029 0.000000 0.000000 0.000000 
71340651159581 0.000000 0.000000 0.000000 
71340669917081 0.000000 0.000000 0.000000 
71340688674633 0.000000 0.000000 0.000000 
71340707432185 0.000000 0.000000 0.000000 
71340726189737 0.000000 0.000000 0.000000 
71340744947237 0.000000 0.000000 0.000000 
71340763704789 0.000000 0.000000 0.000000 
71340782462341 0.000000 0.000000 0.000000 
71340801219893 0.000000 0.000000 0.000000 
71340819977393 0.000000 0.000000 0.000000 
71340838734946 0.000000 0.000000 0.000000 
71340857492498 0.000000 0.000000 0.000000 
71340876250050 0.000000 0.000000 0.000000 
71340895007602 0.000000 0.000000 0.000000 
71340913765102 0.000000 0.000000 0.000000 
71340932522654 0.000000 0.000000 0.000000 
71340951280206 0.000000 0.000000 0.000000 
71340970037706 0.000000 0.000000 0.000000 
71340988795258 0.000000 0.000000 0.000000 
71341007552810 0.000000 0.000000 0.000000 
71341026310362 0.000000 0.000000 0.000000 
71341045067914 0.000000 0.000000 0.000000 
71341063825414 0.000000 0.000000 0.000000 
71341082582966 0.000000 0.000000 0.000000 
71341101340518 0.000000 0.000000 0.000000 
71341120098071 0.000000 0.000000 0.000000 
71341138855571 0.000000 0.000000 0.000000 
71341157613123 0.000000 0.000000 0.000000 
71341176370675 0.000000 0.000000 0.000000 
71341195128227 0.000000 0.000000 0.000000 
71341213885727 0.000000 0.000000 0.000000 
71341232643279 0.000000 0.000000 0.000000 
71341251400831 0.000000 0.000000 0.000000 
71341270158383 0.000000 0.000000 0.000000 
71341288915935 0.000000 0.000000 0.000000 
71341307673383 0.000000 0.000000 0.000000 
71341326430987 0.000000 0.000000 0.000000 
71341345188539 0.000000 0.000000 0.000000 
71341363946091 0.000000 0.000000 0.000000 
71341382703591 0.000000 0.000000 0.000000 
71341401461143 0.000000 0.000000 0.000000 
71341420218696 0.000000 0.000000 0.000000 
71341438976248 0.000000 0.000000 0.000000 
71341457733748 0.000000 0.000000 0.000000 
71341476491300 0.000000 0.000000 0.000000 
71341495248852 0.000000 0.000000 0.000000 
71341514006404 0.000000 0.000000 0.000000 
71341532763956 0.000000 0.000000 0.000000 
71341551521456 0.000000 0.000000 0.000000 
71341570279008 0.000000 0.000000 0.000000 
71341589036560 0.000000 0.000000 0.000000 
71341607794112 0.000000 0.000000 0.000000 
71341626551612 0.000000 0.000000 0.000000 
71341645309164 0.000000 0.000000 0.000000 
71341664066716 0.000000 0.000000 0.000000 
71341682824268 0.000000 0.000000 0.000000 
71341701581768 0.000000 0.000000 0.000000 
71341720339321 0.000000 0.000000 0.000000 
71341739096873 0.000000 0.000000 0.000000 
71341757854425 0.000000 0.000000 0.000000 
71341776611925 0.000000 0.000000 0.000000 
71341795369477 0.000000 0.000000 0.000000 
71341814127029 0.000000 0.000000 0.000000 
71341832884581 0.000000 0.000000 0.000000 
71341851642081 0.000000 0.000000 0.000000 
71341870399633 0.000000 0.000000 0.000000 
71341889157185 0.000000 0.000000 0.000000 
71341907914737 0.000000 0.000000 0.000000 
71341926672289 0.000000 0.000000 0.000000 
71341945429789 0.000000 0.000000 0.000000 
71341964187341 0.000000 0.000000 0.000000 
71341982944893 0.000000 0.000000 0.000000 
71342001702446 0.000000 0.000000 0.000000 
71342020459946 0.000000 0.000000 0.000000 
71342039217498 0.000000 0.000000 0.000000 
71342057975050 0.000000 0.000000 0.000000 
71342076732550 0.000000 0.000000 0.000000 
71342095490102 0.000000 0.000000 0.000000 
71342114247654 0.000000 0.000000 0.000000 
71342133005206 0.000000 0.000000 0.000000 
71342151762758 0.000000 0.000000 0.000000 
71342170520258 0.000000 0.000000 0.000000 
71342189277810 0.000000 0.000000 0.000000 
71342208035362 0.000000 0.000000 0.000000 
71342226792914 0.000000 0.000000 0.000000 
71342245550414 0.000000 0.000000 0.000000 
71342264307914 0.000000 0.000000 0.000000 
71342283065518 0.000000 0.000000 0.000000 
71342301823018 0.000000 0.000000 0.000000 
71342320580571 0.000000 0.000000 0.000000 
71342339338123 0.000000 0.000000 0.000000 
71342358095675 0.000000 0.000000 0.000000 
71342376853175 0.000000 0.000000 0.000000 
71342395610727 0.000000 0.000000 0.000000 
71342414368279 0.000000 0.000000 0.000000 
71342433125831 0.000000 0.000000 0.000000 
71342451883331 0.000000 0.000000 0.000000 
71342470640883 0.000000 0.000000 0.000000 
71342489398435 0.000000 0.000000 0.000000 
71342508155987 0.000000 0.000000 0.000000 
71342526913487 0.000000 0.000000 0.000000 
71342545671039 0.000000 0.000000 0.000000 
71342564428591 0.000000 0.000000 0.000000 
71342583186091 0.000000 0.000000 0.000000 
71342601943643 0.000000 0.000000 0.000000 
71342620701196 0.000000 0.000000 0.000000 
71342639458748 0.000000 0.000000 0.000000 
71342658216248 0.000000 0.000000 0.000000 
71342676973800 0.000000 0.000000 0.000000 
71342695731352 0.000000 0.000000 0.000000 
71342714488904 0.000000 0.000000 0.000000 
71342733246404 0.000000 0.000000 0.000000 
71342752003956 0.000000 0.000000 0.000000 
71342770761508 0.000000 0.000000 0.000000 
71342789519060 0.000000 0.000000 0.000000 
71342808276560 0.000000 0.000000 0.000000 
71342827034112 0.000000 0.000000 0.000000 
71342845791664 0.000000 0.000000 0.000000 
71342864549164 0.000000 0.000000 0.000000 
71342883306716 0.000000 0.000000 0.000000 
71342902064268 0.000000 0.000000 0.000000 
71342920821821 0.000000 0.000000 0.000000 
71342939579321 0.000000 0.000000 0.000000 
71342958336873 0.000000 0.000000 0.000000 
71342977094425 0.000000 0.000000 0.000000 
71342995851977 0.000000 0.000000 0.000000 
71343014609477 0.000000 0.000000 0.000000 
71343033367029 0.000000 0.000000 0.000000 
71343052124581 0.000000 0.000000 0.000000 
71343070882081 0.000000 0.000000 0.000000 
71343089639633 0.000000 0.000000 0.000000 
71343108397185 0.000000 0.000000 0.000000 
71343127154737 0.000000 0.000000 0.000000 
71343145912237 0.000000 0.000000 0.000000 
71343164669789 0.000000 0.000000 0.000000 
71343183427341 0.000000 0.000000 0.000000 
71343202184893 0.000000 0.000000 0.000000 
71343220942341 0.000000 0.000000 0.000000 
71343239699946 0.000000 0.000000 0.000000 
71343258457498 0.000000 0.000000 0.000000 
71343277214998 0.000000 0.000000 0.000000 
71343295972550 0.000000 0.000000 0.000000 
71343314730102 0.000000 0.000000 0.000000 
71343333487654 0.000000 0.000000 0.000000 
71343352245154 0.000000 0.000000 0.000000 
71343371002706 0.000000 0.000000 0.000000 
71343389760258 0.000000 0.000000 0.000000 
71343408517810 0.000000 0.000000 0.000000 
71343427275310 0.000000 0.000000 0.000000 
71343446032862 0.000000 0.000000 0.000000 
71343464790414 0.000000 0.000000 0.000000 
71343483547966 0.000000 0.000000 0.000000 
71343502305466 0.000000 0.000000 0.000000 
71343521063018 0.000000 0.000000 0.000000 
71343539820571 0.000000 0.000000 0.000000 
71343558578071 0.000000 0.000000 0.000000 
71343577335623 0.000000 0.000000 0.000000 
71343596093175 0.000000 0.000000 0.000000 
71343614850727 0.000000 0.000000 0.000000 
71343633608279 0.000000 0.000000 0.000000 
71343652365779 0.000000 0.000000 0.000000 
71343671123331 0.000000 0.000000 0.000000 
71343689880883 0.000000 0.000000 0.000000 
71343708638435 0.000000 0.000000 0.000000 
71343727395935 0.000000 0.000000 0.000000 
71343746153487 0.000000 0.000000 0.000000 
71343764911039 0.000000 0.000000 0.000000 
71343783668591 0.000000 0.000000 0.000000 
71343802426143 0.000000 0.000000 0.000000 
71343821183696 0.000000 0.000000 0.000000 
71343839941196 0.000000 0.000000 0.000000 
71343858698748 0.000000 0.000000 0.000000 
71343877456300 0.000000 0.000000 0.000000 
71343896213852 0.000000 0.000000 0.000000 
71343914971404 0.000000 0.000000 0.000000 
71343933728956 0.000000 0.000000 0.000000 
71343952486456 0.000000 0.000000 0.000000 
71343971244008 0.000000 0.000000 0.000000 
71343990001560 0.000000 0.000000 0.000000 
71344008759112 0.000000 0.000000 0.000000 
71344027516664 0.000000 0.000000 0.000000 
71344046274216 0.000000 0.000000 0.000000 
71344065031768 0.000000 0.000000 0.000000 
71344083789268 0.000000 0.000000 0.000000 
71344102546873 0.000000 0.000000 0.000000 
71344121304425 0.000000 0.000000 0.000000 
71344140061977 0.000000 0.000000 0.000000 
71344158819529 0.000000 0.000000 0.000000 
71344177577029 0.000000 0.000000 0.000000 
71344196334581 0.000000 0.000000 0.000000 
71344215092133 0.000000 0.000000 0.000000 
71344233849685 0.000000 0.000000 0.000000 
71344252607237 0.000000 0.000000 0.000000 
71344271364841 0.000000 0.000000 0.000000 
71344290122341 0.000000 0.000000 0.000000 
71344308879946 0.000000 0.000000 0.000000 
71344327637498 0.000000 0.000000 0.000000 
71344346395050 0.000000 0.000000 0.000000 
71344365152602 0.000000 0.000000 0.000000 
71344383910154 0.000000 0.000000 0.000000 
71344402667706 0.000000 0.000000 0.000000 
71344421425258 0.000000 0.000000 0.000000 
71344440182810 0.000000 0.000000 0.000000 
71344458940362 0.000000 0.000000 0.000000 
71344477697914 0.000000 0.000000 0.000000 
71344496455466 0.000000 0.000000 0.000000 
71344515213018 0.000000 0.000000 0.000000 
71344533970571 0.000000 0.000000 0.000000 
71344552728175 0.000000 0.000000 0.000000 
71344571485727 0.000000 0.000000 0.000000 
71344590243279 0.000000 0.000000 0.000000 
71344609000831 0.000000 0.000000 0.000000 
71344627758383 0.000000 0.000000 0.000000 
71344646515935 0.000000 0.000000 0.000000 
71344665273539 0.000000 0.000000 0.000000 
71344684031091 0.000000 0.000000 0.000000 
71344702788643 0.000000 0.000000 0.000000 
71344721546196 0.000000 0.000000 0.000000 
71344740303696 0.000000 0.000000 0.000000 
71344759061352 0.000000 0.000000 0.000000 
71344777818852 0.000000 0.000000 0.000000 
71344796576456 0.000000 0.000000 0.000000 
71344815334008 0.000000 0.000000 0.000000 
71344834091612 0.000000 0.000000 0.000000 
71344852849164 0.000000 0.000000 0.000000 
71344871606716 0.000000 0.000000 0.000000 
71344890364321 0.000000 0.000000 0.000000 
71344909121873 0.000000 0.000000 0.000000 
71344927879425 0.000000 0.000000 0.000000 
71344946637029 0.000000 0.000000 0.000000 
71344965394581 0.000000 0.000000 0.000000 
71344984152133 0.000000 0.000000 0.000000 
71345002909737 0.000000 0.000000 0.000000 
71345021667289 0.000000 0.000000 0.000000 
71345040424321 0.000000 0.000000 0.000000 
71345060176612 0.000000 0.000000 0.000000 
71345078934112 0.000000 0.000000 0.000000 
71345097691716 0.000000 0.000000 0.000000 
71345116449321 0.000000 0.000000 0.000000 
71345135206925 0.000000 0.000000 0.000000 
71345153964425 0.000000 0.000000 0.000000 
71345172722029 0.000000 0.000000 0.000000 
71345191479633 0.000000 0.000000 0.000000 
71345210237133 0.000000 0.000000 0.000000 
71345228994737 0.000000 0.000000 0.000000 
71345247752341 0.000000 0.000000 0.000000 
71345266509946 0.000000 0.000000 0.000000 
71345285267446 0.000000 0.000000 0.000000 
71345304025050 0.000000 0.000000 0.000000 
71345322782654 0.000000 0.000000 0.000000 
71345341540258 0.000000 0.000000 0.000000 
71345360297758 0.000000 0.000000 0.000000 
71345379055362 0.000000 0.000000 0.000000 
71345397812966 0.000000 0.000000 0.000000 
71345416570571 0.000000 0.000000 0.000000 
71345435328175 0.000000 0.000000 0.000000 
71345454085675 0.000000 0.000000 0.000000 
71345472843279 0.000000 0.000000 0.000000 
71345491600883 0.000000 0.000000 0.000000 
71345510358487 0.000000 0.000000 0.000000 
71345529116091 0.000000 0.000000 0.000000 
71345547873591 0.000000 0.000000 0.000000 
71345566631196 0.000000 0.000000 0.000000 
71345585388800 0.000000 0.000000 0.000000 
71345604146404 0.000000 0.000000 0.000000 
71345622904008 0.000000 0.000000 0.000000 
71345641661508 0.000000 0.000000 0.000000 
71345660419112 0.000000 0.000000 0.000000 
71345679176716 0.000000 0.000000 0.000000 
71345697934321 0.000000 0.000000 0.000000 
71345716691925 0.000000 0.000000 0.000000 
71345735449529 0.000000 0.000000 0.000000 
71345754207133 0.000000 0.000000 0.000000 
71345772964737 0.000000 0.000000 0.000000 
71345791722237 0.000000 0.000000 0.000000 
71345810479841 0.000000 0.000000 0.000000 
71345829237446 0.000000 0.000000 0.000000 
71345847995050 0.000000 0.000000 0.000000 
71345866752654 0.000000 0.000000 0.000000 
71345885510258 0.000000 0.000000 0.000000 
71345904267862 0.000000 0.000000 0.000000 
71345923025466 0.000000 0.000000 0.000000 
71345941783071 0.000000 0.000000 0.000000 
71345960540675 0.000000 0.000000 0.000000 
71345979298175 0.000000 0.000000 0.000000 
71345998055779 0.000000 0.000000 0.000000 
71346016813383 0.000000 0.000000 0.000000 
71346035570987 0.000000 0.000000 0.000000 
71346054328591 0.000000 0.000000 0.000000 
71346073086196 0.000000 0.000000 0.000000 
71346091843800 0.000000 0.000000 0.000000 
71346110601404 0.000000 0.000000 0.000000 
71346129359008 0.000000 0.000000 0.000000 
71346148116612 0.000000 0.000000 0.000000 
71346166874216 0.000000 0.000000 0.000000 
71346185631821 0.000000 0.000000 0.000000 
71346204389425 0.000000 0.000000 0.000000 
71346223147029 0.000000 0.000000 0.000000 
71346241904633 0.000000 0.000000 0.000000 
71346260662237 0.000000 0.000000 0.000000 
71346279419841 0.000000 0.000000 0.000000 
71346298177446 0.000000 0.000000 0.000000 
71346316935050 0.000000 0.000000 0.000000 
71346335692654 0.000000 0.000000 0.000000 
71346354450258 0.000000 0.000000 0.000000 
71346373207862 0.000000 0.000000 0.000000 
71346391965571 0.000000 0.000000 0.000000 
71346410723071 0.000000 0.000000 0.000000 
71346429480779 0.000000 0.000000 0.000000 
71346448238383 0.000000 0.000000 0.000000 
71346466995987 0.000000 0.000000 0.000000 
71346485753591 0.000000 0.000000 0.000000 
71346504511196 0.000000 0.000000 0.000000 
71346523268800 0.000000 0.000000 0.000000 
71346542026404 0.000000 0.000000 0.000000 
71346560784008 0.000000 0.000000 0.000000 
71346579541716 0.000000 0.000000 0.000000 
71346598299321 0.000000 0.000000 0.000000 
71346617056821 0.000000 0.000000 0.000000 
71346635814529 0.000000 0.000000 0.000000 
71346654572133 0.000000 0.000000 0.000000 
71346673329737 0.000000 0.000000 0.000000 
71346692087446 0.000000 0.000000 0.000000 
71346710845050 0.000000 0.000000 0.000000 
71346729602654 0.000000 0.000000 0.000000 
71346748360258 0.000000 0.000000 0.000000 
71346767117862 0.000000 0.000000 0.000000 
71346785875571 0.000000 0.000000 0.000000 
71346804633175 0.000000 0.000000 0.000000 
71346823390779 0.000000 0.000000 0.000000 
71346842148383 0.000000 0.000000 0.000000 
71346860906091 0.000000 0.000000 0.000000 
71346879663696 0.000000 0.000000 0.000000 
71346898421300 0.000000 0.000000 0.000000 
71346917178904 0.000000 0.000000 0.000000 
71346935936612 0.000000 0.000000 0.000000 
71346954694216 0.000000 0.000000 0.000000 
71346973451821 0.000000 0.000000 0.000000 
71346992209529 0.000000 0.000000 0.000000 
71347010967133 0.000000 0.000000 0.000000 
71347029724737 0.000000 0.000000 0.000000 
71347048482446 0.000000 0.000000 0.000000 
71347067240050 0.000000 0.000000 0.000000 
71347085997654 0.000000 0.000000 0.000000 
71347104755362 0.000000 0.000000 0.000000 
71347123512966 0.000000 0.000000 0.000000 
71347142270571 0.000000 0.000000 0.000000 
71347161028279 0.000000 0.000000 0.000000 
71347179785883 0.000000 0.000000 0.000000 
71347198543591 0.000000 0.000000 0.000000 
71347217301196 0.000000 0.000000 0.000000 
71347236058800 0.000000 0.000000 0.000000 
71347254816508 0.000000 0.000000 0.000000 
71347273574112 0.000000 0.000000 0.000000 
71347292331821 0.000000 0.000000 0.000000 
71347311089425 0.000000 0.000000 0.000000 
71347329847133 0.000000 0.000000 0.000000 
71347348604737 0.000000 0.000000 0.000000 
71347367362341 0.000000 0.000000 0.000000 
71347386120050 0.000000 0.000000 0.000000 
71347404877654 0.000000 0.000000 0.000000 
71347423635362 0.000000 0.000000 0.000000 
71347442392966 0.000000 0.000000 0.000000 
71347461150675 0.000000 0.000000 0.000000 
71347479908279 0.000000 0.000000 0.000000 
71347498665987 0.000000 0.000000 0.000000 
71347517423591 0.000000 0.000000 0.000000 
71347536181300 0.000000 0.000000 0.000000 
71347554939008 0.000000 0.000000 0.000000 
71347573696612 0.000000 0.000000 0.000000 
71347592454321 0.000000 0.000000 0.000000 
71347611211925 0.000000 0.000000 0.000000 
71347629969633 0.000000 0.000000 0.000000 
71347648727237 0.000000 0.000000 0.000000 
71347667484946 0.000000 0.000000 0.000000 
71347686242654 0.000000 0.000000 0.000000 
71347705000258 0.000000 0.000000 0.000000 
71347723757966 0.000000 0.000000 0.000000 
71347742515571 0.000000 0.000000 0.000000 
71347761273279 0.000000 0.000000 0.000000 
71347780030987 0.000000 0.000000 0.000000 
71347798788591 0.000000 0.000000 0.000000 
71347817546300 0.000000 0.000000 0.000000 
71347836304008 0.000000 0.000000 0.000000 
71347855061716 0.000000 0.000000 0.000000 
71347873819321 0.000000 0.000000 0.000000 
71347892577029 0.000000 0.000000 0.000000 
71347911334737 0.000000 0.000000 0.000000 
71347930092341 0.000000 0.000000 0.000000 
71347948850050 0.000000 0.000000 0.000000 
71347967607758 0.000000 0.000000 0.000000 
71347986365466 0.000000 0.000000 0.000000 
71348005123071 0.000000 0.000000 0.000000 
71348023880779 0.000000 0.000000 0.000000 
71348042638487 0.000000 0.000000 0.000000 
71348061396196 0.000000 0.000000 0.000000 
71348080153800 0.000000 0.000000 0.000000 
71348098911508 0.000000 0.000000 0.000000 
71348117669216 0.000000 0.000000 0.000000 
71348136426925 0.000000 0.000000 0.000000 
71348155184633 0.000000 0.000000 0.000000 
71348173942341 0.000000 0.000000 0.000000 
71348192699946 0.000000 0.000000 0.000000 
71348211457654 0.000000 0.000000 0.000000 
71348230215362 0.000000 0.000000 0.000000 
71348248973071 0.000000 0.000000 0.000000 
71348267730779 0.000000 0.000000 0.000000 
71348286488383 0.000000 0.000000 0.000000 
71348305246196 0.000000 0.000000 0.000000 
71348324003904 0.000000 0.000000 0.000000 
71348342761612 0.000000 0.000000 0.000000 
71348361519321 0.000000 0.000000 0.000000 
71348380277029 0.000000 0.000000 0.000000 
71348399034633 0.000000 0.000000 0.000000 
71348417792341 0.000000 0.000000 0.000000 
71348436550050 0.000000 0.000000 0.000000 
71348455307758 0.000000 0.000000 0.000000 
71348474065466 0.000000 0.000000 0.000000 
71348492823175 0.000000 0.000000 0.000000 
71348511580883 0.000000 0.000000 0.000000 
71348530338591 0.000000 0.000000 0.000000 
71348549096300 0.000000 0.000000 0.000000 
71348567854008 0.000000 0.000000 0.000000 
71348586611821 0.000000 0.000000 0.000000 
71348605369529 0.000000 0.000000 0.000000 
71348624127237 0.000000 0.000000 0.000000 
71348642884841 0.000000 0.000000 0.000000 
71348661642654 0.000000 0.000000 0.000000 
71348680400362 0.000000 0.000000 0.000000 
71348699158071 0.000000 0.000000 0.000000 
71348717915779 0.000000 0.000000 0.000000 
71348736673487 0.000000 0.000000 0.000000 
71348755431196 0.000000 0.000000 0.000000 
71348774188904 0.000000 0.000000 0.000000 
71348792946716 0.000000 0.000000 0.000000 
71348811704425 0.000000 0.000000 0.000000 
71348830462133 0.000000 0.000000 0.000000 
71348849219841 0.000000 0.000000 0.000000 
71348867977550 0.000000 0.000000 0.000000 
71348886735258 0.000000 0.000000 0.000000 
71348905493071 0.000000 0.000000 0.000000 
71348924250779 0.000000 0.000000 0.000000 
71348943008487 0.000000 0.000000 0.000000 
71348961766196 0.000000 0.000000 0.000000 
71348980523904 0.000000 0.000000 0.000000 
71348999281716 0.000000 0.000000 0.000000 
71349018039425 0.000000 0.000000 0.000000 
