# Created at Fri Jan 31 08:35:36 GMT+01:00 2025 in Burnaby Canada 
71306343403198 0.003390 0.005565 0.004777 
71306362160802 0.003390 0.005565 0.004777 
71306380918406 0.003390 0.005565 0.004777 
71306399676010 0.003390 0.005565 0.004777 
71306418433614 0.003390 0.005565 0.004777 
71306437191218 0.003390 0.005565 0.004777 
71306455948718 0.003390 0.005565 0.004777 
71306474706323 0.003390 0.005565 0.004777 
71306493463927 0.003390 0.005565 0.004777 
71306512221531 0.003390 0.005565 0.004777 
71306530979135 0.003390 0.005565 0.004777 
71306549736739 0.003390 0.005565 0.004777 
71306568494343 0.003390 0.005565 0.004777 
71306587251948 0.003390 0.005565 0.004777 
71306606009552 0.003390 0.005565 0.004777 
71306624767156 0.003390 0.005565 0.004777 
71306643524656 0.003390 0.005565 0.004777 
71306662282260 0.003390 0.005565 0.004777 
71306681039864 0.003390 0.005565 0.004777 
71306699797468 0.003390 0.005565 0.004777 
71306718555073 0.003390 0.005565 0.004777 
71306737312677 0.003390 0.005565 0.004777 
71306756070281 0.003390 0.005565 0.004777 
71306774827885 0.003390 0.005565 0.004777 
71306793585489 0.003390 0.005565 0.004777 
71306812342989 0.003390 0.005565 0.004777 
71306831100593 0.003390 0.005565 0.004777 
71306849858198 0.003390 0.005565 0.004777 
71306868615802 0.003390 0.005565 0.004777 
71306887373406 0.003390 0.005565 0.004777 
71306906131010 0.003390 0.005565 0.004777 
71306924888614 0.003390 0.005565 0.004777 
71306943646218 0.003390 0.005565 0.004777 
71306962403823 0.003390 0.005565 0.004777 
71306981161427 0.003390 0.005565 0.004777 
71306999918927 0.003390 0.005565 0.004777 
71307018676531 0.003390 0.005565 0.004777 
71307037434135 0.003390 0.005565 0.004777 
71307056191739 0.003390 0.005565 0.004777 
71307074949343 0.003390 0.005565 0.004777 
71307093706948 0.003390 0.005565 0.004777 
71307112464552 0.003390 0.005565 0.004777 
71307131222156 0.003390 0.005565 0.004777 
71307149979760 0.003390 0.005565 0.004777 
71307168737260 0.003390 0.005565 0.004777 
71307187494864 0.003390 0.005565 0.004777 
71307206252468 0.003390 0.005565 0.004777 
71307225010073 0.003390 0.005565 0.004777 
71307243767677 0.003390 0.005565 0.004777 
71307262525281 0.003390 0.005565 0.004777 
71307281282885 0.003390 0.005565 0.004777 
71307300040489 0.003390 0.005565 0.004777 
71307318798093 0.003390 0.005565 0.004777 
71307337555698 0.003390 0.005565 0.004777 
71307356313302 0.003390 0.005565 0.004777 
71307375070802 0.003390 0.005565 0.004777 
71307393828406 0.003390 0.005565 0.004777 
71307412586010 0.003390 0.005565 0.004777 
71307431343614 0.003390 0.005565 0.004777 
71307450101218 0.003390 0.005565 0.004777 
71307468858823 0.003390 0.005565 0.004777 
71307487616427 0.003390 0.005565 0.004777 
71307506374031 0.003390 0.005565 0.004777 
71307525131635 0.003390 0.005565 0.004777 
71307543889239 0.003390 0.005565 0.004777 
71307562646843 0.003390 0.005565 0.004777 
71307581404448 0.003390 0.005565 0.004777 
71307600162052 0.003390 0.005565 0.004777 
71307618919656 0.003390 0.005565 0.004777 
71307637677156 0.003390 0.005565 0.004777 
71307656434760 0.003390 0.005565 0.004777 
71307675192364 0.003390 0.005565 0.004777 
71307693949968 0.003390 0.005565 0.004777 
71307712707573 0.003390 0.005565 0.004777 
71307731465177 0.003390 0.005565 0.004777 
71307750222781 0.003390 0.005565 0.004777 
71307768980385 0.003390 0.005565 0.004777 
71307787737989 0.003390 0.005565 0.004777 
71307806495593 0.003390 0.005565 0.004777 
71307825253198 0.003390 0.005565 0.004777 
71307844010802 0.003390 0.005565 0.004777 
71307862768406 0.003390 0.005565 0.004777 
71307881526010 0.003390 0.005565 0.004777 
71307900283614 0.003390 0.005565 0.004777 
71307919041114 0.003390 0.005565 0.004777 
71307937798823 0.003390 0.005565 0.004777 
71307956556323 0.003390 0.005565 0.004777 
71307975314031 0.003390 0.005565 0.004777 
71307994071635 0.003390 0.005565 0.004777 
71308012829135 0.003390 0.005565 0.004777 
71308066759916 0.003390 0.005565 0.004777 
71308085517573 0.003390 0.005565 0.004777 
71308104275177 0.003390 0.005565 0.004777 
71308123032781 0.003390 0.005565 0.004777 
71308141790385 0.003390 0.005565 0.004777 
71308160547989 0.003390 0.005565 0.004777 
71308179305593 0.003390 0.005565 0.004777 
71308198063198 0.003390 0.005565 0.004777 
71308216820802 0.003390 0.005565 0.004777 
71308235578406 0.003390 0.005565 0.004777 
71308254336010 0.003390 0.005565 0.004777 
71308273093562 0.003390 0.005565 0.004777 
71308291850854 0.003390 0.005565 0.004777 
71308310608875 0.003390 0.005565 0.004777 
71308329366479 0.003390 0.005565 0.004777 
71308348124083 0.003390 0.005565 0.004777 
71308366881687 0.003390 0.005565 0.004777 
71308385639239 0.003390 0.005565 0.004777 
71308404396896 0.003390 0.005565 0.004777 
71308423154500 0.003390 0.005565 0.004777 
71308441912156 0.003390 0.005565 0.004777 
71308460669760 0.003390 0.005565 0.004777 
71308479427364 0.003390 0.005565 0.004777 
71308498184968 0.003390 0.005565 0.004777 
71308516942573 0.003390 0.005565 0.004777 
71308535700229 0.003390 0.005565 0.004777 
71308554457833 0.003390 0.005565 0.004777 
71308573215437 0.003390 0.005565 0.004777 
71308591973041 0.003390 0.005565 0.004777 
71308610730698 0.003390 0.005565 0.004777 
71308629488302 0.003390 0.005565 0.004777 
71308648245906 0.003390 0.005565 0.004777 
71308667003510 0.003390 0.005565 0.004777 
71308685761166 0.003390 0.005565 0.004777 
71308704518771 0.003390 0.005565 0.004777 
71308723276375 0.003390 0.005565 0.004777 
71308742034031 0.003390 0.005565 0.004777 
71308760791635 0.003390 0.005565 0.004777 
71308779549239 0.003390 0.005565 0.004777 
71308798306896 0.003390 0.005565 0.004777 
71308817064500 0.003390 0.005565 0.004777 
71308835822104 0.003390 0.005565 0.004777 
71308854579760 0.003390 0.005565 0.004777 
71308873337364 0.003390 0.005565 0.004777 
71308892095021 0.003390 0.005565 0.004777 
71308910852625 0.003390 0.005565 0.004777 
71308929610229 0.003390 0.005565 0.004777 
71308948367885 0.003390 0.005565 0.004777 
71308967125489 0.003390 0.005565 0.004777 
71308985883146 0.003390 0.005565 0.004777 
71309004640750 0.003390 0.005565 0.004777 
71309023398406 0.003390 0.005565 0.004777 
71309042156010 0.003390 0.005565 0.004777 
71309060913666 0.003390 0.005565 0.004777 
71309079671271 0.003390 0.005565 0.004777 
71309098428927 0.003390 0.005565 0.004777 
71309117186531 0.003390 0.005565 0.004777 
71309135944187 0.003390 0.005565 0.004777 
71309154701791 0.003390 0.005565 0.004777 
71309173459448 0.003390 0.005565 0.004777 
71309192217104 0.003390 0.005565 0.004777 
71309210974708 0.003390 0.005565 0.004777 
71309229732364 0.003390 0.005565 0.004777 
71309248489968 0.003390 0.005565 0.004777 
71309267247625 0.003390 0.005565 0.004777 
71309286005229 0.003390 0.005565 0.004777 
71309304762885 0.003390 0.005565 0.004777 
71309323520541 0.003390 0.005565 0.004777 
71309342278146 0.003390 0.005565 0.004777 
71309361035802 0.003390 0.005565 0.004777 
71309379793458 0.003390 0.005565 0.004777 
71309398551062 0.003390 0.005565 0.004777 
71309417308718 0.003390 0.005565 0.004777 
71309436066375 0.003390 0.005565 0.004777 
71309454823979 0.003390 0.005565 0.004777 
71309473581635 0.003390 0.005565 0.004777 
71309492339291 0.003390 0.005565 0.004777 
71309511096948 0.003390 0.005565 0.004777 
71309529854552 0.003390 0.005565 0.004777 
71309548612208 0.003390 0.005565 0.004777 
71309567369864 0.003390 0.005565 0.004777 
71309586127521 0.003390 0.005565 0.004777 
71309604885125 0.003390 0.005565 0.004777 
71309623642781 0.003390 0.005565 0.004777 
71309642400385 0.003390 0.005565 0.004777 
71309661158093 0.003390 0.005565 0.004777 
71309679915750 0.003390 0.005565 0.004777 
71309698673406 0.003390 0.005565 0.004777 
71309717431010 0.003390 0.005565 0.004777 
71309736188666 0.003390 0.005565 0.004777 
71309754946323 0.003390 0.005565 0.004777 
71309773703927 0.003390 0.005565 0.004777 
71309792461635 0.003390 0.005565 0.004777 
71309811219291 0.003390 0.005565 0.004777 
71309829976948 0.003390 0.005565 0.004777 
71309848734604 0.003390 0.005565 0.004777 
71309867492260 0.003390 0.005565 0.004777 
71309886249916 0.003390 0.005565 0.004777 
71309905007573 0.003390 0.005565 0.004777 
71309923765229 0.003390 0.005565 0.004777 
71309942522833 0.003390 0.005565 0.004777 
71309961280489 0.003390 0.005565 0.004777 
71309980038146 0.003390 0.005565 0.004777 
71309998795802 0.003390 0.005565 0.004777 
71310017553458 0.003390 0.005565 0.004777 
71310036311166 0.003390 0.005565 0.004777 
71310055068823 0.003390 0.005565 0.004777 
71310073826479 0.003390 0.005565 0.004777 
71310092584135 0.003390 0.005565 0.004777 
71310111341791 0.003390 0.005565 0.004777 
71310130099448 0.003390 0.005565 0.004777 
71310148857104 0.003390 0.005565 0.004777 
71310167614760 0.003390 0.005565 0.004777 
71310186372416 0.003390 0.005565 0.004777 
71310205130073 0.003390 0.005565 0.004777 
71310223887729 0.003390 0.005565 0.004777 
71310242645385 0.003390 0.005565 0.004777 
71310261403041 0.003390 0.005565 0.004777 
71310280160750 0.003390 0.005565 0.004777 
71310298918406 0.003390 0.005565 0.004777 
71310317676062 0.003390 0.005565 0.004777 
71310336433718 0.003390 0.005565 0.004777 
71310355191375 0.003390 0.005565 0.004777 
71310373949031 0.003390 0.005565 0.004777 
71310392706739 0.003390 0.005565 0.004777 
71310411464396 0.003390 0.005565 0.004777 
71310430222052 0.003390 0.005565 0.004777 
71310448979708 0.003390 0.005565 0.004777 
71310467737416 0.003390 0.005565 0.004777 
71310486495073 0.003390 0.005565 0.004777 
71310505252729 0.003390 0.005565 0.004777 
71310524010385 0.003390 0.005565 0.004777 
71310542768041 0.003390 0.005565 0.004777 
71310561525750 0.003390 0.005565 0.004777 
71310580283406 0.003390 0.005565 0.004777 
71310599041062 0.003390 0.005565 0.004777 
71310617798771 0.003390 0.005565 0.004777 
71310636556427 0.003390 0.005565 0.004777 
71310655314083 0.003390 0.005565 0.004777 
71310674071791 0.003390 0.005565 0.004777 
71310692829448 0.003390 0.005565 0.004777 
71310711587104 0.003390 0.005565 0.004777 
71310730344760 0.003390 0.005565 0.004777 
71310749102468 0.003390 0.005565 0.004777 
71310767860125 0.003390 0.005565 0.004777 
71310786617781 0.003390 0.005565 0.004777 
71310805375489 0.003390 0.005565 0.004777 
71310824133146 0.003390 0.005565 0.004777 
71310842890802 0.003390 0.005565 0.004777 
71310861648510 0.003390 0.005565 0.004777 
71310880406166 0.003390 0.005565 0.004777 
71310899163875 0.003390 0.005565 0.004777 
71310917921531 0.003390 0.005565 0.004777 
71310936679239 0.003390 0.005565 0.004777 
71310955436896 0.003390 0.005565 0.004777 
71310974194552 0.003390 0.005565 0.004777 
71310992952260 0.003390 0.005565 0.004777 
71311011709916 0.003390 0.005565 0.004777 
71311030467625 0.003390 0.005565 0.004777 
71311049225281 0.003390 0.005565 0.004777 
71311067982989 0.003390 0.005565 0.004777 
71311086740646 0.003390 0.005565 0.004777 
71311105498302 0.003390 0.005565 0.004777 
71311124256010 0.003390 0.005565 0.004777 
71311143013666 0.003390 0.005565 0.004777 
71311161771375 0.003390 0.005565 0.004777 
71311180529031 0.003390 0.005565 0.004777 
71311199286739 0.003390 0.005565 0.004777 
71311218044396 0.003390 0.005565 0.004777 
71311236802104 0.003390 0.005565 0.004777 
71311255559760 0.003390 0.005565 0.004777 
71311274317468 0.003390 0.005565 0.004777 
71311293075125 0.003390 0.005565 0.004777 
71311311832833 0.003390 0.005565 0.004777 
71311330590489 0.003390 0.005565 0.004777 
71311349348198 0.003390 0.005565 0.004777 
71311368105906 0.003390 0.005565 0.004777 
71311386863562 0.003390 0.005565 0.004777 
71311405621218 0.003390 0.005565 0.004777 
71311424378927 0.003390 0.005565 0.004777 
71311443136635 0.003390 0.005565 0.004777 
71311461894291 0.003390 0.005565 0.004777 
71311480652000 0.003390 0.005565 0.004777 
71311499409656 0.003390 0.005565 0.004777 
71311518167364 0.003390 0.005565 0.004777 
71311536925021 0.003390 0.005565 0.004777 
71311555682729 0.003390 0.005565 0.004777 
71311574440385 0.003390 0.005565 0.004777 
71311593198093 0.003390 0.005565 0.004777 
71311611955750 0.003390 0.005565 0.004777 
71311630713458 0.003390 0.005565 0.004777 
71311649471166 0.003390 0.005565 0.004777 
71311668228823 0.003390 0.005565 0.004777 
71311686986531 0.003390 0.005565 0.004777 
71311705744187 0.003390 0.005565 0.004777 
71311724501896 0.003390 0.005565 0.004777 
71311743259552 0.003390 0.005565 0.004777 
71311762017260 0.003390 0.005565 0.004777 
71311780774968 0.003390 0.005565 0.004777 
71311799532625 0.003390 0.005565 0.004777 
71311818290333 0.003390 0.005565 0.004777 
71311837047989 0.003390 0.005565 0.004777 
71311855805698 0.003390 0.005565 0.004777 
71311874563354 0.003390 0.005565 0.004777 
71311893321062 0.003390 0.005565 0.004777 
71311912078771 0.003390 0.005565 0.004777 
71311930836427 0.003390 0.005565 0.004777 
71311949594135 0.003390 0.005565 0.004777 
71311968351791 0.003390 0.005565 0.004777 
71311987109500 0.003390 0.005565 0.004777 
71312005867208 0.003390 0.005565 0.004777 
71312024624760 0.003390 0.005565 0.004777 
71312043382573 0.003390 0.005565 0.004777 
71312062140229 0.003390 0.005565 0.004777 
71312080897937 0.003390 0.005565 0.004777 
71312099655646 0.003390 0.005565 0.004777 
71312118413302 0.003390 0.005565 0.004777 
71312137171010 0.003390 0.005565 0.004777 
71312155928718 0.003390 0.005565 0.004777 
71312174686375 0.003390 0.005565 0.004777 
71312193444083 0.003390 0.005565 0.004777 
71312212201791 0.003390 0.005565 0.004777 
71312230959448 0.003390 0.005565 0.004777 
71312249717156 0.003390 0.005565 0.004777 
71312268474812 0.003390 0.005565 0.004777 
71312287232521 0.003390 0.005565 0.004777 
71312305990229 0.003390 0.005565 0.004777 
71312324747885 0.003390 0.005565 0.004777 
71312343505593 0.003390 0.005565 0.004777 
71312362263250 0.003390 0.005565 0.004777 
71312381020958 0.003390 0.005565 0.004777 
71312399778666 0.003390 0.005565 0.004777 
71312418536323 0.003390 0.005565 0.004777 
71312437294031 0.003390 0.005565 0.004777 
71312456051739 0.003390 0.005565 0.004777 
71312474809396 0.003390 0.005565 0.004777 
71312493567104 0.003390 0.005565 0.004777 
71312512324812 0.003390 0.005565 0.004777 
71312531082468 0.003390 0.005565 0.004777 
71312549840177 0.003390 0.005565 0.004777 
71312568597885 0.003390 0.005565 0.004777 
71312587355541 0.003390 0.005565 0.004777 
71312606113250 0.003390 0.005565 0.004777 
71312624870958 0.003390 0.005565 0.004777 
71312643628614 0.003390 0.005565 0.004777 
71312662386323 0.003390 0.005565 0.004777 
71312681144031 0.003390 0.005565 0.004777 
71312699901687 0.003390 0.005565 0.004777 
71312718659396 0.003390 0.005565 0.004777 
71312737417052 0.003390 0.005565 0.004777 
71312756174760 0.003390 0.005565 0.004777 
71312774932416 0.003390 0.005565 0.004777 
71312793690125 0.003390 0.005565 0.004777 
71312812447833 0.003390 0.005565 0.004777 
71312831205541 0.003390 0.005565 0.004777 
71312849963198 0.003390 0.005565 0.004777 
71312868720906 0.003390 0.005565 0.004777 
71312887478614 0.003390 0.005565 0.004777 
71312906236271 0.003390 0.005565 0.004777 
71312924993979 0.003390 0.005565 0.004777 
71312943751687 0.003390 0.005565 0.004777 
71312962509396 0.003390 0.005565 0.004777 
71312981267052 0.003390 0.005565 0.004777 
71313000024760 0.003390 0.005565 0.004777 
71313018782416 0.003390 0.005565 0.004777 
71313037540125 0.003390 0.005565 0.004777 
71313056297833 0.003390 0.005565 0.004777 
71313075055489 0.003390 0.005565 0.004777 
71313093813198 0.003390 0.005565 0.004777 
71313112570906 0.003390 0.005565 0.004777 
71313131328562 0.003390 0.005565 0.004777 
71313150086271 0.003390 0.005565 0.004777 
71313168843927 0.003390 0.005565 0.004777 
71313187601635 0.003390 0.005565 0.004777 
71313206359291 0.003390 0.005565 0.004777 
71313225117000 0.003390 0.005565 0.004777 
71313243874708 0.003390 0.005565 0.004777 
71313262632416 0.003390 0.005565 0.004777 
71313281390073 0.003390 0.005565 0.004777 
71313300147781 0.003390 0.005565 0.004777 
71313318905437 0.003390 0.005565 0.004777 
71313337663146 0.003390 0.005565 0.004777 
71313356420854 0.003390 0.005565 0.004777 
71313375178510 0.003390 0.005565 0.004777 
71313393936218 0.003390 0.005565 0.004777 
71313412693927 0.003390 0.005565 0.004777 
71313431451583 0.003390 0.005565 0.004777 
71313450209291 0.003390 0.005565 0.004777 
71313468966948 0.003390 0.005565 0.004777 
71313487724656 0.003390 0.005565 0.004777 
71313506482364 0.003390 0.005565 0.004777 
71313525240021 0.003390 0.005565 0.004777 
71313543997729 0.003390 0.005565 0.004777 
71313562755437 0.003390 0.005565 0.004777 
71313581513093 0.003390 0.005565 0.004777 
71313600270802 0.003390 0.005565 0.004777 
71313619028458 0.003390 0.005565 0.004777 
71313637786166 0.003390 0.005565 0.004777 
71313656543875 0.003390 0.005565 0.004777 
71313675301531 0.003390 0.005565 0.004777 
71313694059239 0.003390 0.005565 0.004777 
71313712816896 0.003390 0.005565 0.004777 
71313731574604 0.003390 0.005565 0.004777 
71313750332312 0.003390 0.005565 0.004777 
71313769089968 0.003390 0.005565 0.004777 
71313787847677 0.003390 0.005565 0.004777 
71313806605333 0.003390 0.005565 0.004777 
71313825363041 0.003390 0.005565 0.004777 
71313844120698 0.003390 0.005565 0.004777 
71313862878406 0.003390 0.005565 0.004777 
71313881636114 0.003390 0.005565 0.004777 
71313900393771 0.003390 0.005565 0.004777 
71313919151479 0.003390 0.005565 0.004777 
71313937909135 0.003390 0.005565 0.004777 
71313956666843 0.003390 0.005565 0.004777 
71313975424500 0.003390 0.005565 0.004777 
71313994182208 0.003390 0.005565 0.004777 
71314012939916 0.003390 0.005565 0.004777 
71314031697573 0.003390 0.005565 0.004777 
71314050455281 0.003390 0.005565 0.004777 
71314069212937 0.003390 0.005565 0.004777 
71314087970646 0.003390 0.005565 0.004777 
71314106728302 0.003390 0.005565 0.004777 
71314125486010 0.003390 0.005565 0.004777 
71314144243666 0.003390 0.005565 0.004777 
71314163001375 0.003390 0.005565 0.004777 
71314181759031 0.003390 0.005565 0.004777 
71314200516739 0.003390 0.005565 0.004777 
71314219274396 0.003390 0.005565 0.004777 
71314238032104 0.003390 0.005565 0.004777 
71314256789760 0.003390 0.005565 0.004777 
71314275547468 0.003390 0.005565 0.004777 
71314294305125 0.003390 0.005565 0.004777 
71314313062833 0.003390 0.005565 0.004777 
71314331820489 0.003390 0.005565 0.004777 
71314350578198 0.003390 0.005565 0.004777 
71314369335854 0.003390 0.005565 0.004777 
71314388093562 0.003390 0.005565 0.004777 
71314406851218 0.003390 0.005565 0.004777 
71314425608927 0.003390 0.005565 0.004777 
71314444366583 0.003390 0.005565 0.004777 
71314463124291 0.003390 0.005565 0.004777 
71314481881948 0.003390 0.005565 0.004777 
71314500639656 0.003390 0.005565 0.004777 
71314519397312 0.003390 0.005565 0.004777 
71314538155021 0.003390 0.005565 0.004777 
71314556912677 0.003390 0.005565 0.004777 
71314575670385 0.003390 0.005565 0.004777 
71314594428041 0.003390 0.005565 0.004777 
71314613185750 0.003390 0.005565 0.004777 
71314631943406 0.003390 0.005565 0.004777 
71314650701114 0.003390 0.005565 0.004777 
71314669458771 0.003390 0.005565 0.004777 
71314688216479 0.003390 0.005565 0.004777 
71314706974135 0.003390 0.005565 0.004777 
71314725731843 0.003390 0.005565 0.004777 
71314744489500 0.003390 0.005565 0.004777 
71314763247208 0.003390 0.005565 0.004777 
71314782004864 0.003390 0.005565 0.004777 
71314800762521 0.003390 0.005565 0.004777 
71314819520229 0.003390 0.005565 0.004777 
71314838277885 0.003390 0.005565 0.004777 
71314857035593 0.003390 0.005565 0.004777 
71314875793250 0.003390 0.005565 0.004777 
71314894550906 0.003390 0.005565 0.004777 
71314913308614 0.003390 0.005565 0.004777 
71314932066271 0.003390 0.005565 0.004777 
71314950823979 0.003390 0.005565 0.004777 
71314969581635 0.003390 0.005565 0.004777 
71314988339343 0.003390 0.005565 0.004777 
71315007097000 0.003390 0.005565 0.004777 
71315025854656 0.003390 0.005565 0.004777 
71315044612364 0.003390 0.005565 0.004777 
71315063370021 0.003390 0.005565 0.004777 
71315082127729 0.003390 0.005565 0.004777 
71315100885333 0.003390 0.005565 0.004777 
71315119643041 0.003390 0.005565 0.004777 
71315138400750 0.003390 0.005565 0.004777 
71315157158406 0.003390 0.005565 0.004777 
71315175916062 0.003390 0.005565 0.004777 
71315194673771 0.003390 0.005565 0.004777 
71315213431427 0.003390 0.005565 0.004777 
71315232189135 0.003390 0.005565 0.004777 
71315250946791 0.003390 0.005565 0.004777 
71315269704448 0.003390 0.005565 0.004777 
71315288462156 0.003390 0.005565 0.004777 
71315307219812 0.003390 0.005565 0.004777 
71315325977468 0.003390 0.005565 0.004777 
71315344735177 0.003390 0.005565 0.004777 
71315363492833 0.003390 0.005565 0.004777 
71315382250489 0.003390 0.005565 0.004777 
71315401008198 0.003390 0.005565 0.004777 
71315419765854 0.003390 0.005565 0.004777 
71315438523510 0.003390 0.005565 0.004777 
71315457281218 0.003390 0.005565 0.004777 
71315476038875 0.003390 0.005565 0.004777 
71315494796531 0.003390 0.005565 0.004777 
71315513554239 0.003390 0.005565 0.004777 
71315532311896 0.003390 0.005565 0.004777 
71315551069552 0.003390 0.005565 0.004777 
71315569827260 0.003390 0.005565 0.004777 
71315588584916 0.003390 0.005565 0.004777 
71315607342573 0.003390 0.005565 0.004777 
71315626100281 0.003390 0.005565 0.004777 
71315644857937 0.003390 0.005565 0.004777 
71315663615593 0.003390 0.005565 0.004777 
71315682373250 0.003390 0.005565 0.004777 
71315701130958 0.003390 0.005565 0.004777 
71315719888562 0.003390 0.005565 0.004777 
71315738646271 0.003390 0.005565 0.004777 
71315757403979 0.003390 0.005565 0.004777 
71315776161635 0.003390 0.005565 0.004777 
71315794919291 0.003390 0.005565 0.004777 
71315813676948 0.003390 0.005565 0.004777 
71315832434656 0.003390 0.005565 0.004777 
71315851192312 0.003390 0.005565 0.004777 
71315869949968 0.003390 0.005565 0.004777 
71315888707677 0.003390 0.005565 0.004777 
71315907465333 0.003390 0.005565 0.004777 
71315926222989 0.003390 0.005565 0.004777 
71315944980646 0.003390 0.005565 0.004777 
71315963738354 0.003390 0.005565 0.004777 
71315982496010 0.003390 0.005565 0.004777 
71316001253666 0.003390 0.005565 0.004777 
71316020011323 0.003390 0.005565 0.004777 
71316038768979 0.003390 0.005565 0.004777 
71316057526687 0.003390 0.005565 0.004777 
71316076284343 0.003390 0.005565 0.004777 
71316095042000 0.003390 0.005565 0.004777 
71316113799656 0.003390 0.005565 0.004777 
71316132557364 0.003390 0.005565 0.004777 
71316151315021 0.003390 0.005565 0.004777 
71316170072677 0.003390 0.005565 0.004777 
71316188830333 0.003390 0.005565 0.004777 
71316207587937 0.003390 0.005565 0.004777 
71316226345698 0.003390 0.005565 0.004777 
71316245103354 0.003390 0.005565 0.004777 
71316263861010 0.003390 0.005565 0.004777 
71316282618666 0.003390 0.005565 0.004777 
71316301376323 0.003390 0.005565 0.004777 
71316320133979 0.003390 0.005565 0.004777 
71316338891687 0.003390 0.005565 0.004777 
71316357649343 0.003390 0.005565 0.004777 
71316376407000 0.003390 0.005565 0.004777 
71316395164656 0.003390 0.005565 0.004777 
71316413922312 0.003390 0.005565 0.004777 
71316432679968 0.003390 0.005565 0.004777 
71316451437677 0.003390 0.005565 0.004777 
71316470195333 0.003390 0.005565 0.004777 
71316488952989 0.003390 0.005565 0.004777 
71316507710646 0.003390 0.005565 0.004777 
71316526468302 0.003390 0.005565 0.004777 
71316545225958 0.003390 0.005565 0.004777 
71316563983614 0.003390 0.005565 0.004777 
71316582741271 0.003390 0.005565 0.004777 
71316601498979 0.003390 0.005565 0.004777 
71316620256635 0.003390 0.005565 0.004777 
71316639014291 0.003390 0.005565 0.004777 
71316657771948 0.003390 0.005565 0.004777 
71316676529552 0.003390 0.005565 0.004777 
71316695287260 0.003390 0.005565 0.004777 
71316714044916 0.003390 0.005565 0.004777 
71316732802573 0.003390 0.005565 0.004777 
71316751560229 0.003390 0.005565 0.004777 
71316770317885 0.003390 0.005565 0.004777 
71316789075593 0.003390 0.005565 0.004777 
71316807832833 0.003390 0.005565 0.004777 
71316826590854 0.003390 0.005565 0.004777 
71316845348510 0.003390 0.005565 0.004777 
71316864106166 0.003390 0.005565 0.004777 
71316882863823 0.003390 0.005565 0.004777 
71316901621479 0.003390 0.005565 0.004777 
71316920379187 0.003390 0.005565 0.004777 
71316939136791 0.003390 0.005565 0.004777 
71316957894500 0.003390 0.005565 0.004777 
71316976652156 0.003390 0.005565 0.004777 
71316995409812 0.003390 0.005565 0.004777 
71317014167468 0.003390 0.005565 0.004777 
71317032925125 0.003390 0.005565 0.004777 
71317051682781 0.003390 0.005565 0.004777 
71317070440437 0.003390 0.005565 0.004777 
71317089198093 0.003390 0.005565 0.004777 
71317107955750 0.003390 0.005565 0.004777 
71317126713406 0.003390 0.005565 0.004777 
71317145471062 0.003390 0.005565 0.004777 
71317164228718 0.003390 0.005565 0.004777 
71317182986375 0.003390 0.005565 0.004777 
71317201744031 0.003390 0.005565 0.004777 
71317220501687 0.003390 0.005565 0.004777 
71317239259343 0.003390 0.005565 0.004777 
71317258017000 0.003390 0.005565 0.004777 
71317276774656 0.003390 0.005565 0.004777 
71317295532312 0.003390 0.005565 0.004777 
71317314289968 0.003390 0.005565 0.004777 
71317333047625 0.003390 0.005565 0.004777 
71317351805281 0.003390 0.005565 0.004777 
71317370562937 0.003390 0.005565 0.004777 
71317389320593 0.003390 0.005565 0.004777 
71317408078198 0.003390 0.005565 0.004777 
71317426835906 0.003390 0.005565 0.004777 
71317445593562 0.003390 0.005565 0.004777 
71317464351218 0.003390 0.005565 0.004777 
71317483108875 0.003390 0.005565 0.004777 
71317501866479 0.003390 0.005565 0.004777 
71317520624135 0.003390 0.005565 0.004777 
71317539381791 0.003390 0.005565 0.004777 
71317558139448 0.003390 0.005565 0.004777 
71317576897104 0.003390 0.005565 0.004777 
71317595654760 0.003390 0.005565 0.004777 
71317614412416 0.003390 0.005565 0.004777 
71317633170073 0.003390 0.005565 0.004777 
71317651927729 0.003390 0.005565 0.004777 
71317670685333 0.003390 0.005565 0.004777 
71317689443041 0.003390 0.005565 0.004777 
71317708200646 0.003390 0.005565 0.004777 
71317726958302 0.003390 0.005565 0.004777 
71317745715958 0.003390 0.005565 0.004777 
71317764473562 0.003390 0.005565 0.004777 
71317783231271 0.003390 0.005565 0.004777 
71317801988927 0.003390 0.005565 0.004777 
71317820746583 0.003390 0.005565 0.004777 
71317839504187 0.003390 0.005565 0.004777 
71317858261843 0.003390 0.005565 0.004777 
71317877019500 0.003390 0.005565 0.004777 
71317895777156 0.003390 0.005565 0.004777 
71317914534812 0.003390 0.005565 0.004777 
71317933292468 0.003390 0.005565 0.004777 
71317952050073 0.003390 0.005565 0.004777 
71317970807729 0.003390 0.005565 0.004777 
71317989565385 0.003390 0.005565 0.004777 
71318008323041 0.003390 0.005565 0.004777 
71318027080698 0.003390 0.005565 0.004777 
71318045838354 0.003390 0.005565 0.004777 
71318064595958 0.003390 0.005565 0.004777 
71318083353614 0.003390 0.005565 0.004777 
71318102111271 0.003390 0.005565 0.004777 
71318120868927 0.003390 0.005565 0.004777 
71318139626583 0.003390 0.005565 0.004777 
71318158384187 0.003390 0.005565 0.004777 
71318177141843 0.003390 0.005565 0.004777 
71318195899500 0.003390 0.005565 0.004777 
71318214657156 0.003390 0.005565 0.004777 
71318233414812 0.003390 0.005565 0.004777 
71318252172416 0.003390 0.005565 0.004777 
71318270930073 0.003390 0.005565 0.004777 
71318289687729 0.003390 0.005565 0.004777 
71318308445385 0.003390 0.005565 0.004777 
71318327202989 0.003390 0.005565 0.004777 
71318345960646 0.003390 0.005565 0.004777 
71318364718302 0.003390 0.005565 0.004777 
71318383475958 0.003390 0.005565 0.004777 
71318402233562 0.003390 0.005565 0.004777 
71318420991218 0.003390 0.005565 0.004777 
71318439748875 0.003390 0.005565 0.004777 
71318458506479 0.003390 0.005565 0.004777 
71318477264135 0.003390 0.005565 0.004777 
71318496021791 0.003390 0.005565 0.004777 
71318514779448 0.003390 0.005565 0.004777 
71318533537052 0.003390 0.005565 0.004777 
71318552294708 0.003390 0.005565 0.004777 
71318571052364 0.003390 0.005565 0.004777 
71318589810021 0.003390 0.005565 0.004777 
71318608567625 0.003390 0.005565 0.004777 
71318627325281 0.003390 0.005565 0.004777 
71318646082885 0.003390 0.005565 0.004777 
71318664840541 0.003390 0.005565 0.004777 
71318683598198 0.003390 0.005565 0.004777 
71318702355802 0.003390 0.005565 0.004777 
71318721113458 0.003390 0.005565 0.004777 
71318739871114 0.003390 0.005565 0.004777 
71318758628771 0.003390 0.005565 0.004777 
71318777386375 0.003390 0.005565 0.004777 
71318796144031 0.003390 0.005565 0.004777 
71318814901635 0.003390 0.005565 0.004777 
71318833659291 0.003390 0.005565 0.004777 
71318852416948 0.003390 0.005565 0.004777 
71318871174552 0.003390 0.005565 0.004777 
71318889932208 0.003390 0.005565 0.004777 
71318908689864 0.003390 0.005565 0.004777 
71318927447468 0.003390 0.005565 0.004777 
71318946205125 0.003390 0.005565 0.004777 
71318964962729 0.003390 0.005565 0.004777 
71318983720385 0.003390 0.005565 0.004777 
71319002478041 0.003390 0.005565 0.004777 
71319021235646 0.003390 0.005565 0.004777 
71319039993302 0.003390 0.005565 0.004777 
71319058750958 0.003390 0.005565 0.004777 
71319077508562 0.003390 0.005565 0.004777 
71319096266218 0.003390 0.005565 0.004777 
71319115023823 0.003390 0.005565 0.004777 
71319133781479 0.003390 0.005565 0.004777 
71319152539135 0.003390 0.005565 0.004777 
71319171296739 0.003390 0.005565 0.004777 
71319190054396 0.003390 0.005565 0.004777 
71319208812000 0.003390 0.005565 0.004777 
71319227569656 0.003390 0.005565 0.004777 
71319246327312 0.003390 0.005565 0.004777 
71319265084916 0.003390 0.005565 0.004777 
71319283842573 0.003390 0.005565 0.004777 
71319302600177 0.003390 0.005565 0.004777 
71319321357833 0.003390 0.005565 0.004777 
71319340115437 0.003390 0.005565 0.004777 
71319358873093 0.003390 0.005565 0.004777 
71319377630698 0.003390 0.005565 0.004777 
71319396388354 0.003390 0.005565 0.004777 
71319415146010 0.003390 0.005565 0.004777 
71319433903614 0.003390 0.005565 0.004777 
71319452661271 0.003390 0.005565 0.004777 
71319471418875 0.003390 0.005565 0.004777 
71319490176531 0.003390 0.005565 0.004777 
71319508934135 0.003390 0.005565 0.004777 
71319527691791 0.003390 0.005565 0.004777 
71319546449396 0.003390 0.005565 0.004777 
71319565207052 0.003390 0.005565 0.004777 
71319583964604 0.003390 0.005565 0.004777 
71319602722312 0.003390 0.005565 0.004777 
71319621479916 0.003390 0.005565 0.004777 
71319640237573 0.003390 0.005565 0.004777 
71319658995177 0.003390 0.005565 0.004777 
71319677752833 0.003390 0.005565 0.004777 
71319696510437 0.003390 0.005565 0.004777 
71319715268041 0.003390 0.005565 0.004777 
71319734025698 0.003390 0.005565 0.004777 
71319752783354 0.003390 0.005565 0.004777 
71319771540958 0.003390 0.005565 0.004777 
71319790298614 0.003390 0.005565 0.004777 
71319809056218 0.003390 0.005565 0.004777 
71319827813875 0.003390 0.005565 0.004777 
71319846571479 0.003390 0.005565 0.004777 
71319865329083 0.003390 0.005565 0.004777 
71319884086739 0.003390 0.005565 0.004777 
71319902844343 0.003390 0.005565 0.004777 
71319921601948 0.003390 0.005565 0.004777 
71319940359604 0.003390 0.005565 0.004777 
71319959117260 0.003390 0.005565 0.004777 
71319977874864 0.003390 0.005565 0.004777 
71319996632521 0.003390 0.005565 0.004777 
71320015390125 0.003390 0.005565 0.004777 
71320034147781 0.003390 0.005565 0.004777 
71320052905385 0.003390 0.005565 0.004777 
71320071662989 0.003390 0.005565 0.004777 
71320090420646 0.003390 0.005565 0.004777 
71320109178250 0.003390 0.005565 0.004777 
71320127935906 0.003390 0.005565 0.004777 
71320146693510 0.003390 0.005565 0.004777 
71320165451166 0.003390 0.005565 0.004777 
71320184208771 0.003390 0.005565 0.004777 
71320202966375 0.003390 0.005565 0.004777 
71320221724031 0.003390 0.005565 0.004777 
71320240481635 0.003390 0.005565 0.004777 
71320259239291 0.003390 0.005565 0.004777 
71320277996896 0.003390 0.005565 0.004777 
71320296754500 0.003390 0.005565 0.004777 
71320315512156 0.003390 0.005565 0.004777 
71320334269760 0.003390 0.005565 0.004777 
71320353027416 0.003390 0.005565 0.004777 
71320371785021 0.003390 0.005565 0.004777 
71320390542625 0.003390 0.005565 0.004777 
71320409300229 0.003390 0.005565 0.004777 
71320428057885 0.003390 0.005565 0.004777 
71320446815489 0.003390 0.005565 0.004777 
71320465573146 0.003390 0.005565 0.004777 
71320484330750 0.003390 0.005565 0.004777 
71320503088354 0.003390 0.005565 0.004777 
71320521846010 0.003390 0.005565 0.004777 
71320540603614 0.003390 0.005565 0.004777 
71320559361271 0.003390 0.005565 0.004777 
71320578118875 0.003390 0.005565 0.004777 
71320596876479 0.003390 0.005565 0.004777 
71320615634135 0.003390 0.005565 0.004777 
71320634391687 0.003390 0.005565 0.004777 
71320653149343 0.003390 0.005565 0.004777 
71320671907000 0.003390 0.005565 0.004777 
71320690664604 0.003390 0.005565 0.004777 
71320709422208 0.003390 0.005565 0.004777 
71320728179864 0.003390 0.005565 0.004777 
71320746937468 0.003390 0.005565 0.004777 
71320765695073 0.003390 0.005565 0.004777 
71320784452677 0.003390 0.005565 0.004777 
71320803210333 0.003390 0.005565 0.004777 
71320821967937 0.003390 0.005565 0.004777 
71320840725541 0.003390 0.005565 0.004777 
71320859483198 0.003390 0.005565 0.004777 
71320878240802 0.003390 0.005565 0.004777 
71320896998406 0.003390 0.005565 0.004777 
71320915756010 0.003390 0.005565 0.004777 
71320934513666 0.003390 0.005565 0.004777 
71320953271271 0.003390 0.005565 0.004777 
71320972028823 0.003390 0.005565 0.004777 
71320990786531 0.003390 0.005565 0.004777 
71321009544135 0.003390 0.005565 0.004777 
71321028301739 0.003390 0.005565 0.004777 
71321047059343 0.003390 0.005565 0.004777 
71321065816948 0.003390 0.005565 0.004777 
71321084574604 0.003390 0.005565 0.004777 
71321103332208 0.003390 0.005565 0.004777 
71321122089812 0.003390 0.005565 0.004777 
71321140847468 0.003390 0.005565 0.004777 
71321159605073 0.003390 0.005565 0.004777 
71321178362677 0.003390 0.005565 0.004777 
71321197120281 0.003390 0.005565 0.004777 
71321215877937 0.003390 0.005565 0.004777 
71321234635541 0.003390 0.005565 0.004777 
71321253393146 0.003390 0.005565 0.004777 
71321272150750 0.003390 0.005565 0.004777 
71321290908406 0.003390 0.005565 0.004777 
71321309666010 0.003390 0.005565 0.004777 
71321328423614 0.003390 0.005565 0.004777 
71321347181768 0.003390 0.005565 0.004777 
71321365939425 0.003390 0.005565 0.004777 
71321384697029 0.003390 0.005565 0.004777 
71321403454633 0.003390 0.005565 0.004777 
71321422212237 0.003390 0.005565 0.004777 
71321440969841 0.003390 0.005565 0.004777 
71321459727498 0.003390 0.005565 0.004777 
71321478485102 0.003390 0.005565 0.004777 
71321497242706 0.003390 0.005565 0.004777 
71321516000310 0.003390 0.005565 0.004777 
71321534757914 0.003390 0.005565 0.004777 
71321553515571 0.003390 0.005565 0.004777 
71321572273175 0.003390 0.005565 0.004777 
71321591030727 0.003390 0.005565 0.004777 
71321609788383 0.003390 0.005565 0.004777 
71321628545987 0.003390 0.005565 0.004777 
71321647303591 0.003390 0.005565 0.004777 
71321666061248 0.003390 0.005565 0.004777 
71321684818852 0.003390 0.005565 0.004777 
71321703576456 0.003390 0.005565 0.004777 
71321722334060 0.003390 0.005565 0.004777 
71321741091664 0.003390 0.005565 0.004777 
71321759849268 0.003390 0.005565 0.004777 
71321778606873 0.003390 0.005565 0.004777 
71321797364529 0.003390 0.005565 0.004777 
71321816122133 0.003390 0.005565 0.004777 
71321834879737 0.003390 0.005565 0.004777 
71321853637341 0.003390 0.005565 0.004777 
71321872394946 0.003390 0.005565 0.004777 
71321891152550 0.003390 0.005565 0.004777 
71321909910154 0.003390 0.005565 0.004777 
71321928667758 0.003390 0.005565 0.004777 
71321947425414 0.003390 0.005565 0.004777 
71321966183018 0.003390 0.005565 0.004777 
71321984940623 0.003390 0.005565 0.004777 
71322003698227 0.003390 0.005565 0.004777 
71322022455831 0.003390 0.005565 0.004777 
71322041213435 0.003390 0.005565 0.004777 
71322059970987 0.003390 0.005565 0.004777 
71322078728643 0.003390 0.005565 0.004777 
71322097486248 0.003390 0.005565 0.004777 
71322116243852 0.003390 0.005565 0.004777 
71322135001456 0.003390 0.005565 0.004777 
71322153759112 0.003390 0.005565 0.004777 
71322172516716 0.003390 0.005565 0.004777 
71322191274321 0.003390 0.005565 0.004777 
71322210031925 0.003390 0.005565 0.004777 
71322228789529 0.003390 0.005565 0.004777 
71322247547133 0.003390 0.005565 0.004777 
71322266304737 0.003390 0.005565 0.004777 
71322285062341 0.003390 0.005565 0.004777 
71322303819946 0.003390 0.005565 0.004777 
71322322577550 0.003390 0.005565 0.004777 
71322341335154 0.003390 0.005565 0.004777 
71322360092706 0.003390 0.005565 0.004777 
71322378850362 0.003390 0.005565 0.004777 
71322397608018 0.003390 0.005565 0.004777 
71322416365571 0.003390 0.005565 0.004777 
71322435123227 0.003390 0.005565 0.004777 
71322453880831 0.003390 0.005565 0.004777 
71322472638435 0.003390 0.005565 0.004777 
71322491396039 0.003390 0.005565 0.004777 
71322510153643 0.003390 0.005565 0.004777 
71322528911248 0.003390 0.005565 0.004777 
71322547668852 0.003390 0.005565 0.004777 
71322566426091 0.003390 0.005565 0.004777 
71322585184112 0.003390 0.005565 0.004777 
71322603941716 0.003390 0.005565 0.004777 
71322622699268 0.003390 0.005565 0.004777 
71322641456925 0.003390 0.005565 0.004777 
71322660214529 0.003390 0.005565 0.004777 
71322678972133 0.003390 0.005565 0.004777 
71322697729737 0.003390 0.005565 0.004777 
71322716487341 0.003390 0.005565 0.004777 
71322735244946 0.003390 0.005565 0.004777 
71322754002550 0.003390 0.005565 0.004777 
71322772760154 0.003390 0.005565 0.004777 
71322791517758 0.003390 0.005565 0.004777 
71322810275362 0.003390 0.005565 0.004777 
71322829032966 0.003390 0.005565 0.004777 
71322847790571 0.003390 0.005565 0.004777 
71322866548175 0.003390 0.005565 0.004777 
71322885305779 0.003390 0.005565 0.004777 
71322904063383 0.003390 0.005565 0.004777 
71322922820987 0.003390 0.005565 0.004777 
71322941578591 0.003390 0.005565 0.004777 
71322960336143 0.003390 0.005565 0.004777 
71322979093748 0.003390 0.005565 0.004777 
71322997851352 0.003390 0.005565 0.004777 
71323016608956 0.003390 0.005565 0.004777 
71323035366560 0.003390 0.005565 0.004777 
71323054124164 0.003390 0.005565 0.004777 
71323072881768 0.003390 0.005565 0.004777 
71323091639373 0.003390 0.005565 0.004777 
71323110396977 0.003390 0.005565 0.004777 
71323129154581 0.003390 0.005565 0.004777 
71323147912185 0.003390 0.005565 0.004777 
71323166669789 0.003390 0.005565 0.004777 
71323185427393 0.003390 0.005565 0.004777 
71323204184998 0.003390 0.005565 0.004777 
71323222942602 0.003390 0.005565 0.004777 
71323241700206 0.003390 0.005565 0.004777 
71323260457810 0.003390 0.005565 0.004777 
71323279215414 0.003390 0.005565 0.004777 
71323297972966 0.003390 0.005565 0.004777 
71323316730571 0.003390 0.005565 0.004777 
71323335488175 0.003390 0.005565 0.004777 
71323354245779 0.003390 0.005565 0.004777 
71323373003383 0.003390 0.005565 0.004777 
71323391760987 0.003390 0.005565 0.004777 
71323410518591 0.003390 0.005565 0.004777 
71323429276196 0.003390 0.005565 0.004777 
71323448033800 0.003390 0.005565 0.004777 
71323466791404 0.003390 0.005565 0.004777 
71323485549008 0.003390 0.005565 0.004777 
71323504306612 0.003390 0.005565 0.004777 
71323523064164 0.003390 0.005565 0.004777 
71323541821768 0.003390 0.005565 0.004777 
71323560579373 0.003390 0.005565 0.004777 
71323579336977 0.003390 0.005565 0.004777 
71323598094581 0.003390 0.005565 0.004777 
71323616852185 0.003390 0.005565 0.004777 
71323635609789 0.003390 0.005565 0.004777 
71323654367393 0.003390 0.005565 0.004777 
71323673124998 0.003390 0.005565 0.004777 
71323691882550 0.003390 0.005565 0.004777 
71323710640154 0.003390 0.005565 0.004777 
71323729397758 0.003390 0.005565 0.004777 
71323748155362 0.003390 0.005565 0.004777 
71323766912966 0.003390 0.005565 0.004777 
71323785670571 0.003390 0.005565 0.004777 
71323804428175 0.003390 0.005565 0.004777 
71323823185727 0.003390 0.005565 0.004777 
71323841943331 0.003390 0.005565 0.004777 
71323860700935 0.003390 0.005565 0.004777 
71323879458539 0.003390 0.005565 0.004777 
71323898216143 0.003390 0.005565 0.004777 
71323916973748 0.003390 0.005565 0.004777 
71323935731300 0.003390 0.005565 0.004777 
71323954488904 0.003390 0.005565 0.004777 
71323973246508 0.003390 0.005565 0.004777 
71323992004112 0.003390 0.005565 0.004777 
71324010761716 0.003390 0.005565 0.004777 
71324029519321 0.003390 0.005565 0.004777 
71324048276873 0.003390 0.005565 0.004777 
71324067034477 0.003390 0.005565 0.004777 
71324085792081 0.003390 0.005565 0.004777 
71324104549685 0.003390 0.005565 0.004777 
71324123307289 0.003390 0.005565 0.004777 
71324142064841 0.003390 0.005565 0.004777 
71324160822446 0.003390 0.005565 0.004777 
71324179580050 0.003390 0.005565 0.004777 
71324198337654 0.003390 0.005565 0.004777 
71324217095258 0.003390 0.005565 0.004777 
71324235852758 0.003390 0.005565 0.004777 
71324254610414 0.003390 0.005565 0.004777 
71324273368018 0.003390 0.005565 0.004777 
71324292125623 0.003390 0.005565 0.004777 
71324310883227 0.003390 0.005565 0.004777 
71324329640779 0.003390 0.005565 0.004777 
71324348398383 0.003390 0.005565 0.004777 
71324367155987 0.003390 0.005565 0.004777 
71324385913591 0.003390 0.005565 0.004777 
71324404671143 0.003390 0.005565 0.004777 
71324423428748 0.003390 0.005565 0.004777 
71324442186352 0.003390 0.005565 0.004777 
71324460943956 0.003390 0.005565 0.004777 
71324479701508 0.003390 0.005565 0.004777 
71324498459112 0.003390 0.005565 0.004777 
71324517216716 0.003390 0.005565 0.004777 
71324535974321 0.003390 0.005565 0.004777 
71324554731925 0.003390 0.005565 0.004777 
71324573489477 0.003390 0.005565 0.004777 
71324592247081 0.003390 0.005565 0.004777 
71324611004685 0.003390 0.005565 0.004777 
71324629762289 0.003390 0.005565 0.004777 
71324648519841 0.003390 0.005565 0.004777 
71324667277446 0.003390 0.005565 0.004777 
71324686035050 0.003390 0.005565 0.004777 
71324704792654 0.003390 0.005565 0.004777 
71324723550206 0.003390 0.005565 0.004777 
71324742307810 0.003390 0.005565 0.004777 
71324761065414 0.003390 0.005565 0.004777 
71324779822966 0.003390 0.005565 0.004777 
71324798580571 0.003390 0.005565 0.004777 
71324817338175 0.003390 0.005565 0.004777 
71324836095727 0.003390 0.005565 0.004777 
71324854853331 0.003390 0.005565 0.004777 
71324873610935 0.003390 0.005565 0.004777 
71324892368539 0.003390 0.005565 0.004777 
71324911126091 0.003390 0.005565 0.004777 
71324929883696 0.003390 0.005565 0.004777 
71324948641300 0.003390 0.005565 0.004777 
71324967398904 0.003390 0.005565 0.004777 
71324986156456 0.003390 0.005565 0.004777 
71325004914060 0.003390 0.005565 0.004777 
71325023671664 0.003390 0.005565 0.004777 
71325042429216 0.003390 0.005565 0.004777 
71325061186821 0.003390 0.005565 0.004777 
71325079944373 0.003390 0.005565 0.004777 
71325098702029 0.003390 0.005565 0.004777 
71325117459581 0.003390 0.005565 0.004777 
71325136217185 0.003390 0.005565 0.004777 
71325154974789 0.003390 0.005565 0.004777 
71325173732341 0.003390 0.005565 0.004777 
71325192489946 0.003390 0.005565 0.004777 
71325211247550 0.003390 0.005565 0.004777 
71325230005102 0.003390 0.005565 0.004777 
71325248762706 0.003390 0.005565 0.004777 
71325267520310 0.003390 0.005565 0.004777 
71325286277914 0.003390 0.005565 0.004777 
71325305035466 0.003390 0.005565 0.004777 
71325323793071 0.003390 0.005565 0.004777 
71325342550675 0.003390 0.005565 0.004777 
71325361308227 0.003390 0.005565 0.004777 
71325380065831 0.003390 0.005565 0.004777 
71325398823435 0.003390 0.005565 0.004777 
71325417580987 0.003390 0.005565 0.004777 
71325436338591 0.003390 0.005565 0.004777 
71325455096196 0.003390 0.005565 0.004777 
71325473853748 0.003390 0.005565 0.004777 
71325492611352 0.003390 0.005565 0.004777 
71325511368956 0.003390 0.005565 0.004777 
71325530126508 0.003390 0.005565 0.004777 
71325548884112 0.003390 0.005565 0.004777 
71325567641716 0.003390 0.005565 0.004777 
71325586399268 0.003390 0.005565 0.004777 
71325605156873 0.003390 0.005565 0.004777 
71325623914477 0.003390 0.005565 0.004777 
71325642672029 0.003390 0.005565 0.004777 
71325661429633 0.003390 0.005565 0.004777 
71325680187237 0.003390 0.005565 0.004777 
71325698944789 0.003390 0.005565 0.004777 
71325717702393 0.003390 0.005565 0.004777 
71325736459998 0.003390 0.005565 0.004777 
71325755217550 0.003390 0.005565 0.004777 
71325773975154 0.003390 0.005565 0.004777 
71325792732706 0.003390 0.005565 0.004777 
71325811490310 0.003390 0.005565 0.004777 
71325830247914 0.003390 0.005565 0.004777 
71325849005466 0.003390 0.005565 0.004777 
71325867763071 0.003390 0.005565 0.004777 
71325886520623 0.003390 0.005565 0.004777 
71325905278227 0.003390 0.005565 0.004777 
71325924035727 0.003390 0.005565 0.004777 
71325942793383 0.003390 0.005565 0.004777 
71325961550987 0.003390 0.005565 0.004777 
71325980308539 0.003390 0.005565 0.004777 
71325999066143 0.003390 0.005565 0.004777 
71326017823748 0.003390 0.005565 0.004777 
71326036581300 0.003390 0.005565 0.004777 
71326055338904 0.003390 0.005565 0.004777 
71326074096456 0.003390 0.005565 0.004777 
71326092854060 0.003390 0.005565 0.004777 
71326111611664 0.003390 0.005565 0.004777 
71326130369164 0.003390 0.005565 0.004777 
71326149126821 0.003390 0.005565 0.004777 
71326167884373 0.003390 0.005565 0.004777 
71326186641977 0.003390 0.005565 0.004777 
71326205399529 0.003390 0.005565 0.004777 
71326224157133 0.003390 0.005565 0.004777 
71326242914737 0.003390 0.005565 0.004777 
71326261672289 0.003390 0.005565 0.004777 
71326280429893 0.003390 0.005565 0.004777 
71326299187446 0.003390 0.005565 0.004777 
71326317945050 0.003390 0.005565 0.004777 
71326336702654 0.003390 0.005565 0.004777 
71326355460206 0.003390 0.005565 0.004777 
71326374217810 0.003390 0.005565 0.004777 
71326392975362 0.003390 0.005565 0.004777 
71326411732966 0.003390 0.005565 0.004777 
71326430490518 0.003390 0.005565 0.004777 
71326449248123 0.003390 0.005565 0.004777 
71326468005727 0.003390 0.005565 0.004777 
71326486763279 0.003390 0.005565 0.004777 
71326505520883 0.003390 0.005565 0.004777 
71326524278435 0.003390 0.005565 0.004777 
71326543036039 0.003390 0.005565 0.004777 
71326561793591 0.003390 0.005565 0.004777 
71326580551143 0.003390 0.005565 0.004777 
71326599308696 0.003390 0.005565 0.004777 
71326618066352 0.003390 0.005565 0.004777 
71326636823904 0.003390 0.005565 0.004777 
71326655581508 0.003390 0.005565 0.004777 
71326674339060 0.003390 0.005565 0.004777 
71326693096664 0.003390 0.005565 0.004777 
71326711854268 0.003390 0.005565 0.004777 
71326730611821 0.003390 0.005565 0.004777 
71326749369425 0.003390 0.005565 0.004777 
71326768126977 0.003390 0.005565 0.004777 
71326786884581 0.003390 0.005565 0.004777 
71326805642185 0.003390 0.005565 0.004777 
71326824399737 0.003390 0.005565 0.004777 
71326843157341 0.003390 0.005565 0.004777 
71326861914893 0.003390 0.005565 0.004777 
71326880672498 0.003390 0.005565 0.004777 
71326899430050 0.003390 0.005565 0.004777 
71326918187654 0.003390 0.005565 0.004777 
71326936945206 0.003390 0.005565 0.004777 
71326955702810 0.003390 0.005565 0.004777 
71326974460362 0.003390 0.005565 0.004777 
71326993217966 0.003390 0.005565 0.004777 
71327011975518 0.003390 0.005565 0.004777 
71327030733123 0.003390 0.005565 0.004777 
71327049490675 0.003390 0.005565 0.004777 
71327068248279 0.003390 0.005565 0.004777 
71327087005831 0.003390 0.005565 0.004777 
71327105763435 0.003390 0.005565 0.004777 
71327124520987 0.003390 0.005565 0.004777 
71327143278591 0.003390 0.005565 0.004777 
71327162036143 0.003390 0.005565 0.004777 
71327180793748 0.003390 0.005565 0.004777 
71327199551300 0.003390 0.005565 0.004777 
71327218308904 0.003390 0.005565 0.004777 
71327237066456 0.003390 0.005565 0.004777 
71327255824060 0.003390 0.005565 0.004777 
71327274581612 0.003390 0.005565 0.004777 
71327293339216 0.003390 0.005565 0.004777 
71327312096768 0.003390 0.005565 0.004777 
71327330854373 0.003390 0.005565 0.004777 
71327349611925 0.003390 0.005565 0.004777 
71327368369529 0.003390 0.005565 0.004777 
71327387127081 0.003390 0.005565 0.004777 
71327405884633 0.003390 0.005565 0.004777 
71327424642185 0.003390 0.005565 0.004777 
71327443399789 0.003390 0.005565 0.004777 
71327462157393 0.003390 0.005565 0.004777 
71327480914946 0.003390 0.005565 0.004777 
71327499672550 0.003390 0.005565 0.004777 
71327518430102 0.003390 0.005565 0.004777 
71327537187706 0.003390 0.005565 0.004777 
71327555945258 0.003390 0.005565 0.004777 
71327574702810 0.003390 0.005565 0.004777 
71327593460414 0.003390 0.005565 0.004777 
71327612217966 0.003390 0.005565 0.004777 
71327630975571 0.003390 0.005565 0.004777 
71327649733123 0.003390 0.005565 0.004777 
71327668490727 0.003390 0.005565 0.004777 
71327687248279 0.003390 0.005565 0.004777 
71327706005883 0.003390 0.005565 0.004777 
71327724763435 0.003390 0.005565 0.004777 
71327743520987 0.003390 0.005565 0.004777 
71327762278591 0.003390 0.005565 0.004777 
71327781036143 0.003390 0.005565 0.004777 
71327799793748 0.003390 0.005565 0.004777 
71327818551300 0.003390 0.005565 0.004777 
71327837308904 0.003390 0.005565 0.004777 
71327856066456 0.003390 0.005565 0.004777 
71327874824060 0.003390 0.005565 0.004777 
71327893581612 0.003390 0.005565 0.004777 
71327912339164 0.003390 0.005565 0.004777 
71327931096768 0.003390 0.005565 0.004777 
71327949854321 0.003390 0.005565 0.004777 
71327968611873 0.003390 0.005565 0.004777 
71327987369477 0.003390 0.005565 0.004777 
71328006126977 0.003390 0.005565 0.004777 
71328024884633 0.003390 0.005565 0.004777 
71328043642185 0.003390 0.005565 0.004777 
71328062399789 0.003390 0.005565 0.004777 
71328081157341 0.003390 0.005565 0.004777 
71328099914893 0.003390 0.005565 0.004777 
71328118672498 0.003390 0.005565 0.004777 
71328137430050 0.003390 0.005565 0.004777 
71328156187654 0.003390 0.005565 0.004777 
71328174945206 0.003390 0.005565 0.004777 
71328193702758 0.003390 0.005565 0.004777 
71328212460362 0.003390 0.005565 0.004777 
71328231217914 0.003390 0.005565 0.004777 
71328249975518 0.003390 0.005565 0.004777 
71328268733071 0.003390 0.005565 0.004777 
71328287490623 0.003390 0.005565 0.004777 
71328306248227 0.003390 0.005565 0.004777 
71328325005779 0.003390 0.005565 0.004777 
71328343763331 0.003390 0.005565 0.004777 
71328362520935 0.003390 0.005565 0.004777 
71328381278487 0.003390 0.005565 0.004777 
71328400036039 0.003390 0.005565 0.004777 
71328418793643 0.003390 0.005565 0.004777 
71328437551196 0.003390 0.005565 0.004777 
71328456308800 0.003390 0.005565 0.004777 
71328475066352 0.003390 0.005565 0.004777 
71328493823904 0.003390 0.005565 0.004777 
71328512581508 0.003390 0.005565 0.004777 
71328531339060 0.003390 0.005565 0.004777 
71328550096612 0.003390 0.005565 0.004777 
71328568854216 0.003390 0.005565 0.004777 
71328587611768 0.003390 0.005565 0.004777 
71328606369321 0.003390 0.005565 0.004777 
71328625126925 0.003390 0.005565 0.004777 
71328643884477 0.003390 0.005565 0.004777 
71328662642081 0.003390 0.005565 0.004777 
71328681399633 0.003390 0.005565 0.004777 
71328700205935 0.003390 0.005565 0.004777 
71328718914737 0.003390 0.005565 0.004777 
71328737672289 0.003390 0.005565 0.004777 
71328756429893 0.003390 0.005565 0.004777 
71328775187393 0.003390 0.005565 0.004777 
71328793944998 0.003390 0.005565 0.004777 
71328812702602 0.003390 0.005565 0.004777 
71328831460154 0.003390 0.005565 0.004777 
71328850217706 0.003390 0.005565 0.004777 
71328868975310 0.003390 0.005565 0.004777 
71328887732862 0.003390 0.005565 0.004777 
71328906490414 0.003390 0.005565 0.004777 
71328925248018 0.003390 0.005565 0.004777 
71328944005571 0.003390 0.005565 0.004777 
71328962763071 0.003390 0.005565 0.004777 
71328981520675 0.003390 0.005565 0.004777 
71329000278279 0.003390 0.005565 0.004777 
71329019035831 0.003390 0.005565 0.004777 
71329037793383 0.003390 0.005565 0.004777 
71329056550987 0.003390 0.005565 0.004777 
71329075308539 0.003390 0.005565 0.004777 
71329094066091 0.003390 0.005565 0.004777 
71329112823696 0.003390 0.005565 0.004777 
71329131581248 0.003390 0.005565 0.004777 
71329150338800 0.003390 0.005565 0.004777 
71329169096352 0.003390 0.005565 0.004777 
71329187853956 0.003390 0.005565 0.004777 
71329206611508 0.003390 0.005565 0.004777 
71329225369060 0.003390 0.005565 0.004777 
71329244126664 0.003390 0.005565 0.004777 
71329262884216 0.003390 0.005565 0.004777 
71329281641768 0.003390 0.005565 0.004777 
71329300399321 0.003390 0.005565 0.004777 
71329319156925 0.003390 0.005565 0.004777 
71329337914477 0.003390 0.005565 0.004777 
71329356672029 0.003390 0.005565 0.004777 
71329375429633 0.003390 0.005565 0.004777 
71329394187185 0.003390 0.005565 0.004777 
71329412944737 0.003390 0.005565 0.004777 
71329431702289 0.003390 0.005565 0.004777 
71329450459893 0.003390 0.005565 0.004777 
71329469217446 0.003390 0.005565 0.004777 
71329487974998 0.003390 0.005565 0.004777 
71329506732602 0.003390 0.005565 0.004777 
71329525490154 0.003390 0.005565 0.004777 
71329544247758 0.003390 0.005565 0.004777 
71329563005310 0.003390 0.005565 0.004777 
71329581762862 0.003390 0.005565 0.004777 
71329600520414 0.003390 0.005565 0.004777 
71329619278018 0.003390 0.005565 0.004777 
71329638035571 0.003390 0.005565 0.004777 
71329656793123 0.003390 0.005565 0.004777 
71329675550675 0.003390 0.005565 0.004777 
71329694308279 0.003390 0.005565 0.004777 
71329713065831 0.003390 0.005565 0.004777 
71329731823383 0.003390 0.005565 0.004777 
71329750580987 0.003390 0.005565 0.004777 
71329769338539 0.003390 0.005565 0.004777 
71329788096091 0.003390 0.005565 0.004777 
71329806853643 0.003390 0.005565 0.004777 
71329825611196 0.003390 0.005565 0.004777 
71329844368748 0.003390 0.005565 0.004777 
71329863126352 0.003390 0.005565 0.004777 
71329881883904 0.003390 0.005565 0.004777 
71329900641456 0.003390 0.005565 0.004777 
71329919399008 0.003390 0.005565 0.004777 
71329938156560 0.003390 0.005565 0.004777 
71329956914164 0.003390 0.005565 0.004777 
71329975671716 0.003390 0.005565 0.004777 
71329994429268 0.003390 0.005565 0.004777 
71330013186821 0.003390 0.005565 0.004777 
71330031944425 0.003390 0.005565 0.004777 
71330050701977 0.003390 0.005565 0.004777 
71330069459529 0.003390 0.005565 0.004777 
71330088217081 0.003390 0.005565 0.004777 
71330106974633 0.003390 0.005565 0.004777 
71330125732237 0.003390 0.005565 0.004777 
71330144489789 0.003390 0.005565 0.004777 
71330163247341 0.003390 0.005565 0.004777 
71330182004893 0.003390 0.005565 0.004777 
71330200762446 0.003390 0.005565 0.004777 
71330219520050 0.003390 0.005565 0.004777 
71330238277602 0.003390 0.005565 0.004777 
71330257035154 0.003390 0.005565 0.004777 
71330275792706 0.003390 0.005565 0.004777 
71330294550258 0.003390 0.005565 0.004777 
71330313307862 0.003390 0.005565 0.004777 
71330332065414 0.003390 0.005565 0.004777 
71330350822966 0.003390 0.005565 0.004777 
71330369580518 0.003390 0.005565 0.004777 
71330388338123 0.003390 0.005565 0.004777 
71330407095675 0.003390 0.005565 0.004777 
71330425853227 0.003390 0.005565 0.004777 
71330444610779 0.003390 0.005565 0.004777 
71330463368331 0.003390 0.005565 0.004777 
71330482125935 0.003390 0.005565 0.004777 
71330500883487 0.003390 0.005565 0.004777 
71330519641039 0.003390 0.005565 0.004777 
71330538398591 0.003390 0.005565 0.004777 
71330557156143 0.003390 0.005565 0.004777 
71330575913748 0.003390 0.005565 0.004777 
71330594671300 0.003390 0.005565 0.004777 
71330613428852 0.003390 0.005565 0.004777 
71330632186404 0.003390 0.005565 0.004777 
71330650943956 0.003390 0.005565 0.004777 
71330669701560 0.003390 0.005565 0.004777 
71330688459112 0.003390 0.005565 0.004777 
71330707216664 0.003390 0.005565 0.004777 
71330725974216 0.003390 0.005565 0.004777 
71330744731768 0.003390 0.005565 0.004777 
71330763489373 0.003390 0.005565 0.004777 
71330782246925 0.003390 0.005565 0.004777 
71330801004477 0.003390 0.005565 0.004777 
71330819762029 0.003390 0.005565 0.004777 
71330838519581 0.003390 0.005565 0.004777 
71330857277185 0.003390 0.005565 0.004777 
71330876034737 0.003390 0.005565 0.004777 
71330894792289 0.003390 0.005565 0.004777 
71330913549841 0.003390 0.005565 0.004777 
71330932307393 0.003390 0.005565 0.004777 
71330951064946 0.003390 0.005565 0.004777 
71330969822550 0.003390 0.005565 0.004777 
71330988580102 0.003390 0.005565 0.004777 
71331007337654 0.003390 0.005565 0.004777 
71331026095206 0.003390 0.005565 0.004777 
71331044852758 0.003390 0.005565 0.004777 
71331063610258 0.003390 0.005565 0.004777 
71331082367862 0.003390 0.005565 0.004777 
71331101125466 0.003390 0.005565 0.004777 
71331119883018 0.003390 0.005565 0.004777 
71331138640571 0.003390 0.005565 0.004777 
71331157398123 0.003390 0.005565 0.004777 
71331176155675 0.003390 0.005565 0.004777 
71331194913227 0.003390 0.005565 0.004777 
71331213670727 0.003390 0.005565 0.004777 
71331232428383 0.003390 0.005565 0.004777 
71331251185935 0.003390 0.005565 0.004777 
71331269943487 0.003390 0.005565 0.004777 
71331288701039 0.003390 0.005565 0.004777 
71331307458591 0.003390 0.005565 0.004777 
71331326216143 0.003390 0.005565 0.004777 
71331344973696 0.003390 0.005565 0.004777 
71331363731300 0.003390 0.005565 0.004777 
71331382488800 0.003390 0.005565 0.004777 
71331401246404 0.003390 0.005565 0.004777 
71331420003956 0.003390 0.005565 0.004777 
71331438761508 0.003390 0.005565 0.004777 
71331457519060 0.003390 0.005565 0.004777 
71331476276612 0.003390 0.005565 0.004777 
71331495034216 0.003390 0.005565 0.004777 
71331513791768 0.003390 0.005565 0.004777 
71331532549321 0.003390 0.005565 0.004777 
71331551306873 0.003390 0.005565 0.004777 
71331570064425 0.003390 0.005565 0.004777 
71331588821977 0.003390 0.005565 0.004777 
71331607579529 0.003390 0.005565 0.004777 
71331626337081 0.003390 0.005565 0.004777 
71331645094685 0.003390 0.005565 0.004777 
71331663852237 0.003390 0.005565 0.004777 
71331682609789 0.003390 0.005565 0.004777 
71331701367341 0.003390 0.005565 0.004777 
71331720124893 0.003390 0.005565 0.004777 
71331738882446 0.003390 0.005565 0.004777 
71331757639998 0.003390 0.005565 0.004777 
71331776397602 0.003390 0.005565 0.004777 
71331795155154 0.003390 0.005565 0.004777 
71331813912706 0.003390 0.005565 0.004777 
71331832670258 0.003390 0.005565 0.004777 
71331851427810 0.003390 0.005565 0.004777 
71331870185362 0.003390 0.005565 0.004777 
71331888942914 0.003390 0.005565 0.004777 
71331907700466 0.003390 0.005565 0.004777 
71331926458071 0.003390 0.005565 0.004777 
71331945215623 0.003390 0.005565 0.004777 
71331963973175 0.003390 0.005565 0.004777 
71331982730727 0.003390 0.005565 0.004777 
71332001488279 0.003390 0.005565 0.004777 
71332020245831 0.003390 0.005565 0.004777 
71332039003383 0.003390 0.005565 0.004777 
71332057760935 0.003390 0.005565 0.004777 
71332076518487 0.003390 0.005565 0.004777 
71332095276039 0.003390 0.005565 0.004777 
71332114033643 0.003390 0.005565 0.004777 
71332132791196 0.003390 0.005565 0.004777 
71332151548748 0.003390 0.005565 0.004777 
71332170306300 0.003390 0.005565 0.004777 
71332189063852 0.003390 0.005565 0.004777 
71332207821404 0.003390 0.005565 0.004777 
71332226578904 0.003390 0.005565 0.004777 
71332245336508 0.003390 0.005565 0.004777 
71332264094060 0.003390 0.005565 0.004777 
71332282851612 0.003390 0.005565 0.004777 
71332301609164 0.003390 0.005565 0.004777 
71332320366716 0.003390 0.005565 0.004777 
71332339124321 0.003390 0.005565 0.004777 
71332357881873 0.003390 0.005565 0.004777 
71332376639425 0.003390 0.005565 0.004777 
71332395396977 0.003390 0.005565 0.004777 
71332414154529 0.003390 0.005565 0.004777 
71332432912081 0.003390 0.005565 0.004777 
71332451669633 0.003390 0.005565 0.004777 
71332470427185 0.003390 0.005565 0.004777 
71332489184737 0.003390 0.005565 0.004777 
71332507942289 0.003390 0.005565 0.004777 
71332526699841 0.003390 0.005565 0.004777 
71332545457393 0.003390 0.005565 0.004777 
71332564214946 0.003390 0.005565 0.004777 
71332582972550 0.003390 0.005565 0.004777 
71332601730050 0.003390 0.005565 0.004777 
71332620487654 0.003390 0.005565 0.004777 
71332639245206 0.003390 0.005565 0.004777 
71332658002758 0.003390 0.005565 0.004777 
71332676760310 0.003390 0.005565 0.004777 
71332695517862 0.003390 0.005565 0.004777 
71332714275414 0.003390 0.005565 0.004777 
71332733032966 0.003390 0.005565 0.004777 
71332751790518 0.003390 0.005565 0.004777 
71332770548071 0.003390 0.005565 0.004777 
71332789305623 0.003390 0.005565 0.004777 
71332808063175 0.003390 0.005565 0.004777 
71332826820727 0.003390 0.005565 0.004777 
71332845578279 0.003390 0.005565 0.004777 
71332864335831 0.003390 0.005565 0.004777 
71332883093435 0.003390 0.005565 0.004777 
71332901850935 0.003390 0.005565 0.004777 
71332920608539 0.003390 0.005565 0.004777 
71332939366091 0.003390 0.005565 0.004777 
71332958123643 0.003390 0.005565 0.004777 
71332976881196 0.003390 0.005565 0.004777 
71332995638748 0.003390 0.005565 0.004777 
71333014396300 0.003390 0.005565 0.004777 
71333033153852 0.003390 0.005565 0.004777 
71333051911404 0.003390 0.005565 0.004777 
71333070668956 0.003390 0.005565 0.004777 
71333089426508 0.003390 0.005565 0.004777 
71333108184060 0.003390 0.005565 0.004777 
71333126941612 0.003390 0.005565 0.004777 
71333145699164 0.003390 0.005565 0.004777 
71333164456716 0.003390 0.005565 0.004777 
71333183214268 0.003390 0.005565 0.004777 
71333201971821 0.003390 0.005565 0.004777 
71333220729373 0.003390 0.005565 0.004777 
71333239486925 0.003390 0.005565 0.004777 
71333258244477 0.003390 0.005565 0.004777 
71333277002029 0.003390 0.005565 0.004777 
71333295759581 0.003390 0.005565 0.004777 
71333314517133 0.003390 0.005565 0.004777 
71333333274685 0.003390 0.005565 0.004777 
71333352032237 0.003390 0.005565 0.004777 
71333370789789 0.003390 0.005565 0.004777 
71333389547341 0.003390 0.005565 0.004777 
71333408304893 0.003390 0.005565 0.004777 
71333427062446 0.003390 0.005565 0.004777 
71333445819633 0.003390 0.005565 0.004777 
71333464577602 0.003390 0.005565 0.004777 
71333483335154 0.003390 0.005565 0.004777 
71333502092706 0.003390 0.005565 0.004777 
71333520850258 0.003390 0.005565 0.004777 
71333539607810 0.003390 0.005565 0.004777 
71333558365362 0.003390 0.005565 0.004777 
71333577122914 0.003390 0.005565 0.004777 
71333595880466 0.003390 0.005565 0.004777 
71333614638018 0.003390 0.005565 0.004777 
71333633395571 0.003390 0.005565 0.004777 
71333652153123 0.003390 0.005565 0.004777 
71333670910675 0.003390 0.005565 0.004777 
71333689668227 0.003390 0.005565 0.004777 
71333708425779 0.003390 0.005565 0.004777 
71333727183331 0.003390 0.005565 0.004777 
71333745940883 0.003390 0.005565 0.004777 
71333764698435 0.003390 0.005565 0.004777 
71333783455987 0.003390 0.005565 0.004777 
71333802213487 0.003390 0.005565 0.004777 
71333820971091 0.003390 0.005565 0.004777 
71333839728643 0.003390 0.005565 0.004777 
71333858486196 0.003390 0.005565 0.004777 
71333877243748 0.003390 0.005565 0.004777 
71333896001300 0.003390 0.005565 0.004777 
71333914758852 0.003390 0.005565 0.004777 
71333933516404 0.003390 0.005565 0.004777 
71333952273956 0.003390 0.005565 0.004777 
71333971031508 0.003390 0.005565 0.004777 
71333989789060 0.003390 0.005565 0.004777 
71334008546612 0.003390 0.005565 0.004777 
71334027304164 0.003390 0.005565 0.004777 
71334046061716 0.003390 0.005565 0.004777 
71334064819268 0.003390 0.005565 0.004777 
71334083576821 0.003390 0.005565 0.004777 
71334102334373 0.003390 0.005565 0.004777 
71334121091925 0.003390 0.005565 0.004777 
71334139849477 0.003390 0.005565 0.004777 
71334158607029 0.003390 0.005565 0.004777 
71334177364581 0.003390 0.005565 0.004777 
71334196122133 0.003390 0.005565 0.004777 
71334214879685 0.003390 0.005565 0.004777 
71334233637237 0.003390 0.005565 0.004777 
71334252394789 0.003390 0.005565 0.004777 
71334271152341 0.003390 0.005565 0.004777 
71334289909893 0.003390 0.005565 0.004777 
71334308667446 0.003390 0.005565 0.004777 
71334327424946 0.003390 0.005565 0.004777 
71334346182498 0.003390 0.005565 0.004777 
71334364940050 0.003390 0.005565 0.004777 
71334383697602 0.003390 0.005565 0.004777 
71334402455154 0.003390 0.005565 0.004777 
71334421212706 0.003390 0.005565 0.004777 
71334439970258 0.003390 0.005565 0.004777 
71334458727810 0.003390 0.005565 0.004777 
71334477485362 0.003390 0.005565 0.004777 
71334496242914 0.003390 0.005565 0.004777 
71334515000466 0.003390 0.005565 0.004777 
71334533758018 0.003390 0.005565 0.004777 
71334552515571 0.003390 0.005565 0.004777 
71334571273123 0.003390 0.005565 0.004777 
71334590030675 0.003390 0.005565 0.004777 
71334608788227 0.003390 0.005565 0.004777 
71334627545779 0.003390 0.005565 0.004777 
71334646303331 0.003390 0.005565 0.004777 
71334665060883 0.003390 0.005565 0.004777 
71334683818435 0.003390 0.005565 0.004777 
71334702575987 0.003390 0.005565 0.004777 
71334721333539 0.003390 0.005565 0.004777 
71334740091039 0.003390 0.005565 0.004777 
71334758848591 0.003390 0.005565 0.004777 
71334777606143 0.003390 0.005565 0.004777 
71334796363696 0.003390 0.005565 0.004777 
71334815121248 0.003390 0.005565 0.004777 
71334833878800 0.003390 0.005565 0.004777 
71334852636352 0.003390 0.005565 0.004777 
71334871393852 0.003390 0.005565 0.004777 
71334890151456 0.003390 0.005565 0.004777 
71334908909008 0.003390 0.005565 0.004777 
71334927666560 0.003390 0.005565 0.004777 
71334946424112 0.003390 0.005565 0.004777 
71334965181664 0.003390 0.005565 0.004777 
71334983939216 0.003390 0.005565 0.004777 
71335002696768 0.003390 0.005565 0.004777 
71335021454321 0.003390 0.005565 0.004777 
71335040211873 0.003390 0.005565 0.004777 
71335058969425 0.003390 0.005565 0.004777 
71335077726977 0.003390 0.005565 0.004777 
71335096484477 0.003390 0.005565 0.004777 
71335115242029 0.003390 0.005565 0.004777 
71335133999581 0.003390 0.005565 0.004777 
71335152757133 0.003390 0.005565 0.004777 
71335171514685 0.003390 0.005565 0.004777 
71335190272237 0.003390 0.005565 0.004777 
71335209029789 0.003390 0.005565 0.004777 
71335227787341 0.003390 0.005565 0.004777 
71335246544893 0.003390 0.005565 0.004777 
71335265302446 0.003390 0.005565 0.004777 
71335284059998 0.003390 0.005565 0.004777 
71335302817550 0.003390 0.005565 0.004777 
71335321575050 0.003390 0.005565 0.004777 
71335340332550 0.003390 0.005565 0.004777 
71335359090102 0.003390 0.005565 0.004777 
71335377847706 0.003390 0.005565 0.004777 
71335396605258 0.003390 0.005565 0.004777 
71335415362810 0.003390 0.005565 0.004777 
71335434120362 0.003390 0.005565 0.004777 
71335452877914 0.003390 0.005565 0.004777 
71335471635466 0.003390 0.005565 0.004777 
71335490393018 0.003390 0.005565 0.004777 
71335509150571 0.003390 0.005565 0.004777 
71335527908071 0.003390 0.005565 0.004777 
71335546665675 0.003390 0.005565 0.004777 
71335565423175 0.003390 0.005565 0.004777 
71335584180727 0.003390 0.005565 0.004777 
71335602938279 0.003390 0.005565 0.004777 
71335621695831 0.003390 0.005565 0.004777 
71335640453383 0.003390 0.005565 0.004777 
71335659210935 0.003390 0.005565 0.004777 
71335677968487 0.003390 0.005565 0.004777 
71335696726039 0.003390 0.005565 0.004777 
71335715483591 0.003390 0.005565 0.004777 
71335734241143 0.003390 0.005565 0.004777 
71335752998696 0.003390 0.005565 0.004777 
71335771756248 0.003390 0.005565 0.004777 
71335790513800 0.003390 0.005565 0.004777 
71335809271300 0.003390 0.005565 0.004777 
71335828028852 0.003390 0.005565 0.004777 
71335846786404 0.003390 0.005565 0.004777 
71335865543956 0.003390 0.005565 0.004777 
71335884301508 0.003390 0.005565 0.004777 
71335903059060 0.003390 0.005565 0.004777 
71335921816612 0.003390 0.005565 0.004777 
71335940574164 0.003390 0.005565 0.004777 
71335959331716 0.003390 0.005565 0.004777 
71335978089268 0.003390 0.005565 0.004777 
71335996846821 0.003390 0.005565 0.004777 
71336015604321 0.003390 0.005565 0.004777 
71336034361873 0.003390 0.005565 0.004777 
71336053119425 0.003390 0.005565 0.004777 
71336071876977 0.003390 0.005565 0.004777 
71336090634529 0.003390 0.005565 0.004777 
71336109392081 0.003390 0.005565 0.004777 
71336128149633 0.003390 0.005565 0.004777 
71336146907185 0.003390 0.005565 0.004777 
71336165664737 0.003390 0.005565 0.004777 
71336184422289 0.003390 0.005565 0.004777 
71336203179841 0.003390 0.005565 0.004777 
71336221937341 0.003390 0.005565 0.004777 
71336240694893 0.003390 0.005565 0.004777 
71336259452446 0.003390 0.005565 0.004777 
71336278209998 0.003390 0.005565 0.004777 
71336296967550 0.003390 0.005565 0.004777 
71336315725102 0.003390 0.005565 0.004777 
71336334482654 0.003390 0.005565 0.004777 
71336353240206 0.003390 0.005565 0.004777 
71336371997758 0.003390 0.005565 0.004777 
71336390755258 0.003390 0.005565 0.004777 
71336409512810 0.003390 0.005565 0.004777 
71336428270362 0.003390 0.005565 0.004777 
71336447027914 0.003390 0.005565 0.004777 
71336465785414 0.003390 0.005565 0.004777 
71336484542966 0.003390 0.005565 0.004777 
71336503300518 0.003390 0.005565 0.004777 
71336522058071 0.003390 0.005565 0.004777 
71336540815623 0.003390 0.005565 0.004777 
71336559573175 0.003390 0.005565 0.004777 
71336578330727 0.003390 0.005565 0.004777 
71336597088279 0.003390 0.005565 0.004777 
71336615845779 0.003390 0.005565 0.004777 
71336634603331 0.003390 0.005565 0.004777 
71336653360883 0.003390 0.005565 0.004777 
71336672118435 0.003390 0.005565 0.004777 
71336690875987 0.003390 0.005565 0.004777 
71336709633539 0.003390 0.005565 0.004777 
71336728391039 0.003390 0.005565 0.004777 
71336747148643 0.003390 0.005565 0.004777 
71336765906196 0.003390 0.005565 0.004777 
71336784663696 0.003390 0.005565 0.004777 
71336803421248 0.003390 0.005565 0.004777 
71336822178800 0.003390 0.005565 0.004777 
71336840936352 0.003390 0.005565 0.004777 
71336859693904 0.003390 0.005565 0.004777 
71336878451404 0.003390 0.005565 0.004777 
71336897208956 0.003390 0.005565 0.004777 
71336915966560 0.003390 0.005565 0.004777 
71336934724112 0.003390 0.005565 0.004777 
71336953481612 0.003390 0.005565 0.004777 
71336972239164 0.003390 0.005565 0.004777 
71336990996716 0.003390 0.005565 0.004777 
71337009754268 0.003390 0.005565 0.004777 
71337028511821 0.003390 0.005565 0.004777 
71337047269373 0.003390 0.005565 0.004777 
71337066026925 0.003390 0.005565 0.004777 
71337084784477 0.003390 0.005565 0.004777 
71337103542029 0.003390 0.005565 0.004777 
71337122299581 0.003390 0.005565 0.004777 
71337141057133 0.003390 0.005565 0.004777 
71337159814685 0.003390 0.005565 0.004777 
71337178572237 0.003390 0.005565 0.004777 
71337197329789 0.003390 0.005565 0.004777 
71337216087289 0.003390 0.005565 0.004777 
71337234844841 0.003390 0.005565 0.004777 
71337253602393 0.003390 0.005565 0.004777 
71337272359946 0.003390 0.005565 0.004777 
71337291117498 0.003390 0.005565 0.004777 
71337309875050 0.003390 0.005565 0.004777 
71337328632602 0.003390 0.005565 0.004777 
71337347390102 0.003390 0.005565 0.004777 
71337366147654 0.003390 0.005565 0.004777 
71337384905154 0.003390 0.005565 0.004777 
71337403662758 0.003390 0.005565 0.004777 
71337422480206 0.003390 0.005565 0.004777 
71337441177862 0.003390 0.005565 0.004777 
71337459935414 0.003390 0.005565 0.004777 
71337478692966 0.003390 0.005565 0.004777 
71337497450466 0.003390 0.005565 0.004777 
71337516208018 0.003390 0.005565 0.004777 
71337534965571 0.003390 0.005565 0.004777 
71337553723123 0.003390 0.005565 0.004777 
71337572480675 0.003390 0.005565 0.004777 
71337591238227 0.003390 0.005565 0.004777 
71337609995727 0.003390 0.005565 0.004777 
71337628753279 0.003390 0.005565 0.004777 
71337647510831 0.003390 0.005565 0.004777 
71337666268383 0.003390 0.005565 0.004777 
71337685025935 0.003390 0.005565 0.004777 
71337703783487 0.003390 0.005565 0.004777 
71337722541039 0.003390 0.005565 0.004777 
71337741298539 0.003390 0.005565 0.004777 
71337760056091 0.003390 0.005565 0.004777 
71337778813643 0.003390 0.005565 0.004777 
71337797571196 0.003390 0.005565 0.004777 
71337816328748 0.003390 0.005565 0.004777 
71337835086300 0.003390 0.005565 0.004777 
71337853843852 0.003390 0.005565 0.004777 
71337872601352 0.003390 0.005565 0.004777 
71337891358904 0.003390 0.005565 0.004777 
71337910116456 0.003390 0.005565 0.004777 
71337928874008 0.003390 0.005565 0.004777 
71337947631560 0.003390 0.005565 0.004777 
71337966389112 0.003390 0.005565 0.004777 
71337985146664 0.003390 0.005565 0.004777 
71338003904164 0.003390 0.005565 0.004777 
71338022661716 0.003390 0.005565 0.004777 
71338041419268 0.003390 0.005565 0.004777 
71338060176821 0.003390 0.005565 0.004777 
71338078934373 0.003390 0.005565 0.004777 
71338097691925 0.003390 0.005565 0.004777 
71338116449425 0.003390 0.005565 0.004777 
71338135206977 0.003390 0.005565 0.004777 
71338153964529 0.003390 0.005565 0.004777 
71338172722029 0.003390 0.005565 0.004777 
71338191479633 0.003390 0.005565 0.004777 
71338210237185 0.003390 0.005565 0.004777 
71338228994737 0.003390 0.005565 0.004777 
71338247752289 0.003390 0.005565 0.004777 
71338266509789 0.003390 0.005565 0.004777 
71338285267341 0.003390 0.005565 0.004777 
71338304024893 0.003390 0.005565 0.004777 
71338322782446 0.003390 0.005565 0.004777 
71338341539998 0.003390 0.005565 0.004777 
71338360297550 0.003390 0.005565 0.004777 
71338379055050 0.003390 0.005565 0.004777 
71338397812602 0.003390 0.005565 0.004777 
71338416570154 0.003390 0.005565 0.004777 
71338435327706 0.003390 0.005565 0.004777 
71338454085258 0.003390 0.005565 0.004777 
71338472842914 0.003390 0.005565 0.004777 
71338491600258 0.003390 0.005565 0.004777 
71338510357862 0.003390 0.005565 0.004777 
71338529115414 0.003390 0.005565 0.004777 
71338547872966 0.003390 0.005565 0.004777 
71338566630518 0.003390 0.005565 0.004777 
71338585388071 0.003390 0.005565 0.004777 
71338604145571 0.003390 0.005565 0.004777 
71338622903123 0.003390 0.005565 0.004777 
71338641660675 0.003390 0.005565 0.004777 
71338660418227 0.003390 0.005565 0.004777 
71338679175779 0.003390 0.005565 0.004777 
71338697933279 0.003390 0.005565 0.004777 
71338716690831 0.003390 0.005565 0.004777 
71338735448383 0.003390 0.005565 0.004777 
71338754205935 0.003390 0.005565 0.004777 
71338772963487 0.003390 0.005565 0.004777 
71338791720987 0.003390 0.005565 0.004777 
71338810478539 0.003390 0.005565 0.004777 
71338829236091 0.003390 0.005565 0.004777 
71338847993643 0.003390 0.005565 0.004777 
71338866751196 0.003390 0.005565 0.004777 
71338885508748 0.003390 0.005565 0.004777 
71338904266248 0.003390 0.005565 0.004777 
71338923023800 0.003390 0.005565 0.004777 
71338941781352 0.003390 0.005565 0.004777 
71338960538904 0.003390 0.005565 0.004777 
71338979296456 0.003390 0.005565 0.004777 
71338998053956 0.003390 0.005565 0.004777 
71339016811456 0.003390 0.005565 0.004777 
71339035569060 0.003390 0.005565 0.004777 
71339054326612 0.003390 0.005565 0.004777 
71339073084164 0.003390 0.005565 0.004777 
71339091841664 0.003390 0.005565 0.004777 
71339110599216 0.003390 0.005565 0.004777 
71339129356768 0.003390 0.005565 0.004777 
71339148114321 0.003390 0.005565 0.004777 
71339166871873 0.003390 0.005565 0.004777 
71339185629268 0.003390 0.005565 0.004777 
71339204386925 0.003390 0.005565 0.004777 
71339223144477 0.003390 0.005565 0.004777 
71339241902029 0.003390 0.005565 0.004777 
71339260659581 0.003390 0.005565 0.004777 
71339279417133 0.003390 0.005565 0.004777 
71339298174581 0.003390 0.005565 0.004777 
71339316932185 0.003390 0.005565 0.004777 
71339335689737 0.003390 0.005565 0.004777 
71339354447289 0.003390 0.005565 0.004777 
71339373204841 0.003390 0.005565 0.004777 
71339391962341 0.003390 0.005565 0.004777 
71339410719893 0.003390 0.005565 0.004777 
71339429477446 0.003390 0.005565 0.004777 
71339448234998 0.003390 0.005565 0.004777 
71339466992550 0.003390 0.005565 0.004777 
71339485750050 0.003390 0.005565 0.004777 
71339504507602 0.003390 0.005565 0.004777 
71339523265154 0.003390 0.005565 0.004777 
71339542022654 0.003390 0.005565 0.004777 
71339560780206 0.003390 0.005565 0.004777 
71339579537758 0.003390 0.005565 0.004777 
71339598295310 0.003390 0.005565 0.004777 
71339617052862 0.003390 0.005565 0.004777 
71339635810362 0.003390 0.005565 0.004777 
71339654567914 0.003390 0.005565 0.004777 
71339673325466 0.003390 0.005565 0.004777 
71339692083018 0.003390 0.005565 0.004777 
71339710840571 0.003390 0.005565 0.004777 
71339729598071 0.003390 0.005565 0.004777 
71339748355623 0.003390 0.005565 0.004777 
71339767113175 0.003390 0.005565 0.004777 
71339785870727 0.003390 0.005565 0.004777 
71339804628227 0.003390 0.005565 0.004777 
71339823385779 0.003390 0.005565 0.004777 
71339842143331 0.003390 0.005565 0.004777 
71339860900883 0.003390 0.005565 0.004777 
71339879658435 0.003390 0.005565 0.004777 
71339898415935 0.003390 0.005565 0.004777 
71339917173487 0.003390 0.005565 0.004777 
71339935931039 0.003390 0.005565 0.004777 
71339954688591 0.003390 0.005565 0.004777 
71339973446143 0.003390 0.005565 0.004777 
71339992203643 0.003390 0.005565 0.004777 
71340010961196 0.003390 0.005565 0.004777 
71340029718748 0.003390 0.005565 0.004777 
71340048476248 0.003390 0.005565 0.004777 
71340067233852 0.003390 0.005565 0.004777 
71340085991352 0.003390 0.005565 0.004777 
71340104748904 0.003390 0.005565 0.004777 
71340123506456 0.003390 0.005565 0.004777 
71340142264008 0.003390 0.005565 0.004777 
71340161021508 0.003390 0.005565 0.004777 
71340179779060 0.003390 0.005565 0.004777 
71340198536612 0.003390 0.005565 0.004777 
71340217294164 0.003390 0.005565 0.004777 
71340236051716 0.003390 0.005565 0.004777 
71340254809164 0.003390 0.005565 0.004777 
71340273566768 0.003390 0.005565 0.004777 
71340292324321 0.003390 0.005565 0.004777 
71340311081873 0.003390 0.005565 0.004777 
71340329839373 0.003390 0.005565 0.004777 
71340348596925 0.003390 0.005565 0.004777 
71340367354477 0.003390 0.005565 0.004777 
71340386112029 0.003390 0.005565 0.004777 
71340404869529 0.003390 0.005565 0.004777 
71340423627081 0.003390 0.005565 0.004777 
71340442384633 0.003390 0.005565 0.004777 
71340461142185 0.003390 0.005565 0.004777 
71340479899737 0.003390 0.005565 0.004777 
71340498657237 0.003390 0.005565 0.004777 
71340517414789 0.003390 0.005565 0.004777 
71340536172341 0.003390 0.005565 0.004777 
71340554929893 0.003390 0.005565 0.004777 
71340573687393 0.003390 0.005565 0.004777 
71340592444946 0.003390 0.005565 0.004777 
71340611202498 0.003390 0.005565 0.004777 
71340629960050 0.003390 0.005565 0.004777 
71340648717602 0.003390 0.005565 0.004777 
71340667475102 0.003390 0.005565 0.004777 
71340686232654 0.003390 0.005565 0.004777 
71340704990206 0.003390 0.005565 0.004777 
71340723747758 0.003390 0.005565 0.004777 
71340742505258 0.003390 0.005565 0.004777 
71340761262810 0.003390 0.005565 0.004777 
71340780020362 0.003390 0.005565 0.004777 
71340798777914 0.003390 0.005565 0.004777 
71340817535414 0.003390 0.005565 0.004777 
71340836292966 0.003390 0.005565 0.004777 
71340855050518 0.003390 0.005565 0.004777 
71340873808071 0.003390 0.005565 0.004777 
71340892565623 0.003390 0.005565 0.004777 
71340911323123 0.003390 0.005565 0.004777 
71340930080675 0.003390 0.005565 0.004777 
71340948838227 0.003390 0.005565 0.004777 
71340967595727 0.003390 0.005565 0.004777 
71340986353279 0.003390 0.005565 0.004777 
71341005110831 0.003390 0.005565 0.004777 
71341023868383 0.003390 0.005565 0.004777 
71341042625935 0.003390 0.005565 0.004777 
71341061383435 0.003390 0.005565 0.004777 
71341080140987 0.003390 0.005565 0.004777 
71341098898539 0.003390 0.005565 0.004777 
71341117656091 0.003390 0.005565 0.004777 
71341136413591 0.003390 0.005565 0.004777 
71341155171143 0.003390 0.005565 0.004777 
71341173928696 0.003390 0.005565 0.004777 
71341192686248 0.003390 0.005565 0.004777 
71341211443748 0.003390 0.005565 0.004777 
71341230201300 0.003390 0.005565 0.004777 
71341248958852 0.003390 0.005565 0.004777 
71341267716404 0.003390 0.005565 0.004777 
71341286473956 0.003390 0.005565 0.004777 
71341305231404 0.003390 0.005565 0.004777 
71341323989008 0.003390 0.005565 0.004777 
71341342746560 0.003390 0.005565 0.004777 
71341361504112 0.003390 0.005565 0.004777 
71341380261612 0.003390 0.005565 0.004777 
71341399019164 0.003390 0.005565 0.004777 
71341417776716 0.003390 0.005565 0.004777 
71341436534268 0.003390 0.005565 0.004777 
71341455291768 0.003390 0.005565 0.004777 
71341474049321 0.003390 0.005565 0.004777 
71341492806873 0.003390 0.005565 0.004777 
71341511564425 0.003390 0.005565 0.004777 
71341530321977 0.003390 0.005565 0.004777 
71341549079477 0.003390 0.005565 0.004777 
71341567837029 0.003390 0.005565 0.004777 
71341586594581 0.003390 0.005565 0.004777 
71341605352133 0.003390 0.005565 0.004777 
71341624109633 0.003390 0.005565 0.004777 
71341642867185 0.003390 0.005565 0.004777 
71341661624737 0.003390 0.005565 0.004777 
71341680382289 0.003390 0.005565 0.004777 
71341699139789 0.003390 0.005565 0.004777 
71341717897341 0.003390 0.005565 0.004777 
71341736654893 0.003390 0.005565 0.004777 
71341755412446 0.003390 0.005565 0.004777 
71341774169946 0.003390 0.005565 0.004777 
71341792927498 0.003390 0.005565 0.004777 
71341811685050 0.003390 0.005565 0.004777 
71341830442602 0.003390 0.005565 0.004777 
71341849200102 0.003390 0.005565 0.004777 
71341867957654 0.003390 0.005565 0.004777 
71341886715206 0.003390 0.005565 0.004777 
71341905472758 0.003390 0.005565 0.004777 
71341924230310 0.003390 0.005565 0.004777 
71341942987810 0.003390 0.005565 0.004777 
71341961745362 0.003390 0.005565 0.004777 
71341980502914 0.003390 0.005565 0.004777 
71341999260466 0.003390 0.005565 0.004777 
71342018017966 0.003390 0.005565 0.004777 
71342036775518 0.003390 0.005565 0.004777 
71342055533071 0.003390 0.005565 0.004777 
71342074290571 0.003390 0.005565 0.004777 
71342093048123 0.003390 0.005565 0.004777 
71342111805675 0.003390 0.005565 0.004777 
71342130563227 0.003390 0.005565 0.004777 
71342149320779 0.003390 0.005565 0.004777 
71342168078279 0.003390 0.005565 0.004777 
71342186835831 0.003390 0.005565 0.004777 
71342205593383 0.003390 0.005565 0.004777 
71342224350935 0.003390 0.005565 0.004777 
71342243108435 0.003390 0.005565 0.004777 
71342261865935 0.003390 0.005565 0.004777 
71342280623539 0.003390 0.005565 0.004777 
71342299381039 0.003390 0.005565 0.004777 
71342318138591 0.003390 0.005565 0.004777 
71342336896143 0.003390 0.005565 0.004777 
71342355653696 0.003390 0.005565 0.004777 
71342374411196 0.003390 0.005565 0.004777 
71342393168748 0.003390 0.005565 0.004777 
71342411926300 0.003390 0.005565 0.004777 
71342430683852 0.003390 0.005565 0.004777 
71342449441352 0.003390 0.005565 0.004777 
71342468198904 0.003390 0.005565 0.004777 
71342486956456 0.003390 0.005565 0.004777 
71342505714008 0.003390 0.005565 0.004777 
71342524471508 0.003390 0.005565 0.004777 
71342543229060 0.003390 0.005565 0.004777 
71342561986612 0.003390 0.005565 0.004777 
71342580744112 0.003390 0.005565 0.004777 
71342599501664 0.003390 0.005565 0.004777 
71342618259216 0.003390 0.005565 0.004777 
71342637016768 0.003390 0.005565 0.004777 
71342655774268 0.003390 0.005565 0.004777 
71342674531821 0.003390 0.005565 0.004777 
71342693289373 0.003390 0.005565 0.004777 
71342712046925 0.003390 0.005565 0.004777 
71342730804425 0.003390 0.005565 0.004777 
71342749561977 0.003390 0.005565 0.004777 
71342768319529 0.003390 0.005565 0.004777 
71342787077081 0.003390 0.005565 0.004777 
71342805834581 0.003390 0.005565 0.004777 
71342824592133 0.003390 0.005565 0.004777 
71342843349685 0.003390 0.005565 0.004777 
71342862107185 0.003390 0.005565 0.004777 
71342880864737 0.003390 0.005565 0.004777 
71342899622289 0.003390 0.005565 0.004777 
71342918379841 0.003390 0.005565 0.004777 
71342937137341 0.003390 0.005565 0.004777 
71342955894893 0.003390 0.005565 0.004777 
71342974652446 0.003390 0.005565 0.004777 
71342993409998 0.003390 0.005565 0.004777 
71343012167498 0.003390 0.005565 0.004777 
71343030925050 0.003390 0.005565 0.004777 
71343049682602 0.003390 0.005565 0.004777 
71343068440102 0.003390 0.005565 0.004777 
71343087197654 0.003390 0.005565 0.004777 
71343105955206 0.003390 0.005565 0.004777 
71343124712758 0.003390 0.005565 0.004777 
71343143470258 0.003390 0.005565 0.004777 
71343162227810 0.003390 0.005565 0.004777 
71343180985362 0.003390 0.005565 0.004777 
71343199742914 0.003390 0.005565 0.004777 
71343218500362 0.003390 0.005565 0.004777 
71343237257966 0.003390 0.005565 0.004777 
71343256015518 0.003390 0.005565 0.004777 
71343274773018 0.003390 0.005565 0.004777 
71343293530571 0.003390 0.005565 0.004777 
71343312288123 0.003390 0.005565 0.004777 
71343331045675 0.003390 0.005565 0.004777 
71343349803175 0.003390 0.005565 0.004777 
71343368560727 0.003390 0.005565 0.004777 
71343387318279 0.003390 0.005565 0.004777 
71343406075831 0.003390 0.005565 0.004777 
71343424833331 0.003390 0.005565 0.004777 
71343443590883 0.003390 0.005565 0.004777 
71343462348435 0.003390 0.005565 0.004777 
71343481105987 0.003390 0.005565 0.004777 
71343499863487 0.003390 0.005565 0.004777 
71343518621039 0.003390 0.005565 0.004777 
71343537378591 0.003390 0.005565 0.004777 
71343556136091 0.003390 0.005565 0.004777 
71343574893643 0.003390 0.005565 0.004777 
71343593651196 0.003390 0.005565 0.004777 
71343612408748 0.003390 0.005565 0.004777 
71343631166300 0.003390 0.005565 0.004777 
71343649923800 0.003390 0.005565 0.004777 
71343668681352 0.003390 0.005565 0.004777 
71343687438904 0.003390 0.005565 0.004777 
71343706196456 0.003390 0.005565 0.004777 
71343724953956 0.003390 0.005565 0.004777 
71343743711508 0.003390 0.005565 0.004777 
71343762469060 0.003390 0.005565 0.004777 
71343781226612 0.003390 0.005565 0.004777 
71343799984164 0.003390 0.005565 0.004777 
71343818741716 0.003390 0.005565 0.004777 
71343837499216 0.003390 0.005565 0.004777 
71343856256768 0.003390 0.005565 0.004777 
71343875014321 0.003390 0.005565 0.004777 
71343893771873 0.003390 0.005565 0.004777 
71343912529425 0.003390 0.005565 0.004777 
71343931286977 0.003390 0.005565 0.004777 
71343950044477 0.003390 0.005565 0.004777 
71343968802029 0.003390 0.005565 0.004777 
71343987559581 0.003390 0.005565 0.004777 
71344006317133 0.003390 0.005565 0.004777 
71344025074685 0.003390 0.005565 0.004777 
71344043832237 0.003390 0.005565 0.004777 
71344062589789 0.003390 0.005565 0.004777 
71344081347289 0.003390 0.005565 0.004777 
71344100104893 0.003390 0.005565 0.004777 
71344118862446 0.003390 0.005565 0.004777 
71344137619998 0.003390 0.005565 0.004777 
71344156377550 0.003390 0.005565 0.004777 
71344175135050 0.003390 0.005565 0.004777 
71344193892602 0.003390 0.005565 0.004777 
71344212650154 0.003390 0.005565 0.004777 
71344231407706 0.003390 0.005565 0.004777 
71344250165258 0.003390 0.005565 0.004777 
71344268922862 0.003390 0.005565 0.004777 
71344287680362 0.003390 0.005565 0.004777 
71344306437966 0.003390 0.005565 0.004777 
71344325195518 0.003390 0.005565 0.004777 
71344343953071 0.003390 0.005565 0.004777 
71344362710623 0.003390 0.005565 0.004777 
71344381468175 0.003390 0.005565 0.004777 
71344400225727 0.003390 0.005565 0.004777 
71344418983279 0.003390 0.005565 0.004777 
71344437740831 0.003390 0.005565 0.004777 
71344456498383 0.003390 0.005565 0.004777 
71344475255935 0.003390 0.005565 0.004777 
71344494013487 0.003390 0.005565 0.004777 
71344512771039 0.003390 0.005565 0.004777 
71344531528591 0.003390 0.005565 0.004777 
71344550286196 0.003390 0.005565 0.004777 
71344569043748 0.003390 0.005565 0.004777 
71344587801300 0.003390 0.005565 0.004777 
71344606558852 0.003390 0.005565 0.004777 
71344625316404 0.003390 0.005565 0.004777 
71344644073956 0.003390 0.005565 0.004777 
71344662831560 0.003390 0.005565 0.004777 
71344681589112 0.003390 0.005565 0.004777 
71344700346664 0.003390 0.005565 0.004777 
71344719104216 0.003390 0.005565 0.004777 
71344737861716 0.003390 0.005565 0.004777 
71344756619373 0.003390 0.005565 0.004777 
71344775376873 0.003390 0.005565 0.004777 
71344794134477 0.003390 0.005565 0.004777 
71344812892029 0.003390 0.005565 0.004777 
71344831649633 0.003390 0.005565 0.004777 
71344850407185 0.003390 0.005565 0.004777 
71344869164737 0.003390 0.005565 0.004777 
71344887922341 0.003390 0.005565 0.004777 
71344906679893 0.003390 0.005565 0.004777 
71344925437446 0.003390 0.005565 0.004777 
71344944195050 0.003390 0.005565 0.004777 
71344962952602 0.003390 0.005565 0.004777 
71344981710154 0.003390 0.005565 0.004777 
71345000467758 0.003390 0.005565 0.004777 
71345019225310 0.003390 0.005565 0.004777 
71345037982341 0.003390 0.005565 0.004777 
71345077840102 0.003390 0.005565 0.004777 
71345096597706 0.003390 0.005565 0.004777 
71345115355310 0.003390 0.005565 0.004777 
71345134112914 0.003390 0.005565 0.004777 
71345152870414 0.003390 0.005565 0.004777 
71345171628018 0.003390 0.005565 0.004777 
71345190385623 0.003390 0.005565 0.004777 
71345209143123 0.003390 0.005565 0.004777 
71345227900727 0.003390 0.005565 0.004777 
71345246658331 0.003390 0.005565 0.004777 
71345265415935 0.003390 0.005565 0.004777 
71345284173435 0.003390 0.005565 0.004777 
71345302931039 0.003390 0.005565 0.004777 
71345321688643 0.003390 0.005565 0.004777 
71345340446248 0.003390 0.005565 0.004777 
71345359203748 0.003390 0.005565 0.004777 
71345377961352 0.003390 0.005565 0.004777 
71345396718956 0.003390 0.005565 0.004777 
71345415476560 0.003390 0.005565 0.004777 
71345434234164 0.003390 0.005565 0.004777 
71345452991664 0.003390 0.005565 0.004777 
71345471749268 0.003390 0.005565 0.004777 
71345490506873 0.003390 0.005565 0.004777 
71345509264477 0.003390 0.005565 0.004777 
71345528022081 0.003390 0.005565 0.004777 
71345546779581 0.003390 0.005565 0.004777 
71345565537185 0.003390 0.005565 0.004777 
71345584294789 0.003390 0.005565 0.004777 
71345603052393 0.003390 0.005565 0.004777 
71345621809998 0.003390 0.005565 0.004777 
71345640567498 0.003390 0.005565 0.004777 
71345659325102 0.003390 0.005565 0.004777 
71345678082706 0.003390 0.005565 0.004777 
71345696840310 0.003390 0.005565 0.004777 
71345715597914 0.003390 0.005565 0.004777 
71345734355518 0.003390 0.005565 0.004777 
71345753113123 0.003390 0.005565 0.004777 
71345771870727 0.003390 0.005565 0.004777 
71345790628227 0.003390 0.005565 0.004777 
71345809385831 0.003390 0.005565 0.004777 
71345828143435 0.003390 0.005565 0.004777 
71345846901039 0.003390 0.005565 0.004777 
71345865658643 0.003390 0.005565 0.004777 
71345884416248 0.003390 0.005565 0.004777 
71345903173852 0.003390 0.005565 0.004777 
71345921931456 0.003390 0.005565 0.004777 
71345940689060 0.003390 0.005565 0.004777 
71345959446664 0.003390 0.005565 0.004777 
71345978204164 0.003390 0.005565 0.004777 
71345996961768 0.003390 0.005565 0.004777 
71346015719373 0.003390 0.005565 0.004777 
71346034476977 0.003390 0.005565 0.004777 
71346053234581 0.003390 0.005565 0.004777 
71346071992185 0.003390 0.005565 0.004777 
71346090749789 0.003390 0.005565 0.004777 
71346109507393 0.003390 0.005565 0.004777 
71346128264998 0.003390 0.005565 0.004777 
71346147022602 0.003390 0.005565 0.004777 
71346165780206 0.003390 0.005565 0.004777 
71346184537810 0.003390 0.005565 0.004777 
71346203295414 0.003390 0.005565 0.004777 
71346222053018 0.003390 0.005565 0.004777 
71346240810623 0.003390 0.005565 0.004777 
71346259568227 0.003390 0.005565 0.004777 
71346278325831 0.003390 0.005565 0.004777 
71346297083435 0.003390 0.005565 0.004777 
71346315841039 0.003390 0.005565 0.004777 
71346334598643 0.003390 0.005565 0.004777 
71346353356248 0.003390 0.005565 0.004777 
71346372113852 0.003390 0.005565 0.004777 
71346390871560 0.003390 0.005565 0.004777 
71346409629060 0.003390 0.005565 0.004777 
71346428386768 0.003390 0.005565 0.004777 
71346447144373 0.003390 0.005565 0.004777 
71346465901977 0.003390 0.005565 0.004777 
71346484659581 0.003390 0.005565 0.004777 
71346503417185 0.003390 0.005565 0.004777 
71346522174789 0.003390 0.005565 0.004777 
71346540932393 0.003390 0.005565 0.004777 
71346559689998 0.003390 0.005565 0.004777 
71346578447706 0.003390 0.005565 0.004777 
71346597205310 0.003390 0.005565 0.004777 
71346615962810 0.003390 0.005565 0.004777 
71346634720518 0.003390 0.005565 0.004777 
71346653478123 0.003390 0.005565 0.004777 
71346672235727 0.003390 0.005565 0.004777 
71346690993435 0.003390 0.005565 0.004777 
71346709751039 0.003390 0.005565 0.004777 
71346728508643 0.003390 0.005565 0.004777 
71346747266248 0.003390 0.005565 0.004777 
71346766023852 0.003390 0.005565 0.004777 
71346784781560 0.003390 0.005565 0.004777 
71346803539164 0.003390 0.005565 0.004777 
71346822296768 0.003390 0.005565 0.004777 
71346841054373 0.003390 0.005565 0.004777 
71346859812081 0.003390 0.005565 0.004777 
71346878569685 0.003390 0.005565 0.004777 
71346897327289 0.003390 0.005565 0.004777 
71346916084893 0.003390 0.005565 0.004777 
71346934842602 0.003390 0.005565 0.004777 
71346953600206 0.003390 0.005565 0.004777 
71346972357810 0.003390 0.005565 0.004777 
71346991115518 0.003390 0.005565 0.004777 
71347009873123 0.003390 0.005565 0.004777 
71347028630727 0.003390 0.005565 0.004777 
71347047388435 0.003390 0.005565 0.004777 
71347066146039 0.003390 0.005565 0.004777 
71347084903643 0.003390 0.005565 0.004777 
71347103661352 0.003390 0.005565 0.004777 
71347122418956 0.003390 0.005565 0.004777 
71347141176560 0.003390 0.005565 0.004777 
71347159934268 0.003390 0.005565 0.004777 
71347178691873 0.003390 0.005565 0.004777 
71347197449581 0.003390 0.005565 0.004777 
71347216207185 0.003390 0.005565 0.004777 
71347234964789 0.003390 0.005565 0.004777 
71347253722498 0.003390 0.005565 0.004777 
71347272480102 0.003390 0.005565 0.004777 
71347291237810 0.003390 0.005565 0.004777 
71347309995414 0.003390 0.005565 0.004777 
71347328753123 0.003390 0.005565 0.004777 
71347347510727 0.003390 0.005565 0.004777 
71347366268331 0.003390 0.005565 0.004777 
71347385026039 0.003390 0.005565 0.004777 
71347403783643 0.003390 0.005565 0.004777 
71347422541352 0.003390 0.005565 0.004777 
71347441298956 0.003390 0.005565 0.004777 
71347460056664 0.003390 0.005565 0.004777 
71347478814268 0.003390 0.005565 0.004777 
71347497571977 0.003390 0.005565 0.004777 
71347516329581 0.003390 0.005565 0.004777 
71347535087289 0.003390 0.005565 0.004777 
71347553844998 0.003390 0.005565 0.004777 
71347572602602 0.003390 0.005565 0.004777 
71347591360310 0.003390 0.005565 0.004777 
71347610117914 0.003390 0.005565 0.004777 
71347628875623 0.003390 0.005565 0.004777 
71347647633227 0.003390 0.005565 0.004777 
71347666390935 0.003390 0.005565 0.004777 
71347685148643 0.003390 0.005565 0.004777 
71347703906248 0.003390 0.005565 0.004777 
71347722663956 0.003390 0.005565 0.004777 
71347741421560 0.003390 0.005565 0.004777 
71347760179268 0.003390 0.005565 0.004777 
71347778936977 0.003390 0.005565 0.004777 
71347797694581 0.003390 0.005565 0.004777 
71347816452289 0.003390 0.005565 0.004777 
71347835209998 0.003390 0.005565 0.004777 
71347853967706 0.003390 0.005565 0.004777 
71347872725310 0.003390 0.005565 0.004777 
71347891483018 0.003390 0.005565 0.004777 
71347910240727 0.003390 0.005565 0.004777 
71347928998331 0.003390 0.005565 0.004777 
71347947756039 0.003390 0.005565 0.004777 
71347966513748 0.003390 0.005565 0.004777 
71347985271456 0.003390 0.005565 0.004777 
71348004029060 0.003390 0.005565 0.004777 
71348022786768 0.003390 0.005565 0.004777 
71348041544477 0.003390 0.005565 0.004777 
71348060302185 0.003390 0.005565 0.004777 
71348079059789 0.003390 0.005565 0.004777 
71348097817498 0.003390 0.005565 0.004777 
71348116575206 0.003390 0.005565 0.004777 
71348135332914 0.003390 0.005565 0.004777 
71348154090623 0.003390 0.005565 0.004777 
71348172848331 0.003390 0.005565 0.004777 
71348191605935 0.003390 0.005565 0.004777 
71348210363643 0.003390 0.005565 0.004777 
71348229121352 0.003390 0.005565 0.004777 
71348247879060 0.003390 0.005565 0.004777 
71348266636768 0.003390 0.005565 0.004777 
71348285394373 0.003390 0.005565 0.004777 
71348304152185 0.003390 0.005565 0.004777 
71348322909893 0.003390 0.005565 0.004777 
71348341667602 0.003390 0.005565 0.004777 
71348360425310 0.003390 0.005565 0.004777 
71348379183018 0.003390 0.005565 0.004777 
71348397940623 0.003390 0.005565 0.004777 
71348416698331 0.003390 0.005565 0.004777 
71348435456039 0.003390 0.005565 0.004777 
71348454213748 0.003390 0.005565 0.004777 
71348472971456 0.003390 0.005565 0.004777 
71348491729164 0.003390 0.005565 0.004777 
71348510486873 0.003390 0.005565 0.004777 
71348529244581 0.003390 0.005565 0.004777 
71348548002289 0.003390 0.005565 0.004777 
71348566759998 0.003390 0.005565 0.004777 
71348585517810 0.003390 0.005565 0.004777 
71348604275518 0.003390 0.005565 0.004777 
71348623033227 0.003390 0.005565 0.004777 
71348641790831 0.003390 0.005565 0.004777 
71348660548643 0.003390 0.005565 0.004777 
71348679306352 0.003390 0.005565 0.004777 
71348698064060 0.003390 0.005565 0.004777 
71348716821768 0.003390 0.005565 0.004777 
71348735579477 0.003390 0.005565 0.004777 
71348754337185 0.003390 0.005565 0.004777 
71348773094893 0.003390 0.005565 0.004777 
71348791852706 0.003390 0.005565 0.004777 
71348810610414 0.003390 0.005565 0.004777 
71348829368123 0.003390 0.005565 0.004777 
71348848125831 0.003390 0.005565 0.004777 
71348866883539 0.003390 0.005565 0.004777 
71348885641248 0.003390 0.005565 0.004777 
71348904399060 0.003390 0.005565 0.004777 
71348923156768 0.003390 0.005565 0.004777 
71348941914477 0.003390 0.005565 0.004777 
71348960672185 0.003390 0.005565 0.004777 
71348979429893 0.003390 0.005565 0.004777 
71348998187706 0.003390 0.005565 0.004777 
71349016945414 0.003390 0.005565 0.004777 
