# Created at Thu Mar 27 10:00:12 GMT+01:00 2025 in Burnaby Canada 
1738834113705762 996.906738 
1738834153705294 996.914307 
1738834193713002 996.914307 
1738834233702221 996.916504 
1738834273690606 996.915283 
1738834313708939 996.910889 
1738834353712325 996.917725 
1738834393706492 996.918213 
1738834433710919 996.919189 
1738834473708314 996.921387 
1738834513712481 996.920410 
1738834553705294 996.925293 
1738834593711179 996.914795 
1738834633705398 996.915771 
1738834673703419 996.914307 
1738834713704773 996.911621 
1738834753711648 996.913818 
1738834793705033 996.914795 
1738834833703939 996.916260 
1738834873705033 996.916016 
1738834913711492 996.912842 
1738834953708783 996.900879 
1738834993700554 996.894775 
1738835033706179 996.898438 
1738835073710606 996.910889 
1738835113705294 996.918457 
1738835153706075 996.936279 
1738835193702898 996.944580 
1738835233711387 996.944336 
1738835273705502 996.933838 
1738835313725658 996.917725 
1738835353704617 996.909424 
1738835393713367 996.917725 
1738835433702585 996.913818 
1738835473705502 996.917725 
1738835513704825 996.920654 
1738835553712846 996.926025 
1738835593703314 996.924805 
1738835633711439 996.929199 
1738835673708783 996.926270 
1738835713712585 996.924561 
1738835753706492 996.917236 
1738835793710814 996.920410 
1738835833707742 996.913330 
1738835873712117 996.904053 
1738835913705554 996.894775 
1738835953711544 996.895996 
1738835993705450 996.909180 
1738836033703367 996.921143 
1738836073705242 996.967285 
1738836113711752 997.056396 
1738836153705085 997.277344 
1738836193703419 997.420166 
1738836233704408 997.355957 
1738836273711700 997.218506 
1738836313705189 997.177002 
1738836353752481 997.027832 
1738836393704617 996.870850 
1738836433706023 996.814453 
1738836473712273 996.776855 
1738836513712117 996.760010 
1738836553710710 996.770264 
1738836593712117 996.776123 
1738836633711856 996.787354 
1738836673708471 996.802246 
1738836713703939 996.813477 
1738836753709304 996.828369 
1738836793711179 996.838867 
1738836833713575 996.858643 
1738836873704460 996.871826 
1738836913712064 996.885986 
1738836953712273 996.902344 
1738836993712325 996.904541 
1738837033705762 996.917725 
1738837073711960 996.938721 
1738837113711648 996.960449 
1738837153713367 996.958984 
1738837193712794 996.950439 
1738837233714148 996.957275 
1738837273712898 996.970947 
1738837313703679 997.062988 
1738837353706127 997.190918 
1738837393711283 997.243408 
1738837433712689 997.256348 
1738837473703939 997.239258 
1738837513714929 997.179443 
1738837553712273 997.116943 
1738837593712898 997.054688 
1738837633746127 997.011230 
1738837673711648 996.947266 
1738837713711075 996.913330 
1738837753713054 996.911377 
1738837793712117 996.922363 
1738837833712481 996.900146 
1738837873713158 996.899170 
1738837913703158 996.902832 
1738837953704773 996.922363 
1738837993711960 996.942627 
1738838033713731 996.953125 
1738838073704096 996.969482 
1738838113712377 996.989746 
1738838153712377 997.001953 
1738838193712377 996.990967 
1738838233691648 996.960205 
1738838273711387 996.942383 
1738838313711908 996.953125 
1738838353712846 996.965820 
1738838393712481 996.939941 
1738838433713210 996.919434 
1738838473712585 996.891602 
1738838513704669 996.892822 
1738838553705658 996.905273 
1738838593711752 996.887939 
1738838633710971 996.900635 
1738838673703939 996.947510 
1738838713712950 996.907959 
1738838753712117 996.872559 
1738838793712325 996.867920 
1738838833692064 996.833740 
1738838873705502 996.813965 
1738838913712221 996.811279 
1738838953713627 996.848389 
1738838993712846 996.854248 
1738839033713158 996.846924 
1738839073712846 996.853271 
1738839113703627 996.859619 
1738839153809252 996.865723 
1738839193712273 996.878906 
1738839233711856 996.891357 
1738839273703887 996.908936 
1738839313712325 996.932373 
1738839353712012 996.956299 
1738839393713210 996.942627 
1738839433696023 996.945068 
1738839473712117 996.977051 
1738839513711596 996.996094 
1738839553712064 997.007813 
1738839593711648 997.032959 
1738839633712325 997.055908 
1738839673712742 997.110352 
1738839713713783 997.167725 
1738839753706179 997.152832 
1738839793711283 997.155518 
1738839833713419 997.217773 
1738839873704200 997.300537 
1738839913713419 997.360596 
1738839953713471 997.416992 
1738839993713262 997.407471 
1738840033704929 997.315918 
1738840073707898 997.173340 
1738840113710658 997.037109 
1738840153711127 996.891357 
1738840193712429 996.780273 
1738840233712898 996.714600 
1738840273712898 996.711426 
1738840313712064 996.701172 
1738840353705242 996.686523 
1738840393710814 996.683838 
1738840433711387 996.671875 
1738840473702169 996.658447 
1738840513714929 996.685791 
1738840553712481 996.737549 
1738840593712689 996.793701 
1738840633704200 996.827881 
1738840673711804 996.877197 
1738840713712117 996.897461 
1738840753713419 996.897949 
1738840793689981 996.919434 
1738840833712898 996.979736 
1738840873712898 997.066406 
1738840913712898 997.117432 
1738840953706283 997.233887 
1738840993711179 997.382080 
1738841033711960 997.564453 
1738841073703627 997.523682 
1738841113713158 997.290527 
1738841153711804 997.046631 
1738841193711752 996.871582 
1738841233704148 996.787842 
1738841273711075 996.724609 
1738841313711596 996.662598 
1738841353712846 996.630371 
1738841393690867 996.625244 
1738841433712898 996.646729 
1738841473712221 996.712402 
1738841513712273 996.876709 
1738841553705033 997.009766 
1738841593711752 997.050781 
1738841633711908 997.017334 
1738841673702429 997.078613 
1738841713712898 997.302734 
1738841753712117 997.421875 
1738841793712064 997.288818 
1738841833703367 997.256592 
1738841873798939 997.197998 
1738841913710502 997.188965 
1738841953712585 997.222900 
1738841993690294 997.221191 
1738842033713419 997.184570 
1738842073712846 997.156738 
1738842113712742 997.166260 
1738842153706544 997.161377 
1738842193711960 997.115234 
1738842233711908 997.047119 
1738842273703471 996.976807 
1738842313713367 996.829834 
1738842353712794 996.658203 
1738842393713679 996.564209 
1738842433703627 996.532227 
1738842473705398 996.529053 
1738842513711960 996.556152 
1738842553712117 996.619629 
1738842593703627 996.688232 
1738842633712846 996.743164 
1738842673712377 996.757568 
1738842713712846 996.797852 
1738842753705450 996.851807 
1738842793711648 996.898926 
1738842833711283 996.953369 
1738842873704564 997.005615 
1738842913713367 997.033936 
1738842953712898 997.085449 
1738842993712273 997.174316 
1738843033703887 997.202393 
1738843073705242 997.098389 
1738843113711075 996.971924 
1738843153713731 996.905029 
1738843193703367 996.892334 
1738843233712950 996.886719 
1738843273712221 996.874023 
1738843313713210 996.846680 
1738843353749044 996.820313 
1738843393711908 996.827637 
1738843433712481 996.866211 
1738843473713887 996.897461 
1738843513712064 996.889404 
1738843553713158 996.910400 
1738843593712846 996.968750 
1738843633703887 997.040771 
1738843673704773 997.079590 
1738843713710814 997.059326 
1738843753711023 997.035400 
1738843793704408 997.003174 
1738843833712585 996.970947 
1738843873713054 996.958252 
1738843913713158 996.929688 
1738843953707533 996.904053 
1738843993690554 996.887939 
1738844033711179 996.875488 
1738844073711283 996.860840 
1738844113712794 996.867432 
1738844153713731 996.885010 
1738844193714148 996.919678 
1738844233703367 996.954590 
1738844273705450 996.975098 
1738844313711856 996.994141 
1738844353712846 996.992432 
1738844393703367 996.988281 
1738844433713106 997.010742 
1738844473712950 997.037598 
1738844513713158 997.054443 
1738844553691387 997.065674 
1738844593830554 997.087402 
1738844633711856 997.112061 
1738844673704617 997.124512 
1738844713712794 997.107178 
1738844753713158 997.056152 
1738844793713471 997.004150 
1738844833704564 996.953613 
1738844873814877 996.894775 
1738844913711596 996.804688 
1738844953712221 996.725830 
1738844993704148 996.634766 
1738845033712429 996.598389 
1738845073712169 996.602539 
1738845113712898 996.608398 
1738845153693731 996.629883 
1738845193711648 996.658691 
1738845233711700 996.688232 
1738845273712117 996.723633 
1738845313712273 996.761963 
1738845353712429 996.806152 
1738845393713106 996.845703 
1738845433713367 996.909424 
1738845473707637 996.921143 
1738845513710867 996.937012 
1738845553711596 996.943604 
1738845593703158 996.976807 
1738845633712273 997.071777 
1738845673713627 997.192871 
1738845713713419 997.325439 
1738845753704148 997.410156 
1738845793705346 997.448242 
1738845833711075 997.453613 
1738845873711856 997.447266 
1738845913712898 997.434082 
1738845953713054 997.410645 
1738845993713106 997.396484 
1738846033713158 997.394531 
1738846073705398 997.363281 
1738846113712325 997.328369 
1738846153712169 997.283691 
1738846193703679 997.174805 
1738846233712898 996.899658 
1738846273712117 996.615723 
1738846313712689 996.468994 
1738846353704148 996.376709 
1738846393707898 996.334229 
1738846433712481 996.331543 
1738846473706492 996.362061 
1738846513690919 996.421143 
1738846553712846 996.493896 
1738846593712117 996.562744 
1738846633712481 996.621826 
1738846673706283 996.679932 
1738846713712064 996.746094 
1738846753713158 996.798340 
1738846793703367 996.827881 
1738846833714200 996.865967 
1738846873713106 996.864746 
1738846913712169 996.854492 
1738846953703367 996.896729 
1738846993711648 996.976074 
1738847033711439 997.095703 
1738847073712064 997.220215 
1738847113690710 997.301025 
1738847153712950 997.382324 
1738847193712846 997.419434 
1738847233712898 997.455566 
1738847273706231 997.536377 
1738847313711075 997.580322 
1738847353711648 997.577393 
1738847393702169 997.519043 
1738847433712012 997.391846 
1738847473712481 997.102295 
1738847513713314 996.781250 
1738847553703627 996.580811 
1738847593690919 996.479248 
1738847633712117 996.410156 
1738847673712950 996.385986 
1738847713689408 996.406738 
1738847753712585 996.455811 
1738847793712898 996.534912 
1738847833713731 996.641602 
1738847873706335 996.732178 
1738847913711127 996.830811 
1738847953710762 996.913818 
1738847993703887 996.869141 
1738848033713471 996.852539 
1738848073712012 996.875732 
1738848113712742 996.901367 
1738848153703627 996.954346 
1738848193802273 997.092041 
1738848233712117 997.223389 
1738848273713054 997.332031 
1738848313708575 997.433350 
1738848353712169 997.509033 
1738848393713210 997.545898 
1738848433712169 997.578369 
1738848473705294 997.579834 
1738848513712585 997.536133 
1738848553711908 997.436768 
1738848593712950 997.244873 
1738848633713627 996.957520 
1738848673712169 996.681396 
1738848713712429 996.479492 
1738848753702846 996.383301 
1738848793706648 996.392334 
1738848833711856 996.472900 
1738848873712846 996.575439 
1738848913703106 996.664795 
1738848953712429 996.757324 
1738848993713262 996.877441 
1738849033713679 996.850098 
1738849073711127 996.793457 
1738849113711700 996.786377 
1738849153711700 996.806885 
1738849193712377 996.848145 
1738849233712325 996.941650 
1738849273712898 997.080566 
1738849313712377 997.220459 
1738849353703419 997.313477 
1738849393706283 997.370361 
1738849433711075 997.452148 
1738849473713210 997.558105 
1738849513704148 997.604004 
1738849553713210 997.566650 
1738849593712898 997.453125 
1738849633713054 997.181885 
1738849673706700 996.863281 
1738849713706804 996.626465 
1738849753712064 996.497070 
1738849793711856 996.428223 
1738849833713210 996.396729 
1738849873713158 996.433838 
1738849913712481 996.509033 
1738849953703939 996.581543 
1738849993705033 996.646484 
1738850033711960 996.728271 
1738850073713471 996.858887 
1738850113704408 996.985596 
1738850153712846 996.909180 
1738850193712169 996.838379 
1738850233713106 996.842041 
1738850273694617 996.874268 
1738850313705398 996.969971 
1738850353711335 997.151123 
1738850393690814 997.270996 
1738850433713158 997.373779 
1738850473713158 997.444336 
1738850513713262 997.484131 
1738850553703939 997.514404 
1738850593710450 997.517334 
1738850633712481 997.509033 
1738850673712064 997.458008 
1738850713703419 997.328613 
1738850753713054 997.128174 
1738850793712846 996.778564 
1738850833713002 996.517334 
1738850873690606 996.397217 
1738850913712117 996.363770 
1738850953711804 996.361816 
1738850993712221 996.398926 
1738851033712117 996.460205 
1738851073713262 996.525879 
1738851113712794 996.588867 
1738851153703887 996.655762 
1738851193841856 996.754150 
1738851233711335 996.792480 
1738851273713106 996.793213 
1738851313703887 996.780273 
1738851353712950 996.790039 
1738851393713210 996.854004 
1738851433712325 996.962158 
1738851473703939 997.116699 
1738851513705450 997.292969 
1738851553711075 997.433838 
1738851593713679 997.521729 
1738851633712377 997.593994 
1738851673713158 997.631836 
1738851713712898 997.616211 
1738851753713575 997.511230 
1738851793706335 997.234131 
1738851833711960 996.866699 
1738851873711127 996.666504 
1738851913702169 996.565674 
1738851953711856 996.481445 
1738851993712898 996.433594 
1738852033713471 996.440918 
1738852073704148 996.495850 
1738852113705762 996.564941 
1738852153712012 996.641602 
1738852193713471 996.782715 
1738852233713471 996.804932 
1738852273713054 996.791260 
1738852313712898 996.825928 
1738852353713367 996.899414 
1738852393706700 996.977783 
1738852433711439 997.114746 
1738852473711387 997.261230 
1738852513703367 997.376953 
1738852553712689 997.471680 
1738852593713002 997.568604 
1738852633713158 997.647217 
1738852673704408 997.646729 
1738852713705242 997.527344 
1738852753711856 997.340088 
1738852793713523 996.972168 
1738852833690606 996.679443 
1738852873713158 996.535645 
1738852913713106 996.474609 
1738852953712950 996.443359 
1738852993705606 996.446777 
1738853033709669 996.479980 
1738853073711492 996.546387 
1738853113703887 996.636963 
1738853153712325 996.713135 
1738853193712273 996.828857 
1738853233713262 997.003418 
1738853273704408 996.916992 
1738853313690033 996.844971 
1738853353711596 996.874268 
1738853393712325 996.895508 
1738853433690502 996.957031 
1738853473712950 997.125000 
1738853513713106 997.276855 
1738853553712637 997.397705 
1738853593706439 997.508789 
1738853633710762 997.597412 
1738853673711387 997.629883 
1738853713703367 997.609131 
1738853753712064 997.502686 
1738853793713314 997.281494 
1738853833712064 996.884766 
1738853873702846 996.600342 
1738853913709044 996.478271 
1738853953711439 996.442627 
1738853993712064 996.418457 
1738854033689408 996.442139 
1738854073713210 996.496338 
1738854113712429 996.574219 
1738854153713367 996.646484 
1738854193704512 996.738037 
1738854233711023 996.879395 
1738854273712169 996.868896 
1738854313711231 996.829102 
1738854353712273 996.831055 
1738854393712377 996.866943 
1738854433712846 996.882324 
1738854473703887 997.000488 
1738854513710814 997.178467 
1738854553712221 997.330811 
1738854593712742 997.467773 
1738854633703939 997.564941 
1738854673713314 997.646484 
1738854713712012 997.663330 
1738854753712794 997.594482 
1738854793705294 997.428711 
1738854833710554 997.073242 
1738854873711960 996.758057 
1738854913712950 996.574463 
1738854953713002 996.443604 
1738854993714981 996.391113 
1738855033713158 996.402588 
1738855073703419 996.446533 
1738855113706439 996.491699 
1738855153711804 996.561768 
1738855193711700 996.641113 
1738855233704148 996.716064 
1738855273711700 996.727539 
1738855313713106 996.735840 
1738855353713679 996.824219 
1738855393752950 996.888672 
1738855433711856 996.946289 
1738855473712117 997.061035 
1738855513711335 997.228027 
1738855553712846 997.381348 
1738855593713262 997.529053 
1738855633712325 997.584717 
1738855673703835 997.612793 
1738855713706283 997.571533 
1738855753711439 997.409912 
1738855793713210 997.101074 
1738855833703367 996.750244 
1738855873712377 996.563477 
1738855913712117 996.478271 
1738855953712950 996.444580 
1738855993709304 996.447754 
1738856033710137 996.498779 
1738856073711648 996.560547 
1738856113713210 996.616211 
1738856153714981 996.686523 
1738856193713054 996.809082 
1738856233712794 996.887451 
1738856273703627 996.839844 
1738856313704044 996.808594 
1738856353711179 996.873291 
1738856393711596 996.909424 
1738856433703835 996.975586 
1738856473713054 997.134277 
1738856513713054 997.296875 
1738856553712481 997.442139 
1738856593691439 997.568848 
1738856633711387 997.639893 
1738856673711127 997.670898 
1738856713712325 997.649902 
1738856753713262 997.536133 
1738856793713210 997.318359 
1738856833713575 996.932861 
1738856873704408 996.634521 
1738856913839148 996.470703 
1738856953712012 996.421387 
1738856993713002 996.414307 
1738857033704408 996.455322 
1738857073713158 996.510742 
1738857113713002 996.573975 
1738857153712950 996.661621 
1738857193690814 996.767090 
1738857233709929 996.875488 
1738857273711856 996.864014 
1738857313712637 996.828125 
1738857353712898 996.838379 
1738857393712117 996.857422 
1738857433712637 996.938721 
1738857473717117 997.129639 
1738857513890189 997.270020 
1738857553712429 997.376709 
1738857593711596 997.482422 
1738857633703627 997.604248 
1738857673714721 997.673096 
1738857713714981 997.628418 
1738857753713471 997.473633 
1738857793704200 997.093262 
1738857833712169 996.739502 
1738857873712950 996.533936 
1738857913733992 996.434326 
1738857953713679 996.402588 
1738857993712898 996.410400 
1738858033713106 996.459961 
1738858073713210 996.538574 
1738858113707064 996.618164 
1738858153711908 996.695557 
1738858193711544 996.798096 
1738858233704460 996.848633 
1738858273712117 996.819336 
1738858313713210 996.824219 
1738858353713835 996.853516 
1738858393703939 996.897949 
1738858433704408 996.987061 
1738858473712221 997.170166 
1738858513711908 997.326416 
1738858553712689 997.435059 
1738858593712169 997.525146 
1738858633713210 997.615479 
1738858673712846 997.679443 
1738858713705814 997.681152 
1738858753711179 997.562500 
1738858793712377 997.295898 
1738858833703419 996.903320 
1738858873713054 996.629639 
1738858913712846 996.500244 
1738858953713158 996.446777 
1738858993704304 996.421631 
1738859033691023 996.475342 
1738859073711544 996.546631 
1738859113713106 996.622314 
1738859153690242 996.700928 
1738859193712012 996.842529 
1738859233713210 996.854980 
1738859273712481 996.819580 
1738859313704929 996.824219 
1738859353711752 996.846436 
1738859393711700 996.880859 
1738859433701856 996.971924 
1738859473712012 997.137451 
1738859513713419 997.298096 
1738859553713627 997.418945 
1738859593703887 997.488770 
1738859633706387 997.580322 
1738859673711075 997.642822 
1738859713708679 997.629883 
1738859753690189 997.526855 
1738859793713002 997.229736 
1738859833712846 996.853516 
1738859873712637 996.589600 
1738859913706387 996.454346 
1738859953711908 996.385986 
1738859993712481 996.373779 
1738860033704460 996.399170 
1738860073713106 996.465332 
1738860113712846 996.552734 
1738860153713731 996.641357 
1738860193704200 996.729980 
1738860233706023 996.818604 
1738860273711387 996.814209 
1738860313713471 996.796143 
1738860353694200 996.808838 
1738860393712117 996.832031 
1738860433714096 996.894531 
1738860473712117 997.000488 
1738860513705919 997.160889 
1738860553711075 997.279541 
1738860593711700 997.399902 
1738860633711387 997.553955 
1738860673712064 997.695068 
1738860713713158 997.729004 
1738860753712533 997.643555 
1738860793703627 997.427734 
1738860833706492 997.025146 
1738860873711283 996.703125 
1738860913713002 996.547852 
1738860953703887 996.475342 
1738860993712794 996.431152 
1738861033712221 996.426758 
1738861073712898 996.481934 
1738861113708887 996.590576 
1738861153709044 996.660889 
1738861193712169 996.739502 
1738861233711179 996.863037 
1738861273713054 996.892578 
1738861313712169 996.807373 
1738861353713210 996.766357 
1738861393704148 996.792725 
1738861433707325 996.811768 
1738861473711544 996.893311 
1738861513711700 997.091797 
1738861553702429 997.239014 
1738861593712898 997.361084 
1738861633712273 997.505127 
1738861673712117 997.640625 
1738861713706960 997.692139 
1738861753711075 997.615234 
1738861793711700 997.371094 
1738861833712325 996.947754 
1738861873712950 996.647461 
1738861913713158 996.505859 
1738861953712950 996.443359 
1738861993704200 996.427490 
1738862033705294 996.440918 
1738862073711127 996.498535 
1738862113713262 996.602783 
1738862153703158 996.668701 
1738862193712064 996.746094 
1738862233712794 996.861816 
1738862273712325 996.852539 
1738862313707273 996.822021 
1738862353711596 996.821777 
1738862393711544 996.836670 
1738862433711648 997.063965 
1738862473712585 997.226074 
1738862513712012 997.360840 
1738862553712481 997.462646 
1738862593704096 997.547607 
1738862633718887 997.646240 
1738862673711700 997.675537 
1738862713711596 997.624756 
1738862753704148 997.435059 
1738862793713106 997.090820 
1738862833712169 996.756104 
1738862873712117 996.572021 
1738862913691023 996.499268 
1738862953709200 996.436768 
1738862993711700 996.402344 
1738863033711335 996.429688 
1738863073714148 996.496826 
1738863113713002 996.572510 
1738863153712637 996.653564 
1738863193703939 996.771240 
1738863233763731 996.799805 
1738863273712169 996.762207 
1738863313713731 996.762695 
1738863353703887 996.794922 
1738863393712846 996.829834 
1738863433712794 996.934570 
1738863473713210 997.090088 
1738863513699981 997.218506 
1738863553712689 997.359863 
1738863593712064 997.529785 
1738863633712169 997.662598 
1738863673713054 997.656006 
1738863713713471 997.364258 
1738863753714981 996.979492 
1738863793713158 996.696777 
1738863833706856 996.548584 
1738863873711856 996.476563 
1738863913713575 996.457520 
1738863953704148 996.474365 
1738863993712637 996.537842 
1738864033713106 996.636230 
1738864073713158 996.705322 
1738864113703835 996.813232 
1738864153705398 996.886963 
1738864193712064 996.814209 
1738864233712012 996.803223 
1738864273712846 996.843750 
1738864313713210 996.844971 
1738864353712794 996.927002 
1738864393713054 997.143311 
1738864433707377 997.258057 
1738864473711856 997.352051 
1738864513712064 997.503174 
1738864553703054 997.676758 
1738864593713054 997.702881 
1738864633713158 997.581055 
1738864673713419 997.327148 
1738864713703887 996.949463 
1738864753783575 996.695557 
1738864793711700 996.583984 
1738864833713262 996.536133 
1738864873690867 996.513428 
1738864913715033 996.541748 
1738864953713314 996.588135 
1738864993713210 996.637207 
1738865033705346 996.701172 
1738865073711596 996.808594 
1738865113713210 996.914551 
1738865153702898 996.851074 
1738865193712846 996.793701 
1738865233713679 996.784424 
1738865273712950 996.774414 
1738865313703627 996.846924 
1738865353690710 997.003174 
1738865393711596 997.127441 
1738865433712221 997.227539 
1738865473692012 997.328369 
1738865513712794 997.417236 
1738865553712429 997.516602 
1738865593713158 997.546143 
1738865633704356 997.487061 
1738865673712481 997.273438 
1738865713711700 996.939209 
1738865753704825 996.688721 
1738865793713210 996.529785 
1738865833712898 996.414551 
1738865873712117 996.426514 
1738865913703367 996.478760 
1738865953706023 996.560547 
1738865993712169 996.625000 
1738866033712117 996.704590 
1738866073691231 996.812988 
1738866113712794 996.837646 
1738866153712794 996.836182 
1738866193713106 996.847412 
1738866233705919 996.875244 
1738866273711856 996.974609 
1738866313711544 997.139404 
1738866353707169 997.290527 
1738866393713002 997.372803 
1738866433712533 997.450684 
1738866473712950 997.565430 
1738866513703419 997.635010 
1738866553704981 997.618652 
1738866593711648 997.461914 
1738866633711856 997.064209 
1738866673689669 996.751953 
1738866713712325 996.587646 
1738866753713731 996.488525 
1738866793713210 996.426758 
1738866833704825 996.417969 
1738866873712585 996.446533 
1738866913711075 996.520020 
1738866953712377 996.599609 
1738866993712898 996.683838 
1738867033712846 996.801758 
1738867073714877 996.885498 
1738867113702846 996.823242 
1738867153705450 996.793457 
1738867193711023 996.821777 
1738867233712273 996.828125 
1738867273703627 996.881592 
1738867313712950 996.989990 
1738867353712273 997.137207 
1738867393713627 997.256104 
1738867433706387 997.362305 
1738867473710033 997.512939 
1738867513711439 997.700684 
1738867553711387 997.727051 
1738867593712585 997.603516 
1738867633712794 997.248779 
1738867673712533 996.837891 
1738867713703367 996.600098 
1738867753704408 996.483643 
1738867793710919 996.435547 
1738867833711752 996.420898 
1738867873702637 996.460205 
1738867913712898 996.570068 
1738867953712117 996.663574 
1738867993713158 996.737549 
1738868033706544 996.854492 
1738868073710502 996.904785 
1738868113712377 996.829346 
1738868153713262 996.799805 
1738868193713158 996.791260 
1738868233713158 996.805420 
1738868273713158 996.886963 
1738868313704200 997.020508 
1738868353708158 997.163818 
1738868393712117 997.306152 
1738868433713471 997.455078 
1738868473703106 997.618896 
1738868513712481 997.685059 
1738868553713106 997.630371 
1738868593713106 997.327637 
1738868633692794 996.938965 
1738868673705189 996.687988 
1738868713711648 996.550537 
1738868753713419 996.485352 
1738868793712794 996.467041 
1738868833713106 996.489258 
1738868873714981 996.575195 
1738868913705137 996.680664 
1738868953732481 996.723633 
1738868993711960 996.794189 
1738869033713314 996.895020 
1738869073703627 996.871826 
1738869113713158 996.815918 
1738869153712846 996.812012 
1738869193713992 996.806641 
1738869233691856 996.972412 
1738869273711804 997.169189 
1738869313711908 997.324707 
1738869353713314 997.457520 
1738869393712950 997.546631 
1738869433713106 997.631836 
1738869473713106 997.659180 
1738869513703627 997.600586 
1738869553854721 997.407227 
1738869593711700 996.994873 
1738869633713002 996.661133 
1738869673703367 996.498047 
1738869713713106 996.421631 
1738869753713002 996.399658 
1738869793712325 996.411133 
1738869833692221 996.473877 
1738869873706856 996.546875 
1738869913711700 996.615234 
1738869953712950 996.716309 
1738869993713054 996.810303 
1738870033713054 996.793701 
1738870073713367 996.777344 
1738870113712794 996.772949 
1738870153706387 996.773682 
1738870193712169 996.800537 
1738870233713210 996.870850 
1738870273703887 997.018066 
1738870313713106 997.209473 
1738870353713002 997.334717 
1738870393713106 997.465576 
1738870433703887 997.641846 
1738870473708419 997.721924 
1738870513712169 997.640869 
1738870553712898 997.377930 
1738870593712689 996.967529 
1738870633712533 996.663330 
1738870673712898 996.534424 
1738870713713106 996.476807 
1738870753706439 996.448486 
1738870793711648 996.466553 
1738870833713106 996.559082 
1738870873702689 996.643799 
1738870913713679 996.699707 
1738870953713054 996.771729 
1738870993714074 996.869629 
1738871033704541 996.927002 
1738871073712510 996.846436 
1738871113712771 996.811035 
1738871153713864 996.818604 
1738871193714333 996.809570 
1738871233713708 996.875000 
1738871273713083 997.044189 
1738871313712771 997.140625 
1738871353707302 997.249756 
1738871393712562 997.327881 
1738871433712927 997.499756 
1738871473705062 997.653076 
1738871513713500 997.662354 
1738871553713396 997.434082 
1738871593713604 997.029053 
1738871633704333 996.691162 
1738871673707146 996.521729 
1738871713712250 996.469971 
1738871753707198 996.457520 
1738871793692198 996.466553 
1738871833713552 996.518799 
1738871873713864 996.610107 
1738871913713968 996.673096 
1738871953707041 996.734131 
1738871993712614 996.834229 
1738872033712510 996.920654 
1738872073704229 996.865967 
1738872113713604 996.828125 
1738872153716416 996.819092 
1738872193713604 996.822510 
1738872233704802 996.868408 
1738872273705479 996.986816 
1738872313711885 997.100586 
1738872353712718 997.244385 
1738872393691573 997.369629 
1738872433713812 997.458740 
1738872473713448 997.585205 
1738872513713916 997.677490 
1738872553704646 997.630127 
1738872593712458 997.403076 
1738872633712250 996.994873 
1738872673703031 996.567871 
1738872713714385 996.515625 
1738872753714385 996.496826 
1738872793713760 996.516357 
1738872833704541 996.562988 
1738872873706416 996.616455 
1738872913712823 996.673096 
1738872953714021 996.731689 
1738872993695479 996.826660 
1738873033712979 996.802002 
1738873073713760 996.778320 
1738873113713187 996.776855 
1738873153706156 996.785645 
1738873193708708 996.813721 
1738873233711781 996.875244 
1738873273713500 997.003418 
1738873313713760 997.147461 
1738873353713604 997.290283 
1738873393712979 997.405273 
1738873433704281 997.586670 
1738873473706260 997.704834 
1738873513712875 997.651123 
1738873553711468 997.289551 
1738873593704541 996.894043 
1738873633714177 996.652100 
1738873673713291 996.551025 
1738873713714281 996.521729 
1738873753704802 996.513916 
1738873793712250 996.546875 
1738873833712458 996.613525 
1738873873713239 996.679443 
1738873913713552 996.720947 
1738873953713708 996.782715 
1738873993713812 996.856201 
1738874033704073 996.850586 
1738874073704646 996.832520 
1738874113712823 996.821777 
1738874153713604 996.809326 
1738874193705375 996.816650 
1738874233712718 996.848633 
1738874273713604 996.918945 
1738874313713708 997.062988 
1738874353815218 997.181885 
1738874393690531 997.266357 
1738874433712302 997.389893 
1738874473713135 997.548340 
1738874513707093 997.593018 
1738874553712666 997.459229 
1738874593713864 997.132080 
1738874633704541 996.833496 
1738874673705375 996.674316 
1738874713712198 996.609863 
1738874753713500 996.574707 
1738874793704073 996.568604 
1738874833713916 996.588867 
1738874873713812 996.652344 
1738874913714177 996.713867 
1738874953692875 996.759766 
1738874993712458 996.820068 
1738875033712875 996.907959 
1738875073712510 996.896484 
1738875113713604 996.844727 
1738875153714021 996.824463 
1738875193713864 996.821045 
1738875233705218 996.838379 
1738875273726312 996.895508 
1738875313712302 997.022461 
1738875353713448 997.141357 
1738875393703291 997.240234 
1738875433713812 997.317139 
1738875473713552 997.432129 
1738875513714333 997.561523 
1738875553691677 997.565674 
1738875593712927 997.282471 
1738875633713291 996.941162 
1738875673714021 996.730469 
1738875713713708 996.623779 
1738875753713448 996.582520 
1738875793713708 996.581787 
1738875833704073 996.605225 
1738875873805948 996.663330 
1738875913712614 996.718506 
1738875953713552 996.748779 
1738875993703343 996.799072 
1738876033713864 996.851563 
1738876073712979 996.829102 
1738876113713864 996.825928 
1738876153700375 996.830078 
1738876193692718 996.849609 
1738876233712614 996.890137 
1738876273708031 996.972656 
1738876313713812 997.088379 
1738876353713552 997.206787 
1738876393712666 997.303223 
1738876433712771 997.451904 
1738876473706937 997.579102 
1738876513712979 997.502197 
1738876553713500 997.176270 
1738876593704802 996.904541 
1738876633714177 996.759033 
1738876673713135 996.699951 
1738876713713968 996.671875 
1738876753703968 996.663086 
1738876793712458 996.678467 
1738876833712875 996.716064 
1738876873712927 996.757080 
1738876913712927 996.784424 
1738876953714698 996.832031 
1738876993713031 996.887695 
1738877033713760 996.870605 
1738877073706885 996.843018 
1738877113712718 996.839600 
1738877153714073 996.833008 
1738877193704541 996.860352 
1738877233713864 996.905029 
1738877273712823 996.981445 
1738877313714385 997.084961 
1738877353704021 997.182617 
1738877393778968 997.270996 
1738877433712146 997.398682 
1738877473712771 997.446777 
1738877513713500 997.385742 
1738877553713604 997.103271 
1738877593713604 996.867676 
1738877633713448 996.751953 
1738877673706781 996.708984 
1738877713712979 996.691406 
1738877753711573 996.697021 
1738877793713083 996.718506 
1738877833713604 996.748779 
1738877873713604 996.784424 
1738877913713448 996.810547 
1738877953703500 996.860840 
1738877993711729 996.922607 
1738878033712562 996.896484 
1738878073712354 996.868652 
1738878113693135 996.863525 
1738878153713552 996.876953 
1738878193713500 996.933105 
1738878233712979 997.003418 
1738878273704593 997.118164 
1738878313712771 997.266602 
1738878353712250 997.327148 
1738878393704229 997.356689 
1738878433715375 997.499756 
1738878473713708 997.650879 
1738878513713604 997.545898 
1738878553704021 997.179688 
1738878593705739 996.864746 
1738878633712614 996.677246 
1738878673712302 996.599854 
1738878713691260 996.559082 
1738878753713500 996.547363 
1738878793713812 996.579834 
1738878833713448 996.634033 
1738878873708031 996.673340 
1738878913712771 996.715820 
1738878953712198 996.778809 
1738878993703031 996.822754 
1738879033713552 996.802002 
1738879073713708 996.792480 
1738879113714021 996.818848 
1738879153704802 996.845459 
1738879193712614 996.886230 
1738879233712562 996.951660 
1738879273712406 997.034424 
1738879313694541 997.146973 
1738879353713500 997.260742 
1738879393713500 997.477295 
1738879433713500 997.605469 
1738879473704802 997.306152 
1738879513712979 996.956055 
1738879553712302 996.732910 
1738879593713916 996.643799 
1738879633713864 996.596680 
1738879673713500 996.584961 
1738879713713031 996.608154 
1738879753704021 996.664063 
1738879793714333 996.726074 
1738879833711677 996.749023 
1738879873713812 996.800293 
1738879913704073 996.844238 
1738879953714281 996.827148 
1738879993713760 996.812744 
1738880033714021 996.812744 
1738880073707458 996.832275 
1738880113709906 996.873047 
1738880153712562 996.947021 
1738880193714281 997.037109 
1738880233713916 997.130859 
1738880273712666 997.221680 
1738880313713083 997.387451 
1738880353704489 997.614014 
1738880393706989 997.702148 
1738880433712562 997.558350 
1738880473712718 997.156250 
1738880513704802 996.850098 
1738880553713448 996.676514 
1738880593712979 996.601318 
1738880633713239 996.577393 
1738880673790427 996.578613 
1738880713712041 996.607910 
1738880753711833 996.693115 
1738880793714125 996.737549 
1738880833713500 996.770752 
1738880873714385 996.821045 
1738880913713604 996.831543 
1738880953705062 996.822510 
1738880993705843 996.805908 
1738881033711989 996.809326 
1738881073712927 996.826904 
1738881113703760 996.860107 
1738881153713760 996.913574 
1738881193713864 997.003418 
1738881233713812 997.114746 
1738881273693031 997.241699 
1738881313704437 997.413818 
1738881353712771 997.547119 
1738881393712406 997.517822 
1738881433713239 997.296387 
1738881473713291 996.982178 
1738881513712927 996.773193 
1738881553704698 996.674316 
1738881593768291 996.633057 
1738881633711885 996.615967 
1738881673713500 996.632324 
1738881713702562 996.688232 
1738881753713031 996.750977 
1738881793712979 996.778564 
1738881833713812 996.820801 
1738881873691468 996.888916 
1738881913709281 996.893555 
1738881953712927 996.838379 
1738881993712823 996.818848 
1738882033713656 996.819580 
1738882073713552 996.834473 
1738882113713552 996.873047 
1738882153705062 997.003418 
1738882193807666 997.162354 
1738882233712302 997.279053 
1738882273714385 997.347900 
1738882313704333 997.432129 
1738882353716468 997.518555 
1738882393713552 997.500244 
1738882433713708 997.238037 
1738882473695791 996.934814 
1738882513713135 996.737305 
1738882553712406 996.643066 
1738882593713604 996.613037 
1738882633713031 996.611084 
1738882673713760 996.636475 
1738882713713448 996.682129 
1738882753713239 996.750732 
1738882793706573 996.790039 
1738882833713083 996.918701 
1738882873712614 996.902344 
1738882913704646 996.857666 
1738882953713552 996.846191 
1738882993712771 996.847168 
1738883033713343 996.865723 
1738883073704541 996.910156 
1738883113709854 997.010742 
1738883153712718 997.126221 
1738883193712823 997.229248 
1738883233713343 997.329590 
1738883273712823 997.399902 
1738883313713500 997.410645 
1738883353714333 997.342529 
1738883393707562 997.177490 
1738883433711781 996.946777 
1738883473712198 996.773193 
1738883513704021 996.683105 
1738883553714177 996.648682 
1738883593712718 996.640137 
1738883633713083 996.651123 
1738883673704073 996.686768 
1738883713711781 996.723877 
1738883753712771 996.770264 
1738883793711989 996.818115 
1738883833712718 996.862305 
1738883873712979 996.932617 
1738883913712666 996.909424 
1738883953713916 996.868652 
1738883993707041 996.856201 
1738884033711729 996.852051 
1738884073713031 996.871338 
1738884113703552 996.927246 
1738884153713760 997.032959 
1738884193713135 997.147217 
1738884233712927 997.230225 
1738884273704021 997.300049 
1738884313725739 997.403076 
1738884353711937 997.536865 
1738884393711573 997.585449 
1738884433690010 997.346680 
1738884473713604 997.011230 
1738884513712718 996.787354 
1738884553712614 996.670410 
1738884593704802 996.628418 
1738884633711781 996.611084 
1738884673711729 996.629639 
1738884713704750 996.676514 
1738884753713187 996.722168 
1738884793713604 996.758789 
1738884833712562 996.796387 
1738884873704593 996.854004 
1738884913706104 996.899414 
1738884953711781 996.859863 
1738884993712458 996.831787 
1738885033693552 996.825684 
1738885073712666 996.822754 
1738885113713708 996.855225 
1738885153712666 996.913818 
1738885193705843 997.043701 
1738885233712562 997.176025 
1738885273711729 997.272217 
1738885313702510 997.353027 
1738885353713343 997.460205 
1738885393712666 997.440674 
1738885433714281 997.238281 
1738885473703760 996.978516 
1738885513705791 996.788086 
1738885553712875 996.690674 
1738885593713604 996.668457 
1738885633695843 996.667236 
1738885673713968 996.685059 
1738885713712771 996.718506 
1738885753713812 996.775635 
1738885793708396 996.810303 
1738885833711625 996.835205 
1738885873712510 996.880127 
1738885913713448 996.922607 
1738885953712718 996.886719 
1738885993713031 996.863525 
1738886033713031 996.850098 
1738886073703760 996.853760 
1738886113707979 996.886719 
1738886153713396 996.943115 
1738886193712458 997.029785 
1738886233703760 997.233398 
1738886273713708 997.337158 
1738886313713760 997.485840 
1738886353713864 997.494629 
1738886393707875 997.332275 
1738886433712614 997.055176 
1738886473712562 996.828613 
1738886513713760 996.710449 
1738886553713708 996.669189 
1738886593713864 996.656006 
1738886633713760 996.656494 
1738886673704021 996.689209 
1738886713704333 996.753662 
1738886753712771 996.789307 
1738886793714073 996.803955 
1738886833704802 996.842285 
1738886873716052 996.904297 
1738886913714281 996.878906 
1738886953713187 996.855957 
1738886993706677 996.843262 
1738887033712614 996.847900 
1738887073712302 996.866699 
1738887113713812 996.894287 
1738887153713864 996.956055 
1738887193713864 997.044922 
1738887233713968 997.137939 
1738887273705010 997.211914 
1738887313705218 997.324463 
1738887353712562 997.426270 
1738887393712198 997.458008 
1738887433704593 997.311035 
1738887473714281 997.046143 
1738887513712771 996.842529 
1738887553713135 996.731445 
1738887593691989 996.693359 
1738887633706781 996.681396 
1738887673712823 996.685791 
1738887713709125 996.717773 
1738887753713187 996.758301 
1738887793712979 996.780273 
1738887833712666 996.811035 
1738887873704698 996.860840 
1738887913742458 996.914551 
1738887953713239 996.893799 
1738887993713968 996.865723 
1738888033704281 996.859375 
1738888073713448 996.863281 
1738888113712927 996.875488 
1738888153712927 996.925537 
1738888193693448 997.034180 
1738888233712041 997.162354 
1738888273711729 997.268311 
1738888313713239 997.388184 
1738888353713760 997.503174 
1738888393714229 997.563477 
1738888433713239 997.414551 
1738888473704281 997.090088 
1738888513709281 996.837402 
1738888553712771 996.698975 
1738888593711729 996.631592 
1738888633703031 996.625244 
1738888673713708 996.637939 
1738888713712979 996.667236 
1738888753712718 996.723145 
1738888793696260 996.740723 
1738888833706573 996.796143 
1738888873712718 996.794189 
1738888913712979 996.794922 
1738888953712458 996.820313 
1738888993712823 996.874268 
1738889033712979 997.008545 
1738889073713760 997.191895 
1738889113707823 997.298584 
1738889153712510 997.420898 
1738889193711833 997.546875 
1738889233702771 997.429443 
1738889273713604 997.148682 
1738889313713031 996.901367 
1738889353713448 996.754639 
1738889393704073 996.700195 
1738889433706104 996.662842 
1738889473712875 996.653320 
1738889513713864 996.677734 
1738889553713448 996.720703 
1738889593712823 996.807373 
1738889633712771 996.813721 
1738889673714021 996.822021 
1738889713707041 996.834229 
1738889753712927 996.852539 
1738889793712302 996.885986 
1738889833703291 996.957031 
1738889873713708 997.127686 
1738889913713916 997.250000 
1738889953713083 997.368164 
1738889993704750 997.489258 
1738890033706156 997.427490 
1738890073711781 997.127930 
1738890113712458 996.908447 
1738890153714229 996.784668 
1738890193712979 996.718994 
1738890233712771 996.698486 
1738890273712979 996.708008 
1738890313706260 996.739258 
1738890353712510 996.797852 
1738890393713396 996.824707 
1738890433705583 996.864990 
1738890473713708 996.854004 
1738890513713448 996.842285 
1738890553713500 996.849365 
1738890593705114 996.846924 
1738890633706781 996.881104 
1738890673712718 996.983643 
1738890713713500 997.146973 
1738890753691104 997.239014 
1738890793712823 997.361084 
1738890833715479 997.555176 
1738890873713864 997.550293 
1738890913707718 997.252686 
1738890953712666 996.945557 
1738890993714073 996.767090 
1738891033703916 996.688965 
1738891073713396 996.658447 
1738891113713500 996.656250 
1738891153714073 996.679443 
1738891193704802 996.721680 
1738891233709593 996.769287 
1738891273711468 996.792236 
1738891313712927 996.871826 
1738891353692510 996.832764 
1738891393713656 996.821289 
1738891433713812 996.835693 
1738891473713968 996.862549 
1738891513704854 996.953857 
1738891553713396 997.195068 
1738891593711989 997.368164 
1738891633703291 997.505371 
1738891673713812 997.658203 
1738891713713552 997.703857 
1738891753713812 997.587158 
1738891793704281 997.205566 
1738891833709281 996.854980 
1738891873712458 996.660156 
1738891913712718 996.565918 
1738891953697614 996.538086 
1738891993715479 996.546143 
1738892033713552 996.570801 
1738892073713864 996.634033 
1738892113706521 996.671143 
1738892153711885 996.707031 
1738892193711781 996.797607 
1738892233712406 996.782227 
1738892273714333 996.768066 
1738892313713552 996.793213 
1738892353713864 996.817627 
1738892393704750 996.875732 
1738892433707823 997.083008 
1738892473713083 997.242432 
1738892513714021 997.353027 
1738892553705114 997.511230 
1738892593713968 997.638184 
1738892633713552 997.605225 
1738892673714073 997.269287 
1738892713705531 996.936523 
1738892753711781 996.731201 
1738892793712614 996.620605 
1738892833711729 996.578857 
1738892873713656 996.572021 
1738892913713083 996.593506 
1738892953713135 996.653076 
1738892993704541 996.748535 
1738893033708396 996.830322 
1738893073712562 996.805420 
1738893113714125 996.805176 
1738893153704802 996.818359 
1738893193713760 996.846924 
1738893233713500 996.990479 
1738893273713448 997.165527 
1738893313805427 997.267334 
1738893353690791 997.435547 
1738893393712823 997.666504 
1738893433713448 997.780273 
1738893473712823 997.685547 
1738893513713708 997.323730 
1738893553713708 996.934570 
1738893593704541 996.688965 
1738893633705896 996.608398 
1738893673712458 996.555908 
1738893713714125 996.537109 
1738893753704021 996.548096 
1738893793713656 996.594238 
1738893833713552 996.650391 
1738893873714125 996.696533 
1738893913692875 996.771973 
1738893953712823 996.838623 
1738893993712771 996.790039 
1738894033713760 996.780762 
1738894073713291 996.772705 
1738894113713812 996.789307 
1738894153715635 996.857422 
1738894193704698 997.008545 
1738894233746729 997.132813 
1738894273711781 997.229248 
1738894313713396 997.323975 
1738894353704021 997.484131 
1738894393713187 997.644287 
1738894433713708 997.647461 
1738894473714021 997.366211 
1738894513692041 997.010986 
1738894553709854 996.773438 
1738894593712354 996.673096 
1738894633713812 996.622559 
1738894673713708 996.602051 
1738894713714125 996.589355 
1738894753713500 996.614990 
1738894793704593 996.662598 
1738894833708916 996.708984 
1738894873712823 996.772217 
1738894913712198 996.868652 
1738894953704541 996.903320 
1738894993712927 996.852783 
1738895033713500 996.827637 
1738895073714281 996.811523 
1738895113698239 996.823975 
1738895153712614 996.891113 
1738895193712823 997.031006 
1738895233707250 997.159424 
1738895273713031 997.288086 
1738895313712979 997.426025 
1738895353713760 997.590088 
1738895393714073 997.653076 
1738895433706573 997.500732 
1738895473712510 997.140869 
1738895513713500 996.865234 
1738895553703552 996.687256 
1738895593713812 996.604004 
1738895633712666 996.560059 
1738895673713083 996.552979 
1738895713704802 996.586670 
1738895753713083 996.637451 
1738895793712250 996.685547 
1738895833712771 996.734375 
1738895873712406 996.796143 
1738895913713760 996.810303 
1738895953713864 996.814209 
1738895993713968 996.801758 
1738896033707718 996.798828 
1738896073712718 996.819092 
1738896113712979 996.852539 
1738896153703291 996.912354 
1738896193713448 997.031250 
1738896233713239 997.191650 
1738896273715583 997.270996 
1738896313704802 997.334961 
1738896353709958 997.476074 
1738896393712458 997.689209 
1738896433713448 997.471924 
1738933188822955 996.843262 
1738933228826445 996.843262 
1738933268832539 996.842773 
1738933308826393 996.843994 
1738933348822903 996.852295 
1738933388827070 996.861572 
1738933428832018 996.871826 
1738933468825143 996.867432 
1738933508827070 996.875244 
1738933548825924 996.871094 
1738933588832174 996.871338 
1738933628826341 996.868164 
1738933668826601 996.861328 
1738933708825976 996.860596 
1738933748831653 996.851074 
1738933788824205 996.852539 
1738933828828060 996.859863 
1738933868826080 996.861328 
1738933908831914 996.854736 
1738933948823164 996.850098 
1738933988832487 996.850342 
1738934028825820 996.855713 
1738934068831653 996.862793 
1738934108828685 996.860596 
1738934148831653 996.851074 
1738934188825872 996.852295 
1738934228831966 996.860107 
1738934268827955 996.857666 
1738934308832070 996.864014 
1738934348825455 996.864990 
1738934388823424 996.872314 
1738934428826497 996.873779 
1738934468832278 996.868896 
1738934508825768 996.861328 
1738934548823476 996.854004 
1738934588825560 996.858398 
1738934628832278 996.869385 
1738934668825664 996.875000 
1738934708811653 996.876709 
1738934748826237 996.884277 
1738934788832018 996.889404 
1738934828826341 996.884521 
1738934868825820 996.872314 
1738934908825612 996.874023 
1738934948832226 996.877441 
1738934988824674 996.872070 
1738935028826393 996.870850 
1738935068826862 996.868896 
1738935108831810 996.868896 
1738935148823424 996.866699 
1738935188831810 996.866211 
1738935228825560 996.863525 
1738935268832487 996.855713 
1738935308826653 996.859131 
1738935348832591 996.860352 
