# Created at Thu Mar 27 09:56:27 GMT+01:00 2025 in Burnaby Canada 
4094500049971 999.220703 
4094600038071 999.216797 
4094700026237 999.218506 
4094800014470 999.218750 
4094900002670 999.219727 
4094999990870 999.217041 
4095099979103 999.212402 
4095199967336 999.212158 
4095299955536 999.216553 
4095399943736 999.218506 
4095499931936 999.222168 
4095599919802 999.222168 
4095699907668 999.216553 
4095799895801 999.217285 
4095899884001 999.214600 
4095999872167 999.212158 
4096099860333 999.226074 
4096199848533 999.236816 
4096299836733 999.238037 
4096399824899 999.240967 
4096499813065 999.239990 
4096599801198 999.242188 
4096699789064 999.247314 
4096799776930 999.243164 
4096899764930 999.240723 
4096999752930 999.232178 
4097099740896 999.234863 
4097199728862 999.241943 
4097299716862 999.250244 
4097399704862 999.253906 
4097499692828 999.248535 
4097599680794 999.243164 
4097699668727 999.244629 
4097799656593 999.239990 
4097899644593 999.240234 
4097999632793 999.245117 
4098099620959 999.255127 
4098199609125 999.250977 
4098299597291 999.248535 
4098399585491 999.243896 
4098499573657 999.244873 
4098599561823 999.247559 
4098699549989 999.253418 
4098799537922 999.243652 
4098899525788 999.245605 
4098999513788 999.251953 
4099099501788 999.254150 
4099199489754 999.247070 
4099299477720 999.248779 
4099399465720 999.245605 
4099499453720 999.237793 
4099599441720 999.238770 
4099699429686 999.235840 
4099799417686 999.237549 
4099899405552 999.242432 
4099999393418 999.243896 
4100099381584 999.247314 
4100199369817 999.253174 
4100299358017 999.254883 
4100399346217 999.249023 
4100499334450 999.250488 
4100599322683 999.252441 
4100699310883 999.246338 
4100799299083 999.245850 
4100899287183 999.244873 
4100999275083 999.249023 
4101099262983 999.243408 
4101199251216 999.244385 
4101299239449 999.253906 
4101399227649 999.242920 
4101499215849 999.242920 
4101599204082 999.239746 
4101699192315 999.243164 
4101799180515 999.238770 
4101899168715 999.235596 
4101999156815 999.241455 
4102099144915 999.247314 
4102199133048 999.250977 
4102299121281 999.241699 
4102399109481 999.240479 
4102499097681 999.240234 
4102599085881 999.234863 
4102699074114 999.243652 
4102799062314 999.244141 
4102899050514 999.242920 
4102999038714 999.243652 
4103099026647 999.239746 
4103199014513 999.243408 
4103299002613 999.239258 
4103398990813 999.234375 
4103498978979 999.237793 
4103598967145 999.234619 
4103698955311 999.228027 
4103798943511 999.227295 
4103898931677 999.231934 
4103998919843 999.231201 
4104098908009 999.234863 
4104198895875 999.238770 
4104298883741 999.234863 
4104398871741 999.236084 
4104498859741 999.247559 
4104598847707 999.248291 
4104698835673 999.247070 
4104798823673 999.255859 
4104898811673 999.257568 
4104998799639 999.259521 
4105098787605 999.260010 
4105198775571 999.258301 
4105298763437 999.259766 
4105398751337 999.257813 
4105498739570 999.258301 
4105598727803 999.266113 
4105698716069 999.264404 
4105798704269 999.265625 
4105898692502 999.268066 
4105998680735 999.261475 
4106098668935 999.265381 
4106198657201 999.258301 
4106298645201 999.256836 
4106398633101 999.252441 
4106498621134 999.250977 
4106598609367 999.250488 
4106698597667 999.243896 
4106798585867 999.243408 
4106898574067 999.254150 
4106998562300 999.253418 
4107098550533 999.254150 
4107198538799 999.250000 
4107298526999 999.249268 
4107398515099 999.247314 
4107498503199 999.249756 
4107598491365 999.255371 
4107698479665 999.253906 
4107798467865 999.254883 
4107898456065 999.250000 
4107998444298 999.254150 
4108098432531 999.252686 
4108198420797 999.253662 
4108298408997 999.258545 
4108398397163 999.253662 
4108498385029 999.258057 
4108598372895 999.257568 
4108698361028 999.258789 
4108798349228 999.263672 
4108898337394 999.258789 
4108998325560 999.253418 
4109098313726 999.253418 
4109198301926 999.260010 
4109298290092 999.257568 
4109398278258 999.248779 
4109498266291 999.245850 
4109598254157 999.247314 
4109698242023 999.250488 
4109798230023 999.250000 
4109898218023 999.248047 
4109998205989 999.252441 
4110098193955 999.252197 
4110198181955 999.245850 
4110298169955 999.244873 
4110398157921 999.252441 
4110498145887 999.248047 
4110598133820 999.242188 
4110698121686 999.240234 
4110798109752 999.241943 
4110898097985 999.243164 
4110998086185 999.246094 
4111098074385 999.249756 
4111198062585 999.244385 
4111298050818 999.236328 
4111398039051 999.239014 
4111498027251 999.239502 
4111598015451 999.235840 
4111698003417 999.239258 
4111797991317 999.239990 
4111897979417 999.234863 
4111997967650 999.242676 
4112097955883 999.248779 
4112197944083 999.246094 
4112297932283 999.245117 
4112397920516 999.241943 
4112497908749 999.238037 
4112597896949 999.236084 
4112697885149 999.231689 
4112797873249 999.240234 
4112897861349 999.238281 
4112997849582 999.237305 
4113097837815 999.234863 
4113197826015 999.230957 
4113297814215 999.234619 
4113397802448 999.240479 
4113497790681 999.244873 
4113597778881 999.248779 
4113697767081 999.246826 
4113797755114 999.242920 
4113897742980 999.238037 
4113997730880 999.223145 
4114097719080 999.223389 
4114197707280 999.223389 
4114297695446 999.228271 
4114397683612 999.225830 
4114497671812 999.229736 
4114597660012 999.233154 
4114697648178 999.231934 
4114797636344 999.240723 
4114897624344 999.237793 
4114997612210 999.236328 
4115097600110 999.233887 
4115197588110 999.243408 
4115297576110 999.234863 
4115397564076 999.232910 
4115497552042 999.232422 
4115597540042 999.227539 
4115697528042 999.230469 
4115797516008 999.240234 
4115897503974 999.233398 
4115997491840 999.240723 
4116097479706 999.246094 
4116197467806 999.245850 
4116297456039 999.244141 
4116397444239 999.232178 
4116497432439 999.232910 
4116597420672 999.236084 
4116697408905 999.236816 
4116797397105 999.234375 
4116897385305 999.239258 
4116997373505 999.233643 
4117097361405 999.226807 
4117197349305 999.226318 
4117297337471 999.233643 
4117397325704 999.229492 
4117497313904 999.223145 
4117597302104 999.222656 
4117697290304 999.228271 
4117797278537 999.231201 
4117897266737 999.226074 
4117997254937 999.229004 
4118097243103 999.224121 
4118197231203 999.222900 
4118297219303 999.226074 
4118397207536 999.231934 
4118497195769 999.227295 
4118597183969 999.216309 
4118697172169 999.218506 
4118797160402 999.215576 
4118897148635 999.222900 
4118997136835 999.217773 
4119097125035 999.218018 
4119197113035 999.224854 
4119297100901 999.232422 
4119397088901 999.235107 
4119497077101 999.226563 
4119597065267 999.223389 
4119697053433 999.226563 
4119797041599 999.226807 
4119897029799 999.220703 
4119997017965 999.211426 
4120097006131 999.203613 
4120196994297 999.206299 
4120296982230 999.207520 
4120396970096 999.217285 
4120496958096 999.221436 
4120596946096 999.221191 
4120696934096 999.234375 
4120796922062 999.229492 
4120896910028 999.234863 
4120996898028 999.237793 
4121096886028 999.228027 
4121196873994 999.231689 
4121296861994 999.233154 
4121396849860 999.237305 
4121496837726 999.239990 
4121596825892 999.237793 
4121696814125 999.238770 
4121796802325 999.240234 
4121896790525 999.234375 
4121996778758 999.228027 
4122096766991 999.229980 
4122196755191 999.230957 
4122296743391 999.226807 
4122396731491 999.229492 
4122496719391 999.225342 
4122596707291 999.233643 
4122696695524 999.227783 
4122796683757 999.226074 
4122896671957 999.226074 
4122996660157 999.229736 
4123096648390 999.223633 
4123196636623 999.222900 
4123296624823 999.226318 
4123396613023 999.235840 
4123496601123 999.229492 
4123596589223 999.239990 
4123696577323 999.242676 
4123796565556 999.230713 
4123896553789 999.226563 
4123996541989 999.236572 
4124096530189 999.239990 
4124196518422 999.237061 
4124296506622 999.235840 
4124396494822 999.229736 
4124496483022 999.234619 
4124596470955 999.233154 
4124696458821 999.235596 
4124796446921 999.233643 
4124896435121 999.226074 
4124996423287 999.228760 
4125096411453 999.220703 
4125196399619 999.221436 
4125296387819 999.225830 
4125396375985 999.220215 
4125496364151 999.218994 
4125596352317 999.214111 
4125696340183 999.215088 
4125796328049 999.216797 
4125896316049 999.210205 
4125996304049 999.213623 
4126096292015 999.215088 
4126196279981 999.230225 
4126296267981 999.237793 
4126396255981 999.227783 
4126496243947 999.222168 
4126596231913 999.223145 
4126696219913 999.229980 
4126796207779 999.226563 
4126896195679 999.225098 
4126996183912 999.224609 
4127096172145 999.237061 
4127196160345 999.231934 
4127296148545 999.233643 
4127396136778 999.240967 
4127496125011 999.233643 
4127596113211 999.232910 
4127696101411 999.240479 
4127796089411 999.233643 
4127896077311 999.219238 
4127996065344 999.226563 
4128096053577 999.230225 
4128196041810 999.236084 
4128296030010 999.233887 
4128396018210 999.236084 
4128496006443 999.231201 
4128595994676 999.236328 
4128695982876 999.236572 
4128795971076 999.232666 
4128895959176 999.228516 
4128995947276 999.227295 
4129095935442 999.231201 
4129195923675 999.229980 
4129295911875 999.223389 
4129395900075 999.227539 
4129495888308 999.227295 
4129595876541 999.236328 
4129695864741 999.232422 
4129795852941 999.225830 
4129895841141 999.226074 
4129995829007 999.231201 
4130095816873 999.231445 
4130195805006 999.227539 
4130295793206 999.221436 
4130395781372 999.215576 
4130495769538 999.218506 
4130595053321 999.219238 
4130695041521 999.218994 
4130795029687 999.212158 
4130895017853 999.211670 
4130995005886 999.217285 
4131094993752 999.224365 
4131194981618 999.222412 
4131294969618 999.219971 
4131394957618 999.222168 
4131494945584 999.226074 
4131594933550 999.222900 
4131694921550 999.221680 
4131794909550 999.218750 
4131894897516 999.223389 
4131994885549 999.221680 
4132094873482 999.218506 
4132194861348 999.214844 
4132294849414 999.208984 
4132394837647 999.207764 
4132494825913 999.215820 
4132594814113 999.215576 
4132694802313 999.219238 
4132794790546 999.220215 
4132894778746 999.225342 
4132994767012 999.221680 
4133094755212 999.217285 
4133194743178 999.221191 
4133294731078 999.214844 
4133394719178 999.211182 
4133494707478 999.212158 
4133594695711 999.217773 
4133694683911 999.215820 
4133794672111 999.211426 
4133894660344 999.211914 
4133994648644 999.217529 
4134094636844 999.218262 
4134194625044 999.225342 
4134294613144 999.226318 
4134394601244 999.222168 
4134494589544 999.225830 
4134594577777 999.225342 
4134694565977 999.233643 
4134794554177 999.231201 
4134894542410 999.228516 
4134994530643 999.225342 
4135094518843 999.217529 
4135194507043 999.221680 
4135294495076 999.222656 
4135394482942 999.224121 
4135494470808 999.221191 
4135594459008 999.219727 
4135694447208 999.225342 
4135794435374 999.224609 
4135894423540 999.223145 
4135994411740 999.216553 
4136094399940 999.212891 
4136194388106 999.215576 
4136294376272 999.215820 
4136394364238 999.212891 
4136494352104 999.209229 
4136594340004 999.225098 
4136694328004 999.227539 
4136794316004 999.230469 
4136894303970 999.228760 
4136994291936 999.230469 
4137094279936 999.230225 
4137194267936 999.230713 
4137294255902 999.229004 
4137394243868 999.229248 
4137494231734 999.223145 
4137594219600 999.231934 
4137694207700 999.225342 
4137794195933 999.228516 
4137894184133 999.227539 
4137994172333 999.226074 
4138094160566 999.232666 
4138194148799 999.232422 
4138294136999 999.233154 
4138394125199 999.232178 
4138494113432 999.230713 
4138594101332 999.232422 
4138694089232 999.228516 
4138794077398 999.222900 
4138894065631 999.224609 
4138994053831 999.220459 
4139094042031 999.214111 
4139194030231 999.223389 
4139294018464 999.228027 
4139394006697 999.228516 
4139493994897 999.214844 
4139593983063 999.220947 
4139693971163 999.214600 
4139793959263 999.213623 
4139893947496 999.217529 
4139993935729 999.221191 
4140093923929 999.217285 
4140193912129 999.216064 
4140293900362 999.223145 
4140393888595 999.221436 
4140493876795 999.223877 
4140593864995 999.224854 
4140693852995 999.227783 
4140793840861 999.228271 
4140893828861 999.226563 
4140993817061 999.228027 
4141093805227 999.218018 
4141193793393 999.218262 
4141293781559 999.224121 
4141393769759 999.224854 
4141493757925 999.230469 
4141593746091 999.235352 
4141693734257 999.235840 
4141793722190 999.237549 
4141893710056 999.239258 
4141993697989 999.240723 
4142093685989 999.233398 
4142193673989 999.227783 
4142293661955 999.219971 
4142393649955 999.220703 
4142493637955 999.214355 
4142593625955 999.235596 
4142693613921 999.230713 
4142793601921 999.228516 
4142893589787 999.225342 
4142993577653 999.229980 
4143093565819 999.229980 
4143193554052 999.225830 
4143293542252 999.228271 
4143393530452 999.231689 
4143493518685 999.232422 
4143593506918 999.230713 
4143693495118 999.233643 
4143793483318 999.234131 
4143893471418 999.235107 
4143993459318 999.230469 
4144093447218 999.226807 
4144193435451 999.222900 
4144293423684 999.223633 
4144393411884 999.231689 
4144493400084 999.228271 
4144593388317 999.226807 
4144693376550 999.217773 
4144793364750 999.218750 
4144893352950 999.218262 
4144993341083 999.218750 
4145093329183 999.217285 
4145193317283 999.218994 
4145293305516 999.230713 
4145393293716 999.236816 
4145493281916 999.238037 
4145593270116 999.235596 
4145693258349 999.235840 
4145793246549 999.227539 
4145893234749 999.234619 
4145993222949 999.221436 
4146093210882 999.229248 
4146193198748 999.228760 
4146293186848 999.237061 
4146393175081 999.229004 
4146493163281 999.225586 
4146593151481 999.215576 
4146693139714 999.225586 
4146793127947 999.225586 
4146893116147 999.222412 
4146993104347 999.216797 
4147093092580 999.215332 
4147193080480 999.218262 
4147293068380 999.227051 
4147393056513 999.216797 
4147493044746 999.223633 
4147593032946 999.227783 
4147693021146 999.218994 
4147793009379 999.216797 
4147892997612 999.209473 
4147992985845 999.213379 
4148092974045 999.213867 
4148192962245 999.218994 
4148292950345 999.218262 
4148392938445 999.222168 
4148492926678 999.218750 
4148592914911 999.218750 
4148692903111 999.216797 
4148792891311 999.222656 
4148892879544 999.221680 
4148992867777 999.225342 
4149092855977 999.231689 
4149192844177 999.230713 
4149292832177 999.230957 
4149392820043 999.220703 
4149492807943 999.216309 
4149592796143 999.216553 
4149692784309 999.222412 
4149792772475 999.227539 
4149892760641 999.223389 
4149992748841 999.217773 
4150092737007 999.217773 
4150192725173 999.214844 
4150292713339 999.221191 
4150392701305 999.218506 
4150492689171 999.213135 
4150592677104 999.209229 
4150692665104 999.218506 
4150792653070 999.213867 
4150892641036 999.218018 
4150992629036 999.223633 
4151092617036 999.220947 
4151192605036 999.225342 
4151292593002 999.222656 
4151392581002 999.226318 
4151492568868 999.227783 
4151592556734 999.223145 
4151692544867 999.221680 
4151792533067 999.215576 
4151892521233 999.226563 
4151992509399 999.224854 
4152092497565 999.228027 
4152192485765 999.220459 
4152292473931 999.228271 
4152392462097 999.224609 
4152492450230 999.224854 
4152592438096 999.232666 
4152692425962 999.230225 
4152792413962 999.227295 
4152892401962 999.223877 
4152992389928 999.228027 
4153092377894 999.229004 
4153192365894 999.228516 
4153292353894 999.231201 
4153392341860 999.241455 
4153492329826 999.233398 
4153592317759 999.226318 
4153692305625 999.234619 
4153792293691 999.237549 
4153892281924 999.250000 
4153992270124 999.250488 
4154092258324 999.253906 
4154192246524 999.255371 
4154292234757 999.243408 
4154392222957 999.244873 
4154492211157 999.242432 
4154592199357 999.239990 
4154692187323 999.232910 
4154792175223 999.239258 
4154892163323 999.233643 
4154992151556 999.226807 
4155092139789 999.230469 
4155192127989 999.235840 
4155292116189 999.229248 
4155392104422 999.229492 
4155492092655 999.218750 
4155592080855 999.217041 
4155692069055 999.224854 
4155792057155 999.225830 
4155892045255 999.222900 
4155992033488 999.225098 
4156092021721 999.226807 
4156192009921 999.233887 
4156291998121 999.236328 
4156391986354 999.232422 
4156491974587 999.230713 
4156591962787 999.237061 
4156691950987 999.233643 
4156791939020 999.232422 
4156891926886 999.233398 
4156991914752 999.235840 
4157091902985 999.232666 
4157191891218 999.236816 
4157291879418 999.232666 
4157391867618 999.222656 
4157491855851 999.224121 
4157591844084 999.218262 
4157691832284 999.218262 
4157791820484 999.219482 
4157891808517 999.221924 
4157991796417 999.221924 
4158091784350 999.222168 
4158191772583 999.217285 
4158291760883 999.225098 
4158391749083 999.226563 
4158491737283 999.223877 
4158591725516 999.229492 
4158691713749 999.225098 
4158791702015 999.221680 
4158891690215 999.218750 
4158991678315 999.223389 
4159091666415 999.219971 
4159191654548 999.219727 
4159291642848 999.225098 
4159391631048 999.220947 
4159491619248 999.231445 
4159591607481 999.227295 
4159691595714 999.224854 
4159791583980 999.238525 
4159891572180 999.234619 
4159991560380 999.229492 
4160091548246 999.227783 
4160191536112 999.222168 
4160291524278 999.223389 
4160391512478 999.220947 
4160491500644 999.216553 
4160591488810 999.220703 
4160691476976 999.224365 
4160791465242 999.222900 
4160891453408 999.224365 
4160991441574 999.228027 
4161091429707 999.226807 
4161191417573 999.232422 
4161291405439 999.224854 
4161391393439 999.224854 
4161491381439 999.218994 
4161591369405 999.225586 
4161691357371 999.224121 
4161791345371 999.221680 
4161891333371 999.227783 
4161991321337 999.234375 
4162091309303 999.222412 
4162191297269 999.218506 
4162291285135 999.218018 
4162391273135 999.212402 
4162491261335 999.215332 
4162591249501 999.213623 
4162691237667 999.214355 
4162791225833 999.217041 
4162891214033 999.212646 
4162991202233 999.211182 
4163091190399 999.203857 
4163191178565 999.202637 
4163291166531 999.209229 
4163391154397 999.213379 
4163491142330 999.219238 
4163591130330 999.222900 
4163691118330 999.227295 
4163791106296 999.222656 
4163891094262 999.231689 
4163991082262 999.238037 
4164091070262 999.227539 
4164191058228 999.226807 
4164291046194 999.219238 
4164391034060 999.217529 
4164491021926 999.216309 
4164591010092 999.213623 
4164690998325 999.222412 
4164790986525 999.219482 
4164890974725 999.223633 
4164990962958 999.224365 
4165090951191 999.227051 
4165190939391 999.226074 
4165290927591 999.230713 
4165390915691 999.229248 
4165490903591 999.226563 
4165590891491 999.229736 
4165690879724 999.230713 
4165790867957 999.223633 
4165890856157 999.222656 
4165990844357 999.219727 
4166090832590 999.215088 
4166190820823 999.222656 
4166290809023 999.230469 
4166390797223 999.220459 
4166490785356 999.221436 
4166590773456 999.217773 
4166690761556 999.219727 
4166790749789 999.218262 
4166890738022 999.208008 
4166990726222 999.209717 
4167090714422 999.201660 
4167190702655 999.196289 
4167290690888 999.202148 
4167390679088 999.203125 
4167490667288 999.206055 
4167590655221 999.206787 
4167690643087 999.199219 
4167790631153 999.200439 
4167890619353 999.206543 
4167990607519 999.205078 
4168090595685 999.200684 
4168190583851 999.206543 
4168290572051 999.208008 
4168390560217 999.206299 
4168490548383 999.210449 
4168590536549 999.221924 
4168690524415 999.219482 
4168790512281 999.223145 
4168890500281 999.221680 
4168990488281 999.228516 
4169090476247 999.228271 
4169190464213 999.216797 
4169290452213 999.210449 
4169390440213 999.209961 
4169490428213 999.222168 
4169590416179 999.229004 
4169690404179 999.231445 
4169790392045 999.228516 
4169890379945 999.231445 
4169990368178 999.234375 
4170090356411 999.219727 
4170190344611 999.217529 
4170290332811 999.221191 
4170390321044 999.220947 
4170490309277 999.227295 
4170590297477 999.226318 
4170690285677 999.222656 
4170790273710 999.225342 
4170890261610 999.219727 
4170990249543 999.222168 
4171090237776 999.216064 
4171190226009 999.222412 
4171290214209 999.226318 
4171390202409 999.220215 
4171490190642 999.211426 
4171590178875 999.217773 
4171690167075 999.215332 
4171790155275 999.215332 
4171890143375 999.208252 
4171990131475 999.207275 
4172090119641 999.201660 
4172190107874 999.211182 
4172290096074 999.202148 
4172390084274 999.200928 
4172490072507 999.202393 
4172590060740 999.206787 
4172690048940 999.215088 
4172790037140 999.216309 
4172890025340 999.218262 
4172990013206 999.220459 
4173090001072 999.212402 
4173189989205 999.200439 
4173289977405 999.193115 
4173389965571 999.187744 
4173489953737 999.180664 
4173589941903 999.180908 
4173689930103 999.183594 
4173789918269 999.185059 
4173889906435 999.182129 
4173989894568 999.179688 
4174089882434 999.184082 
4174189870300 999.170410 
4174289858300 999.171875 
4174389846300 999.170898 
4174489834266 999.167480 
4174589822232 999.168701 
4174689810232 999.176025 
4174789798232 999.176025 
4174889786198 999.170898 
4174989774164 999.171387 
4175089762097 999.169922 
4175189749963 999.178223 
4175289737963 999.169922 
