# Created at Fri Jan 31 08:55:14 GMT+01:00 2025 in Burnaby Canada 
72484616749824 58.631252 96.993752 -55.143753 
72484636749824 58.143753 97.087502 -55.087502 
72484656749824 57.450001 97.256256 -54.862503 
72484676749824 56.962502 97.218758 -55.368752 
72484696749824 55.706253 96.993752 -54.750004 
72484716749824 55.537502 97.087502 -54.731251 
72484736749824 54.468754 96.862503 -54.225002 
72484756749824 54.056252 96.900002 -54.037502 
72484776749824 53.437504 96.543755 -53.906254 
72484796749824 51.487503 95.962502 -53.156254 
72484816749824 50.531254 95.793755 -52.706253 
72484836749824 50.531254 95.793755 -52.462502 
72484856749824 50.981251 95.812500 -53.062504 
72484876749824 49.800003 95.606255 -52.593754 
72484896749824 50.212502 95.531250 -53.100002 
72484916749824 50.025002 95.400002 -53.006252 
72484936749824 50.362503 95.493752 -52.893753 
72484956749824 52.331253 95.906250 -53.456253 
