# Created at Fri Jan 31 08:55:14 GMT+01:00 2025 in Burnaby Canada 
72484616749824 -3.056250 -20.606251 -24.487501 
72484636749824 -3.543750 -20.512501 -24.431252 
72484656749824 -4.218750 -20.343750 -24.206251 
72484676749824 -4.706250 -20.381250 -24.712502 
72484696749824 -5.962500 -20.606251 -24.093752 
72484716749824 -6.150000 -20.512501 -24.075001 
72484736749824 -7.218750 -20.737501 -23.568750 
72484756749824 -7.631250 -20.700001 -23.381250 
72484776749824 -8.250000 -21.056252 -23.250000 
72484796749824 -10.200001 -21.637501 -22.500000 
72484816749824 -11.137501 -21.806252 -22.031250 
72484836749824 -11.137501 -21.806252 -21.806252 
72484856749824 -10.706250 -21.787500 -22.406250 
72484876749824 -11.887501 -21.993752 -21.937500 
72484896749824 -11.456250 -22.068750 -22.443750 
72484916749824 -11.643750 -22.200001 -22.350000 
72484936749824 -11.325001 -22.106251 -22.237501 
72484956749824 -9.356251 -21.693750 -22.800001 
