# Created at Fri Jan 31 08:59:30 GMT+01:00 2025 in Burnaby Canada 
72741178574681 0.726801 3.374028 9.179220 
72741197332806 0.637376 3.326106 9.203323 
72741216090931 0.597057 3.306740 9.213001 
72741234848951 0.660531 3.329318 9.200529 
72741253607076 0.783655 3.400043 9.164931 
72741272365201 0.881832 3.514004 9.112877 
72741291123326 0.901868 3.651467 9.056701 
72741309881347 0.888945 3.779275 9.005401 
72741328639472 0.866335 3.878288 8.965419 
72741347397597 0.859802 3.933902 8.941787 
72741366155618 0.872234 3.949567 8.933673 
72741384913743 0.890121 3.934803 8.938422 
72741403671868 0.885592 3.905942 8.951521 
72741422429889 0.864631 3.879230 8.965176 
72741441188014 0.832190 3.863997 8.974819 
72741459946139 0.779939 3.859834 8.981301 
72741478704160 0.731492 3.863120 8.983964 
72741497462285 0.704149 3.874207 8.981374 
72741516220410 0.719561 3.887917 8.974225 
72741534978535 0.776282 3.902675 8.963085 
72741553736556 0.833181 3.913057 8.953445 
72741572494681 0.847440 3.914070 8.951664 
72741591252806 0.822022 3.903977 8.958439 
72741610010826 0.800351 3.880625 8.970539 
72741628768951 0.804372 3.847149 8.984589 
72741647527076 0.827264 3.806623 8.999759 
72741666285097 0.847539 3.765266 9.015255 
72741685043222 0.847994 3.735194 9.027714 
72741703801347 0.837289 3.722820 9.033822 
72741722559368 0.826988 3.728366 9.032485 
72741741317493 0.827521 3.744495 9.025761 
72741760075618 0.844384 3.763351 9.016352 
72741778833639 0.867241 3.781260 9.006683 
72741797591764 0.889163 3.792665 8.999748 
72741816349889 0.897738 3.793845 8.998400 
72741835107910 0.896087 3.788535 9.000801 
72741853866035 0.892025 3.781225 9.004277 
72741872624160 0.893039 3.782582 9.003608 
72741891382181 0.910745 3.792920 8.997482 
72741910140306 0.933934 3.807137 8.989097 
72741928898431 0.954554 3.818186 8.982242 
72741947656451 0.965906 3.818396 8.980940 
72741966414576 0.961085 3.802427 8.988228 
72741985172701 0.947919 3.777871 8.999973 
72742003930722 0.938758 3.757036 9.009650 
72742022688847 0.937525 3.746660 9.014098 
72742041446972 0.932443 3.743812 9.015809 
72742060204993 0.920818 3.742126 9.017704 
72742078963118 0.905027 3.738171 9.020943 
72742097721243 0.896279 3.732366 9.024219 
72742116479264 0.900612 3.725707 9.026539 
72742135237389 0.914906 3.718495 9.028074 
72742153995514 0.927586 3.706508 9.031709 
72742172753535 0.933607 3.687032 9.039059 
72742191511660 0.928374 3.664460 9.048770 
72742210269785 0.921005 3.646017 9.056970 
72742229027806 0.916229 3.640001 9.059873 
72742247785931 0.923464 3.644584 9.057295 
72742266544056 0.930136 3.653578 9.052989 
72742285302181 0.924811 3.660666 9.050671 
72742304060201 0.914071 3.661754 9.051321 
72742322818326 0.915263 3.662389 9.050944 
72742341576451 0.937454 3.665108 9.047571 
72742360334472 0.975069 3.665534 9.043422 
72742379092597 1.001973 3.657429 9.043762 
72742397850722 1.006130 3.637141 9.051480 
72742416608743 0.990746 3.614491 9.062243 
72742435366868 0.973640 3.603793 9.068357 
72742454124993 0.972053 3.614712 9.064180 
72742472883014 0.984265 3.640585 9.052500 
72742491641139 0.996345 3.661178 9.042869 
72742510399264 0.994007 3.667797 9.040442 
72742529157389 0.979143 3.666048 9.042774 
72742547915410 0.965862 3.664792 9.044711 
72742566673535 0.955446 3.670165 9.043639 
72742585431660 0.953136 3.673498 9.042528 
72742604189681 0.956251 3.670921 9.043247 
72742622947806 0.958081 3.658424 9.048116 
72742641705931 0.956940 3.636039 9.057255 
72742660464056 0.952175 3.609409 9.068402 
72742679222076 0.952038 3.583810 9.078564 
72742697980201 0.959634 3.565428 9.084999 
72742716738326 0.976056 3.551290 9.088786 
72742735496451 0.989601 3.539646 9.091865 
72742754254472 0.995299 3.529595 9.095149 
72742773012597 0.985653 3.531257 9.095554 
72742791770722 0.964909 3.549587 9.090642 
72742810528847 0.945097 3.586148 9.078364 
72742829286868 0.935468 3.631553 9.061296 
72742848044993 0.933988 3.671241 9.045444 
72742866803118 0.926376 3.692158 9.037709 
72742885561243 0.909863 3.690353 9.040123 
72742904319264 0.890707 3.672024 9.049490 
72742923077389 0.884752 3.646359 9.060444 
72742941835514 0.892186 3.617593 9.071241 
72742960593639 0.904166 3.590897 9.080657 
72742979351764 0.912552 3.566724 9.089341 
72742998109785 0.921562 3.546205 9.096458 
72743016867910 0.939467 3.533704 9.099490 
72743035626035 0.955231 3.527870 9.100114 
72743054384160 0.962135 3.521371 9.101903 
72743073142181 0.961884 3.523125 9.101250 
72743091900306 0.927728 3.535668 9.099933 
72743110658431 0.875129 3.548152 9.100283 
72743129416556 0.831111 3.561965 9.099014 
72743148174681 0.803001 3.564170 9.100675 
72743166932701 0.790173 3.542842 9.110120 
72743185690826 0.781021 3.505259 9.125435 
72743204448951 0.760339 3.458365 9.145052 
72743223207076 0.733500 3.403493 9.167802 
72743241965201 0.709502 3.341771 9.192364 
72743260723326 0.712683 3.274627 9.216251 
72743279481347 0.749045 3.222075 9.231877 
72743298239472 0.820064 3.187339 9.237898 
72743316997597 0.912055 3.169382 9.235451 
72743335755722 1.001980 3.156554 9.230525 
72743354513847 1.079307 3.132125 9.230129 
72743373271868 1.127900 3.102319 9.234384 
72743392029993 1.144401 3.079419 9.240018 
72743410788118 1.150103 3.061573 9.245238 
72743429546243 1.161538 3.044066 9.249589 
72743448304368 1.185449 3.034141 9.249816 
72743467062493 1.218606 3.039206 9.243841 
72743485820618 1.268038 3.050440 9.233487 
72743504578639 1.346116 3.050664 9.222354 
72743523336764 1.456508 3.042696 9.208201 
72743542094889 1.579295 3.050893 9.185220 
72743560853014 1.695695 3.085344 9.152904 
72743579611139 1.790469 3.132014 9.118941 
72743598369264 1.849099 3.171151 9.093679 
72743617127389 1.870534 3.193466 9.081479 
72743635885410 1.859496 3.194874 9.083250 
72743654643535 1.839724 3.168897 9.096367 
72743673401660 1.839327 3.118362 9.113895 
72743692159785 1.869299 3.060817 9.127294 
72743710917910 1.912155 3.024142 9.130642 
72743729676035 1.973907 3.015185 9.120457 
72743748434160 2.055168 3.027622 9.098361 
72743767192285 2.154885 3.028117 9.075096 
72743785950306 2.261874 2.996166 9.059652 
72743804708431 2.348890 2.951843 9.052056 
72743823466556 2.407006 2.918623 9.047561 
72743842224681 2.434933 2.900620 9.045877 
72743860982806 2.427203 2.846228 9.065211 
72743879740931 2.394093 2.705482 9.116966 
72743898499056 2.343848 2.545998 9.175765 
72743917257181 2.322646 2.473925 9.200836 
72743936015306 2.393484 2.497526 9.176273 
72743954773431 2.515243 2.540600 9.131774 
72743973531451 2.608994 2.557338 9.100744 
72743992289576 2.702809 2.594859 9.062667 
72744011047701 2.827372 2.664569 9.004245 
72744029805826 2.954666 2.702321 8.951971 
72744048563951 3.023632 2.673904 8.937465 
72744067322076 3.020867 2.561694 8.971202 
72744086080201 2.999084 2.436389 9.013318 
72744104838326 3.035852 2.369888 9.018738 
72744123596451 3.114634 2.341473 8.999275 
72744142354472 3.193225 2.332904 8.973921 
72744161112701 3.282033 2.376961 8.930213 
72744179870826 3.379671 2.440967 8.876367 
72744198628951 3.485833 2.451257 8.832366 
72744217386972 3.601163 2.419199 8.794856 
72744236145097 3.686404 2.415653 8.760448 
72744254903222 3.799263 2.412968 8.712840 
72744273661347 4.034755 2.415964 8.605478 
72744292419472 4.393473 2.441763 8.420545 
72744311177597 4.755723 2.556214 8.186529 
72744329935722 4.997995 2.816659 7.953419 
72744348693847 5.018335 3.159101 7.810683 
72744367451972 4.959429 3.500391 7.702060 
72744386210097 4.927371 3.824247 7.567465 
72744404968222 4.936106 4.217591 7.349638 
72744423726347 4.958899 4.731030 7.014061 
72744442484472 5.071826 5.327522 6.485712 
72744461242597 5.200961 5.869983 5.887589 
72744480000722 4.988919 6.436241 5.464052 
72744498758847 4.448401 7.050064 5.165143 
72744517516972 3.711291 7.668807 4.856554 
72744536275097 2.831556 8.298106 4.392507 
72744555033222 2.079463 8.874660 3.617547 
72744573791347 1.499112 9.321455 2.652078 
72744592549368 1.213268 9.519729 2.018202 
72744611307597 1.220639 9.496728 2.119570 
72744630065618 1.196816 9.360031 2.669803 
72744648823743 0.934761 9.197716 3.270878 
72744667581868 0.633198 9.103122 3.592021 
72744686339993 0.525204 9.161296 3.459077 
72744705098118 0.505466 9.243627 3.235781 
72744723856243 0.472582 9.260457 3.192332 
72744742614368 0.401233 9.194016 3.388135 
72744796546660 -0.550257 8.738800 4.415989 
72744815304785 -1.014899 8.465970 4.844349 
72744834062910 -1.372811 8.314457 5.015535 
72744852821035 -1.636511 8.275062 5.001557 
72744871579160 -1.616506 8.386438 4.819227 
72744890337285 -1.392224 8.564317 4.569965 
72744909095410 -1.129726 8.726219 4.329805 
72744927853535 -0.917226 8.826520 4.173921 
72744946611660 -0.751695 8.864194 4.126913 
72744965369785 -0.678707 8.865869 4.135954 
72744984127910 -0.655983 8.861717 4.148499 
72745002886035 -0.655997 8.865685 4.140010 
72745021644160 -0.697410 8.866167 4.132200 
72745040402285 -0.748826 8.873633 4.107101 
72745059160410 -0.847083 8.884119 4.065129 
72745077918535 -0.975079 8.878458 4.048774 
72745096676660 -1.139646 8.847322 4.073881 
72745115434785 -1.336904 8.810517 4.093637 
72745134192910 -1.533319 8.784534 4.080599 
72745152951035 -1.743231 8.752801 4.064483 
72745171709160 -1.892727 8.723938 4.059665 
72745190467285 -1.909625 8.717716 4.065112 
72745209225410 -1.834026 8.747312 4.036246 
72745227983535 -1.730870 8.820332 3.921253 
72745246741608 -1.620604 8.921186 3.735834 
72745265499785 -1.370668 9.090989 3.412557 
72745284257910 -0.880271 9.372595 2.747722 
72745303016035 -0.157294 9.666230 1.646101 
72745321774212 0.648858 9.781847 0.254654 
72745340532337 1.136293 9.722818 -0.588254 
72745359290462 1.156587 9.721549 -0.569368 
72745378048587 1.342026 9.702179 -0.486904 
72745396806712 1.650775 9.649147 -0.582480 
72745415564837 1.884857 9.604602 -0.607718 
72745434322962 1.719788 9.635450 -0.608946 
72745453081087 1.099470 9.725899 -0.606999 
72745471839212 0.507643 9.781160 -0.491505 
72745490597337 0.048244 9.789447 -0.578620 
72745509355514 -0.552632 9.751688 -0.877252 
72745528113639 -0.941082 9.686262 -1.208755 
72745546871764 -1.044753 9.659575 -1.330984 
72745565629889 -1.141021 9.647655 -1.338356 
72745584388014 -1.344090 9.615783 -1.378598 
72745603146139 -1.494751 9.574225 -1.506754 
72745621904264 -1.445138 9.556844 -1.657923 
72745640662337 -1.425296 9.537930 -1.779551 
72745659420566 -1.475001 9.519098 -1.838895 
72745678178691 -1.523336 9.512075 -1.835826 
72745696936816 -1.548716 9.518622 -1.779805 
72745715694941 -1.555115 9.532919 -1.695718 
72745734453066 -1.565106 9.542595 -1.630863 
72745753211243 -1.564247 9.560530 -1.523086 
72745771969368 -1.528166 9.601114 -1.285958 
72745790727493 -1.459354 9.651894 -0.938945 
72745809485618 -1.458631 9.668548 -0.749640 
72745828243795 -1.595002 9.655674 -0.627942 
72745847001920 -1.708531 9.637406 -0.609691 
72745865760045 -1.780856 9.625205 -0.595294 
72745884518170 -1.803289 9.625177 -0.523934 
72745903276347 -1.815991 9.630713 -0.349198 
72745922034472 -1.863563 9.627097 -0.128601 
72745940792597 -1.875252 9.625653 0.024879 
72745959550722 -1.847385 9.630409 0.113034 
72745978308899 -1.802552 9.637287 0.209547 
72745997067024 -1.925446 9.611324 0.292382 
72746015825149 -2.023196 9.588882 0.361080 
72746034583326 -1.978670 9.595632 0.423194 
72746053341451 -1.839450 9.618413 0.522430 
72746072099576 -1.636529 9.644384 0.691397 
72746090857754 -1.476974 9.657660 0.847678 
72746109615879 -1.405645 9.659844 0.939127 
72746128374004 -1.352710 9.664285 0.970650 
72746147132181 -1.308922 9.665683 1.015719 
72746165890306 -1.276441 9.662350 1.086318 
72746184648483 -1.244008 9.660748 1.137001 
72746203406608 -1.207645 9.660266 1.179513 
72746222164785 -1.170909 9.655963 1.249694 
72746240922910 -1.155972 9.646671 1.332610 
72746259681035 -1.160647 9.633803 1.418848 
72746278439212 -1.183083 9.615973 1.517809 
72746297197337 -1.213407 9.590685 1.648268 
72746315955514 -1.250376 9.555316 1.817384 
72746334713639 -1.305597 9.507204 2.019625 
72746353471816 -1.352076 9.456006 2.219513 
72746372229941 -1.378824 9.415788 2.369004 
72746390988118 -1.403402 9.395030 2.436034 
72746409746243 -1.428429 9.389647 2.442234 
72746428504420 -1.447238 9.392520 2.420011 
72746447262493 -1.450269 9.405839 2.365860 
72746466020722 -1.417191 9.436525 2.261405 
72746484778847 -1.308788 9.489880 2.097532 
72746503537024 -1.134557 9.556557 1.885577 
72746522295149 -0.955203 9.628757 1.595310 
72746541053326 -0.810422 9.699933 1.193692 
72746559811504 -0.702768 9.757921 0.677838 
72746578569629 -0.620962 9.786277 0.116490 
72746597327806 -0.523969 9.785702 -0.368612 
72746616085931 -0.394028 9.765762 -0.803137 
72746634844108 -0.234150 9.725581 -1.236382 
72746653602285 -0.093263 9.667855 -1.641421 
72746672360410 -0.019980 9.602022 -1.992779 
72746691118587 0.081835 9.521316 -2.346967 
72746709876764 0.267918 9.425196 -2.695239 
72746728634889 0.438258 9.317167 -3.027992 
72746747393066 0.544356 9.197202 -3.359396 
72746766151243 0.562070 9.061918 -3.706225 
72746784909368 0.522494 8.920872 -4.039236 
72746803667545 0.414193 8.779405 -4.349816 
72746822425722 0.238024 8.656683 -4.601694 
72746841183847 0.009966 8.568575 -4.769676 
72746859942024 -0.207803 8.526071 -4.840797 
72746878700201 -0.376593 8.532889 -4.818544 
72746897458379 -0.493464 8.584948 -4.714400 
72746916216504 -0.578754 8.670248 -4.545571 
72746934974681 -0.657067 8.758167 -4.362700 
72746953732858 -0.762774 8.819438 -4.219727 
72746972491035 -0.893632 8.855632 -4.116988 
72746991249160 -1.003893 8.846198 -4.111857 
72747010007337 -1.030915 8.738631 -4.329425 
72747028765514 -0.998572 8.601660 -4.602683 
72747047523691 -1.060229 8.557936 -4.669909 
72747066281816 -1.125001 8.565360 -4.641052 
72747085039993 -1.105896 8.652097 -4.482032 
72747103798170 -1.054186 8.802607 -4.192039 
72747122556347 -1.045790 8.973475 -3.814898 
72747141314524 -1.119081 9.115084 -3.439956 
72747160072649 -1.282276 9.223222 -3.075440 
72747178830826 -1.439985 9.304115 -2.744133 
72747197589004 -1.506512 9.376367 -2.446334 
72747216347181 -1.512507 9.462650 -2.083491 
72747235105358 -1.486537 9.538581 -1.725131 
72747253863535 -1.447564 9.595669 -1.413531 
72747272621712 -1.419537 9.637581 -1.127973 
72747291379837 -1.404441 9.669648 -0.834168 
72747310138014 -1.398779 9.692557 -0.517825 
72747328896191 -1.401473 9.704143 -0.189412 
72747347654368 -1.414425 9.703339 0.122516 
72747366412545 -1.430198 9.692781 0.418219 
72747385170722 -1.471165 9.671855 0.679187 
72747403928899 -1.533917 9.645007 0.889576 
72747422687076 -1.591450 9.617536 1.068032 
72747441445254 -1.628900 9.588442 1.256519 
72747460203431 -1.672256 9.550664 1.469276 
72747478961608 -1.730586 9.503645 1.690024 
72747497719733 -1.778935 9.458253 1.883411 
72747516477910 -1.841415 9.424878 1.987772 
72747535236087 -1.931156 9.406604 1.989177 
72747553994264 -1.991493 9.401860 1.951762 
72747572752441 -1.985283 9.410398 1.916621 
72747591510618 -1.940469 9.437266 1.828375 
72747610268795 -1.848391 9.494740 1.613607 
72747629026972 -1.667406 9.574924 1.308039 
72747647785149 -1.414366 9.654608 0.979034 
72747666543326 -1.147555 9.724020 0.544932 
72747685301504 -0.895970 9.765635 -0.002850 
72747704059629 -0.714159 9.765741 -0.539136 
72747722817858 -0.605189 9.737187 -0.995650 
72747741575983 -0.488140 9.690575 -1.422983 
72747760334212 -0.396764 9.620739 -1.858590 
72747779092389 -0.346797 9.529829 -2.287463 
72747797850566 -0.272098 9.438461 -2.647978 
72747816608743 -0.142451 9.347694 -2.961536 
72747835366920 -0.035517 9.253677 -3.246317 
72747854125097 0.115508 9.156057 -3.510505 
72747872883274 0.252861 9.053843 -3.759570 
72747891641451 0.298550 8.933629 -4.033800 
72747910399629 0.260241 8.801000 -4.317995 
72747929157806 0.111801 8.677952 -4.566294 
72747947915983 -0.086498 8.590096 -4.730027 
72747966674212 -0.310430 8.550303 -4.792322 
72747985432389 -0.515797 8.555023 -4.766121 
72748004190566 -0.663219 8.606042 -4.654737 
72748022948743 -0.731846 8.689304 -4.486735 
72748041706920 -0.702521 8.759711 -4.352506 
72748060465097 -0.674640 8.784660 -4.306390 
72748079223274 -0.738260 8.789714 -4.285590 
72748097981451 -0.827074 8.776212 -4.297028 
72748116739629 -0.839392 8.736038 -4.375780 
72748135497806 -0.771747 8.685994 -4.486459 
72748154255983 -0.697863 8.613955 -4.634991 
72748173014160 -0.648092 8.522197 -4.808587 
72748191772337 -0.666727 8.543279 -4.768464 
72748210530566 -0.652505 8.612687 -4.643946 
72748229288743 -0.665017 8.651121 -4.570148 
72748248046920 -0.660562 8.730103 -4.418069 
72748266805097 -0.580791 8.963488 -3.935603 
72748285563274 -0.607317 9.237180 -3.236672 
72748304321504 -0.767747 9.459612 -2.469148 
72748323079681 -0.993426 9.565182 -1.921144 
72748341837858 -1.126705 9.620337 -1.532995 
72748360596035 -1.099224 9.677641 -1.142518 
72748379354212 -1.069310 9.714396 -0.810848 
72748398112389 -1.044835 9.737738 -0.505167 
72748416870566 -0.991033 9.754271 -0.206049 
72748435628743 -0.920087 9.763143 0.069787 
72748454386972 -0.870273 9.763020 0.310564 
72748473145149 -0.863611 9.751679 0.573868 
72748491903326 -0.967675 9.719109 0.879159 
72748510661504 -1.157333 9.676473 1.094007 
72748529419681 -1.388246 9.618984 1.310844 
72748548177858 -1.593603 9.540949 1.612795 
72748566936035 -1.753530 9.458707 1.904831 
72748585694264 -1.894587 9.398343 2.062058 
72748604452441 -1.971211 9.373599 2.102465 
72748623210618 -2.017395 9.367509 2.085736 
72748641968795 -2.067665 9.373747 2.006992 
72748660726972 -2.069304 9.401051 1.873130 
72748679485149 -1.944860 9.472030 1.633572 
72748698243326 -1.693525 9.570413 1.307495 
72748717001504 -1.402430 9.666323 0.875098 
72748735759733 -1.104088 9.735990 0.402349 
72748754517910 -0.837315 9.770700 -0.052230 
72748773276087 -0.650318 9.772718 -0.491384 
72748792034264 -0.499599 9.750340 -0.922841 
72748810792441 -0.332039 9.706035 -1.361264 
72748829550618 -0.165057 9.641922 -1.782267 
72748848308847 -0.029561 9.561829 -2.177372 
72748867067024 0.060754 9.463510 -2.570739 
72748885825201 0.039539 9.356797 -2.935841 
72748904583379 -0.015425 9.234573 -3.300426 
72748923341556 0.034531 9.093395 -3.671426 
72748942099733 0.111266 8.955010 -3.995722 
72748960857962 0.135471 8.822308 -4.280062 
72748979616139 0.123614 8.707988 -4.508443 
72748998374316 0.024537 8.631334 -4.655091 
72749017132493 -0.158477 8.604378 -4.702122 
72749035890670 -0.361320 8.626300 -4.650462 
72749054648847 -0.534972 8.679654 -4.532967 
72749073407076 -0.615188 8.736622 -4.411730 
72749092165254 -0.591986 8.753195 -4.381956 
72749110923431 -0.575166 8.749302 -4.391958 
72749129681608 -0.639335 8.741685 -4.398248 
72749148439785 -0.731315 8.729646 -4.407815 
72749167197962 -0.758508 8.698580 -4.464276 
72749185956191 -0.715852 8.625388 -4.610923 
72749204714368 -0.733390 8.447949 -4.925919 
72749223472545 -0.917159 8.326677 -5.098594 
72749242230722 -0.981767 8.355873 -5.038443 
72749260988899 -0.916080 8.479525 -4.840335 
72749279747076 -0.749648 8.654627 -4.550368 
72749298505306 -0.553900 8.936129 -4.001149 
72749317263483 -0.511827 9.227925 -3.279302 
72749336021660 -0.728442 9.450752 -2.514565 
72749354779837 -1.045657 9.532268 -2.052528 
72749373538014 -1.138778 9.603134 -1.628926 
72749392296191 -0.987501 9.688383 -1.153456 
72749411054368 -0.877970 9.742061 -0.701285 
72749429812597 -0.844368 9.766716 -0.262063 
72749448570774 -0.851215 9.768666 0.137730 
72749467328951 -0.871582 9.758479 0.427555 
72749486087129 -0.903108 9.744736 0.628429 
72749504845306 -0.944564 9.724769 0.840865 
72749523603483 -1.049432 9.690140 1.081780 
72749542361660 -1.204917 9.655761 1.218542 
72749561119837 -1.383750 9.615824 1.338489 
72749579878066 -1.572388 9.556424 1.540371 
72749598636243 -1.726470 9.483315 1.804555 
72749617394368 -1.847000 9.415730 2.025585 
72749636152597 -1.944326 9.370730 2.139954 
72749654910774 -2.025681 9.351995 2.146439 
72749673668951 -2.071822 9.354579 2.090406 
72749692427129 -2.056720 9.377645 2.000012 
72749711185358 -1.938982 9.442647 1.801985 
72749729943535 -1.704979 9.539260 1.505311 
72749748701712 -1.401158 9.644413 1.091990 
72749767459889 -1.090766 9.726142 0.618697 
72749786218066 -0.817358 9.771395 0.148884 
72749804976243 -0.617236 9.782504 -0.303355 
72749823734420 -0.457796 9.765137 -0.776464 
72749842492597 -0.310972 9.722458 -1.243979 
72749861250774 -0.162296 9.657201 -1.697794 
72749880009004 -0.000385 9.574039 -2.123243 
72749898767181 0.113900 9.475535 -2.524213 
72749917525358 0.113709 9.358033 -2.929962 
72749936283535 0.104822 9.218162 -3.344384 
72749955041712 0.199114 9.059665 -3.748761 
72749973799889 0.296088 8.897249 -4.113598 
72749992558066 0.266836 8.728608 -4.462128 
72750011316243 0.170344 8.551304 -4.797557 
72750030074420 0.010330 8.396531 -5.066413 
72750048832597 -0.234653 8.303734 -5.211845 
72750067590774 -0.499084 8.307033 -5.187920 
72750086349004 -0.713215 8.411366 -4.991055 
72750105107181 -0.833730 8.578958 -4.677260 
72750123865358 -0.833187 8.695819 -4.456335 
72750142623535 -0.810224 8.706826 -4.439043 
72750161381712 -0.846835 8.677486 -4.489376 
72750180139889 -0.915225 8.633936 -4.559375 
72750198898066 -0.939718 8.591722 -4.633532 
72750217656243 -0.862816 8.528104 -4.764177 
72750236414420 -0.834541 8.410854 -4.973073 
72750255172597 -1.048466 8.271158 -5.163239 
72750273930774 -1.206128 8.208209 -5.228856 
72750292688951 -1.233596 8.253757 -5.150161 
72750311447129 -1.217284 8.359501 -4.980699 
72750330205306 -1.096622 8.574168 -4.631571 
72750348963483 -0.944633 8.859442 -4.097360 
72750367721660 -0.923708 9.147950 -3.410595 
72750386479837 -1.076070 9.341668 -2.783110 
72750405238014 -1.180344 9.469002 -2.261680 
72750423996191 -1.117506 9.581045 -1.767807 
72750442754368 -1.003182 9.662192 -1.343887 
72750461512597 -0.955199 9.711512 -0.971874 
72750480270722 -0.934222 9.743350 -0.603932 
72750499028899 -0.935638 9.758596 -0.254493 
72750517787129 -0.965447 9.758941 0.037000 
72750536545254 -0.989806 9.751703 0.308155 
72750555303483 -1.018371 9.734049 0.617747 
72750574061608 -1.103176 9.698111 0.948701 
72750592819785 -1.245595 9.654423 1.187861 
72750611577962 -1.424158 9.606798 1.360729 
72750630336191 -1.608469 9.547235 1.559971 
72750649094316 -1.782097 9.475604 1.790933 
72750667852493 -1.931028 9.408428 1.980655 
72750686610670 -2.025095 9.361238 2.106328 
72750705368847 -2.078143 9.337019 2.161434 
72750724127024 -2.133218 9.327326 2.149594 
72750742885201 -2.128521 9.338686 2.104455 
72750761643379 -2.015232 9.394541 1.962605 
72750780401556 -1.798700 9.488705 1.702806 
72750799159733 -1.482219 9.600701 1.341612 
72750817917910 -1.168474 9.697168 0.877494 
72750836676087 -0.926092 9.757014 0.336744 
72750855434264 -0.791333 9.772461 -0.207784 
72750874192389 -0.667464 9.755637 -0.743257 
72750892950618 -0.485505 9.716232 -1.236730 
72750911708795 -0.298590 9.654681 -1.693626 
72750930466972 -0.152024 9.565427 -2.156363 
72750949225149 -0.055113 9.449155 -2.623130 
72750967983274 -0.046235 9.322900 -3.041679 
72750986741451 -0.081921 9.187828 -3.427460 
72751005499629 0.015481 9.035345 -3.812176 
72751024257806 0.142165 8.867344 -4.185738 
72751043015983 0.138824 8.672416 -4.576058 
72751061774160 0.025521 8.464285 -4.952334 
72751080532337 -0.172619 8.296959 -5.225040 
72751099290514 -0.447911 8.222492 -5.325447 
72751118048691 -0.733913 8.250945 -5.249160 
72751136806816 -0.987740 8.363212 -5.025083 
72751155564993 -1.145332 8.535288 -4.691211 
72751174323170 -1.149671 8.668822 -4.438487 
72751193081347 -1.085233 8.712385 -4.368868 
72751211839524 -1.136801 8.719420 -4.341633 
72751230597701 -1.171933 8.684087 -4.402680 
72751249355879 -1.092031 8.644722 -4.499626 
72751268114056 -0.919931 8.570601 -4.676420 
72751286872181 -0.885651 8.456900 -4.885374 
72751305630358 -1.052507 8.376635 -4.989449 
72751324388535 -1.071841 8.382232 -4.975915 
72751343146660 -1.004440 8.480008 -4.821923 
72751361904837 -0.870589 8.616822 -4.600309 
72751380663014 -0.704717 8.818552 -4.231655 
72751399421191 -0.608378 9.074081 -3.668965 
72751418179368 -0.678231 9.316628 -2.985105 
72751436937493 -0.871000 9.441277 -2.504804 
72751455695670 -1.015056 9.511959 -2.159327 
72751474453847 -0.974164 9.597995 -1.760646 
72751493212024 -0.902506 9.665468 -1.390894 
72751511970149 -0.881665 9.704281 -1.104529 
72751530728326 -0.886026 9.730679 -0.836210 
72751549486504 -0.905082 9.748784 -0.558958 
72751568244681 -0.911916 9.758921 -0.319756 
72751587002858 -0.906384 9.764421 -0.070192 
72751605761035 -0.908679 9.761276 0.249362 
72751624519160 -0.977479 9.740713 0.577446 
72751643277337 -1.123134 9.706046 0.837624 
72751662035514 -1.318064 9.660806 1.049726 
72751680793639 -1.505495 9.600711 1.315380 
72751699551816 -1.634475 9.528221 1.646783 
72751718309993 -1.709439 9.479028 1.842888 
72751737068118 -1.778419 9.459433 1.877962 
72751755826347 -1.774312 9.462325 1.867247 
72751774584472 -1.774101 9.467392 1.841587 
72751793342649 -1.782214 9.482585 1.753474 
72751812100826 -1.704981 9.530371 1.560593 
72751830859004 -1.455719 9.609020 1.310723 
72751849617129 -1.132717 9.690065 0.994975 
72751868375306 -0.824381 9.757947 0.522744 
72751887133483 -0.573568 9.789837 -0.022211 
72751905891608 -0.450297 9.780535 -0.555662 
72751924649785 -0.399040 9.743852 -1.033691 
72751943407962 -0.291968 9.689623 -1.482012 
72751962166087 -0.185935 9.613180 -1.929398 
72751980924264 -0.120113 9.511445 -2.385031 
72751999682441 -0.051633 9.407212 -2.769851 
72752018440566 -0.009270 9.304289 -3.098469 
72752037198691 0.100298 9.201359 -3.390477 
72752055956920 0.279891 9.092564 -3.662968 
72752074715045 0.377257 8.973474 -3.937618 
72752093473222 0.410431 8.852018 -4.200440 
72752112231399 0.365623 8.731483 -4.449483 
72752130989524 0.220661 8.636601 -4.640131 
72752149747701 -0.004543 8.587317 -4.735859 
72752168505879 -0.254375 8.598995 -4.707755 
72752187264004 -0.484443 8.671823 -4.553591 
72752206022181 -0.666884 8.797148 -4.282037 
72752224780306 -0.770107 8.942908 -3.949901 
72752243538431 -0.803533 9.009885 -3.787704 
72752262296660 -0.824514 8.991655 -3.826319 
72752281054785 -0.818614 8.957485 -3.906878 
72752299812962 -0.723610 8.913630 -4.024177 
72752318571087 -0.592338 8.852718 -4.177189 
72752337329264 -0.484618 8.771375 -4.358729 
72752356087441 -0.513193 8.694823 -4.506336 
72752374845566 -0.601530 8.695985 -4.493152 
72752393603743 -0.600747 8.749966 -4.387208 
72752412361868 -0.607307 8.826330 -4.230537 
72752431120045 -0.602534 8.926005 -4.016689 
72752449878222 -0.560121 9.098743 -3.615180 
72752468636347 -0.625851 9.309937 -3.017241 
72752487394524 -0.824860 9.464312 -2.432447 
72752506152649 -1.068005 9.517071 -2.110712 
72752524910826 -1.212999 9.569951 -1.764953 
72752543668951 -1.149455 9.637467 -1.402990 
72752562427129 -1.092007 9.683821 -1.096133 
72752581185201 -1.035250 9.719424 -0.794625 
72752599943431 -0.976467 9.745928 -0.483516 
72752618701556 -0.936098 9.759779 -0.202058 
72752637459733 -0.927042 9.762537 0.062094 
72752656217858 -0.941519 9.755498 0.337899 
72752674976035 -0.996992 9.734909 0.638694 
72752693734160 -1.114466 9.703260 0.880391 
72752712492337 -1.267466 9.664224 1.080143 
72752731250462 -1.432518 9.616245 1.283010 
72752750008639 -1.587769 9.563111 1.481983 
72752768766764 -1.709882 9.515598 1.643191 
72752787524941 -1.766937 9.489294 1.732521 
72752806283066 -1.772712 9.488256 1.732298 
72752825041243 -1.774502 9.508789 1.613833 
72752843799368 -1.735850 9.543142 1.444179 
72752862557545 -1.605189 9.599229 1.203563 
72752881315670 -1.373454 9.671903 0.859242 
72752900073795 -1.104190 9.735961 0.402776 
72752918831972 -0.853498 9.769033 -0.089017 
72752937590097 -0.608479 9.774215 -0.514635 
72752956348274 -0.430797 9.755165 -0.906400 
72752975106399 -0.292018 9.717093 -1.289649 
72752993864576 -0.119974 9.667537 -1.641562 
72753012622701 0.079313 9.607491 -1.964741 
72753031380826 0.271646 9.528604 -2.302675 
72753050139004 0.396770 9.436226 -2.640189 
72753068897129 0.393563 9.348287 -2.936842 
72753087655306 0.448468 9.244566 -3.241490 
72753106413431 0.530281 9.119239 -3.567727 
72753125171556 0.531364 8.999651 -3.859318 
72753143929733 0.481482 8.883809 -4.125109 
72753162687858 0.385130 8.778289 -4.354732 
72753181446035 0.256772 8.703507 -4.511476 
72753200204160 0.070797 8.658903 -4.603126 
72753218962285 -0.134477 8.654886 -4.609256 
72753237720410 -0.326774 8.692423 -4.528289 
72753256478587 -0.489679 8.778055 -4.344691 
72753275236712 -0.603685 8.892656 -4.089819 
72753293994889 -0.682161 8.972541 -3.898531 
72753312753014 -0.725117 8.983051 -3.866444 
72753331511139 -0.749095 8.954334 -3.927994 
72753350269316 -0.766458 8.907005 -4.030905 
72753369027441 -0.725419 8.854748 -4.151817 
72753387785566 -0.605453 8.811439 -4.261734 
72753406543743 -0.543290 8.770877 -4.352808 
72753425301868 -0.644089 8.729720 -4.421257 
72753444059993 -0.746342 8.677520 -4.507109 
72753462818118 -0.744568 8.675246 -4.511775 
72753481576295 -0.753974 8.716859 -4.429253 
72753500334420 -0.638889 8.842712 -4.191497 
72753519092545 -0.510390 9.050521 -3.741388 
72753537850722 -0.511610 9.267833 -3.164792 
72753556608847 -0.629528 9.401333 -2.718273 
72753575366972 -0.822466 9.458473 -2.455854 
72753594125097 -0.826218 9.543211 -2.101159 
72753612883274 -0.683839 9.619610 -1.779286 
72753631641399 -0.609172 9.674116 -1.486869 
72753650399524 -0.583468 9.719341 -1.168056 
72753669157649 -0.612154 9.751981 -0.833382 
72753687915826 -0.675198 9.769249 -0.525606 
72753706673951 -0.720761 9.777097 -0.243485 
72753725432076 -0.733273 9.778702 0.098409 
72753744190201 -0.742159 9.766276 0.489306 
72753762948379 -0.795981 9.736094 0.863303 
72753781706504 -0.922983 9.692802 1.169644 
72753800464629 -1.078503 9.650042 1.372559 
72753819222754 -1.212367 9.611398 1.523676 
72753837980879 -1.300981 9.578470 1.652499 
72753856739056 -1.352555 9.561483 1.708510 
72753875497181 -1.373353 9.565202 1.670694 
72753894255306 -1.350981 9.579012 1.608650 
72753913013431 -1.288072 9.597553 1.548620 
72753931771556 -1.165245 9.631169 1.432887 
72753950529681 -0.946788 9.679881 1.254542 
72753969287858 -0.652930 9.730778 1.027636 
72753988045983 -0.365490 9.773769 0.714318 
72754006804108 -0.151792 9.802186 0.253925 
72754025562285 -0.028191 9.803070 -0.263461 
72754044320410 0.047380 9.779076 -0.733369 
72754063078535 0.119866 9.734517 -1.181187 
72754081836660 0.135148 9.663696 -1.662860 
72754100594785 0.100843 9.563778 -2.166651 
72754119352910 0.113051 9.459170 -2.584899 
72754138111035 0.286270 9.361741 -2.906240 
72754156869160 0.528447 9.265861 -3.167801 
72754175627337 0.685809 9.177954 -3.386032 
72754194385462 0.776842 9.097593 -3.577806 
72754213143587 0.838081 9.001636 -3.799812 
72754231901712 0.865964 8.890817 -4.046463 
72754250659837 0.834960 8.779638 -4.288495 
72754269417962 0.739326 8.695038 -4.474384 
72754288176087 0.576586 8.639659 -4.603718 
72754306934212 0.373738 8.610710 -4.678289 
72754325692337 0.159800 8.610425 -4.690996 
72754344450462 -0.039960 8.642588 -4.634056 
72754363208587 -0.201599 8.712345 -4.497198 
72754381966764 -0.325542 8.820745 -4.273042 
72754400724889 -0.418931 8.943773 -4.000474 
72754419483014 -0.514123 9.013424 -3.829391 
72754438241087 -0.648996 9.005622 -3.827268 
72754456999264 -0.769912 8.961808 -3.906868 
72754475757389 -0.799780 8.886110 -4.070354 
72754494515514 -0.780195 8.757433 -4.343850 
72754513273639 -0.732166 8.678964 -4.506651 
72754532031764 -0.810359 8.689210 -4.473403 
72754550789889 -0.873957 8.693141 -4.453750 
72754569548014 -0.793537 8.754598 -4.347149 
72754588306139 -0.680206 8.853329 -4.162483 
72754607064264 -0.573766 8.958447 -3.948089 
72754625822389 -0.471629 9.077743 -3.680017 
72754644580514 -0.463982 9.191252 -3.387625 
72754663338639 -0.540595 9.288798 -3.097798 
72754682096764 -0.624434 9.342692 -2.914541 
72754700854889 -0.708138 9.372975 -2.795759 
72754719613014 -0.779400 9.434613 -2.559491 
72754738371139 -0.786076 9.512612 -2.250038 
72754757129264 -0.722340 9.557938 -2.072306 
72754775887389 -0.668363 9.573641 -2.017198 
72754794645462 -0.669756 9.582179 -1.975768 
72754813403639 -0.717393 9.593678 -1.901868 
72754832161712 -0.794623 9.610147 -1.784385 
72754850919837 -0.872540 9.632657 -1.618949 
72754869677962 -0.921213 9.656377 -1.440876 
72754888436087 -0.927524 9.674155 -1.311803 
72754907194212 -0.923953 9.687020 -1.215867 
72754925952337 -0.939590 9.697983 -1.112064 
72754944710462 -0.967693 9.708425 -0.990173 
72754963468587 -0.999804 9.718549 -0.848874 
72754982226712 -1.046358 9.726131 -0.691292 
72755000984837 -1.103494 9.730537 -0.518969 
72755019742962 -1.153105 9.731758 -0.365537 
72755038501035 -1.190091 9.730514 -0.266794 
72755057259160 -1.215969 9.729074 -0.192224 
72755076017285 -1.220731 9.729946 -0.091322 
72755094775410 -1.205659 9.732086 0.057260 
72755113533535 -1.184936 9.732638 0.205110 
72755132291660 -1.159050 9.733934 0.278422 
72755151049785 -1.111741 9.739876 0.263092 
72755169807910 -1.039988 9.749789 0.174429 
72755188565983 -0.950763 9.760438 0.016788 
72755207324108 -0.847856 9.767723 -0.207632 
72755226082233 -0.734868 9.765646 -0.512376 
72755244840358 -0.609294 9.749065 -0.868828 
72755263598483 -0.466476 9.715949 -1.246242 
72755282356608 -0.320081 9.662897 -1.642057 
72755301114733 -0.213036 9.591316 -2.032648 
72755319872806 -0.198708 9.515836 -2.362157 
72755338630931 -0.240072 9.443640 -2.632571 
72755357389056 -0.270752 9.375191 -2.864065 
72755376147129 -0.290703 9.319222 -3.039404 
72755394905306 -0.310845 9.284640 -3.141532 
72755413663379 -0.331098 9.269158 -3.184881 
72755432421504 -0.364450 9.266554 -3.188813 
72755451179629 -0.425899 9.270555 -3.169510 
72755469937754 -0.514281 9.276009 -3.140315 
72755488695879 -0.623911 9.281681 -3.103470 
72755507453951 -0.740892 9.292642 -3.044385 
72755526212076 -0.835638 9.312177 -2.958963 
72755544970201 -0.887587 9.341459 -2.849514 
72755563728326 -0.898661 9.375532 -2.731699 
72755582486399 -0.894167 9.404453 -2.631941 
72755601244524 -0.880868 9.421940 -2.573231 
72755620002649 -0.836696 9.427844 -2.566339 
72755638760774 -0.769301 9.423167 -2.604321 
72755657518847 -0.714455 9.414327 -2.651490 
72755676276972 -0.701266 9.411271 -2.665820 
72755695035097 -0.745451 9.418335 -2.628620 
72755713793222 -0.826032 9.431492 -2.556369 
72755732551295 -0.907548 9.452225 -2.449937 
72755751309420 -0.956138 9.480260 -2.319669 
72755770067545 -0.953442 9.512957 -2.182885 
72755788825618 -0.914531 9.547498 -2.044337 
72755807583743 -0.875844 9.581723 -1.895752 
72755826341868 -0.857109 9.611005 -1.750526 
72755845099993 -0.863618 9.631604 -1.629951 
72755863858066 -0.892295 9.647460 -1.516808 
72755882616191 -0.931769 9.661915 -1.396274 
72755901374316 -0.975223 9.672920 -1.286057 
72755920132389 -1.008464 9.679756 -1.206524 
72755938890514 -1.030700 9.684128 -1.151392 
72755957648639 -1.035387 9.689857 -1.097750 
72755976406712 -1.025184 9.695494 -1.056787 
72755995164837 -1.009140 9.698768 -1.042075 
72756013922962 -0.998791 9.700178 -1.038911 
72756032681035 -0.991815 9.701720 -1.031161 
72756051439160 -0.975928 9.705288 -1.012594 
72756070197285 -0.938480 9.711034 -0.992698 
72756088955358 -0.886497 9.718364 -0.968464 
72756107713483 -0.835000 9.727502 -0.921338 
72756126471608 -0.797560 9.735551 -0.867947 
72756145229681 -0.789378 9.739817 -0.826585 
72756163987806 -0.803928 9.742170 -0.783715 
72756182745931 -0.834812 9.744400 -0.721217 
72756201504004 -0.878653 9.745382 -0.652596 
72756220262129 -0.927539 9.745040 -0.586743 
72756239020201 -0.974206 9.744151 -0.522335 
72756257778326 -1.000776 9.744322 -0.465858 
72756276536451 -0.998951 9.746440 -0.423557 
72756295294524 -0.973668 9.751095 -0.372169 
72756314052649 -0.933311 9.757379 -0.304770 
72756332810774 -0.905477 9.761539 -0.250651 
72756351568847 -0.901632 9.762556 -0.223467 
72756370326972 -0.916299 9.761341 -0.216810 
72756389085045 -0.947861 9.758253 -0.220111 
72756407843170 -0.979253 9.755166 -0.219502 
72756426601243 -0.991378 9.754319 -0.202049 
72756445359316 -0.986109 9.755354 -0.176180 
72756464117493 -0.974889 9.756895 -0.151573 
72756482875566 -0.974868 9.757067 -0.140246 
72756501633691 -0.991188 9.755328 -0.146647 
72756520391764 -1.015350 9.752637 -0.159766 
72756539149889 -1.036534 9.750218 -0.171013 
72756557907962 -1.048836 9.748815 -0.175971 
72756576666087 -1.049405 9.748844 -0.170776 
72756595424160 -1.045079 9.749425 -0.164026 
72756614182285 -1.042777 9.749757 -0.158890 
72756632940410 -1.045725 9.749531 -0.153275 
72756651698483 -1.054857 9.748554 -0.152732 
72756670456608 -1.066932 9.747120 -0.160294 
72756689214681 -1.078514 9.745705 -0.168660 
72756707972806 -1.086139 9.744679 -0.178644 
72756726730879 -1.087134 9.744303 -0.192569 
72756745489004 -1.083147 9.744475 -0.205860 
72756764247076 -1.078660 9.744715 -0.217763 
72756783005201 -1.075798 9.744670 -0.233357 
72756801763274 -1.073688 9.744421 -0.252696 
72756820521347 -1.067587 9.744483 -0.275114 
72756839279472 -1.062851 9.744571 -0.289972 
72756858037597 -1.058766 9.744720 -0.299728 
72756876795670 -1.055013 9.744786 -0.310602 
72756895553795 -1.052244 9.744556 -0.326798 
72756914311868 -1.054532 9.743705 -0.344356 
72756933069993 -1.060379 9.742348 -0.364200 
72756951828066 -1.067294 9.741086 -0.377496 
72756970586139 -1.073684 9.740114 -0.384391 
72756989344264 -1.074412 9.739728 -0.392079 
72757008102337 -1.068400 9.739923 -0.403496 
72757026860462 -1.057445 9.740520 -0.417681 
72757045618535 -1.047869 9.740870 -0.433350 
72757064376660 -1.041266 9.740972 -0.446783 
72757083134733 -1.037332 9.740824 -0.459006 
72757101892858 -1.034879 9.740759 -0.465862 
72757120650931 -1.032070 9.740943 -0.468245 
72757139409004 -1.031952 9.740848 -0.470489 
72757158167129 -1.035217 9.740331 -0.473981 
72757176925201 -1.036269 9.740170 -0.475010 
72757195683326 -1.035762 9.740176 -0.475980 
72757214441399 -1.034679 9.740175 -0.478338 
72757233199524 -1.032397 9.740385 -0.478993 
72757251957597 -1.029658 9.740726 -0.477966 
72757270715670 -1.029777 9.740822 -0.475759 
72757289473795 -1.030882 9.740957 -0.470549 
72757308231868 -1.030554 9.741258 -0.465008 
72757326989993 -1.031062 9.741477 -0.459271 
72757345748066 -1.033711 9.741558 -0.451518 
72757364506139 -1.037558 9.741483 -0.444266 
72757383264264 -1.043649 9.741006 -0.440433 
72757402022337 -1.050156 9.740392 -0.438551 
72757420780462 -1.056022 9.739897 -0.435450 
72757439538535 -1.060983 9.739485 -0.432593 
72757458296608 -1.066069 9.739079 -0.429243 
72757477054733 -1.070532 9.738627 -0.428371 
72757495812806 -1.075130 9.738073 -0.429425 
72757514570879 -1.079959 9.737536 -0.429489 
72757533328951 -1.084892 9.737019 -0.428771 
72757552087076 -1.087407 9.736715 -0.429328 
72757570845149 -1.086472 9.736794 -0.429892 
72757589603274 -1.085474 9.736747 -0.433469 
72757608361347 -1.085120 9.736736 -0.434612 
72757627119420 -1.082989 9.737198 -0.429526 
72757645877545 -1.080790 9.737921 -0.418536 
72757664635618 -1.081480 9.738127 -0.411928 
72757683393691 -1.082048 9.737967 -0.414227 
72757702151816 -1.082539 9.737246 -0.429577 
72757720909889 -1.072729 9.738050 -0.435915 
72757739667962 -1.069525 9.738553 -0.432546 
72757758426087 -1.073423 9.737858 -0.438498 
72757777184160 -1.081423 9.736099 -0.457490 
72757795942233 -1.087667 9.734205 -0.482306 
72757814700254 -1.092687 9.732657 -0.501810 
72757833458431 -1.088978 9.732042 -0.521411 
72757852216504 -1.070553 9.732178 -0.555898 
72757870974576 -1.037907 9.731068 -0.632045 
72757889732701 -0.984894 9.728221 -0.749727 
72757908490774 -0.915189 9.725049 -0.869604 
72757927248847 -0.834355 9.722584 -0.972423 
72757946006920 -0.753710 9.723214 -1.030246 
72757964765045 -0.655944 9.720519 -1.118769 
72757983523066 -0.573899 9.714886 -1.209142 
72758002281191 -0.536292 9.704734 -1.304190 
72758021039264 -0.559217 9.690690 -1.395777 
72758039797389 -0.624927 9.676786 -1.462751 
72758058555462 -0.708077 9.667900 -1.483480 
72758077313483 -0.780868 9.666687 -1.454575 
72758096071608 -0.847560 9.668514 -1.404232 
72758114829733 -0.923779 9.669219 -1.350265 
72758133587806 -1.017761 9.666570 -1.300763 
72758152345879 -1.118134 9.660571 -1.262351 
72758171103951 -1.209293 9.651687 -1.246169 
72758189862076 -1.275401 9.643949 -1.240161 
72758208620149 -1.316628 9.636665 -1.253614 
72758227378222 -1.356761 9.625225 -1.297933 
72758246136295 -1.426915 9.604386 -1.374795 
72758264894368 -1.547973 9.568969 -1.486273 
72758283652493 -1.715682 9.519526 -1.614145 
72758302410566 -1.904077 9.463798 -1.726674 
72758321168639 -2.074247 9.414335 -1.799497 
72758339926712 -2.211363 9.376936 -1.831212 
72758358684785 -2.307176 9.353298 -1.833890 
72758377442858 -2.363511 9.338290 -1.838623 
72758396200983 -2.381780 9.335117 -1.831143 
72758414959056 -2.376280 9.343421 -1.795596 
72758433717129 -2.375656 9.356115 -1.729097 
72758452475201 -2.379258 9.373570 -1.626564 
72758471233274 -2.373429 9.393153 -1.518513 
72758489991399 -2.334743 9.420407 -1.405448 
72758508749472 -2.247525 9.460661 -1.270793 
72758527507545 -2.135792 9.505516 -1.119799 
72758546265618 -2.027739 9.544768 -0.977787 
72758565023691 -1.957154 9.567153 -0.899738 
72758583781764 -1.904435 9.577331 -0.904573 
72758602539837 -1.831879 9.589539 -0.924847 
72758621297910 -1.755410 9.606495 -0.896767 
72758640055983 -1.714291 9.618777 -0.843044 
72758658814108 -1.719200 9.624369 -0.765680 
72758677572181 -1.727768 9.628712 -0.687844 
72758696330254 -1.701830 9.635202 -0.661081 
72758715088326 -1.644532 9.644446 -0.671234 
72758733846399 -1.564942 9.655807 -0.697667 
72758752604472 -1.477753 9.668052 -0.717913 
72758771362545 -1.389793 9.680194 -0.729868 
72758790120670 -1.326291 9.686551 -0.762934 
72758808878743 -1.281580 9.691595 -0.775200 
72758827636816 -1.240783 9.697880 -0.762874 
72758846394889 -1.191473 9.705532 -0.743924 
72758865152962 -1.130874 9.714061 -0.726996 
72758883911035 -1.065294 9.723019 -0.705989 
72758902669108 -1.006067 9.730830 -0.684948 
72758921427181 -0.960127 9.735717 -0.681451 
72758940185254 -0.921755 9.738411 -0.695784 
72758958943326 -0.883959 9.740757 -0.711789 
72758977701399 -0.837908 9.743619 -0.728144 
72758996459524 -0.777764 9.748463 -0.730029 
72759015217597 -0.704505 9.755555 -0.709361 
72759033975670 -0.620606 9.762791 -0.687867 
72759052733743 -0.542470 9.767313 -0.689725 
72759071491764 -0.475793 9.769565 -0.706836 
72759090249889 -0.408260 9.771770 -0.718490 
72759109007962 -0.336096 9.773561 -0.731386 
72759127766035 -0.260250 9.774273 -0.752495 
72759146524108 -0.186906 9.774230 -0.774525 
72759165282181 -0.132241 9.772422 -0.807884 
72759184040254 -0.106879 9.766860 -0.876026 
72759202798326 -0.109741 9.757316 -0.976283 
72759221556399 -0.104952 9.749660 -1.050475 
72759240314472 -0.059121 9.746218 -1.085421 
72759259072545 0.030514 9.742575 -1.118790 
72759277830618 0.133858 9.737895 -1.151456 
72759296588691 0.218932 9.729616 -1.207071 
72759315346764 0.258835 9.716793 -1.298966 
72759334104837 0.251485 9.698483 -1.430583 
72759352862910 0.227389 9.674543 -1.588046 
72759371620983 0.209998 9.651079 -1.727121 
72759390379056 0.183446 9.630583 -1.840821 
72759409137129 0.138608 9.612421 -1.937148 
72759427895201 0.073118 9.593880 -2.030397 
72759446653274 -0.012352 9.573110 -2.127396 
72759465411347 -0.109784 9.552543 -2.215232 
72759484169420 -0.210645 9.533444 -2.288987 
72759502927493 -0.314746 9.518655 -2.338065 
72759521685566 -0.447152 9.506342 -2.366411 
72759540443639 -0.609351 9.486798 -2.408267 
72759559201712 -0.755619 9.473133 -2.420575 
72759577959785 -0.847130 9.484283 -2.345448 
72759596717858 -0.867337 9.525766 -2.162847 
72759615475931 -0.851052 9.581414 -1.908560 
72759634234004 -0.849031 9.630065 -1.646627 
72759652992076 -0.858193 9.669094 -1.393738 
72759671750149 -0.857988 9.703476 -1.129954 
72759690508222 -0.856767 9.733143 -0.838010 
72759709266295 -0.878109 9.751074 -0.562036 
72759728024368 -0.933237 9.753847 -0.402390 
72759746782441 -0.975117 9.749850 -0.399928 
72759765540462 -0.984242 9.747638 -0.430388 
72759784298535 -0.971175 9.749079 -0.427397 
72759803056608 -0.965434 9.751284 -0.388332 
72759821814681 -0.972570 9.753145 -0.317235 
72759840572754 -0.968623 9.756100 -0.225112 
72759859330826 -0.946956 9.759707 -0.147503 
72759878088899 -0.920036 9.762786 -0.109168 
72759896846972 -0.893222 9.765348 -0.102537 
72759915605045 -0.867920 9.767615 -0.103838 
72759934363118 -0.843663 9.769736 -0.104268 
72759953121191 -0.825393 9.771239 -0.109589 
72759971879264 -0.817232 9.771823 -0.118278 
72759990637337 -0.816131 9.771820 -0.125832 
72760009395358 -0.815307 9.771769 -0.134955 
72760028153431 -0.810990 9.772020 -0.142494 
72760046911504 -0.798931 9.773135 -0.133960 
72760065669629 -0.780016 9.774922 -0.113401 
72760084427701 -0.761691 9.776581 -0.093118 
72760103185722 -0.748356 9.777736 -0.078967 
72760121943795 -0.739209 9.778506 -0.069044 
72760140701868 -0.736180 9.778812 -0.056948 
72760159459941 -0.738556 9.778736 -0.035343 
72760178218014 -0.742150 9.778522 -0.009748 
72760196976087 -0.741973 9.778527 0.016547 
72760215734160 -0.740079 9.778551 0.051084 
72760234492233 -0.743841 9.777973 0.091189 
72760253250306 -0.759114 9.776353 0.130615 
72760272008326 -0.780655 9.774116 0.166225 
72760290766399 -0.797765 9.772141 0.198046 
72760309524472 -0.808391 9.770471 0.234089 
72760328282545 -0.814405 9.768840 0.277323 
72760347040618 -0.817363 9.767172 0.323514 
72760365798691 -0.822072 9.765101 0.370657 
72760384556712 -0.833754 9.762532 0.410136 
72760403314785 -0.852062 9.759796 0.436771 
72760422072858 -0.870968 9.757447 0.451688 
72760440830931 -0.883643 9.755596 0.466808 
72760459589004 -0.889689 9.753863 0.490911 
72760478347024 -0.897308 9.751399 0.524832 
72760497105097 -0.910466 9.748287 0.558856 
72760515863170 -0.930787 9.744801 0.585561 
72760534621243 -0.954582 9.741395 0.603639 
72760553379316 -0.971374 9.738375 0.625202 
72760572137337 -0.981444 9.735472 0.654043 
72760590895410 -0.989203 9.732618 0.684109 
72760609653483 -0.999354 9.729403 0.714420 
72760628411556 -1.014550 9.726755 0.728904 
72760647169576 -1.028986 9.725495 0.725470 
72760665927649 -1.037367 9.725508 0.713278 
72760684685722 -1.037934 9.726020 0.705420 
72760703443795 -1.037613 9.725739 0.709760 
72760722201868 -1.040690 9.724211 0.725998 
72760740959941 -1.049748 9.722253 0.739081 
72760759717910 -1.065774 9.719915 0.746835 
72760778475983 -1.089929 9.717074 0.748931 
72760797234108 -1.114955 9.714433 0.746355 
72760815992181 -1.131414 9.713144 0.738323 
72760834750201 -1.139387 9.713236 0.724737 
72760853508274 -1.138666 9.714236 0.712350 
72760872266347 -1.136506 9.714780 0.708375 
72760891024420 -1.139419 9.714349 0.709619 
72760909782441 -1.149169 9.713365 0.707361 
72760928540514 -1.161577 9.712557 0.698113 
72760947298587 -1.169494 9.712513 0.685391 
72760966056608 -1.171093 9.712939 0.676573 
72760984814681 -1.169076 9.713096 0.677812 
72761003572754 -1.166384 9.712898 0.685229 
72761022330774 -1.163243 9.712691 0.693447 
72761041088847 -1.158699 9.713083 0.695570 
72761059846920 -1.157665 9.713417 0.692628 
72761078604941 -1.159690 9.713669 0.685664 
72761097363014 -1.159630 9.713831 0.683475 
72761116121087 -1.156352 9.714069 0.685636 
72761134879160 -1.152495 9.714033 0.692604 
72761153637181 -1.153126 9.713275 0.702127 
72761172395254 -1.157500 9.711812 0.715050 
72761191153326 -1.162646 9.710175 0.728806 
72761209911347 -1.169538 9.708696 0.737409 
72761228669420 -1.178427 9.707318 0.741395 
72761247427493 -1.187456 9.706247 0.741026 
72761266185462 -1.194112 9.705479 0.740382 
72761284943587 -1.196066 9.705114 0.742009 
72761303701660 -1.193047 9.704958 0.748879 
72761322459681 -1.190362 9.704534 0.758586 
72761341217754 -1.190738 9.703830 0.766946 
72761359976219 -1.195302 9.702894 0.771673 
72761378734240 -1.202249 9.701972 0.772482 
72761397492261 -1.210119 9.701121 0.770878 
72761416250386 -1.214155 9.700510 0.772226 
72761435008355 -1.215416 9.699924 0.777574 
72761453766480 -1.217953 9.699297 0.781416 
72761472524553 -1.222966 9.698625 0.781935 
72761491282574 -1.229000 9.697906 0.781393 
72761510040647 -1.233783 9.697526 0.778565 
72761528798719 -1.237698 9.697070 0.778030 
72761547556740 -1.238864 9.696725 0.780465 
72761566314813 -1.238039 9.696403 0.785766 
72761585072834 -1.238605 9.696139 0.788116 
72761603830907 -1.246574 9.695436 0.784206 
72761622588980 -1.258486 9.694484 0.776915 
72761641347001 -1.267690 9.693652 0.772309 
72761660105074 -1.271987 9.692955 0.773990 
72761678863094 -1.273023 9.692557 0.777263 
72761697621167 -1.273972 9.692181 0.780388 
72761716379240 -1.277710 9.691997 0.776552 
72761735137261 -1.281356 9.692015 0.770298 
72761753895334 -1.280285 9.692572 0.765052 
72761772653355 -1.275668 9.693276 0.763842 
72761791411428 -1.270429 9.694064 0.762581 
72761810169501 -1.265407 9.695051 0.758360 
72761828927522 -1.273349 9.695536 0.738615 
72761847685594 -1.296875 9.694800 0.706653 
72761866443615 -1.326894 9.694295 0.656048 
72761885201688 -1.351338 9.695720 0.580775 
72761903959761 -1.346432 9.701369 0.490860 
72761922717782 -1.349115 9.705814 0.383996 
72761941475855 -1.365891 9.707652 0.257332 
72761960233876 -1.386958 9.707063 0.140280 
72761978991949 -1.395296 9.706637 0.068709 
72761997749969 -1.386923 9.707754 0.079635 
72762016508042 -1.361823 9.710412 0.154041 
72762035266063 -1.334822 9.712321 0.243825 
72762054024136 -1.321378 9.712942 0.288301 
72762072782209 -1.327214 9.712320 0.282353 
72762091540230 -1.333924 9.711663 0.273189 
72762110298303 -1.324133 9.712510 0.290176 
72762129056324 -1.287275 9.716295 0.326972 
72762147814032 -1.231351 9.722242 0.363558 
72762166572417 -1.183563 9.727315 0.385898 
72762185330438 -1.172750 9.728209 0.396224 
72762204088511 -1.214595 9.723693 0.380712 
72762222846532 -1.294613 9.715854 0.310766 
72762241604605 -1.360055 9.708699 0.248604 
72762260362626 -1.340260 9.710868 0.270440 
72762279120699 -1.236630 9.722419 0.340140 
72762297878719 -1.100336 9.734925 0.436905 
72762316636792 -0.979190 9.741706 0.557436 
72762335394813 -0.885559 9.744694 0.653550 
72762354152886 -0.820233 9.743281 0.752382 
72762372910907 -0.789320 9.735358 0.877596 
72762391668980 -0.797257 9.723872 0.990502 
72762410427001 -0.815893 9.711311 1.093220 
72762429185074 -0.826931 9.695263 1.220018 
72762447943094 -0.849067 9.675231 1.356240 
72762466701167 -0.888644 9.649981 1.502845 
72762485459188 -0.942533 9.615247 1.681978 
72762504217261 -0.995249 9.571898 1.886429 
72762522975282 -1.018154 9.529962 2.076917 
72762541733355 -1.044196 9.503908 2.180778 
72762560491376 -1.108810 9.498275 2.173408 
72762579249449 -1.170461 9.503315 2.118351 
72762598007469 -1.209042 9.505004 2.088899 
72762616765542 -1.241085 9.502665 2.080731 
72762635523563 -1.283021 9.505261 2.043095 
72762654281584 -1.319633 9.520744 1.945350 
72762673039657 -1.316093 9.553637 1.779415 
72762691797678 -1.236408 9.601129 1.568444 
72762710555751 -1.075115 9.654359 1.344571 
72762729313772 -0.875572 9.711065 1.048316 
72762748071844 -0.687475 9.763961 0.602349 
72762766829865 -0.556583 9.790602 0.068625 
72762785587938 -0.435444 9.786994 -0.442204 
72762804345959 -0.299286 9.762651 -0.878325 
72762823103980 -0.222266 9.717823 -1.298030 
72762841862053 -0.179649 9.651893 -1.726002 
72762860620074 -0.104837 9.567760 -2.148802 
72762879378147 0.005471 9.471420 -2.542155 
72762898136167 0.108807 9.368479 -2.896576 
72762916894240 0.120007 9.273722 -3.186546 
72762935652261 0.189313 9.178866 -3.447167 
72762954410282 0.326085 9.083921 -3.680548 
72762973168355 0.394189 8.985365 -3.908735 
72762991926376 0.390697 8.866929 -4.170767 
72763010684449 0.299232 8.732157 -4.453123 
72763029442469 0.125036 8.608105 -4.696304 
72763048200542 -0.121305 8.517008 -4.859656 
72763066958563 -0.357570 8.481267 -4.910259 
72763085716584 -0.518620 8.513065 -4.840366 
72763104474657 -0.601859 8.586372 -4.699187 
72763123232678 -0.614407 8.665796 -4.549380 
72763141990699 -0.571793 8.725815 -4.438874 
72763160748772 -0.528846 8.756565 -4.383298 
72763179506792 -0.550796 8.772244 -4.349108 
72763198264865 -0.646999 8.765049 -4.350368 
72763217022886 -0.727068 8.725162 -4.417389 
72763235780907 -0.736879 8.663980 -4.534628 
72763254538980 -0.675848 8.607619 -4.650002 
72763273297001 -0.677674 8.508398 -4.828903 
72763292055074 -0.646040 8.418163 -4.988743 
72763310813094 -0.633826 8.439542 -4.954066 
72763329571115 -0.585967 8.534358 -4.794973 
72763348329188 -0.552158 8.612913 -4.656526 
72763367087209 -0.386678 8.837855 -4.232394 
72763385845230 -0.314046 9.129096 -3.568104 
72763404603303 -0.490549 9.349317 -2.918908 
72763423361324 -0.833664 9.451460 -2.478971 
72763442119344 -1.084186 9.500828 -2.174676 
72763460877417 -1.113483 9.584826 -1.749759 
72763479635438 -1.078020 9.659901 -1.301759 
72763498393459 -1.046507 9.709455 -0.895370 
72763517151532 -0.979185 9.745098 -0.494607 
72763535909553 -0.901714 9.764757 -0.082594 
72763554667574 -0.826574 9.767067 0.302598 
72763573425647 -0.771033 9.756753 0.617787 
72763592183667 -0.766633 9.738627 0.861276 
72763610941688 -0.837757 9.708762 1.099318 
72763629699761 -1.013305 9.666937 1.301513 
72763648457782 -1.225292 9.615789 1.485135 
72763667215803 -1.419866 9.548820 1.724643 
72763685973876 -1.580462 9.465501 2.019112 
72763704731897 -1.686871 9.387048 2.282145 
72763723489917 -1.792013 9.341705 2.385714 
72763742247938 -1.900451 9.319378 2.389118 
72763761006011 -1.970154 9.313559 2.355101 
72763779764032 -2.001814 9.318994 2.306402 
72763798522053 -1.971869 9.351149 2.199576 
72763817280126 -1.831924 9.434783 1.949186 
72763836038147 -1.567194 9.541571 1.634848 
72763854796167 -1.261436 9.646333 1.235892 
72763873554240 -0.970968 9.729886 0.746282 
72763892312261 -0.752835 9.773501 0.286879 
72763911070282 -0.652594 9.782941 -0.196385 
72763929828303 -0.620044 9.757885 -0.754721 
72763948586376 -0.535298 9.707321 -1.285208 
72763967344397 -0.401194 9.640203 -1.753824 
72763986102417 -0.277417 9.555600 -2.187224 
72764004860438 -0.191638 9.453759 -2.600017 
72764023618511 -0.149625 9.334437 -3.002709 
72764042376532 -0.142941 9.199227 -3.394727 
72764061134553 -0.053875 9.064279 -3.742506 
72764079892574 0.080443 8.932112 -4.047381 
72764098650647 0.129467 8.783834 -4.358657 
72764117408667 0.046911 8.617007 -4.681387 
72764136166688 -0.152744 8.479272 -4.924328 
72764154924761 -0.456119 8.407841 -5.026982 
72764173682782 -0.781301 8.412172 -4.979490 
72764192440803 -1.061925 8.476622 -4.815557 
72764211198824 -1.224519 8.542603 -4.657775 
72764229956897 -1.264487 8.481894 -4.756988 
72764248714917 -1.316579 8.456200 -4.788496 
72764267472938 -1.410163 8.441778 -4.787297 
72764286230959 -1.473493 8.409709 -4.824522 
72764304988980 -1.436132 8.315616 -4.995844 
72764323747053 -1.364364 8.097442 -5.361001 
72764342505074 -1.424734 7.903996 -5.627377 
72764361263094 -1.282670 7.919991 -5.639049 
72764380021167 -1.092841 8.027383 -5.526048 
72764398779188 -0.965541 8.116035 -5.419234 
72764417537209 -0.804578 8.345762 -5.086383 
72764436295230 -0.629963 8.636777 -4.602132 
72764455053251 -0.545955 8.951411 -3.967942 
72764473811324 -0.738516 9.223231 -3.249150 
72764492569344 -1.011295 9.355433 -2.761075 
72764511327365 -1.098576 9.464637 -2.320381 
72764530085386 -1.024499 9.586080 -1.796626 
72764548843407 -0.987311 9.674626 -1.263807 
72764567601480 -0.976012 9.727124 -0.775136 
72764586359501 -0.964536 9.753863 -0.319712 
72764605117522 -0.956344 9.759586 0.079221 
72764623875490 -0.947246 9.752092 0.412076 
72764642633563 -0.999392 9.724010 0.784361 
72764661391584 -1.199296 9.671754 1.090519 
72764680149657 -1.456655 9.613936 1.273095 
72764698907678 -1.700811 9.546279 1.464981 
72764717665699 -1.889025 9.479216 1.657240 
72764736423719 -2.014327 9.414418 1.865903 
72764755181740 -2.048071 9.366633 2.059603 
72764773939761 -2.037047 9.352929 2.131557 
72764792697834 -2.068048 9.355481 2.090106 
72764811455855 -2.090857 9.368504 2.007448 
72764830213876 -2.019446 9.418232 1.840963 
72764848971897 -1.796373 9.513916 1.558471 
72764867729917 -1.467210 9.627925 1.149237 
72764886487938 -1.121267 9.720231 0.655946 
72764905245959 -0.795329 9.772947 0.165397 
72764924004032 -0.594206 9.784615 -0.280396 
72764942762053 -0.503692 9.764912 -0.750457 
72764961520074 -0.398434 9.712037 -1.299220 
72764980278094 -0.256894 9.628873 -1.840982 
72764999036063 -0.102661 9.527031 -2.322828 
72765017794136 0.049349 9.405153 -2.776878 
72765036552157 0.177740 9.267753 -3.201177 
72765055310126 0.224027 9.120382 -3.597057 
72765074068251 0.241369 8.970801 -3.954347 
72765092826272 0.300016 8.815418 -4.285882 
72765111584292 0.356516 8.662928 -4.582246 
72765130342313 0.329353 8.519727 -4.845221 
72765149100334 0.206716 8.384561 -5.082006 
72765167858355 -0.030241 8.278722 -5.256638 
72765186616376 -0.325956 8.241249 -5.305275 
72765205374397 -0.609335 8.285386 -5.210709 
72765224132417 -0.839191 8.404010 -4.983851 
72765242890490 -0.961158 8.566355 -4.675910 
72765261648511 -0.962318 8.642179 -4.533988 
72765280406532 -0.984304 8.651828 -4.510810 
72765299164553 -0.982862 8.633401 -4.546290 
72765317922574 -0.995397 8.596418 -4.613150 
72765336680594 -0.977009 8.545293 -4.711032 
72765355438615 -0.932052 8.463724 -4.864878 
72765374196636 -0.875761 8.370833 -5.033147 
72765392954657 -0.799831 8.311875 -5.142313 
72765411712730 -0.627163 8.397789 -5.025355 
72765430470751 -0.503735 8.455655 -4.941512 
72765449228772 -0.523142 8.455856 -4.939150 
72765467986792 -0.436249 8.578327 -4.732058 
72765486744813 -0.346890 8.844321 -4.222322 
72765505502834 -0.338186 9.131730 -3.559145 
72765524260855 -0.504593 9.378617 -2.820871 
72765543018876 -0.794115 9.510781 -2.254955 
72765561776897 -0.911688 9.608321 -1.737634 
72765580534917 -0.777745 9.702697 -1.192970 
72765599292938 -0.675605 9.755773 -0.734050 
72765618050959 -0.632277 9.780443 -0.336966 
72765636808980 -0.586725 9.788870 0.064587 
72765655567001 -0.555912 9.781616 0.425828 
72765674325022 -0.565440 9.768183 0.658234 
72765693083094 -0.626649 9.748662 0.860980 
72765711841115 -0.764317 9.710193 1.139466 
72765730599136 -0.989802 9.654601 1.406898 
72765749357157 -1.220627 9.596780 1.606946 
72765768115178 -1.412236 9.528087 1.841609 
72765786873199 -1.556452 9.447425 2.119908 
72765805631219 -1.674253 9.376647 2.333616 
72765824389240 -1.747892 9.330934 2.459458 
72765843147261 -1.808589 9.311161 2.490317 
72765861905230 -1.873679 9.310414 2.444565 
72765880663303 -1.872320 9.331276 2.364761 
72765899421324 -1.748057 9.397906 2.189530 
72765918179344 -1.493473 9.496954 1.935924 
72765936937365 -1.168092 9.605588 1.593311 
72765955695334 -0.842924 9.704802 1.129909 
72765974453407 -0.569010 9.770008 0.627328 
72765993211428 -0.444714 9.795109 0.168716 
72766011969449 -0.381363 9.794678 -0.298733 
72766030727469 -0.256699 9.770382 -0.802573 
72766049485490 -0.083393 9.719909 -1.298779 
72766068243511 0.071652 9.644212 -1.776073 
72766087001532 0.187353 9.550201 -2.220118 
72766105759553 0.234637 9.447547 -2.619004 
72766124517574 0.219077 9.346318 -2.961205 
72766143275594 0.381843 9.234202 -3.279343 
72766162033615 0.602404 9.109151 -3.582021 
72766180791636 0.691691 8.961660 -3.921811 
72766199549657 0.603298 8.781349 -4.323693 
72766218307678 0.378383 8.626757 -4.648256 
72766237065699 0.036036 8.527949 -4.841816 
72766255823719 -0.346378 8.504487 -4.870739 
72766274581740 -0.705340 8.563316 -4.726787 
72766293339761 -0.973263 8.684556 -4.449903 
72766312097782 -1.089486 8.736425 -4.319524 
72766330855803 -1.119348 8.715098 -4.354827 
72766349613824 -1.102206 8.688844 -4.411295 
72766368371844 -1.124607 8.639676 -4.501293 
72766387129865 -1.105304 8.577820 -4.622736 
72766405887886 -1.033688 8.472674 -4.828629 
72766424645907 -0.931247 8.349007 -5.059372 
72766443403928 -0.868887 8.305564 -5.141306 
72766462161949 -0.700064 8.378921 -5.047177 
72766480919969 -0.657187 8.432456 -4.963081 
72766499677990 -0.683102 8.500328 -4.842332 
72766518436011 -0.645099 8.666176 -4.544407 
72766537194032 -0.596758 8.892026 -4.092204 
72766555952053 -0.613491 9.130535 -3.525241 
72766574710074 -0.798623 9.335327 -2.895557 
72766593468094 -1.031716 9.450005 -2.409015 
72766612226063 -1.089188 9.568843 -1.849677 
72766630984084 -0.879506 9.685590 -1.259450 
72766649742105 -0.751376 9.747180 -0.773497 
72766668500126 -0.747813 9.770605 -0.382651 
72766687258147 -0.763840 9.776816 -0.028401 
72766706016167 -0.799962 9.770286 0.268255 
72766724774188 -0.834886 9.758545 0.494111 
72766743532209 -0.884060 9.733088 0.809829 
72766762290230 -1.077319 9.671968 1.209473 
72766781048251 -1.293085 9.613894 1.439222 
72766799806272 -1.456706 9.558117 1.640364 
72766818564292 -1.587434 9.498281 1.852864 
72766837322313 -1.704673 9.451320 1.984197 
72766856080282 -1.743964 9.424718 2.074527 
72766874838303 -1.765415 9.418783 2.083318 
72766893596324 -1.808277 9.429371 1.996866 
72766912354344 -1.806316 9.447103 1.913080 
72766931112365 -1.728621 9.494875 1.740581 
72766949870386 -1.550719 9.579226 1.415652 
72766968628407 -1.278194 9.673787 0.976963 
72766987386428 -0.983859 9.743676 0.513001 
72767006144449 -0.672036 9.783442 0.054731 
72767024902469 -0.406337 9.790700 -0.384030 
72767043660490 -0.228588 9.772335 -0.787142 
72767062418459 -0.094257 9.734258 -1.185636 
72767081176480 0.046934 9.668310 -1.640721 
72767099934553 0.179215 9.572378 -2.123168 
72767118692574 0.307304 9.461610 -2.560059 
72767137450594 0.312337 9.335951 -2.985438 
72767156208615 0.217119 9.190043 -3.415602 
72767174966584 0.246332 9.022330 -3.835005 
72767193724605 0.323756 8.875890 -4.157419 
72767212482626 0.344335 8.742531 -4.429442 
72767231240647 0.299781 8.606304 -4.691701 
72767249998667 0.141170 8.484842 -4.915071 
72767268756636 -0.130709 8.402877 -5.054203 
72767287514709 -0.432043 8.386872 -5.064002 
72767306272678 -0.699218 8.449018 -4.929057 
72767325030699 -0.894757 8.582972 -4.658585 
72767343788719 -0.979188 8.758061 -4.302084 
72767362546740 -0.946035 8.851646 -4.113850 
72767381304709 -0.963854 8.838085 -4.138795 
72767400062782 -0.966245 8.790165 -4.239078 
72767418820803 -0.954693 8.741373 -4.341354 
72767437578772 -0.880335 8.689157 -4.460260 
72767456336792 -0.771560 8.575707 -4.693861 
72767475094813 -0.702704 8.525894 -4.794342 
72767493852834 -0.759699 8.568303 -4.709291 
72767512610855 -0.639622 8.623150 -4.626289 
72767531368876 -0.545699 8.714793 -4.463740 
72767550126897 -0.568967 8.794752 -4.301046 
72767568884917 -0.513138 8.925115 -4.031054 
72767587642886 -0.482389 9.106543 -3.606740 
72767606400907 -0.554627 9.301349 -3.057399 
72767625158928 -0.765012 9.460052 -2.468316 
72767643916949 -0.996399 9.534332 -2.067389 
72767662688251 -1.181198 9.595057 -1.646222 
72767681432990 -1.207408 9.674447 -1.057182 
72767700190959 -1.143776 9.720836 -0.606248 
72767718948980 -1.096317 9.740684 -0.295865 
72767737707001 -1.033359 9.752039 -0.016956 
72767756465022 -0.983602 9.754849 0.214096 
72767775223042 -0.976675 9.749671 0.400537 
72767793981063 -1.007861 9.735468 0.612577 
72767812739032 -1.098934 9.708911 0.836534 
72767831497053 -1.272156 9.667145 1.048007 
72767850255074 -1.488723 9.613445 1.239264 
72767869013094 -1.684618 9.547660 1.474663 
72767887771115 -1.828427 9.470774 1.769662 
72767906529084 -1.876055 9.411036 2.020691 
72767925287105 -1.872970 9.388664 2.124936 
72767944045126 -1.866708 9.398355 2.087274 
72767962803147 -1.873491 9.419150 1.984949 
72767981561167 -1.847914 9.450773 1.854317 
72768000319136 -1.702712 9.515858 1.649122 
72768019077157 -1.406389 9.610945 1.349885 
72768037835178 -1.077914 9.703465 0.922642 
72768056593199 -0.829504 9.764427 0.371837 
72768075351219 -0.680734 9.781578 -0.166508 
72768094109240 -0.622684 9.767439 -0.616266 
72768112867157 -0.570020 9.729424 -1.088007 
72768131625230 -0.499360 9.664681 -1.585859 
72768150383251 -0.436612 9.570851 -2.092504 
72768169141272 -0.377699 9.452770 -2.583186 
72768187899292 -0.334673 9.316427 -3.043445 
72768206657261 -0.346673 9.185769 -3.416406 
72768225415282 -0.288252 9.068395 -3.721762 
72768244173251 -0.176405 8.948731 -4.007426 
72768262931219 -0.111595 8.841773 -4.240400 
72768281689292 -0.130448 8.721780 -4.481509 
72768300447261 -0.307896 8.554489 -4.785008 
72768319205282 -0.559122 8.447113 -4.950155 
72768337963303 -0.823892 8.444459 -4.917591 
72768356721324 -1.017198 8.556619 -4.681877 
72768375479240 -1.107640 8.748395 -4.290583 
72768394237313 -1.102109 8.935740 -3.886937 
72768412995334 -1.003775 9.008049 -3.744047 
72768431753355 -0.891006 8.996555 -3.799799 
72768450511324 -0.833719 8.942321 -3.938296 
72768469269344 -0.769758 8.884630 -4.079363 
72768488027365 -0.672251 8.786503 -4.303003 
72768506785386 -0.519500 8.699930 -4.495745 
72768525543407 -0.515236 8.704020 -4.488315 
72768544301428 -0.447650 8.779983 -4.345331 
72768563059449 -0.358905 8.855471 -4.197884 
72768581817417 -0.351714 8.911367 -4.078507 
72768600575438 -0.321981 9.032443 -3.805484 
72768619333459 -0.329332 9.216027 -3.335683 
72768638091480 -0.432260 9.397080 -2.770997 
72768656849449 -0.586505 9.509631 -2.322351 
72768675607469 -0.768904 9.567466 -2.010664 
72768694365490 -0.933535 9.648944 -1.482158 
72768713123511 -0.894001 9.725892 -0.882140 
72768731881480 -0.854110 9.757033 -0.491096 
72768750639501 -0.827461 9.769618 -0.200658 
72768769397522 -0.801651 9.773476 0.083060 
72768788155490 -0.795863 9.769579 0.303845 
72768806913511 -0.796910 9.762601 0.476380 
72768825671532 -0.854947 9.743078 0.715452 
72768844429553 -0.995161 9.705024 0.996271 
72768863187522 -1.162445 9.658490 1.238016 
72768881945542 -1.316549 9.604297 1.481408 
72768900703563 -1.447710 9.546929 1.711921 
72768919461584 -1.537349 9.506727 1.851779 
72768938219553 -1.542929 9.493160 1.915633 
72768956977574 -1.505702 9.506856 1.876946 
72768975735594 -1.493439 9.531418 1.758435 
72768994493563 -1.457386 9.568639 1.577202 
72769013251584 -1.330747 9.627429 1.308474 
72769032009605 -1.066691 9.701027 0.960542 
72769050767574 -0.761602 9.760535 0.567716 
72769069525594 -0.468180 9.794352 0.147955 
72769088283615 -0.246827 9.799450 -0.283283 
72769107041636 -0.123499 9.782345 -0.678874 
72769125799605 -0.016817 9.745831 -1.090356 
72769144557626 0.128140 9.687672 -1.517561 
72769163315647 0.305193 9.612967 -1.915226 
72769182073615 0.451144 9.522943 -2.297920 
72769200831636 0.443244 9.412380 -2.716802 
72769219589657 0.348680 9.297139 -3.100326 
72769238347678 0.419306 9.173977 -3.439870 
72769257105647 0.532507 9.063819 -3.705942 
72769275863667 0.546667 8.961097 -3.945920 
72769294621688 0.489678 8.840243 -4.216717 
72769313379657 0.371339 8.726261 -4.459244 
72769332137678 0.160847 8.644940 -4.627044 
72769350895699 -0.078367 8.611136 -4.691757 
72769369653667 -0.317542 8.636729 -4.634272 
72769388411688 -0.519186 8.740412 -4.416565 
72769407169657 -0.658083 8.878500 -4.112123 
72769425927730 -0.744960 8.989878 -3.846757 
72769444685699 -0.816652 8.992609 -3.825762 
72769463443719 -0.834697 8.913098 -4.003791 
72769482201740 -0.815467 8.831135 -4.185268 
72769500959709 -0.754611 8.752233 -4.358828 
72769519717678 -0.649263 8.664227 -4.547529 
72769538475751 -0.517437 8.540899 -4.791211 
72769557233719 -0.510108 8.463574 -4.927279 
72769575991636 -0.588341 8.422857 -4.987957 
72769594749761 -0.625451 8.416857 -4.993567 
72769613507678 -0.654386 8.397706 -5.022022 
72769632265751 -0.517953 8.478517 -4.900700 
72769651023772 -0.370136 8.668664 -4.570301 
72769669781740 -0.283232 8.870986 -4.170823 
72769688539761 -0.218586 9.059268 -3.748635 
72769707297730 -0.168969 9.202897 -3.383567 
72769726055751 -0.135727 9.339469 -2.987688 
72769744813772 -0.096568 9.460952 -2.579042 
72769763571792 -0.070783 9.548886 -2.232520 
72769782329761 -0.088271 9.617566 -1.914425 
72769801087782 -0.173361 9.669144 -1.627262 
72769819845751 -0.327941 9.702398 -1.387921 
72769838603772 -0.485643 9.724246 -1.172000 
72769857361792 -0.574854 9.744515 -0.940404 
72769876119709 -0.611089 9.765987 -0.649957 
72769894877782 -0.646855 9.781262 -0.280849 
72769913635803 -0.697822 9.781500 0.075410 
72769932393772 -0.767606 9.770772 0.336409 
72769951151792 -0.850704 9.756355 0.510118 
72769969909813 -0.941010 9.739355 0.655632 
72769988667782 -1.030461 9.724468 0.737064 
72770007425803 -1.114723 9.719036 0.684184 
72770026183772 -1.163558 9.708521 0.749102 
72770044941792 -1.183648 9.692822 0.904744 
72770063699813 -1.196510 9.685132 0.967964 
72770082457782 -1.200281 9.684849 0.966126 
72770101215803 -1.159456 9.682920 1.033018 
72770119973824 -1.062973 9.682337 1.137032 
72770138731792 -0.987019 9.690477 1.136142 
72770157489813 -0.955946 9.708544 1.000364 
72770176247782 -0.963153 9.725995 0.804817 
72770195005803 -0.947221 9.742696 0.594175 
72770213763824 -0.843471 9.763775 0.357290 
72770232521792 -0.665320 9.783731 0.079638 
72770251279813 -0.462486 9.792904 -0.235647 
72770270037834 -0.275928 9.785975 -0.573547 
72770288795803 -0.149598 9.761467 -0.928308 
72770307553563 -0.053477 9.725898 -1.254765 
72770326311792 0.035619 9.679884 -1.571293 
72770345069761 0.142928 9.620549 -1.896047 
72770363827782 0.302092 9.550361 -2.206747 
72770382585803 0.498667 9.475267 -2.478112 
72770401343824 0.651847 9.387195 -2.761535 
72770420101792 0.699450 9.290757 -3.059898 
72770438859813 0.674047 9.192518 -3.348679 
72770457617782 0.636395 9.094320 -3.613685 
72770476375803 0.584597 8.997226 -3.857276 
72770495133824 0.517280 8.909794 -4.064280 
72770513891792 0.415190 8.836379 -4.232779 
72770532649813 0.285994 8.778613 -4.361714 
72770551407782 0.121896 8.750601 -4.425214 
72770570165803 -0.119078 8.778622 -4.369440 
72770588923824 -0.404807 8.868203 -4.166713 
72770607681792 -0.692980 8.991922 -3.851685 
72770626439813 -0.926980 9.109568 -3.510965 
72770645197782 -1.068490 9.194704 -3.238228 
72770663955803 -1.125506 9.266021 -3.007404 
72770682713772 -1.138453 9.306545 -2.874463 
72770701471792 -1.179510 9.306581 -2.857740 
72770720229813 -1.237902 9.303807 -2.842032 
72770738987782 -1.292341 9.328579 -2.734565 
72770757745803 -1.354482 9.385724 -2.498787 
72770776503772 -1.433229 9.444517 -2.217507 
72770795261792 -1.507910 9.491199 -1.952878 
72770814019761 -1.529706 9.523034 -1.772626 
72770832777782 -1.466884 9.545994 -1.700776 
72770851535803 -1.363818 9.578667 -1.599853 
72770870293772 -1.263852 9.610485 -1.487159 
72770889051792 -1.174809 9.630709 -1.428167 
72770907809761 -1.107093 9.651998 -1.335541 
72770926567782 -1.027460 9.686194 -1.136814 
72770945325751 -0.913669 9.726698 -0.852611 
72770964083772 -0.796857 9.758471 -0.554679 
72770982841792 -0.691363 9.777851 -0.293316 
72771001599761 -0.587116 9.788786 -0.073213 
72771020418303 -0.475600 9.794214 0.132476 
72771039115751 -0.399212 9.793363 0.317894 
72771057873772 -0.358352 9.788937 0.467634 
72771076631740 -0.302947 9.784421 0.586289 
72771095389761 -0.216436 9.780349 0.684336 
72771114147730 -0.136615 9.772692 0.803873 
72771132905751 -0.060192 9.762215 0.930552 
72771151663719 0.049647 9.752085 1.031883 
72771170421740 0.199167 9.741539 1.110474 
72771189179657 0.351139 9.725575 1.208409 
72771207937730 0.508822 9.703274 1.325888 
72771226695699 0.702351 9.690253 1.332708 
72771245453719 0.933346 9.658125 1.421226 
72771264211740 1.226507 9.596875 1.601889 
72771282969709 1.574234 9.520983 1.744441 
72771301727730 1.846334 9.450057 1.859533 
72771320485699 1.931649 9.407756 1.983245 
72771339243719 1.871842 9.383903 2.146853 
72771358001688 1.744967 9.348015 2.395849 
72771376759709 1.592369 9.290354 2.706301 
72771395517678 1.480287 9.219477 2.996727 
72771414275699 1.328746 9.114861 3.365134 
72771433033615 1.086920 8.977710 3.793381 
72771451791688 0.818397 8.821017 4.205979 
72771470549657 0.688792 8.675411 4.520308 
72771489307678 0.649288 8.550420 4.758061 
72771508065647 0.570482 8.414215 5.004591 
72771526823667 0.385910 8.247535 5.291467 
72771545581636 0.164473 8.028070 5.629691 
72771564339657 0.049327 7.693584 6.080849 
72771583097626 0.031864 7.314392 6.532155 
72771601855647 -0.123376 6.902593 6.964866 
72771620613615 -0.195508 6.475540 7.362033 
72771639371636 -0.110725 6.048571 7.718349 
72771658129605 -0.058546 5.631253 8.028446 
72771676887626 -0.012899 5.230962 8.295013 
72771695645594 -0.136093 4.847807 8.523535 
72771714403563 -0.509732 4.509951 8.693152 
72771733161532 -0.604912 4.248829 8.817706 
72771751919605 -0.558079 4.097454 8.892121 
72771770677574 -0.527419 3.979409 8.947431 
72771789435594 -0.506131 3.813483 9.020619 
72771808193563 -0.575888 3.599018 9.104165 
72771826951584 -0.716175 3.374915 9.179729 
72771845709553 -0.772972 3.169415 9.248119 
72771864467574 -0.716489 3.080698 9.282582 
72771883225542 -0.637666 3.123897 9.273890 
72771901983563 -0.573433 3.090140 9.289381 
72771920741532 -0.515852 2.974746 9.330337 
72771939499501 -0.450239 2.873941 9.365261 
72771958257522 -0.385105 2.815116 9.386011 
72771977015542 -0.336887 2.797528 9.393122 
72771995773511 -0.320630 2.793052 9.395022 
72772014531480 -0.325853 2.756622 9.405596 
72772033289501 -0.339470 2.691117 9.424067 
72772052047469 -0.327299 2.639915 9.438968 
72772070805490 -0.282662 2.633133 9.442304 
72772089563459 -0.241136 2.667425 9.433826 
72772108321480 -0.240777 2.704596 9.423246 
72772127079449 -0.287675 2.708880 9.420700 
72772145837469 -0.355654 2.684041 9.425488 
72772164595438 -0.416374 2.657692 9.430466 
72772183353459 -0.453487 2.648941 9.431217 
72772202111428 -0.466814 2.665301 9.425956 
72772220869449 -0.480358 2.692561 9.417524 
72772239627417 -0.513590 2.710724 9.410557 
72772258385386 -0.520394 2.728271 9.405111 
72772277143407 -0.482990 2.755518 9.399161 
72772295901376 -0.429102 2.800457 9.388488 
72772314659397 -0.388292 2.875050 9.367695 
72772333417365 -0.337883 2.965374 9.341455 
72772352175386 -0.264842 3.042596 9.318951 
72772370933355 -0.161701 3.083945 9.307713 
72772389691324 -0.074254 3.113954 9.298826 
72772408449344 -0.015791 3.185023 9.275007 
72772427207313 -0.016229 3.351523 9.216150 
72772445965334 0.026656 3.541284 9.144888 
72772464723303 0.129541 3.627161 9.110287 
72772483481324 0.254614 3.633158 9.105259 
72772502238928 0.394251 3.649067 9.093913 
72772542097417 0.755276 3.726351 9.039594 
72772560855334 0.909269 3.738113 9.020538 
72772579613355 1.019974 3.724399 9.014372 
72772598371376 1.033829 3.631654 9.050562 
72772617129397 0.938938 3.438383 9.135989 
72772635887313 0.784735 3.206431 9.234359 
72772654645334 0.636291 3.050186 9.298489 
72772673403355 0.569843 3.019308 9.312864 
72772692161272 0.609712 3.087572 9.287925 
72772710919292 0.751388 3.209666 9.236008 
72772729677313 0.914284 3.371102 9.163522 
72772748435334 1.075472 3.547735 9.078950 
72772767193251 1.229559 3.708221 8.994869 
72772785951272 1.339560 3.849989 8.919280 
72772804709292 1.444461 3.944536 8.861408 
72772823467209 1.540554 3.992701 8.823571 
72772842225230 1.622715 4.014288 8.799015 
72772860983251 1.801565 4.012185 8.765108 
72772879741167 2.066365 3.993068 8.715269 
72772898499188 2.188294 4.004424 8.680228 
72772917257209 2.164691 4.052987 8.663590 
72772936015230 2.069195 4.081072 8.673735 
72772954773147 1.988958 4.070104 8.697625 
72772973531167 2.028595 4.054331 8.695837 
72772992289188 2.139317 4.094375 8.650422 
72773011047105 2.199657 4.201540 8.583645 
72773029805126 2.118166 4.309801 8.550402 
72773048563147 2.012621 4.357156 8.551897 
72773067321063 1.887217 4.357460 8.580288 
72773086079084 1.756821 4.309217 8.632185 
72773104837105 1.678133 4.192068 8.705218 
72773123595126 1.655225 4.071448 8.766637 
72773142353042 1.619282 4.001250 8.805583 
72773161111063 1.523871 3.959693 8.841326 
72773179869084 1.339715 3.924746 8.886615 
72773198627001 1.123450 3.864321 8.942889 
72773217385022 0.886536 3.770385 9.009363 
72773236143042 0.646870 3.655615 9.076807 
72773254900959 0.478559 3.534278 9.135110 
72773273658980 0.424513 3.426540 9.178725 
72773292417001 0.448457 3.357815 9.202953 
72773311175022 0.430594 3.365305 9.201070 
72773329932938 0.297103 3.479553 9.163778 
72773348690959 0.073186 3.720597 9.073157 
72773367448980 -0.127917 4.035042 8.937140 
72773386206897 -0.276390 4.287618 8.815346 
72773404964917 -0.361118 4.407627 8.752874 
72773423722938 -0.442282 4.375232 8.765393 
72773442480959 -0.522995 4.164263 8.863171 
72773461238876 -0.634666 3.823430 9.008272 
72773479996897 -0.733250 3.524845 9.121853 
72773498754917 -0.828634 3.362930 9.174664 
72773517512938 -0.885596 3.303743 9.190832 
72773536270855 -0.914624 3.283931 9.195088 
72773555028876 -0.949765 3.255623 9.201590 
72773573786897 -0.993391 3.219846 9.209569 
72773592544813 -1.037256 3.213785 9.206849 
72773611302834 -0.970485 3.274717 9.192648 
72773630060855 -0.824018 3.407092 9.158772 
72773648818876 -0.665073 3.550787 9.117016 
72773667576792 -0.591509 3.647981 9.083652 
72773686334813 -0.582130 3.689286 9.067562 
72773705092834 -0.549338 3.715514 9.058894 
72773723850751 -0.413483 3.779901 9.039456 
72773742608772 -0.209844 3.886058 9.001383 
72773761366792 -0.048391 3.967257 8.968217 
72773780124813 -0.008429 3.972067 8.966215 
72773798882730 -0.044331 3.927544 8.985701 
72773817640751 -0.097886 3.914432 8.990998 
72773836398772 -0.169025 3.964670 8.967898 
72773855156792 -0.245103 4.031649 8.936225 
72773873914813 -0.290429 4.084449 8.910854 
72773892672730 -0.298559 4.112132 8.897843 
72773911430751 -0.305506 4.110724 8.898259 
72773930188772 -0.367274 4.106163 8.898028 
72773948946792 -0.450428 4.117352 8.889034 
72773967704709 -0.521376 4.099873 8.893233 
72773986462730 -0.526773 4.095204 8.895066 
72774005220751 -0.410123 4.165342 8.868603 
72774023978772 -0.229968 4.326921 8.797457 
72774042736688 -0.111219 4.522739 8.700739 
72774061494709 -0.137275 4.650643 8.632674 
72774080252730 -0.296678 4.681599 8.611911 
72774099010751 -0.399591 4.673360 8.612226 
72774117768772 -0.340737 4.669503 8.616845 
72774136526688 -0.182043 4.689234 8.610942 
72774155284709 -0.041765 4.726977 8.592109 
72774174042730 -0.009496 4.751995 8.578395 
72774192800751 -0.055995 4.713519 8.599418 
72774211558772 -0.111206 4.619285 8.649868 
72774230316792 -0.105160 4.537854 8.692941 
72774249074709 -0.041939 4.510889 8.707498 
72774267832730 0.047743 4.538639 8.693035 
72774286590751 0.126606 4.584170 8.668318 
72774305348667 0.156769 4.616677 8.650556 
72774324106792 0.131482 4.616426 8.651110 
72774342864709 0.099095 4.591466 8.664814 
72774361622730 0.098965 4.574891 8.673578 
72774380380751 0.160814 4.592421 8.663382 
72774399138772 0.268025 4.631007 8.640158 
72774417896792 0.335214 4.645192 8.630192 
72774436654813 0.324526 4.613982 8.647326 
72774455412834 0.302212 4.569652 8.671639 
72774474170855 0.305033 4.561419 8.675874 
72774492928772 0.321197 4.598618 8.655630 
72774511686792 0.337677 4.649085 8.627998 
72774530444813 0.335415 4.679091 8.611852 
72774549202834 0.301573 4.666946 8.619690 
72774567960855 0.252875 4.629541 8.641400 
72774586718876 0.221082 4.601842 8.657052 
72774605476897 0.217683 4.604000 8.655992 
72774624234917 0.238046 4.651053 8.630261 
72774642992938 0.228727 4.742962 8.580349 
72774661750959 0.141633 4.814465 8.542322 
72774680508876 0.048645 4.816901 8.541984 
72774699266897 -0.019488 4.771334 8.567636 
72774718024917 -0.061779 4.730481 8.590059 
72774736782938 -0.141062 4.731393 8.588620 
72774755540959 -0.242803 4.776033 8.561597 
72774774298980 -0.340057 4.872347 8.503820 
72774793057001 -0.393126 5.001162 8.426400 
72774811815022 -0.409322 5.126513 8.349953 
72774830573042 -0.416916 5.214591 8.294855 
72774849331063 -0.402062 5.232773 8.284131 
72774868089084 -0.355666 5.185826 8.315715 
72774886847105 -0.268491 5.121280 8.358875 
72774905605126 -0.173529 5.090135 8.380383 
72774924363147 -0.115905 5.089758 8.381605 
72774943121167 -0.166895 5.058839 8.399445 
72774961879188 -0.307005 4.960709 8.453845 
72774980637209 -0.337371 4.808104 8.540417 
72774999395230 -0.277756 4.682299 8.612161 
72775018153251 -0.218302 4.618843 8.648065 
72775036911272 -0.189200 4.591498 8.663299 
72775055669292 -0.241781 4.555667 8.680889 
72775074427313 -0.338557 4.485490 8.714135 
72775093185334 -0.403444 4.398471 8.755630 
72775111943355 -0.404968 4.311223 8.798849 
72775130701376 -0.443046 4.238649 8.832211 
72775149459397 -0.526750 4.189930 8.850842 
72775168217417 -0.622467 4.171016 8.853561 
72775186975438 -0.665132 4.189962 8.841505 
72775205733459 -0.629651 4.234366 8.822928 
72775224491480 -0.557302 4.282201 8.804689 
72775243249501 -0.518124 4.320708 8.788255 
72775262007626 -0.503494 4.350637 8.774328 
72775280765647 -0.499005 4.374400 8.762762 
72775299523667 -0.439912 4.392320 8.756963 
72775318281688 -0.336222 4.410528 8.752404 
72775337039709 -0.261157 4.430449 8.744902 
72775355797730 -0.276917 4.432873 8.743188 
72775374555751 -0.354543 4.419160 8.747325 
72775393313772 -0.429762 4.426159 8.740412 
72775412071792 -0.471560 4.479538 8.711014 
72775430829917 -0.489985 4.563927 8.666076 
72775449587938 -0.533518 4.645485 8.620048 
72775468345959 -0.604240 4.690624 8.590886 
72775487103980 -0.661409 4.705958 8.578279 
72775505862001 -0.679071 4.720169 8.569088 
72775524620022 -0.657863 4.747727 8.555507 
72775543378147 -0.611888 4.782234 8.539684 
72775562136167 -0.588467 4.823335 8.518188 
72775580894188 -0.606138 4.878520 8.485461 
72775599652209 -0.685853 4.941957 8.442574 
72775618410230 -0.753377 4.984966 8.411475 
72775637168355 -0.752867 4.988402 8.409485 
72775655926376 -0.733292 4.931400 8.444760 
72775674684397 -0.720786 4.812843 8.513953 
72775693442417 -0.721982 4.657538 8.599793 
72775712200542 -0.709662 4.495842 8.686436 
72775730958563 -0.690974 4.348751 8.762494 
72775749716584 -0.653487 4.242811 8.817137 
72775768474605 -0.587979 4.202125 8.841199 
72775787232730 -0.517788 4.218249 8.837911 
72775805990751 -0.462904 4.279589 8.811426 
72775824748772 -0.418671 4.368004 8.770156 
72775843506897 -0.386294 4.474742 8.717674 
72775862264917 -0.320912 4.587640 8.661464 
72775881022938 -0.236695 4.714163 8.595989 
72775899781063 -0.139263 4.860556 8.516219 
72775918539084 -0.044058 5.008506 8.431092 
72775937297105 0.040032 5.141776 8.350505 
72775956055230 0.089097 5.245806 8.285165 
72775974813251 0.128248 5.306169 8.246121 
72775993571272 0.133374 5.301925 8.248770 
72776012329397 0.117966 5.228472 8.295755 
72776031087417 0.137869 5.123688 8.360574 
72776049845438 0.176769 5.045306 8.407380 
72776068603563 0.201446 5.018855 8.422643 
72776087361584 0.187639 5.026342 8.418494 
72776106119709 0.150235 5.035437 8.413810 
72776124877730 0.122737 5.041821 8.410432 
72776143635751 0.136456 5.048037 8.406492 
72776162393876 0.185283 5.056849 8.400258 
72776181151897 0.208255 5.074075 8.389326 
72776199910022 0.189359 5.101105 8.373365 
72776218668042 0.154341 5.135904 8.352787 
72776237426167 0.133780 5.177954 8.327141 
72776256184188 0.116600 5.214095 8.304818 
72776274942313 0.072826 5.226539 8.297493 
72776293700334 0.005814 5.207853 8.309549 
72776312458459 -0.065168 5.164791 8.336131 
72776331216480 -0.119921 5.112303 8.367817 
72776349974605 -0.145247 5.075853 8.389578 
72776368732626 -0.152055 5.061095 8.398369 
72776387490751 -0.159105 5.042850 8.409205 
72776406248772 -0.173941 5.015832 8.425056 
72776425006897 -0.200563 4.995468 8.436555 
72776443764917 -0.238660 4.985246 8.441609 
72776462523042 -0.280065 4.985612 8.440120 
72776481281063 -0.320486 4.977331 8.443569 
72776500039188 -0.363158 4.962598 8.450511 
72776518797313 -0.394219 4.950740 8.456072 
72776537555334 -0.429810 4.926646 8.468401 
72776556313459 -0.509892 4.936029 8.458488 
72776575071480 -0.558307 5.020594 8.405493 
72776593829605 -0.533202 5.093924 8.362895 
72776612587626 -0.522491 5.080890 8.371496 
