# Created at Thu Mar 27 09:47:33 GMT+01:00 2025 in Burnaby Canada 
3560868578429 999.136963 
3560968566629 999.136719 
3561068554795 999.133301 
3561168542961 999.128906 
3561268530961 999.127197 
3561368518827 999.129150 
3561468506693 999.131104 
3561568494693 999.127441 
3561668482693 999.129395 
3561768470659 999.142578 
3561868458625 999.138672 
3561968446625 999.147461 
3562068434625 999.159912 
3562168422591 999.173340 
3562268410557 999.183105 
3562368398423 999.202881 
3562468386289 999.202637 
3562568374389 999.201660 
3562668362622 999.200928 
3562768350822 999.205811 
3562868339022 999.203613 
3562968327222 999.211670 
3563068315455 999.212158 
3563168303655 999.213623 
3563268291855 999.212646 
3563368280088 999.217529 
3563468267988 999.215088 
3563568255888 999.205566 
3563668244021 999.200439 
3563768232254 999.207764 
3563868220487 999.209961 
3563968208687 999.205322 
3564068196887 999.215820 
3564168185120 999.220459 
3564268173320 999.231934 
3564368161520 999.228027 
3564468149720 999.232910 
3564568137820 999.234863 
3564668125920 999.238281 
3564768114153 999.238037 
3564868102386 999.233398 
3564968090586 999.232178 
3565068078786 999.234375 
3565168067019 999.232666 
3565268055252 999.226563 
3565368043452 999.225830 
3565468031652 999.220703 
3565568019652 999.220703 
3565668007518 999.226807 
3565767995518 999.215820 
3565867983718 999.223389 
3565967971918 999.225586 
3566067960084 999.220215 
3566167948250 999.225098 
3566267936450 999.226318 
3566367924616 999.230225 
3566467912782 999.226807 
3566567900948 999.219238 
3566667888914 999.221191 
3566767876780 999.211914 
3566867864713 999.213135 
3566967852713 999.211914 
3567067840713 999.215820 
3567167828679 999.219482 
3567267816679 999.224365 
3567367804679 999.227539 
3567467792679 999.231689 
3567567780645 999.230469 
3567667768611 999.226074 
3567767756477 999.228027 
3567867744343 999.231445 
3567967732476 999.237549 
3568067720709 999.228516 
3568167708909 999.223877 
3568267697109 999.221924 
3568367685342 999.221924 
3568467673575 999.224854 
3568567661775 999.232422 
3568667649975 999.220947 
3568767638075 999.232422 
3568867625975 999.222656 
3568967613875 999.231934 
3569067602108 999.228760 
3569167590341 999.226318 
3569267578541 999.227051 
3569367566741 999.232422 
3569467554974 999.219482 
3569567543207 999.222168 
3569667531407 999.218018 
3569767519607 999.210938 
3569867507740 999.209229 
3569967495840 999.214844 
3570067483940 999.205078 
3570167472173 999.208496 
3570267460373 999.203613 
3570367448573 999.209961 
3570467436773 999.207275 
3570567425006 999.209473 
3570667413239 999.207764 
3570767401439 999.210449 
3570867389639 999.215088 
3570967377605 999.213135 
3571067365471 999.206299 
3571167353537 999.209961 
3571267341737 999.216309 
3571367329903 999.211670 
3571467318069 999.211182 
3571567306235 999.216797 
3571667294435 999.216309 
3571767282601 999.207275 
3571867270767 999.204102 
3571967258933 999.212646 
3572067246799 999.220703 
3572167234665 999.224121 
3572267222665 999.222900 
3572367210665 999.222168 
3572467198631 999.213379 
3572567186597 999.211670 
3572667174597 999.212402 
3572767162597 999.207031 
3572867150597 999.213379 
3572967138563 999.208984 
3573067126563 999.203369 
3573167114429 999.204590 
3573267102329 999.202637 
3573367090562 999.203857 
3573467078795 999.200439 
3573567066995 999.202881 
3573667055195 999.204590 
3573767043428 999.206055 
3573867031661 999.205811 
3573967019861 999.206543 
3574067008061 999.205322 
3574166996094 999.202637 
3574266983994 999.203369 
3574366971927 999.197998 
3574466960160 999.194580 
3574566948393 999.202148 
3574666936593 999.205322 
3574766924793 999.197510 
3574866913026 999.202148 
3574966901259 999.205811 
3575066889459 999.201904 
3575166877659 999.213623 
3575266865759 999.208740 
3575366853859 999.205078 
3575466841992 999.204346 
3575566830225 999.190674 
3575666818425 999.198975 
3575766806625 999.195557 
3575866794825 999.194092 
3575966783058 999.191650 
3576066771258 999.189209 
3576166759458 999.197754 
3576266747658 999.194824 
3576366735524 999.202637 
3576466723390 999.198730 
3576566711523 999.199463 
3576666699723 999.201172 
3576766687889 999.190918 
3576866676055 999.197266 
3576966664221 999.187988 
3577066652421 999.194824 
3577166640587 999.190918 
3577266628753 999.194092 
3577366616886 999.199707 
3577466604752 999.200684 
3577566592618 999.190918 
3577666580618 999.192871 
3577766568618 999.198975 
3577866556584 999.198975 
3577966544550 999.194824 
3578066532550 999.193359 
3578166520550 999.189697 
3578266508516 999.188965 
3578366496482 999.196533 
3578466484448 999.195557 
3578566472314 999.196777 
3578666460314 999.188721 
3578766448547 999.188721 
3578866436780 999.186035 
3578966424980 999.189209 
3579066413180 999.192383 
3579166401413 999.186768 
3579266389613 999.184814 
3579366377813 999.192627 
3579466366013 999.196289 
3579566353979 999.200195 
3579666341879 999.197998 
3579766329979 999.193848 
3579866318212 999.188721 
3579966306445 999.183838 
3580066294645 999.188232 
3580166282845 999.197754 
3580266271145 999.194336 
3580366259378 999.196533 
3580466247578 999.188965 
3580566235778 999.194580 
3580666223878 999.199707 
3580766212044 999.198486 
3580866200277 999.192383 
3580966188510 999.197998 
3581066176710 999.201904 
3581166164910 999.195313 
3581266153210 999.192383 
3581366141443 999.192871 
3581466129643 999.196533 
3581566117843 999.202637 
3581666105943 999.195068 
3581766093876 999.193848 
3581866081742 999.202637 
3581966069942 999.198730 
3582066058142 999.205078 
3582166046308 999.202881 
3582266034541 999.201660 
3582366022741 999.198242 
3582466010941 999.199463 
3582565999107 999.205078 
3582665987273 999.198975 
3582765975306 999.200195 
3582865963172 999.198486 
3582965951038 999.189453 
3583065939038 999.198242 
3583165927071 999.199951 
3583265915037 999.205322 
3583365903003 999.199219 
3583465891003 999.199219 
3583565879003 999.197998 
3583665866969 999.198975 
3583765854935 999.197021 
3583865842801 999.200439 
3583965830667 999.207275 
3584065818767 999.195313 
3584165807000 999.197510 
3584265795200 999.197754 
3584365783400 999.191406 
3584465771633 999.195557 
3584565759866 999.204102 
3584665748066 999.202637 
3584765736266 999.198242 
3584865724499 999.195068 
3584965712399 999.195557 
3585065700299 999.192627 
3585165688432 999.183594 
3585265676665 999.181641 
3585365664865 999.178223 
3585465653065 999.178955 
3585565641265 999.178955 
3585665629498 999.176025 
3585765617731 999.159180 
3585865605931 999.166992 
3585965594131 999.166992 
3586065582231 999.176514 
3586165570297 999.177734 
3586265558530 999.183838 
3586365546763 999.177246 
3586465534963 999.180176 
3586565523163 999.173828 
3586665511396 999.179199 
3586765499629 999.180664 
3586865487829 999.174561 
3586965476029 999.180420 
3587065464029 999.181885 
3587165451895 999.181641 
3587265439795 999.169922 
3587365427995 999.167969 
3587465416161 999.169678 
3587565404327 999.173096 
3587665392493 999.181641 
3587765380693 999.180664 
3587865368859 999.182861 
3587965357025 999.183105 
3588065345191 999.192383 
3588165333157 999.195557 
3588265321023 999.186523 
3588365308956 999.190918 
3588465296956 999.191650 
3588565284956 999.190918 
3588665272922 999.183350 
3588765260888 999.186523 
3588865248888 999.183105 
3588965236888 999.183350 
3589065224854 999.185059 
3589165212820 999.189941 
3589265200686 999.188965 
3589365188552 999.193359 
3589465176685 999.188477 
3589565164918 999.194336 
3589665153118 999.199219 
3589765141318 999.188232 
3589865129551 999.176758 
3589965117784 999.177979 
3590065105984 999.181641 
3590165094184 999.182617 
3590265082384 999.184814 
3590365070284 999.188232 
3590465058184 999.193604 
3590565046417 999.186523 
3590665034650 999.183594 
3590765022850 999.179199 
3590865011050 999.190186 
3590964999283 999.186768 
3591064987516 999.185303 
3591164975716 999.186279 
3591264963916 999.187256 
3591364952082 999.182373 
3591464940182 999.189209 
3591564928282 999.194824 
3591664916515 999.192139 
3591764904748 999.187988 
3591864892948 999.179688 
3591964881148 999.178955 
3592064869381 999.169678 
3592164857614 999.170410 
3592264845814 999.171631 
3592364834014 999.165039 
3592464821980 999.175049 
3592564809846 999.182861 
3592664797912 999.178467 
3592764786112 999.190918 
3592864774278 999.191650 
3592964762444 999.187500 
3593064750610 999.179932 
3593164738810 999.180176 
3593264726976 999.180176 
3593364715142 999.172363 
3593464703308 999.167969 
3593564691174 999.163574 
3593664679040 999.164307 
3593764667040 999.168701 
3593864655040 999.175293 
3593964643006 999.180908 
3594064630972 999.183838 
3594164618972 999.191895 
3594264606972 999.196045 
3594364594938 999.189697 
3594464582904 999.187988 
3594564570904 999.187500 
3594664558770 999.187012 
3594764546636 999.171875 
3594864534869 999.171143 
3594964523102 999.169922 
3595064511302 999.168457 
3595164499502 999.170898 
3595264487735 999.178223 
3595364475968 999.186279 
3595464464168 999.182861 
3595564452368 999.190918 
3595664440401 999.193848 
3595764428301 999.182373 
3595864416234 999.187012 
3595964404467 999.189209 
3596064392700 999.181885 
3596164380900 999.184082 
3596264369100 999.188232 
3596364357333 999.186279 
3596464345566 999.189209 
3596564333766 999.179932 
3596664321966 999.191162 
3596764310066 999.192627 
3596864298166 999.196045 
3596964286299 999.201172 
3597064274532 999.203613 
3597164262732 999.208496 
3597264250932 999.202637 
3597364239165 999.202637 
3597464227398 999.194336 
3597564215598 999.194580 
3597664203798 999.193848 
3597764191998 999.197754 
3597864179864 999.197510 
3597964167730 999.194336 
3598064155863 999.194092 
3598164144063 999.193359 
3598264132229 999.200684 
3598364120395 999.201172 
3598464108561 999.205566 
3598564096761 999.199219 
3598664084927 999.197998 
3598764073093 999.192627 
3598864061226 999.195313 
3598964049092 999.194580 
3599064036958 999.200439 
3599164024958 999.195557 
3599264012958 999.197021 
3599364000924 999.193115 
3599463988890 999.199219 
3599563976890 999.199219 
3599663964890 999.196289 
3599763952856 999.192139 
3599863940822 999.198730 
3599963928788 999.199463 
3600063916654 999.199463 
3600163904654 999.203369 
3600263892887 999.202881 
3600363881087 999.203125 
3600463869287 999.194824 
3600563857487 999.189453 
3600663845720 999.194092 
3600763833953 999.190186 
3600863822153 999.194092 
3600963810353 999.197998 
3601063798319 999.193115 
3601163786219 999.187500 
3601263774252 999.188232 
3601363762485 999.188232 
3601463750718 999.197754 
3601563738918 999.194824 
3601663727118 999.195313 
3601763715351 999.194092 
3601863703584 999.194824 
3601963691784 999.195557 
3602063679984 999.193604 
3602163668084 999.193115 
3602263656184 999.188232 
3602363644417 999.177979 
3602463632650 999.186523 
3602563620850 999.189941 
3602663609050 999.184082 
3602763597283 999.184326 
3602863585516 999.180176 
3602963573716 999.184814 
3603063561916 999.185547 
3603163550016 999.184082 
3603263537882 999.178711 
3603363525748 999.181152 
3603463513948 999.172852 
3603563502148 999.169189 
3603663490314 999.180664 
3603763478480 999.186279 
3603863466680 999.191162 
3603963454880 999.188721 
3604063443046 999.195801 
3604163431212 999.190674 
3604263419245 999.184082 
3604363407111 999.181396 
3604463394977 999.192139 
3604563382977 999.187500 
3604663370977 999.193359 
3604763358943 999.185791 
3604863346909 999.179199 
3604963334909 999.181152 
3605063322909 999.182617 
3605163310875 999.181396 
3605263298841 999.179688 
3605363286707 999.184082 
3605463274573 999.187256 
3605563262673 999.189209 
3605663250906 999.184814 
3605763239106 999.186768 
3605863227306 999.179688 
3605963215539 999.184082 
3606063203772 999.193115 
3606163191972 999.194580 
3606263180172 999.195068 
3606363168405 999.197510 
3606463156305 999.185059 
3606563144271 999.193359 
3606663132404 999.193848 
3606763120637 999.187744 
3606863108837 999.187256 
3606963097037 999.196777 
3607063085303 999.194092 
3607163073536 999.198242 
3607263061769 999.197021 
3607363049969 999.200439 
3607463038169 999.203613 
3607563026335 999.207764 
3607663014435 999.207031 
3607763002668 999.209229 
3607862990901 999.209473 
3607962979101 999.201904 
3608062967367 999.189697 
3608162955600 999.183838 
3608262943833 999.182617 
3608362932033 999.182861 
3608462920233 999.184082 
3608562908299 999.198486 
3608662896165 999.204590 
3608762884065 999.199463 
3608862872265 999.199463 
3608962860431 999.195068 
3609062848664 999.195313 
3609162836830 999.191895 
3609262825030 999.183105 
3609362813196 999.184814 
3609462801362 999.182373 
3609562789528 999.175537 
3609662777494 999.185059 
3609762765360 999.181641 
3609862753293 999.195068 
3609962741293 999.199463 
3610062729293 999.204102 
3610162717259 999.197754 
3610262705225 999.203857 
3610362693225 999.200439 
3610462681225 999.195801 
3610562669191 999.195801 
3610662657157 999.195801 
3610762645023 999.190674 
3610862632889 999.199951 
3610962621022 999.200439 
3611062609255 999.197510 
3611162597455 999.201172 
3611262585655 999.196533 
3611362573888 999.201660 
3611462562121 999.199707 
3611562550321 999.188232 
3611662538521 999.179443 
3611762526721 999.183594 
3611862514621 999.185303 
3611962502521 999.186523 
3612062490687 999.187988 
3612162478920 999.181885 
3612262467120 999.190430 
3612362455320 999.197754 
3612462443553 999.201904 
3612562431786 999.208740 
3612662419986 999.198975 
3612762408186 999.207520 
3612862396352 999.207520 
3612962384452 999.211670 
3613062372552 999.199463 
3613162360785 999.209473 
3613262349018 999.205566 
3613362337218 999.199219 
3613462325418 999.195557 
3613562313651 999.197754 
3613662301884 999.206299 
3613762290084 999.198975 
3613862278284 999.205811 
3613962266250 999.207031 
3614062254116 999.208740 
3614162242182 999.206543 
3614262230382 999.197510 
3614362218548 999.197021 
3614462206714 999.192383 
3614562194880 999.193115 
3614662183080 999.183350 
3614762171246 999.180664 
3614862159412 999.181641 
3614962147578 999.188477 
3615062135511 999.190186 
3615162123377 999.192871 
3615262111377 999.192627 
3615362099377 999.200439 
3615462087343 999.193604 
3615562075309 999.190430 
3615662063309 999.185059 
3615762051309 999.184082 
3615862039275 999.180908 
3615962027241 999.182617 
3616062015241 999.179199 
3616162003107 999.186768 
3616261990973 999.189453 
3616361979206 999.187744 
3616461967439 999.183350 
3616561955639 999.177490 
3616661943839 999.177246 
3616761932072 999.178467 
3616861920305 999.179688 
3616961908505 999.182617 
3617061896705 999.187012 
3617161884738 999.191650 
3617261872638 999.190186 
3617361860571 999.190430 
3617461142727 999.187500 
3617561130960 999.183350 
3617661119160 999.187500 
3617761107360 999.185547 
3617861095593 999.187744 
3617961083826 999.185303 
3618061072026 999.186279 
3618161060226 999.180664 
3618261048326 999.183350 
3618361036426 999.187012 
3618461024559 999.179443 
3618561012792 999.191895 
3618661000992 999.186035 
3618760989192 999.183105 
3618860977425 999.165771 
3618960965658 999.176758 
3619060953858 999.169922 
3619160942058 999.173828 
3619260930258 999.179932 
3619360918124 999.185791 
3619460905990 999.193115 
3619560894090 999.194092 
3619660882290 999.185547 
3619760870456 999.191895 
3619860858622 999.193604 
3619960846788 999.194336 
3620060834988 999.190918 
3620160823154 999.198975 
3620260811320 999.194336 
3620360799453 999.187744 
3620460787319 999.191895 
3620560775185 999.195557 
3620660763185 999.197510 
3620760751185 999.202637 
3620860739151 999.199219 
3620960727117 999.199463 
3621060715117 999.195068 
3621160703117 999.187744 
3621260691083 999.182129 
3621360679049 999.186279 
3621460667015 999.184326 
3621560654881 999.185059 
3621660642881 999.187988 
3621760631114 999.191895 
3621860619314 999.194580 
3621960607514 999.206543 
3622060595714 999.199951 
3622160583947 999.202393 
3622260572180 999.202148 
3622360560380 999.192139 
3622460548580 999.196533 
3622560536580 999.201660 
3622660524480 999.200195 
3622760512513 999.200195 
3622860500746 999.202148 
3622960488979 999.204834 
3623060477179 999.202148 
3623160465379 999.204834 
3623260453612 999.201172 
3623360441845 999.209961 
3623460430045 999.215820 
3623560418245 999.207520 
3623660406345 999.196777 
3623760394445 999.186035 
3623860382678 999.193359 
3623960370911 999.198975 
3624060359111 999.195313 
3624160347311 999.201416 
3624260335544 999.207031 
3624360323777 999.206299 
3624460311977 999.209473 
3624560300177 999.201904 
3624660288277 999.198486 
3624760276143 999.194824 
3624860264009 999.196533 
3624960252209 999.196289 
3625060240409 999.188232 
3625160228575 999.190186 
3625260216741 999.194336 
3625360204941 999.198486 
3625460193141 999.204834 
3625560181307 999.201172 
3625660169473 999.194580 
3625760157506 999.188232 
3625860145372 999.192139 
3625960133238 999.191650 
3626060121238 999.191162 
3626160109238 999.194580 
3626260097204 999.193848 
3626360085170 999.187744 
3626460073170 999.189941 
3626560061170 999.182617 
3626660049136 999.186768 
3626760037102 999.179199 
3626860024968 999.182617 
3626960012834 999.178955 
3627060000900 999.180176 
3627159989133 999.175781 
3627259977333 999.181885 
3627359965533 999.176758 
3627459953766 999.177246 
3627559941999 999.177979 
3627659930199 999.181885 
3627759918399 999.172607 
3627859906632 999.182861 
3627959894532 999.191650 
3628059882432 999.180176 
3628159870565 999.174072 
3628259858798 999.171143 
3628359846998 999.168945 
3628459835198 999.175049 
3628559823398 999.167480 
3628659811631 999.165771 
3628759799864 999.168457 
3628859788064 999.177002 
3628959776264 999.176514 
3629059764364 999.182129 
3629159752464 999.179443 
3629259740697 999.196045 
3629359728930 999.191650 
3629459717130 999.186523 
3629559705330 999.185303 
3629659693563 999.177979 
3629759681796 999.177734 
3629859669996 999.172852 
3629959658196 999.174805 
3630059646229 999.176758 
3630159634095 999.177246 
3630259621995 999.170654 
3630359610195 999.175537 
3630459598361 999.178467 
3630559586527 999.167969 
3630659574693 999.158203 
3630759562893 999.159912 
3630859551059 999.164307 
3630959539225 999.170410 
3631059527391 999.163086 
3631159515357 999.174805 
3631259503223 999.179688 
3631359491156 999.177734 
3631459479156 999.173584 
3631559467156 999.168701 
3631659455122 999.174072 
3631759443088 999.175537 
3631859431088 999.178467 
3631959419088 999.177979 
3632059407054 999.172607 
3632159395020 999.178711 
3632259382886 999.176758 
3632359370752 999.179688 
3632459358885 999.170898 
3632559347118 999.177246 
3632659335318 999.177979 
3632759323518 999.172852 
3632859311818 999.171875 
3632959300051 999.172363 
3633059288251 999.178223 
3633159276451 999.176025 
3633259264651 999.168457 
3633359252617 999.164551 
3633459240517 999.170410 
3633559228683 999.170410 
3633659216916 999.172119 
3633759205116 999.173584 
3633859193382 999.178711 
3633959181615 999.174316 
3634059169848 999.167725 
3634159158048 999.172119 
3634259146248 999.163574 
3634359134448 999.161865 
3634459122548 999.162354 
3634559110648 999.166016 
3634659098881 999.183594 
3634759087114 999.180664 
3634859075380 999.180176 
3634959063580 999.176025 
3635059051813 999.179932 
3635159040046 999.177002 
3635259028246 999.172607 
3635359016512 999.178223 
3635459004478 999.176025 
3635558992344 999.174072 
3635658980410 999.164307 
3635758968610 999.171143 
3635858956776 999.170410 
3635958944942 999.175049 
3636058933108 999.184326 
3636158921308 999.181641 
3636258909474 999.185059 
3636358897640 999.181152 
3636458885806 999.185791 
3636558873739 999.185547 
3636658861605 999.184814 
3636758849605 999.182617 
3636858837605 999.186523 
3636958825571 999.198242 
3637058813537 999.198242 
3637158801537 999.195801 
3637258789537 999.189453 
3637358777537 999.196045 
3637458765503 999.190674 
3637558753503 999.194580 
3637658741369 999.180420 
3637758729235 999.178467 
3637858717401 999.175537 
3637958705634 999.170654 
3638058693834 999.172119 
3638158682034 999.176514 
3638258670267 999.178467 
3638358658500 999.180176 
3638458646700 999.184082 
3638558634900 999.181396 
3638658622933 999.181641 
3638758610833 999.173096 
3638858598733 999.173096 
3638958586966 999.181396 
3639058575199 999.174805 
3639158563399 999.167236 
3639258551599 999.166260 
3639358539832 999.160156 
3639458528065 999.166504 
3639558516265 999.168701 
3639658504465 999.165527 
3639758492565 999.164063 
3639858480665 999.173340 
3639958468798 999.175049 
3640058457031 999.180420 
3640158445231 999.181641 
3640258433431 999.187012 
3640358421631 999.181152 
3640458409864 999.183350 
3640558398064 999.194092 
3640658386264 999.192383 
3640758374464 999.188232 
3640858362397 999.190186 
3640958350263 999.186768 
3641058338363 999.186768 
3641158326563 999.187256 
3641258314729 999.179199 
3641358302895 999.180908 
3641458291061 999.181396 
3641558279261 999.178955 
3641658267427 999.175537 
3641758255593 999.176514 
3641858243759 999.178467 
3641958231625 999.177979 
3642058219491 999.187012 
3642158207491 999.183838 
3642258195491 999.178955 
3642358183457 999.181885 
3642458171423 999.180176 
3642558159423 999.179199 
3642658147423 999.184326 
3642758135389 999.184570 
3642858123355 999.183838 
3642958111321 999.179199 
3643058099187 999.181885 
3643158087187 999.180908 
3643258075420 999.176025 
3643358063653 999.185791 
3643458051853 999.177979 
3643558040053 999.171631 
3643658028286 999.187500 
3643758016519 999.189697 
3643858004719 999.188965 
3643957992919 999.193848 
3644057980919 999.189941 
3644157968819 999.190186 
3644257956852 999.186768 
3644357945085 999.187744 
3644457933318 999.182617 
3644557921518 999.180176 
3644657909718 999.176758 
3644757897951 999.177979 
3644857886184 999.184814 
3644957874384 999.180908 
3645057862584 999.184814 
3645157850684 999.192383 
3645257838784 999.185547 
3645357826950 999.185547 
3645457815183 999.181885 
3645557803383 999.187256 
3645657791583 999.190918 
3645757779816 999.193848 
3645857768049 999.190430 
3645957756249 999.183105 
3646057744449 999.179932 
3646157732549 999.185547 
3646257720415 999.190674 
3646357708281 999.187256 
3646457696481 999.181641 
3646557684681 999.187988 
3646657672847 999.185791 
3646757661013 999.178711 
3646857649179 999.189453 
3646957637379 999.190186 
3647057625545 999.182617 
3647157613711 999.179199 
3647257601744 999.172119 
3647357589610 999.163574 
3647457577476 999.176514 
3647557565476 999.179932 
3647657553476 999.174316 
3647757541442 999.170410 
3647857529408 999.169434 
3647957517408 999.158936 
3648057505408 999.135986 
3648157493374 999.140869 
3648257481340 999.128174 
3648357469273 999.111084 
3648457457139 999.105957 
3648557445205 999.104492 
3648657433438 999.099609 
3648757421638 999.099121 
3648857409838 999.103027 
3648957398071 999.097168 
3649057386304 999.099365 
3649157374504 999.102295 
3649257362704 999.098389 
3649357350904 999.096680 
3649457338804 999.099854 
3649557326704 999.101074 
3649657314837 999.101807 
3649757303070 999.107422 
