# Created at Fri Mar 14 11:29:46 GMT+01:00 2025 in Burnaby Canada 
621008713201254 984.268311 
621008753195316 984.252930 
621008793197869 984.229980 
621008833200629 984.226074 
621008873201619 984.230225 
621008913193754 984.229248 
621008953195785 984.230469 
621008993200994 984.233398 
621009033200785 984.235352 
621009073194952 984.229248 
621009113194639 984.261230 
621009153194900 984.312012 
621009193200889 984.309570 
621009233194431 984.305664 
621009273195369 984.300293 
621009313200889 984.292236 
621009353200369 984.296387 
621009393200629 984.297852 
621009433194691 984.300537 
621009473200525 984.268799 
621009513191619 984.222168 
621009553194639 984.206543 
621009593201046 984.220947 
621009633200421 984.238525 
621009673190941 984.266357 
621009713197660 984.281250 
621009753183441 984.578125 
621009793193025 984.661865 
621009833201202 984.731689 
621009873200577 984.830078 
621009913197712 984.965088 
621009953197973 984.987549 
621009993200941 984.867432 
621010033194952 984.739502 
621010073201462 984.641846 
621010113191671 984.472412 
621010153194639 984.273926 
621010193201202 984.177002 
621010233200994 984.145996 
621010273191150 984.131592 
621010313194900 984.100830 
621010353201358 984.006592 
621010393201202 983.913086 
621010433181566 983.908447 
621010473195108 983.981689 
621010513200837 984.013184 
621010553201098 984.056152 
621010593200681 984.107422 
621010633200941 984.136963 
621010673201202 984.163818 
621010713191931 984.247803 
621010753195056 984.329102 
621010793200681 984.415771 
621010833200941 984.494873 
621010873191671 984.483643 
621010913193181 984.412842 
621010953200994 984.367188 
621010993200629 984.371094 
621011033180733 984.378418 
621011073198025 984.371826 
621011113194900 984.357666 
621011153200577 984.344971 
621011193200941 984.337402 
621011233193598 984.337402 
621011273200108 984.333496 
621011313192400 984.329834 
621011353194119 984.331543 
621011393200629 984.328125 
621011433201514 984.324951 
621011473191671 984.323242 
621011513272348 984.322998 
621011553200108 984.326904 
621011593200160 984.331787 
621011633191931 984.333984 
621011673198025 984.329834 
621011713200681 984.328125 
621011753200629 984.326660 
621011793200889 984.329346 
621011833180004 984.340576 
621011873200941 984.340576 
621011913197244 984.343262 
621011953194691 984.336670 
621011993200941 984.344238 
621012033200316 984.348877 
621012073203494 984.348145 
621012113282400 984.351563 
621012153200525 984.347412 
621012193198181 984.334961 
621012233198337 984.338135 
621012273195577 984.340576 
621012313194066 984.334961 
621012353201254 984.334229 
621012393202608 984.320801 
621012433200941 984.316162 
621012473193910 984.334473 
621012513199431 984.329590 
621012553194900 984.351807 
621012593244171 984.351563 
621012633201462 984.325684 
621012673191671 984.291992 
621012713192660 984.275635 
621012753200160 984.285156 
621012793195108 984.318604 
621012833195108 984.363525 
621012873196150 984.405518 
621012913201202 984.399414 
621012953200316 984.365967 
621012993194171 984.287109 
621013033195369 984.270752 
621013073200525 984.226807 
621013113200212 984.183594 
621013153195473 984.204346 
621013193194379 984.253662 
621013233200212 984.278076 
621013273191619 984.288330 
621013313201983 984.311035 
621013353199483 984.344482 
621013393200369 984.364990 
621013433194900 984.371826 
621013473197660 984.357422 
621013513199691 984.361328 
621013553199900 984.368896 
621013593182504 984.372314 
621013633195212 984.331055 
621013673200264 984.298828 
621013713318806 984.322021 
621013753194171 984.289063 
621013793195056 984.294678 
621013833197400 984.291016 
621013873193441 984.266602 
621013913195369 984.265381 
621013953194900 984.286133 
621013993195004 984.323975 
621014033194431 984.363770 
621014073194119 984.392090 
621014113197556 984.314209 
621014153198910 984.286865 
621014193191358 984.296387 
621014233221775 984.251709 
621014273307452 984.229980 
621014313195785 984.239990 
621014353193129 984.268555 
621014393203285 984.333984 
621014433200994 984.353027 
621014473200369 984.344727 
621014513200629 984.368652 
621014553200421 984.366455 
621014593313910 984.381592 
621014633194379 984.376221 
621014673195056 984.358643 
621014713200629 984.320068 
621014753199848 984.324951 
621014793191410 984.294922 
621014833193285 984.285889 
621014873197504 984.304932 
621014913193858 984.301270 
621014953194848 984.279541 
621014993200421 984.270264 
621015033200473 984.284424 
621015073200577 984.314941 
621015113200629 984.485596 
621015153197191 984.514893 
621015193194796 984.452148 
621015233191098 984.388428 
621015273194431 984.374023 
621015313200004 984.343994 
621015353201046 984.295410 
621015393191619 984.275635 
621015433282660 984.282715 
621015473200941 984.312744 
621015513201098 984.366455 
621015553180473 984.371582 
621015593354431 984.375244 
621015633201566 984.363281 
621015673200421 984.348389 
621015713200056 984.368652 
621015753200577 984.371582 
621015793199744 984.349609 
621015833191358 984.301514 
621015873198494 984.314697 
621015913200889 984.270020 
621015953201150 984.271484 
621015993201983 984.280762 
621016033272921 984.265869 
621016073200941 984.247803 
621016113196671 984.238770 
621016153192869 984.255859 
621016193197452 984.317139 
621016233200316 984.350098 
621016273200681 984.372803 
621016313200108 984.304199 
621016353211671 984.307373 
621016393197139 984.325439 
621016433193858 984.287842 
621016473194483 984.264893 
621016513194327 984.269043 
621016553197712 984.291748 
621016593191619 984.329102 
621016633266514 984.343506 
621016673199900 984.336426 
621016713200785 984.358643 
621016753191619 984.347900 
621016793198077 984.351563 
621016833200056 984.344482 
621016873199848 984.326172 
621016913200785 984.299561 
621016953197191 984.327148 
621016993200837 984.282715 
621017033199066 984.269775 
621017073194379 984.282471 
621017113195264 984.275635 
621017153201202 984.249756 
621017193191098 984.239502 
621017233270733 984.249756 
621017273200473 984.282471 
621017313195056 984.338867 
621017353191566 984.422852 
621017393197973 984.314941 
621017433201202 984.285645 
621017473200941 984.256592 
621017513193650 984.250000 
621017553198233 984.289795 
621017593194952 984.295898 
621017633195004 984.315918 
621017673194900 984.337158 
621017713206983 984.335693 
621017753200889 984.352783 
621017793191306 984.344238 
621017833231931 984.337158 
621017873200004 984.353271 
621017913317869 984.339844 
621017953191358 984.307129 
621017993194275 984.322266 
621018033200108 984.293945 
621018073199848 984.285645 
621018113179691 984.283203 
621018153195160 984.270508 
621018193200681 984.242920 
621018233194691 984.222900 
621018273194639 984.229248 
621018313195785 984.276367 
621018353199848 984.336182 
621018393191358 984.433105 
621018433268441 984.391602 
621018473201098 984.339844 
621018513195108 984.295898 
621018553193650 984.262695 
621018593332296 984.253418 
621018633191983 984.304932 
621018673199535 984.300049 
621018713193337 984.323242 
621018753196098 984.334229 
621018793201098 984.348145 
621018833200212 984.362793 
621018873194535 984.358643 
621018913220264 984.360107 
621018953200473 984.363037 
621018993200837 984.358643 
621019033195473 984.329590 
621019073200525 984.330566 
621019113277869 984.310303 
621019153191358 984.300781 
621019193196827 984.313477 
621019233200108 984.297363 
621019273200577 984.267090 
621019313190577 984.243408 
621019353268285 984.251709 
621019393193077 984.281494 
621019433200316 984.381348 
621019473193233 984.441650 
621019513179796 984.359131 
621019553201046 984.411865 
621019593201202 984.403076 
621019633200629 984.346436 
621019673201098 984.300537 
621019713200004 984.287598 
621019753193806 984.291016 
621019793195108 984.310547 
621019833200785 984.340332 
621019873197660 984.332764 
621019913195212 984.348389 
621019953215369 984.349854 
621019993199483 984.359619 
621020033201150 984.380615 
621020073196150 984.358398 
621020113289535 984.310303 
621020153200004 984.314209 
621020193200525 984.284180 
621020233200004 984.274414 
621020273199848 984.301758 
621020313200316 984.294922 
621020353191619 984.272705 
621020393194691 984.255371 
621020433200733 984.264893 
621020473200160 984.288574 
621020513194171 984.398193 
621020553263389 984.455811 
621020593194171 984.383545 
621020633201046 984.340576 
621020673194639 984.277344 
621020713197035 984.259521 
621020753200889 984.302734 
621020793201150 984.296875 
621020833200629 984.318848 
621020873201098 984.343262 
621020913179691 984.352539 
621020953191879 984.367920 
621020993196254 984.363037 
621021033199848 984.354492 
621021073200994 984.359619 
621021113191879 984.343262 
621021153195421 984.325928 
621021193200212 984.349854 
621021233179587 984.323486 
621021273198910 984.293701 
621021313198129 984.282715 
621021353200889 984.265137 
621021393200837 984.247070 
621021433201046 984.240723 
621021473179952 984.271973 
621021513201306 984.318359 
621021553202712 984.326904 
621021593194848 984.375244 
621021633200837 984.311523 
621021673197869 984.291016 
621021713191358 984.305176 
621021753201254 984.262695 
621021793200160 984.236572 
621021833200316 984.246094 
621021873192400 984.269531 
621021913355889 984.317627 
621021953200264 984.342285 
621021993200681 984.344482 
621022033199744 984.378662 
621022073200473 984.365967 
621022113207816 984.389893 
621022153197400 984.397217 
621022193194431 984.344727 
621022233193858 984.306152 
621022273200785 984.315430 
621022313190837 984.271484 
621022353259119 984.285400 
621022393335733 984.308838 
621022433200264 984.294678 
621022473191098 984.273926 
621022513194952 984.262695 
621022553200056 984.272949 
621022593200264 984.317871 
621022633179171 984.352783 
621022673196046 984.401123 
621022713200785 984.348877 
621022753199848 984.334473 
621022793194431 984.291992 
621022833192712 984.271240 
621022873194639 984.273193 
621022913195160 984.318604 
621022953255473 984.320313 
621022993200369 984.352539 
621023033178962 984.342285 
621023073192139 984.349609 
621023113196358 984.357178 
621023153200525 984.341064 
621023193200837 984.358154 
621023233185525 984.357666 
621023273202452 984.326172 
621023313200108 984.297119 
621023353194379 984.316895 
621023393195108 984.288086 
621023433200577 984.291016 
621023473193962 984.288086 
621023513191098 984.269043 
621023553244223 984.239990 
621023593201150 984.240967 
621023633336566 984.267334 
621023673191619 984.314453 
621023713194379 984.348389 
621023753200473 984.385498 
621023793201202 984.357910 
621023833180160 984.323242 
621023873195473 984.277344 
621023913203389 984.259277 
621023953194171 984.284424 
621023993196775 984.316650 
621024033194327 984.346436 
621024073200785 984.355713 
621024113197296 984.367920 
621024153380369 984.379150 
621024193201046 984.364746 
621024233201046 984.360596 
621024273194119 984.335938 
621024313195369 984.318604 
621024353201254 984.317627 
621024393201098 984.345459 
621024433193441 984.312988 
621024473321358 984.304443 
621024513201150 984.274902 
621024553201462 984.239502 
621024593194223 984.208740 
621024633191671 984.216797 
621024673194327 984.242188 
621024713200525 984.313477 
621024753200681 984.400635 
621024793200577 984.406738 
621024833200369 984.379883 
621024873191098 984.340820 
621024913199014 984.292480 
621024953200056 984.265381 
621024993200160 984.275391 
621025033190889 984.313232 
621025073303077 984.315186 
621025113200056 984.326660 
621025153194223 984.314209 
621025193251202 984.354248 
621025233195421 984.353760 
621025273199275 984.371582 
621025313197504 984.398926 
621025353199639 984.361816 
621025393200316 984.304443 
621025433200004 984.288574 
621025473193858 984.276367 
621025513195473 984.245850 
621025553200316 984.279053 
621025593200212 984.293213 
621025633191098 984.279541 
621025673304587 984.267822 
621025713201566 984.259766 
621025753200577 984.280273 
621025793309848 984.320801 
621025833194483 984.369141 
621025873200316 984.404541 
621025913200421 984.355469 
621025953200004 984.338379 
621025993201046 984.302979 
621026033194327 984.262451 
621026073191150 984.258057 
621026113197921 984.267822 
621026153193441 984.281494 
621026193201046 984.339600 
621026233191358 984.351318 
621026273194848 984.344482 
621026313195369 984.347656 
621026353200889 984.326172 
621026393180316 984.321777 
621026433196879 984.319580 
621026473195056 984.299072 
621026513200004 984.269531 
621026553200473 984.309570 
621026593194535 984.287598 
621026633200316 984.287842 
621026673196566 984.292480 
621026713195004 984.279297 
621026753192504 984.258301 
621026793200264 984.258789 
621026833191671 984.274902 
621026873199744 984.311768 
621026913201046 984.338867 
621026953194691 984.428467 
621026993192712 984.359863 
621027033194483 984.290527 
621027073201098 984.272705 
621027113200785 984.254395 
621027153200837 984.240479 
621027193193441 984.254639 
621027233200681 984.278076 
621027273200108 984.304932 
621027313196046 984.336426 
621027353201202 984.357666 
621027393195733 984.364014 
621027433190577 984.363281 
621027473323389 984.340332 
621027513200629 984.301758 
621027553195473 984.297852 
621027593193389 984.288574 
621027633197660 984.324463 
621027673201202 984.277588 
621027713200108 984.275635 
621027753200056 984.283447 
621027793193702 984.275391 
621027833194431 984.251709 
621027873329014 984.250488 
621027913194900 984.263428 
621027953194952 984.298340 
621027993200785 984.330566 
621028033191619 984.395264 
621028073335264 984.338379 
621028113194848 984.313965 
621028153201410 984.290283 
621028193191358 984.262695 
621028233196358 984.251953 
621028273200108 984.270508 
621028313200369 984.293457 
621028353183285 984.318115 
621028393196046 984.327881 
621028433200577 984.325439 
621028473200056 984.334961 
621028513195264 984.339355 
621028553195525 984.333008 
621028593201098 984.331543 
621028633193858 984.313477 
621028673212660 984.284424 
621028713200525 984.291504 
621028753197556 984.298828 
621028793191671 984.289063 
621028833354952 984.293213 
621028873200629 984.281494 
621028913201098 984.256836 
621028953194691 984.238037 
621028993193494 984.247314 
621029033192504 984.262207 
621029073193025 984.330811 
621029113196462 984.381348 
621029153201150 984.377197 
621029193200473 984.362305 
621029233191619 984.371338 
621029273194796 984.357666 
621029313200994 984.318115 
621029353332816 984.287109 
621029393191879 984.283447 
621029433198441 984.301270 
621029473196202 984.351807 
621029513200629 984.345215 
621029553198337 984.355469 
621029593194275 984.359375 
621029633194796 984.360596 
621029673199848 984.379395 
621029713195212 984.368408 
621029753194483 984.318115 
621029793201202 984.285645 
621029833199744 984.276855 
621029873198546 984.239014 
621029913200837 984.267334 
621029953194691 984.272217 
621029993324639 984.257080 
621030033195525 984.235107 
621030073196514 984.239990 
621030113200004 984.270996 
621030153191619 984.333496 
621030193193494 984.395508 
621030233200577 984.402344 
621030273200577 984.355957 
621030313255264 984.341064 
621030353195056 984.292480 
621030393200160 984.277588 
621030433200421 984.302734 
621030473200681 984.329102 
621030513200525 984.317139 
621030553334744 984.350342 
621030593192764 984.371338 
621030633349900 984.379395 
621030673200004 984.365967 
621030713199900 984.352783 
621030753192400 984.337158 
621030793292296 984.313721 
621030833200681 984.288086 
621030873200889 984.295898 
621030913193129 984.260254 
621030953195577 984.263672 
621030993199744 984.265137 
621031033201306 984.242432 
621031073200108 984.216064 
621031113179223 984.211914 
621031153200889 984.246582 
621031193193702 984.303223 
621031233197139 984.328125 
621031273201514 984.361572 
621031313201098 984.309570 
621031353191358 984.275635 
621031393286358 984.276123 
621031433201046 984.258789 
621031473197608 984.234863 
621031513180108 984.261719 
621031553193181 984.265625 
621031593197816 984.314453 
621031633192973 984.334473 
621031673200108 984.335693 
621031713194744 984.344727 
621031753200056 984.352539 
621031793193598 984.382568 
621031833331931 984.360596 
621031873194275 984.296875 
621031913200212 984.273926 
621031953196202 984.268311 
621031993194223 984.229248 
621032033180056 984.250732 
621032073200889 984.260010 
621032113193962 984.245850 
621032153394171 984.231201 
621032193200056 984.224609 
621032233198441 984.245361 
621032273200889 984.298340 
621032313193598 984.356201 
621032353194535 984.372314 
621032393199952 984.390869 
621032433206566 984.378662 
621032473200056 984.322998 
621032513200785 984.310547 
621032553191410 984.307861 
621032593286723 984.318115 
621032633193129 984.324219 
621032673200160 984.347900 
621032713195889 984.361572 
621032753197608 984.370850 
621032793200525 984.371826 
621032833197712 984.354980 
621032873200941 984.353760 
621032913196462 984.331055 
621032953194691 984.314453 
621032993194900 984.301025 
621033033193858 984.307373 
621033073194379 984.267090 
621033113200681 984.271240 
621033153190785 984.270020 
621033193227921 984.259033 
621033233200264 984.238770 
621033273200264 984.238037 
621033313308858 984.255127 
621033353193546 984.307129 
621033393200316 984.356689 
621033433200056 984.364990 
621033473179639 984.374268 
621033513195369 984.354980 
621033553195108 984.315186 
621033593200316 984.282227 
621033633193962 984.272949 
621033673195994 984.287598 
621033713200421 984.302734 
621033753191619 984.339844 
621033793262764 984.333252 
621033833201150 984.356201 
621033873201566 984.370361 
621033913320369 984.381592 
621033953194900 984.359863 
621033993200004 984.324707 
621034033200004 984.324219 
621034073181983 984.312012 
621034113202504 984.281494 
621034153200264 984.284180 
621034193200577 984.270996 
621034233195264 984.251953 
621034273194952 984.232178 
621034313200160 984.236328 
621034353192504 984.261230 
621034393265941 984.354004 
621034433200525 984.444336 
621034473193910 984.354980 
621034513192087 984.377930 
621034553195785 984.351563 
621034593200004 984.311523 
621034633200629 984.284668 
621034673189171 984.290527 
621034713200733 984.299316 
621034753194014 984.324219 
621034793193858 984.343506 
621034833195733 984.331055 
621034873193702 984.346191 
621034913201410 984.357666 
621034953200108 984.355225 
621034993201046 984.362549 
621035033200889 984.359131 
621035073201254 984.310303 
621035113276566 984.300537 
621035153195316 984.289795 
621035193199900 984.270264 
621035233199900 984.286865 
621035273191619 984.282471 
621035313275316 984.256592 
621035353200108 984.241455 
621035393200577 984.244385 
621035433193650 984.271240 
621035473193702 984.365967 
621035513200473 984.434082 
621035553199900 984.382324 
621035593200681 984.376953 
621035633192139 984.338623 
621035673200160 984.305420 
621035713193806 984.290771 
621035753194431 984.313477 
621035793200056 984.304443 
621035833197504 984.314209 
621035873191358 984.328857 
621035913288181 984.334961 
621035953200994 984.342041 
621035993196983 984.359863 
621036033198754 984.369385 
621036073231619 984.365967 
621036113200525 984.357666 
621036153200160 984.309570 
621036193200160 984.302734 
621036233200994 984.282227 
621036273198337 984.280762 
621036313202973 984.307861 
621036353194952 984.314209 
621036393194066 984.291260 
621036433200264 984.282959 
621036473191619 984.288574 
621036513193598 984.303467 
621036553200212 984.410889 
621036593200837 984.440430 
621036633180525 984.344971 
621036673368754 984.334229 
621036713198441 984.310303 
621036753199744 984.273926 
621036793199535 984.256348 
621036833195837 984.278564 
621036873194431 984.285156 
621036913190837 984.363525 
621036953195421 984.388672 
621036993200056 984.375977 
621037033198285 984.373047 
621037073191358 984.350830 
621037113264275 984.336914 
621037153194431 984.308838 
621037193200056 984.287598 
621037233193598 984.297119 
621037273195345 984.276123 
621037313201022 984.270020 
621037353200397 984.251221 
621037393196126 984.230713 
621037433179615 984.207275 
621037473200657 984.217285 
621037513193990 984.263672 
621037553194668 984.355713 
621037593200865 984.408203 
621037633200918 984.370605 
621037673191647 984.340576 
621037713283053 984.324463 
621037753201595 984.275391 
621037793326595 984.259277 
621037833193105 984.294434 
621037873192845 984.318115 
621037913199043 984.313965 
621037953200918 984.338135 
621037993195293 984.344971 
621038033198626 984.355469 
621038073201386 984.336914 
621038113192845 984.333496 
621038153195813 984.345459 
621038193194928 984.312988 
621038233200605 984.289551 
621038273191386 984.313721 
621038313195240 984.273193 
621038353195293 984.273438 
621038393201126 984.284912 
621038433188157 984.277344 
621038473194824 984.256348 
621038513201178 984.239258 
621038553201178 984.259033 
621038593200501 984.297363 
621038633198157 984.380371 
621038673200709 984.416504 
621038713200918 984.322021 
621038753196282 984.304199 
621038793196178 984.307617 
621038833200293 984.286865 
621038873191699 984.261230 
621038913285709 984.257324 
621038953200918 984.275635 
621038993201178 984.304932 
621039033191647 984.321533 
621039073195970 984.329834 
621039113200657 984.376709 
621039153200918 984.381592 
621039193180136 984.355713 
621039233194095 984.369873 
621039273201907 984.352783 
621039313193209 984.309814 
621039353196126 984.337646 
621039393196230 984.314697 
621039433200188 984.294434 
621039473191907 984.297363 
621039513262428 984.281250 
621039553200865 984.259766 
621039593200345 984.239014 
621039633191647 984.240479 
621039673194772 984.279541 
621039713200501 984.370850 
621039753200813 984.448486 
621039793181490 984.395752 
621039833194043 984.368896 
621039873201022 984.331787 
621039913201490 984.281982 
621039953194876 984.274170 
621039993194876 984.316406 
621040033201595 984.323486 
621040073192740 984.330566 
621040113206230 984.353027 
621040153201438 984.364014 
621040193200813 984.358154 
621040233192688 984.350342 
621040273195449 984.360352 
621040313201438 984.356201 
621040353201490 984.343018 
621040393191386 984.297607 
621040433234199 984.304688 
621040473200918 984.287354 
621040513201334 984.276367 
621040553195605 984.277344 
621040593193261 984.256836 
621040633200605 984.238770 
621040673201490 984.257080 
621040713195293 984.302490 
621040753200553 984.366943 
621040793200657 984.414063 
621040833192011 984.315186 
621040873196699 984.307861 
621040913200553 984.295898 
621040953201647 984.262207 
621040993191647 984.262939 
621041033194511 984.305664 
621041073201647 984.322510 
621041113194980 984.349609 
621041153256438 984.369873 
621041193270397 984.371094 
621041233201386 984.382568 
621041273195136 984.368164 
621041313201386 984.369141 
621041353201490 984.372803 
621041393192740 984.350830 
621041433192115 984.323975 
621041473198313 984.321045 
621041513196438 984.274170 
621041553200761 984.270508 
621041593191647 984.264160 
621041633284876 984.244873 
621041673200605 984.227051 
621041713195501 984.228760 
621041753196803 984.243652 
621041793195553 984.286133 
621041833200761 984.302490 
621041873201178 984.383545 
621041913200918 984.312744 
621041953200032 984.293945 
621041993194303 984.309326 
621042033193157 984.282959 
621042073198834 984.267578 
621042113200605 984.264160 
621042153198678 984.295654 
621042193197063 984.354004 
621042233220553 984.369141 
621042273194303 984.361328 
621042313201595 984.372559 
621042353180501 984.359863 
621042393196699 984.359863 
621042433200605 984.348145 
621042473200709 984.329590 
621042513200084 984.313965 
621042553179563 984.327637 
621042593201647 984.295166 
621042633191386 984.297363 
621042673196126 984.286621 
621042713201126 984.274658 
621042753201126 984.247559 
621042793195970 984.237305 
621042833236230 984.265381 
621042873200970 984.360840 
621042913200345 984.400635 
621042953313574 984.381592 
621042993198157 984.380615 
621043033198678 984.388184 
621043073200657 984.348633 
621043113200345 984.307861 
621043153194876 984.307129 
621043193259772 984.322266 
621043233194824 984.347168 
621043273196282 984.394287 
621043313195345 984.379395 
621043353198209 984.386719 
621043393191907 984.376709 
621043433195709 984.357422 
621043473201647 984.391357 
621043513200761 984.353516 
621043553191647 984.327637 
621043593196074 984.341553 
621043633200761 984.292480 
621043673201595 984.282715 
621043713201438 984.278076 
621043753196022 984.259277 
621043793201959 984.240479 
621043833201438 984.228760 
621043873196282 984.297607 
621043913194928 984.354980 
621043953200918 984.409180 
621043993198261 984.327881 
621044033180084 984.310303 
621044073179511 984.288818 
621044113198782 984.272217 
621044153192897 984.266846 
621044193195397 984.284912 
621044233200084 984.295410 
621044273202011 984.336670 
621044313179407 984.348633 
621044353195240 984.352783 
621044393200918 984.359863 
621044433194511 984.365234 
621044473195136 984.376709 
621044513197324 984.365723 
621044553199459 984.344727 
621044593192115 984.293213 
621044633292168 984.294189 
621044673201126 984.264893 
621044713195136 984.268555 
621044753323574 984.279297 
621044793195761 984.277832 
621044833204980 984.249023 
621044873201543 984.227051 
621044913181178 984.238770 
621044953193053 984.281738 
621044993195657 984.340332 
621045033201074 984.419922 
621045073196699 984.326416 
621045113195345 984.299316 
621045153199563 984.294189 
621045193192168 984.276367 
621045233322480 984.270508 
621045273201178 984.286133 
621045313198678 984.297119 
621045353192897 984.340332 
621045393298834 984.355957 
621045433201126 984.357178 
621045473201334 984.373291 
621045513179407 984.378174 
621045553196126 984.382324 
621045593201022 984.388916 
621045633334615 984.350586 
621045673194147 984.331299 
621045713193105 984.348145 
621045753200970 984.311035 
621045793204251 984.304932 
621045833206126 984.296387 
621045873192845 984.274414 
621045913201907 984.240479 
621045953193626 984.221191 
621045993194511 984.246338 
621046033201907 984.305664 
621046073200918 984.346680 
621046113191438 984.428711 
621046153360553 984.347412 
621046193192949 984.312500 
621046233179459 984.291016 
621046273195709 984.250977 
621046313193730 984.236328 
621046353205918 984.272217 
621046393200709 984.289307 
621046433201126 984.329590 
621046473198365 984.334229 
621046513194563 984.347656 
621046553191386 984.357666 
621046593194615 984.360107 
621046633195553 984.375977 
621046673201699 984.350098 
621046713192168 984.337158 
621046753201282 984.313965 
621046793200865 984.324951 
621046833200970 984.270508 
621046873268470 984.277588 
621046913194459 984.282715 
621046953201699 984.269775 
621046993200813 984.247803 
621047033180345 984.239014 
621047073201074 984.251953 
621047113194615 984.293457 
621047153191699 984.307617 
621047193195970 984.313965 
621047233195397 984.294678 
621047273200918 984.286865 
621047313192688 984.257324 
621047353193313 984.261963 
621047393201751 984.286133 
621047433201230 984.308594 
621047473181074 984.366211 
621047513337845 984.370605 
621047553201699 984.381104 
621047593200813 984.387207 
621047633201386 984.364746 
621047673198053 984.354004 
621047713201438 984.352051 
621047753192845 984.336670 
621047793195970 984.323486 
621047833198157 984.330566 
621047873201126 984.306152 
621047913192168 984.292725 
621047953235553 984.273682 
621047993180293 984.243896 
621048033201647 984.229248 
621048073181282 984.225586 
621048113266855 984.258057 
621048153201490 984.342529 
621048193201959 984.384277 
621048233197636 984.387207 
621048273255188 984.354004 
621048313194980 984.336670 
621048353193313 984.293945 
621048393196074 984.264160 
621048433200813 984.273438 
621048473201126 984.310791 
621048513191126 984.318604 
621048553196543 984.349854 
621048593201751 984.344727 
621048633199043 984.359131 
621048673191647 984.373047 
621048713196126 984.369141 
621048753200865 984.383545 
621048793202115 984.363770 
621048833201230 984.336426 
621048873195501 984.309814 
621048913201543 984.321289 
621048953202636 984.273193 
621048993198261 984.286377 
621049033198001 984.273682 
621049073200397 984.254639 
621049113191647 984.232666 
621049153233834 984.235352 
621049193319876 984.249023 
621049233200657 984.344971 
621049273192636 984.393555 
621049313198782 984.363037 
621049353201178 984.357910 
621049393201595 984.350098 
621049433201126 984.345215 
621049473198938 984.315186 
621049513201022 984.297607 
621049553200865 984.285156 
621049593195240 984.311768 
621049633208678 984.379150 
621049673200345 984.378662 
621049713191647 984.385498 
621049753274980 984.393066 
621049793201751 984.377930 
621049833295501 984.375732 
621049873192324 984.382080 
621049913195918 984.350586 
621049953200813 984.341553 
621049993200918 984.321533 
621050033179147 984.305664 
621050073204876 984.300049 
621050113200553 984.267334 
621050153195293 984.239258 
621050193195761 984.223389 
621050233201543 984.234131 
621050273201230 984.271973 
621050313192949 984.321289 
621050353291751 984.378418 
621050393200761 984.349609 
621050433196230 984.365479 
621050473192168 984.335205 
621050513195553 984.250000 
621050553194824 984.288330 
621050593201230 984.311279 
621050633194876 984.315674 
621050673194563 984.352295 
621050713194720 984.351807 
621050753201647 984.366699 
621050793193886 984.377441 
621050833197949 984.364014 
621050873194563 984.387451 
621050913191595 984.371826 
621050953320605 984.331543 
621050993200813 984.324707 
621051033201178 984.311768 
621051073192428 984.278809 
621051113358834 984.272705 
621051153201699 984.264893 
621051193200293 984.255615 
621051233194511 984.234863 
621051273275657 984.240234 
621051313200657 984.267334 
621051353198365 984.303955 
621051393200657 984.369385 
621051433207845 984.371582 
621051473201230 984.322998 
621051513200657 984.318115 
621051553200605 984.277832 
621051593200084 984.246826 
621051633200761 984.263916 
621051673191647 984.289795 
621051713198730 984.297363 
621051753200761 984.323242 
621051793193261 984.309570 
621051833191647 984.321777 
621051873194355 984.352783 
621051913200970 984.365479 
621051953296334 984.364502 
621051993222115 984.358398 
621052033197115 984.333252 
621052073195449 984.278320 
621052113201699 984.285400 
621052153201074 984.247559 
621052193201647 984.261963 
621052233195345 984.284668 
621052273192168 984.277100 
621052313193313 984.254639 
621052353201178 984.235596 
621052393197480 984.245605 
621052433191647 984.316650 
621052473275293 984.351563 
621052513195761 984.371582 
621052553201334 984.293457 
621052593198157 984.305664 
621052633262376 984.287354 
621052673201386 984.270020 
621052713200813 984.259277 
621052753201386 984.268311 
621052793201178 984.295654 
621052833201699 984.355225 
621052873195188 984.357666 
621052913195918 984.353760 
621052953201490 984.361816 
621052993201334 984.357178 
621053033194147 984.385498 
621053073241022 984.373047 
621053113201595 984.337891 
621053153180084 984.327148 
621053193330501 984.311035 
621053233195501 984.269043 
621053273201230 984.263916 
621053313201386 984.242188 
621053353201438 984.217773 
621053393311699 984.200195 
621053433200709 984.217773 
621053473193261 984.246582 
621053513194511 984.317871 
621053553193574 984.360107 
621053593201178 984.369141 
621053633196647 984.309814 
621053673233626 984.317627 
621053713201126 984.321533 
621053753199563 984.282715 
621053793180240 984.281982 
621053833195657 984.312744 
621053873201074 984.370117 
621053913200293 984.383301 
621053953201126 984.385986 
621053993194511 984.385254 
621054033202272 984.361816 
621054073318001 984.362793 
621054113194563 984.362061 
621054153200761 984.345947 
621054193200553 984.319092 
621054233191647 984.323730 
621054273215918 984.286377 
621054313200345 984.271484 
621054353201126 984.243652 
621054393192168 984.225586 
621054433196178 984.197021 
621054473201126 984.193604 
621054513201334 984.239990 
621054553201178 984.311035 
621054593199668 984.344727 
621054633201438 984.379395 
621054673180449 984.367676 
621054713196438 984.334961 
621054753200865 984.279785 
621054793201490 984.252197 
621054833204355 984.266846 
621054873193678 984.326172 
621054913198574 984.336426 
621054953201751 984.371094 
621054993192793 984.374023 
621055033198782 984.369385 
621055073201647 984.373047 
621055113201647 984.373779 
621055153180240 984.377686 
621055193196490 984.342285 
621055233201334 984.304443 
621055273201490 984.293701 
621055313197168 984.289063 
621055353294407 984.261963 
621055393201751 984.275635 
621055433192740 984.280518 
621055473323418 984.256836 
621055513201282 984.241699 
621055553200605 984.251465 
621055593192168 984.266113 
621055633198209 984.297119 
621055673200709 984.352051 
621055713201230 984.323730 
621055753179824 984.378174 
621055793194772 984.360840 
621055833201699 984.319580 
621055873201751 984.297119 
621055913195084 984.300293 
621055953195084 984.294922 
621055993200240 984.297607 
621056033191959 984.341309 
621056073309615 984.342773 
621056113201647 984.348145 
621056153201595 984.358398 
621056193191334 984.360840 
621056233293105 984.357422 
621056273201230 984.316650 
621056313201751 984.284424 
621056353179720 984.308594 
621056393200918 984.259521 
621056433201490 984.250977 
621056473199615 984.259277 
621056513202584 984.239746 
621056553201178 984.209229 
621056593195345 984.190918 
621056633192220 984.221924 
621056673195501 984.286621 
621056713198626 984.332275 
621056753201543 984.375000 
621056793193574 984.348877 
621056833195345 984.299316 
621056873201386 984.226563 
621056913201178 984.239258 
621056953193730 984.257813 
621056993195397 984.320801 
621057033253105 984.332031 
621057073201386 984.354248 
621057113196178 984.365234 
621057153197532 984.372070 
621057193200970 984.350342 
621057233198157 984.371094 
621057273200501 984.350830 
621057313197897 984.308838 
621057353200397 984.276123 
621057393191438 984.247314 
621057433196595 984.242920 
621057473201178 984.281494 
621057513201595 984.302734 
621057553191386 984.276367 
621057593226230 984.260010 
621057633200918 984.268066 
621057673200865 984.313721 
621057713195709 984.406738 
621057753200605 984.455566 
621057793200136 984.360840 
621057833201230 984.314697 
621057873200761 984.302246 
621057913200657 984.260498 
621057953200865 984.243652 
621057993200709 984.280029 
621058033197740 984.282471 
621058073200605 984.307861 
621058113200605 984.331543 
621058153191907 984.323975 
621058193271126 984.337402 
621058233201647 984.343506 
621058273201282 984.349609 
621058313184199 984.341553 
621058353347063 984.305420 
621058393201490 984.260254 
621058433201699 984.258545 
621058473201074 984.226807 
621058513201490 984.250977 
621058553201803 984.280518 
621058593192376 984.263428 
621058633196022 984.230225 
621058673201751 984.208008 
621058713200918 984.223877 
621058753192168 984.275146 
621058793197063 984.340820 
621058833284303 984.421143 
621058873198418 984.348633 
621058913181126 984.312500 
621058953195188 984.271973 
621058993202272 984.237305 
621059033204824 984.243652 
621059073201490 984.257568 
621059113180240 984.270264 
621059153194928 984.321533 
621059193191386 984.336182 
621059233194043 984.338867 
621059273201751 984.358398 
621059313201386 984.348877 
621059353192220 984.324951 
621059393248001 984.333740 
621059433201438 984.302246 
621059473197376 984.262207 
621059513179459 984.273926 
621059553194928 984.259277 
621059593200918 984.271240 
621059633199251 984.291992 
621059673201438 984.283691 
621059713194980 984.251953 
621059753200553 984.236572 
621059793194407 984.260742 
621059833195397 984.315186 
621059873200136 984.308838 
621059913200553 984.417725 
621059953192168 984.338623 
621059993193782 984.274170 
621060033199355 984.251465 
621060073201490 984.211182 
621060113197272 984.221191 
621060153195605 984.260498 
621060193201386 984.265381 
621060233200657 984.304932 
621060273200605 984.334229 
621060313198209 984.336914 
621060353199199 984.350586 
621060393194876 984.334961 
621060433195657 984.340088 
621060473213105 984.322754 
621060513201699 984.309570 
621060553191647 984.334961 
621060593292168 984.305176 
621060633200918 984.284912 
621060673200188 984.288086 
621060713192428 984.278564 
621060753195084 984.256592 
621060793194303 984.251709 
621060833200605 984.258301 
621060873200553 984.289063 
621060913194876 984.311523 
621060953194355 984.399658 
621060993200032 984.306396 
621061033194980 984.303711 
621061073195293 984.337158 
621061113200657 984.295166 
621061153191126 984.271973 
621061193203001 984.251465 
621061233200501 984.265137 
621061273200397 984.299561 
621061313307845 984.331787 
621061353196022 984.313965 
621061393201490 984.344727 
621061433200865 984.353027 
621061473180084 984.354736 
621061513194043 984.358398 
621061553200709 984.326660 
621061593200293 984.282471 
621061633195865 984.275146 
621061673194095 984.269775 
621061713200970 984.259033 
621061753191386 984.275391 
621061793195084 984.272705 
621061833200501 984.257080 
621061873195188 984.243652 
621061913191959 984.250732 
621061953179251 984.276611 
621061993201855 984.359131 
621062033200657 984.438721 
621062073179147 984.387207 
621062113180188 984.353027 
621062153194355 984.332031 
621062193201647 984.298340 
621062233196178 984.290527 
621062273195553 984.304199 
621062313194928 984.303711 
621062353199199 984.306885 
621062393226334 984.350342 
621062433199303 984.347412 
621062473194615 984.354248 
621062513190032 984.352539 
621062553195240 984.330322 
621062593201178 984.343262 
621062633201334 984.335693 
621062673192688 984.308594 
621062713251595 984.277100 
621062753200345 984.261230 
621062793201647 984.237061 
621062833198001 984.259766 
621062873193886 984.260986 
621062913200970 984.241699 
621062953200813 984.214600 
621062993200657 984.219727 
621063033200709 984.237549 
621063073198522 984.252197 
621063113191907 984.361816 
621063153196126 984.368164 
621063193200865 984.418213 
621063233200813 984.353516 
621063273191647 984.282471 
621063313214095 984.282715 
621063353194928 984.317871 
621063393201490 984.310791 
621063433267636 984.301270 
621063473292376 984.328613 
621063513201074 984.334473 
621063553200449 984.332275 
621063593201490 984.326904 
621063633194928 984.345947 
621063673192532 984.345703 
621063713191699 984.327148 
621063753193834 984.277344 
621063793197220 984.291016 
621063833197793 984.240479 
621063873191386 984.260742 
621063913264772 984.257080 
621063953200970 984.227783 
621063993200865 984.213379 
621064033180345 984.215088 
621064073351595 984.259521 
621064113200970 984.328369 
621064153200865 984.451660 
621064193198470 984.345703 
621064233200918 984.371094 
621064273201647 984.361328 
621064313193678 984.343262 
621064353195397 984.314941 
621064393201386 984.291260 
621064433198470 984.290283 
621064473192428 984.319824 
621064513220657 984.365723 
621064553200449 984.366211 
621064593200449 984.361572 
621064633293626 984.369385 
621064673196699 984.362549 
621064713201595 984.383057 
621064753201178 984.338623 
621064793195918 984.322021 
621064833179355 984.309814 
621064873201022 984.260254 
621064913191647 984.258545 
621064953194563 984.256836 
621064993201386 984.246826 
621065033194928 984.213867 
621065073192428 984.215820 
621065113288157 984.248779 
621065153195761 984.389160 
621065193201855 984.469971 
621065233195553 984.405029 
621065273194563 984.357666 
621065313201230 984.329102 
621065353201230 984.275146 
621065393201803 984.260742 
621065433345345 984.300781 
621065473201178 984.337646 
621065513197636 984.336914 
621065553194668 984.386719 
621065593198990 984.384766 
621065633201386 984.381348 
621065673191907 984.373779 
621065713284928 984.348877 
621065753201334 984.356689 
621065793207168 984.314697 
621065833193313 984.291016 
621065873200813 984.309814 
621065913201438 984.282959 
621065953202011 984.265381 
621065993201386 984.271240 
621066033204251 984.264404 
621066073201699 984.246826 
621066113201490 984.228027 
621066153192949 984.225830 
621066193253053 984.272461 
621066233195501 984.342041 
621066273191647 984.419434 
621066313289147 984.319580 
621066353200970 984.323730 
621066393201699 984.317871 
621066433192897 984.280273 
621066473196490 984.269043 
621066513201178 984.258301 
621066553201490 984.271484 
621066593180084 984.293945 
621066633196334 984.342773 
621066673201751 984.350342 
621066713198365 984.363037 
621066753196595 984.367676 
621066793198782 984.374756 
621066833198626 984.377930 
621066873192740 984.321533 
621066913195449 984.275879 
621066953198574 984.261963 
621066993201751 984.211670 
621067033192688 984.247070 
621067073196595 984.264648 
621067113200918 984.252930 
621067153199043 984.217529 
621067193180136 984.244873 
621067233194772 984.296631 
621067273201647 984.365479 
621067313272897 984.393555 
621067353195345 984.333252 
621067393194668 984.326416 
621067433195032 984.296631 
621067473192480 984.280273 
621067513292115 984.261719 
621067553201490 984.271729 
621067593201438 984.297852 
621067633196699 984.354248 
621067673196126 984.346191 
621067713201751 984.358154 
621067753200970 984.362061 
621067793179459 984.354004 
621067833203001 984.384277 
621067873201074 984.369873 
621067913201595 984.335938 
621067953196126 984.325684 
621067993198157 984.297363 
621068033197949 984.254883 
621068073204772 984.264648 
621068113194772 984.255127 
621068153200865 984.241699 
621068193200970 984.209961 
621068233195709 984.210938 
621068273243261 984.239258 
621068313200865 984.331055 
621068353200032 984.414551 
621068393191907 984.353027 
621068433197845 984.353027 
621068473200970 984.358154 
621068513194980 984.312988 
621068553197063 984.294678 
621068593246386 984.274170 
621068633206334 984.278076 
621068673200918 984.300049 
621068713201230 984.333252 
621068753202011 984.328369 
621068793202011 984.327148 
621068833249303 984.347900 
621068873195032 984.355713 
621068913200813 984.365234 
621068953201647 984.345215 
621068993192168 984.302979 
621069033226230 984.298584 
621069073200970 984.249268 
621069113200865 984.263672 
621069153195397 984.279785 
621069193243782 984.274658 
621069233194980 984.254395 
621069273201699 984.238525 
621069313200136 984.252441 
621069353200605 984.322754 
621069393205865 984.356201 
621069433192376 984.384521 
621069473195188 984.309570 
621069513201855 984.328857 
621069553201751 984.322266 
621069593195865 984.277100 
621069633320709 984.265137 
621069673201855 984.274658 
621069713196022 984.314209 
621069753195761 984.365234 
621069793195553 984.369873 
621069833197376 984.347900 
621069873200970 984.363037 
621069913201751 984.337891 
621069953202168 984.369873 
621069993201751 984.354980 
621097069685136 984.284912 
621097109690761 984.288574 
621097149690605 984.289063 
621097189695345 984.290039 
621097229687688 984.289307 
621097269689644 984.290527 
621097309688811 984.287109 
621097349679905 984.291748 
621097389689175 984.295166 
621097429689384 984.301025 
