# Created at Fri Jan 31 08:58:36 GMT+01:00 2025 in Burnaby Canada 
72686415309860 0.000000 0.000000 0.000000 
72686434068037 0.000000 0.000000 0.000000 
72686452826214 0.000000 0.000000 0.000000 
72686471584391 0.000000 0.000000 0.000000 
72686490342568 0.000000 0.000000 0.000000 
72686509100745 0.000000 0.000000 0.000000 
72686527858922 0.000000 0.000000 0.000000 
72686546617100 0.000000 0.000000 0.000000 
72686565375277 0.000000 0.000000 0.000000 
72686584133454 0.000000 0.000000 0.000000 
72686602891579 0.000000 0.000000 0.000000 
72686621649808 0.000000 0.000000 0.000000 
72686640407933 0.000000 0.000000 0.000000 
72686659166162 0.000000 0.000000 0.000000 
72686677924287 0.000000 0.000000 0.000000 
72686696682464 0.000000 0.000000 0.000000 
72686715440641 0.000000 0.000000 0.000000 
72686734198818 0.000000 0.000000 0.000000 
72686752956995 0.000000 0.000000 0.000000 
72686771715172 0.000000 0.000000 0.000000 
72686790473350 0.000000 0.000000 0.000000 
72686809231475 0.000000 0.000000 0.000000 
72686827989704 0.000000 0.000000 0.000000 
72686846747829 0.000000 0.000000 0.000000 
72686865506058 0.000000 0.000000 0.000000 
72686884264183 0.000000 0.000000 0.000000 
72686903022360 0.000000 0.000000 0.000000 
72686921780537 0.000000 0.000000 0.000000 
72686940538714 0.000000 0.000000 0.000000 
72686959296891 0.000000 0.000000 0.000000 
72686978055016 0.000000 0.000000 0.000000 
72686996813193 0.000000 0.000000 0.000000 
72687015571370 0.000000 0.000000 0.000000 
72687034329600 0.000000 0.000000 0.000000 
72687053087725 0.000000 0.000000 0.000000 
72687071845902 0.000000 0.000000 0.000000 
72687090604079 0.000000 0.000000 0.000000 
72687109362256 0.000000 0.000000 0.000000 
72687128120433 0.000000 0.000000 0.000000 
72687146878558 0.000000 0.000000 0.000000 
72687165636787 0.000000 0.000000 0.000000 
72687184394860 0.000000 0.000000 0.000000 
72687203153089 0.000000 0.000000 0.000000 
72687221911266 0.000000 0.000000 0.000000 
72687240669391 0.000000 0.000000 0.000000 
72687259427620 0.000000 0.000000 0.000000 
72687278185745 0.000000 0.000000 0.000000 
72687296943975 0.000000 0.000000 0.000000 
72687315702100 0.000000 0.000000 0.000000 
72687334460277 0.000000 0.000000 0.000000 
72687353218454 0.000000 0.000000 0.000000 
72687371976631 0.000000 0.000000 0.000000 
72687390734808 0.000000 0.000000 0.000000 
72687409492933 0.000000 0.000000 0.000000 
72687428251162 0.000000 0.000000 0.000000 
72687447009287 0.000000 0.000000 0.000000 
72687465767464 0.000000 0.000000 0.000000 
72687484525641 0.000000 0.000000 0.000000 
72687503283818 0.000000 0.000000 0.000000 
72687522041995 0.000000 0.000000 0.000000 
72687540800120 0.000000 0.000000 0.000000 
72687559558350 0.000000 0.000000 0.000000 
72687578316475 0.000000 0.000000 0.000000 
72687597074652 0.000000 0.000000 0.000000 
72687615832829 0.000000 0.000000 0.000000 
72687634591006 0.000000 0.000000 0.000000 
72687653349183 0.000000 0.000000 0.000000 
72687672107308 0.000000 0.000000 0.000000 
72687690865537 0.000000 0.000000 0.000000 
72687709623662 0.000000 0.000000 0.000000 
72687728381891 0.000000 0.000000 0.000000 
72687747140016 0.000000 0.000000 0.000000 
72687765898141 0.000000 0.000000 0.000000 
72687784656370 0.000000 0.000000 0.000000 
72687803414547 0.000000 0.000000 0.000000 
72687822172725 0.000000 0.000000 0.000000 
72687840930902 0.000000 0.000000 0.000000 
72687859689079 0.000000 0.000000 0.000000 
72687878447256 0.000000 0.000000 0.000000 
72687897205433 0.000000 0.000000 0.000000 
72687915963558 0.000000 0.000000 0.000000 
72687934721787 0.000000 0.000000 0.000000 
72687953479912 0.000000 0.000000 0.000000 
72687972238141 0.000000 0.000000 0.000000 
72687990996266 0.000000 0.000000 0.000000 
72688009754495 0.000000 0.000000 0.000000 
72688028512620 0.000000 0.000000 0.000000 
72688047270797 0.000000 0.000000 0.000000 
72688066028975 0.000000 0.000000 0.000000 
72688084787152 0.000000 0.000000 0.000000 
72688103545329 0.000000 0.000000 0.000000 
72688122303506 0.000000 0.000000 0.000000 
72688141061683 0.000000 0.000000 0.000000 
72688159819860 0.000000 0.000000 0.000000 
72688178578037 0.000000 0.000000 0.000000 
72688197336214 0.000000 0.000000 0.000000 
72688216094391 0.000000 0.000000 0.000000 
72688234852568 0.000000 0.000000 0.000000 
72688253610745 0.000000 0.000000 0.000000 
72688272368922 0.000000 0.000000 0.000000 
72688291127100 0.000000 0.000000 0.000000 
72688309885277 0.000000 0.000000 0.000000 
72688328643454 0.000000 0.000000 0.000000 
72688347401631 0.000000 0.000000 0.000000 
72688366159808 0.000000 0.000000 0.000000 
72688384917985 0.000000 0.000000 0.000000 
72688403676162 0.000000 0.000000 0.000000 
72688422434339 0.000000 0.000000 0.000000 
72688441192516 0.000000 0.000000 0.000000 
72688459950745 0.000000 0.000000 0.000000 
72688478708870 0.000000 0.000000 0.000000 
72688497467100 0.000000 0.000000 0.000000 
72688516225225 0.000000 0.000000 0.000000 
72688534983454 0.000000 0.000000 0.000000 
72688553741579 0.000000 0.000000 0.000000 
72688572499808 0.000000 0.000000 0.000000 
72688591257985 0.000000 0.000000 0.000000 
72688610016162 0.000000 0.000000 0.000000 
72688628774339 0.000000 0.000000 0.000000 
72688647532464 0.000000 0.000000 0.000000 
72688666290693 0.000000 0.000000 0.000000 
72688685048870 0.000000 0.000000 0.000000 
72688703807100 0.000000 0.000000 0.000000 
72688722565225 0.000000 0.000000 0.000000 
72688741323454 0.000000 0.000000 0.000000 
72688768466579 0.000000 0.000000 0.000000 
72688787224756 0.000000 0.000000 0.000000 
72688805982933 0.000000 0.000000 0.000000 
72688824741110 0.000000 0.000000 0.000000 
72688843499339 0.000000 0.000000 0.000000 
72688862257516 0.000000 0.000000 0.000000 
72688881015693 0.000000 0.000000 0.000000 
72688899773870 0.000000 0.000000 0.000000 
72688918532047 0.000000 0.000000 0.000000 
72688937290225 0.000000 0.000000 0.000000 
72688956048402 0.000000 0.000000 0.000000 
72688974806631 0.000000 0.000000 0.000000 
72688993564808 0.000000 0.000000 0.000000 
72689012322985 0.000000 0.000000 0.000000 
72689031081162 0.000000 0.000000 0.000000 
72689049839339 0.000000 0.000000 0.000000 
72689068597568 0.000000 0.000000 0.000000 
72689087355745 0.000000 0.000000 0.000000 
72689106113922 0.000000 0.000000 0.000000 
72689124872100 0.000000 0.000000 0.000000 
72689143630277 0.000000 0.000000 0.000000 
72689162388506 0.000000 0.000000 0.000000 
72689181146683 0.000000 0.000000 0.000000 
72689199904860 0.000000 0.000000 0.000000 
72689218663037 0.000000 0.000000 0.000000 
72689237421266 0.000000 0.000000 0.000000 
72689256179443 0.000000 0.000000 0.000000 
72689274937620 0.000000 0.000000 0.000000 
72689293695797 0.000000 0.000000 0.000000 
72689312454027 0.000000 0.000000 0.000000 
72689331212204 0.000000 0.000000 0.000000 
72689349970381 0.000000 0.000000 0.000000 
72689368728558 0.000000 0.000000 0.000000 
72689387486787 0.000000 0.000000 0.000000 
72689406244964 0.000000 0.000000 0.000000 
72689425003141 0.000000 0.000000 0.000000 
72689443761370 0.000000 0.000000 0.000000 
72689462519547 0.000000 0.000000 0.000000 
72689481277725 0.000000 0.000000 0.000000 
72689500035902 0.000000 0.000000 0.000000 
72689518794131 0.000000 0.000000 0.000000 
72689537552308 0.000000 0.000000 0.000000 
72689556310537 0.000000 0.000000 0.000000 
72689575068714 0.000000 0.000000 0.000000 
72689593826891 0.000000 0.000000 0.000000 
72689612585068 0.000000 0.000000 0.000000 
72689631343297 0.000000 0.000000 0.000000 
72689650101475 0.000000 0.000000 0.000000 
72689668859704 0.000000 0.000000 0.000000 
72689687617881 0.000000 0.000000 0.000000 
72689706376058 0.000000 0.000000 0.000000 
72689725134287 0.000000 0.000000 0.000000 
72689743892464 0.000000 0.000000 0.000000 
72689762650693 0.000000 0.000000 0.000000 
72689781408870 0.000000 0.000000 0.000000 
72689800167047 0.000000 0.000000 0.000000 
72689818925277 0.000000 0.000000 0.000000 
72689837683454 0.000000 0.000000 0.000000 
72689856441683 0.000000 0.000000 0.000000 
72689875199860 0.000000 0.000000 0.000000 
72689893958037 0.000000 0.000000 0.000000 
72689912716266 0.000000 0.000000 0.000000 
72689931474443 0.000000 0.000000 0.000000 
72689950232672 0.000000 0.000000 0.000000 
72689968990850 0.000000 0.000000 0.000000 
72689987749079 0.000000 0.000000 0.000000 
72690006507256 0.000000 0.000000 0.000000 
72690025265485 0.000000 0.000000 0.000000 
72690044023662 0.000000 0.000000 0.000000 
72690062781891 0.000000 0.000000 0.000000 
72690081540068 0.000000 0.000000 0.000000 
72690100298297 0.000000 0.000000 0.000000 
72690119056475 0.000000 0.000000 0.000000 
72690137814704 0.000000 0.000000 0.000000 
72690156572933 0.000000 0.000000 0.000000 
72690175331110 0.000000 0.000000 0.000000 
72690194089339 0.000000 0.000000 0.000000 
72690212847516 0.000000 0.000000 0.000000 
72690231605745 0.000000 0.000000 0.000000 
72690250363922 0.000000 0.000000 0.000000 
72690269122152 0.000000 0.000000 0.000000 
72690287880381 0.000000 0.000000 0.000000 
72690306638558 0.000000 0.000000 0.000000 
72690325396787 0.000000 0.000000 0.000000 
72690344155016 0.000000 0.000000 0.000000 
72690362913193 0.000000 0.000000 0.000000 
72690381671422 0.000000 0.000000 0.000000 
72690400429600 0.000000 0.000000 0.000000 
72690419187829 0.000000 0.000000 0.000000 
72690437946058 0.000000 0.000000 0.000000 
72690456704235 0.000000 0.000000 0.000000 
72690475462464 0.000000 0.000000 0.000000 
72690494220693 0.000000 0.000000 0.000000 
72690512978922 0.000000 0.000000 0.000000 
72690531737100 0.000000 0.000000 0.000000 
72690550495329 0.000000 0.000000 0.000000 
72690569253558 0.000000 0.000000 0.000000 
72690588011735 0.000000 0.000000 0.000000 
72690606769964 0.000000 0.000000 0.000000 
72690625528193 0.000000 0.000000 0.000000 
72690644286422 0.000000 0.000000 0.000000 
72690663044600 0.000000 0.000000 0.000000 
72690681802829 0.000000 0.000000 0.000000 
72690700561058 0.000000 0.000000 0.000000 
72690719319287 0.000000 0.000000 0.000000 
72690738077516 0.000000 0.000000 0.000000 
72690756835693 0.000000 0.000000 0.000000 
72690775593922 0.000000 0.000000 0.000000 
72690794352152 0.000000 0.000000 0.000000 
72690813110381 0.000000 0.000000 0.000000 
72690831868558 0.000000 0.000000 0.000000 
72690850626787 0.000000 0.000000 0.000000 
72690869385016 0.000000 0.000000 0.000000 
72690888143245 0.000000 0.000000 0.000000 
72690906901475 0.000000 0.000000 0.000000 
72690925659704 0.000000 0.000000 0.000000 
72690944417881 0.000000 0.000000 0.000000 
72690963176110 0.000000 0.000000 0.000000 
72690981934339 0.000000 0.000000 0.000000 
72691000692568 0.000000 0.000000 0.000000 
72691019450797 0.000000 0.000000 0.000000 
72691038209027 0.000000 0.000000 0.000000 
72691056967256 0.000000 0.000000 0.000000 
72691075725485 0.000000 0.000000 0.000000 
72691094483662 0.000000 0.000000 0.000000 
72691113241891 0.000000 0.000000 0.000000 
72691132000120 0.000000 0.000000 0.000000 
72691150758350 0.000000 0.000000 0.000000 
72691169516579 0.000000 0.000000 0.000000 
72691188274808 0.000000 0.000000 0.000000 
72691207033037 0.000000 0.000000 0.000000 
72691225791266 0.000000 0.000000 0.000000 
72691244549495 0.000000 0.000000 0.000000 
72691263307725 0.000000 0.000000 0.000000 
72691282065954 0.000000 0.000000 0.000000 
72691300824183 0.000000 0.000000 0.000000 
72691319582360 0.000000 0.000000 0.000000 
72691338340589 0.000000 0.000000 0.000000 
72691357098818 0.000000 0.000000 0.000000 
72691375857047 0.000000 0.000000 0.000000 
72691394615277 0.000000 0.000000 0.000000 
72691413373506 0.000000 0.000000 0.000000 
72691432131735 0.000000 0.000000 0.000000 
72691450889964 0.000000 0.000000 0.000000 
72691469648193 0.000000 0.000000 0.000000 
72691488406422 0.000000 0.000000 0.000000 
72691507164652 0.000000 0.000000 0.000000 
72691525922881 0.000000 0.000000 0.000000 
72691544681110 0.000000 0.000000 0.000000 
72691563439339 0.000000 0.000000 0.000000 
72691582197516 0.000000 0.000000 0.000000 
72691600955797 0.000000 0.000000 0.000000 
72691619714027 0.000000 0.000000 0.000000 
72691638472256 0.000000 0.000000 0.000000 
72691657230485 0.000000 0.000000 0.000000 
72691675988714 0.000000 0.000000 0.000000 
72691694746943 0.000000 0.000000 0.000000 
72691713505172 0.000000 0.000000 0.000000 
72691732263402 0.000000 0.000000 0.000000 
72691751021631 0.000000 0.000000 0.000000 
72691769779860 0.000000 0.000000 0.000000 
72691788538089 0.000000 0.000000 0.000000 
72691807296318 0.000000 0.000000 0.000000 
72691826054547 0.000000 0.000000 0.000000 
72691844812777 0.000000 0.000000 0.000000 
72691863571058 0.000000 0.000000 0.000000 
72691882329287 0.000000 0.000000 0.000000 
72691901087516 0.000000 0.000000 0.000000 
72691919845745 0.000000 0.000000 0.000000 
72691938603975 0.000000 0.000000 0.000000 
72691957362152 0.000000 0.000000 0.000000 
72691976120433 0.000000 0.000000 0.000000 
72691994878662 0.000000 0.000000 0.000000 
72692013636891 0.000000 0.000000 0.000000 
72692032395120 0.000000 0.000000 0.000000 
72692051153350 0.000000 0.000000 0.000000 
72692069911579 0.000000 0.000000 0.000000 
72692088669808 0.000000 0.000000 0.000000 
72692107428089 0.000000 0.000000 0.000000 
72692126186318 0.000000 0.000000 0.000000 
72692144944547 0.000000 0.000000 0.000000 
72692163702777 0.000000 0.000000 0.000000 
72692182461006 0.000000 0.000000 0.000000 
72692201219235 0.000000 0.000000 0.000000 
72692219977464 0.000000 0.000000 0.000000 
72692238735693 0.000000 0.000000 0.000000 
72692257493922 0.000000 0.000000 0.000000 
72692276252152 0.000000 0.000000 0.000000 
72692295010433 0.000000 0.000000 0.000000 
72692313768662 0.000000 0.000000 0.000000 
72692332526891 0.000000 0.000000 0.000000 
72692351285120 0.000000 0.000000 0.000000 
72692370043350 0.000000 0.000000 0.000000 
72692388801579 0.000000 0.000000 0.000000 
72692407559756 0.000000 0.000000 0.000000 
72692426317985 0.000000 0.000000 0.000000 
72692445076266 0.000000 0.000000 0.000000 
72692463834495 0.000000 0.000000 0.000000 
72692482592725 0.000000 0.000000 0.000000 
72692501350954 0.000000 0.000000 0.000000 
72692520109183 0.000000 0.000000 0.000000 
72692538867412 0.000000 0.000000 0.000000 
72692557625641 0.000000 0.000000 0.000000 
72692576383870 0.000000 0.000000 0.000000 
72692595142100 0.000000 0.000000 0.000000 
72692613900329 0.000000 0.000000 0.000000 
72692632658610 0.000000 0.000000 0.000000 
72692651416839 0.000000 0.000000 0.000000 
72692670175068 0.000000 0.000000 0.000000 
72692688933297 0.000000 0.000000 0.000000 
72692707691527 0.000000 0.000000 0.000000 
72692726449756 0.000000 0.000000 0.000000 
72692745207985 0.000000 0.000000 0.000000 
72692763966214 0.000000 0.000000 0.000000 
72692782724443 0.000000 0.000000 0.000000 
72692801482672 0.000000 0.000000 0.000000 
72692820240954 0.000000 0.000000 0.000000 
72692838999183 0.000000 0.000000 0.000000 
72692857757412 0.000000 0.000000 0.000000 
72692876515641 0.000000 0.000000 0.000000 
72692895273870 0.000000 0.000000 0.000000 
72692914032100 0.000000 0.000000 0.000000 
72692932790329 0.000000 0.000000 0.000000 
72692951548558 0.000000 0.000000 0.000000 
72692970306787 0.000000 0.000000 0.000000 
72692989065016 0.000000 0.000000 0.000000 
72693007823297 0.000000 0.000000 0.000000 
72693026581527 0.000000 0.000000 0.000000 
72693045339756 0.000000 0.000000 0.000000 
72693064097985 0.000000 0.000000 0.000000 
72693082856214 0.000000 0.000000 0.000000 
72693101614443 0.000000 0.000000 0.000000 
72693120372672 0.000000 0.000000 0.000000 
72693139130902 0.000000 0.000000 0.000000 
72693157889131 0.000000 0.000000 0.000000 
72693176647360 0.000000 0.000000 0.000000 
72693195405589 0.000000 0.000000 0.000000 
72693214163818 0.000000 0.000000 0.000000 
72693232922100 0.000000 0.000000 0.000000 
72693251680329 0.000000 0.000000 0.000000 
72693270438558 0.000000 0.000000 0.000000 
72693289196787 0.000000 0.000000 0.000000 
72693307955016 0.000000 0.000000 0.000000 
72693326713245 0.000000 0.000000 0.000000 
72693345471475 0.000000 0.000000 0.000000 
72693364229704 0.000000 0.000000 0.000000 
72693382987933 0.000000 0.000000 0.000000 
72693401746162 0.000000 0.000000 0.000000 
72693420504391 0.000000 0.000000 0.000000 
72693439262620 0.000000 0.000000 0.000000 
72693458020850 0.000000 0.000000 0.000000 
72693476779079 0.000000 0.000000 0.000000 
72693495537308 0.000000 0.000000 0.000000 
72693514295537 0.000000 0.000000 0.000000 
72693533053766 0.000000 0.000000 0.000000 
72693551811995 0.000000 0.000000 0.000000 
72693570570225 0.000000 0.000000 0.000000 
72693589328454 0.000000 0.000000 0.000000 
72693608086683 0.000000 0.000000 0.000000 
72693626844912 0.000000 0.000000 0.000000 
72693645603141 0.000000 0.000000 0.000000 
72693664361370 0.000000 0.000000 0.000000 
72693683119600 0.000000 0.000000 0.000000 
72693701877829 0.000000 0.000000 0.000000 
72693720636058 0.000000 0.000000 0.000000 
72693739394287 0.000000 0.000000 0.000000 
72693758152516 0.000000 0.000000 0.000000 
72693776910745 0.000000 0.000000 0.000000 
72693795668975 0.000000 0.000000 0.000000 
72693814427204 0.000000 0.000000 0.000000 
72693833185433 0.000000 0.000000 0.000000 
72693851943662 0.000000 0.000000 0.000000 
72693870701891 0.000000 0.000000 0.000000 
72693889460120 0.000000 0.000000 0.000000 
72693908218350 0.000000 0.000000 0.000000 
72693926976579 0.000000 0.000000 0.000000 
72693945734808 0.000000 0.000000 0.000000 
72693964493037 0.000000 0.000000 0.000000 
72693983251214 0.000000 0.000000 0.000000 
72694002009495 0.000000 0.000000 0.000000 
72694020767725 0.000000 0.000000 0.000000 
72694039525954 0.000000 0.000000 0.000000 
72694058284183 0.000000 0.000000 0.000000 
72694077042412 0.000000 0.000000 0.000000 
72694095800641 0.000000 0.000000 0.000000 
72694114558870 0.000000 0.000000 0.000000 
72694133317100 0.000000 0.000000 0.000000 
72694152075329 0.000000 0.000000 0.000000 
72694170833558 0.000000 0.000000 0.000000 
72694189591787 0.000000 0.000000 0.000000 
72694208350016 0.000000 0.000000 0.000000 
72694227108193 0.000000 0.000000 0.000000 
72694245866422 0.000000 0.000000 0.000000 
72694264624704 0.000000 0.000000 0.000000 
72694283382881 0.000000 0.000000 0.000000 
72694302141110 0.000000 0.000000 0.000000 
72694320899339 0.000000 0.000000 0.000000 
72694339657568 0.000000 0.000000 0.000000 
72694358415797 0.000000 0.000000 0.000000 
72694377174027 0.000000 0.000000 0.000000 
72694395932256 0.000000 0.000000 0.000000 
72694414690485 0.000000 0.000000 0.000000 
72694433448662 0.000000 0.000000 0.000000 
72694452206891 0.000000 0.000000 0.000000 
72694470965120 0.000000 0.000000 0.000000 
72694489723350 0.000000 0.000000 0.000000 
72694508481527 0.000000 0.000000 0.000000 
72694527239808 0.000000 0.000000 0.000000 
72694545997985 0.000000 0.000000 0.000000 
72694564756214 0.000000 0.000000 0.000000 
72694583514443 0.000000 0.000000 0.000000 
72694602272672 0.000000 0.000000 0.000000 
72694621030902 0.000000 0.000000 0.000000 
72694639789131 0.000000 0.000000 0.000000 
72694658547308 0.000000 0.000000 0.000000 
72694677305537 0.000000 0.000000 0.000000 
72694696063766 0.000000 0.000000 0.000000 
72694714821995 0.000000 0.000000 0.000000 
72694733580225 0.000000 0.000000 0.000000 
72694752338402 0.000000 0.000000 0.000000 
72694771096631 0.000000 0.000000 0.000000 
72694789854860 0.000000 0.000000 0.000000 
72694808613089 0.000000 0.000000 0.000000 
72694827371266 0.000000 0.000000 0.000000 
72694846129495 0.000000 0.000000 0.000000 
72694864887725 0.000000 0.000000 0.000000 
72694883645954 0.000000 0.000000 0.000000 
72694902404131 0.000000 0.000000 0.000000 
72694921162360 0.000000 0.000000 0.000000 
72694939920589 0.000000 0.000000 0.000000 
72694958678818 0.000000 0.000000 0.000000 
72694977437047 0.000000 0.000000 0.000000 
72694996195225 0.000000 0.000000 0.000000 
72695014953454 0.000000 0.000000 0.000000 
72695033711683 0.000000 0.000000 0.000000 
72695052469860 0.000000 0.000000 0.000000 
72695071228089 0.000000 0.000000 0.000000 
72695089986318 0.000000 0.000000 0.000000 
72695108744495 0.000000 0.000000 0.000000 
72695127502725 0.000000 0.000000 0.000000 
72695146260954 0.000000 0.000000 0.000000 
72695165019183 0.000000 0.000000 0.000000 
72695183777360 0.000000 0.000000 0.000000 
72695202535589 0.000000 0.000000 0.000000 
72695221293818 0.000000 0.000000 0.000000 
72695240051995 0.000000 0.000000 0.000000 
72695258810225 0.000000 0.000000 0.000000 
72695277568402 0.000000 0.000000 0.000000 
72695296326631 0.000000 0.000000 0.000000 
72695315084860 0.000000 0.000000 0.000000 
72695333843037 0.000000 0.000000 0.000000 
72695352601266 0.000000 0.000000 0.000000 
72695371359495 0.000000 0.000000 0.000000 
72695390117672 0.000000 0.000000 0.000000 
72695408875902 0.000000 0.000000 0.000000 
72695427634131 0.000000 0.000000 0.000000 
72695446392308 0.000000 0.000000 0.000000 
72695465150537 0.000000 0.000000 0.000000 
72695483908714 0.000000 0.000000 0.000000 
72695502666943 0.000000 0.000000 0.000000 
72695521425172 0.000000 0.000000 0.000000 
72695540183350 0.000000 0.000000 0.000000 
72695558941579 0.000000 0.000000 0.000000 
72695577699756 0.000000 0.000000 0.000000 
72695596457985 0.000000 0.000000 0.000000 
72695615216214 0.000000 0.000000 0.000000 
72695633974391 0.000000 0.000000 0.000000 
72695652732620 0.000000 0.000000 0.000000 
72695671490797 0.000000 0.000000 0.000000 
72695690249027 0.000000 0.000000 0.000000 
72695709007204 0.000000 0.000000 0.000000 
72695727765433 0.000000 0.000000 0.000000 
72695746523610 0.000000 0.000000 0.000000 
72695765281839 0.000000 0.000000 0.000000 
72695784040016 0.000000 0.000000 0.000000 
72695802798245 0.000000 0.000000 0.000000 
72695821556422 0.000000 0.000000 0.000000 
72695840314652 0.000000 0.000000 0.000000 
72695859072829 0.000000 0.000000 0.000000 
72695877831058 0.000000 0.000000 0.000000 
72695896589183 0.000000 0.000000 0.000000 
72695915347464 0.000000 0.000000 0.000000 
72695934105641 0.000000 0.000000 0.000000 
72695952863818 0.000000 0.000000 0.000000 
72695971622047 0.000000 0.000000 0.000000 
72695990380277 0.000000 0.000000 0.000000 
72696009138454 0.000000 0.000000 0.000000 
72696027896631 0.000000 0.000000 0.000000 
72696046654808 0.000000 0.000000 0.000000 
72696065413037 0.000000 0.000000 0.000000 
72696084171266 0.000000 0.000000 0.000000 
72696102929443 0.000000 0.000000 0.000000 
72696121687620 0.000000 0.000000 0.000000 
72696140445850 0.000000 0.000000 0.000000 
72696159204027 0.000000 0.000000 0.000000 
72696177962256 0.000000 0.000000 0.000000 
72696196720433 0.000000 0.000000 0.000000 
72696215478610 0.000000 0.000000 0.000000 
72696234236839 0.000000 0.000000 0.000000 
72696252995016 0.000000 0.000000 0.000000 
72696271753245 0.000000 0.000000 0.000000 
72696290511422 0.000000 0.000000 0.000000 
72696309269600 0.000000 0.000000 0.000000 
72696328027829 0.000000 0.000000 0.000000 
72696346786006 0.000000 0.000000 0.000000 
72696365544183 0.000000 0.000000 0.000000 
72696384302412 0.000000 0.000000 0.000000 
72696403060589 0.000000 0.000000 0.000000 
72696421818766 0.000000 0.000000 0.000000 
72696440576995 0.000000 0.000000 0.000000 
72696459335172 0.000000 0.000000 0.000000 
72696478093350 0.000000 0.000000 0.000000 
72696496851579 0.000000 0.000000 0.000000 
72696515609756 0.000000 0.000000 0.000000 
72696534367933 0.000000 0.000000 0.000000 
72696553126162 0.000000 0.000000 0.000000 
72696571884339 0.000000 0.000000 0.000000 
72696590642516 0.000000 0.000000 0.000000 
72696609400693 0.000000 0.000000 0.000000 
72696628158922 0.000000 0.000000 0.000000 
72696646917100 0.000000 0.000000 0.000000 
72696665675277 0.000000 0.000000 0.000000 
72696684433454 0.000000 0.000000 0.000000 
72696703191683 0.000000 0.000000 0.000000 
72696721949860 0.000000 0.000000 0.000000 
72696740708037 0.000000 0.000000 0.000000 
72696759466214 0.000000 0.000000 0.000000 
72696778224443 0.000000 0.000000 0.000000 
72696796982620 0.000000 0.000000 0.000000 
72696815740797 0.000000 0.000000 0.000000 
72696834498975 0.000000 0.000000 0.000000 
72696853257152 0.000000 0.000000 0.000000 
72696872015381 0.000000 0.000000 0.000000 
72696890773558 0.000000 0.000000 0.000000 
72696909531735 0.000000 0.000000 0.000000 
72696928289860 0.000000 0.000000 0.000000 
72696947048089 0.000000 0.000000 0.000000 
72696965806266 0.000000 0.000000 0.000000 
72696984564495 0.000000 0.000000 0.000000 
72697003322672 0.000000 0.000000 0.000000 
72697022080850 0.000000 0.000000 0.000000 
72697040839027 0.000000 0.000000 0.000000 
72697059597204 0.000000 0.000000 0.000000 
72697078355381 0.000000 0.000000 0.000000 
72697097113558 0.000000 0.000000 0.000000 
72697115871787 0.000000 0.000000 0.000000 
72697134629964 0.000000 0.000000 0.000000 
72697153388141 0.000000 0.000000 0.000000 
72697172146318 0.000000 0.000000 0.000000 
72697190904495 0.000000 0.000000 0.000000 
72697209662672 0.000000 0.000000 0.000000 
72697228420850 0.000000 0.000000 0.000000 
72697247179027 0.000000 0.000000 0.000000 
72697265937204 0.000000 0.000000 0.000000 
72697284695381 0.000000 0.000000 0.000000 
72697303453558 0.000000 0.000000 0.000000 
72697322211735 0.000000 0.000000 0.000000 
72697340969912 0.000000 0.000000 0.000000 
72697359728089 0.000000 0.000000 0.000000 
72697378486266 0.000000 0.000000 0.000000 
72697397244495 0.000000 0.000000 0.000000 
72697416002568 0.000000 0.000000 0.000000 
72697434760850 0.000000 0.000000 0.000000 
72697453519027 0.000000 0.000000 0.000000 
72697472277204 0.000000 0.000000 0.000000 
72697491035381 0.000000 0.000000 0.000000 
72697509793558 0.000000 0.000000 0.000000 
72697528551735 0.000000 0.000000 0.000000 
72697547309912 0.000000 0.000000 0.000000 
72697566068089 0.000000 0.000000 0.000000 
72697584826214 0.000000 0.000000 0.000000 
72697603584443 0.000000 0.000000 0.000000 
72697622342568 0.000000 0.000000 0.000000 
72697641100745 0.000000 0.000000 0.000000 
72697659858922 0.000000 0.000000 0.000000 
72697678617100 0.000000 0.000000 0.000000 
72697697375277 0.000000 0.000000 0.000000 
72697716133454 0.000000 0.000000 0.000000 
72697734891631 0.000000 0.000000 0.000000 
72697753649808 0.000000 0.000000 0.000000 
72697772407985 0.000000 0.000000 0.000000 
72697791166162 0.000000 0.000000 0.000000 
72697809924339 0.000000 0.000000 0.000000 
72697828682516 0.000000 0.000000 0.000000 
72697847440693 0.000000 0.000000 0.000000 
72697866198818 0.000000 0.000000 0.000000 
72697884956995 0.000000 0.000000 0.000000 
72697903715172 0.000000 0.000000 0.000000 
72697922473350 0.000000 0.000000 0.000000 
72697941231527 0.000000 0.000000 0.000000 
72697959989704 0.000000 0.000000 0.000000 
72697978747881 0.000000 0.000000 0.000000 
72697997506006 0.000000 0.000000 0.000000 
72698016264183 0.000000 0.000000 0.000000 
72698035022360 0.000000 0.000000 0.000000 
72698053780537 0.000000 0.000000 0.000000 
72698072538714 0.000000 0.000000 0.000000 
72698091296891 0.000000 0.000000 0.000000 
72698110055016 0.000000 0.000000 0.000000 
72698128813193 0.000000 0.000000 0.000000 
72698147571370 0.000000 0.000000 0.000000 
72698166329547 0.000000 0.000000 0.000000 
72698185087725 0.000000 0.000000 0.000000 
72698203845850 0.000000 0.000000 0.000000 
72698222604027 0.000000 0.000000 0.000000 
72698241362204 0.000000 0.000000 0.000000 
72698260120381 0.000000 0.000000 0.000000 
72698278878506 0.000000 0.000000 0.000000 
72698297636683 0.000000 0.000000 0.000000 
72698316394860 0.000000 0.000000 0.000000 
72698335153037 0.000000 0.000000 0.000000 
72698353911162 0.000000 0.000000 0.000000 
72698372669339 0.000000 0.000000 0.000000 
72698391427516 0.000000 0.000000 0.000000 
72698410185693 0.000000 0.000000 0.000000 
72698428943818 0.000000 0.000000 0.000000 
72698447701995 0.000000 0.000000 0.000000 
72698466460172 0.000000 0.000000 0.000000 
72698485218297 0.000000 0.000000 0.000000 
72698503976475 0.000000 0.000000 0.000000 
72698522734652 0.000000 0.000000 0.000000 
72698541492777 0.000000 0.000000 0.000000 
72698560250954 0.000000 0.000000 0.000000 
72698579009131 0.000000 0.000000 0.000000 
72698597767308 0.000000 0.000000 0.000000 
72698616525433 0.000000 0.000000 0.000000 
72698635283610 0.000000 0.000000 0.000000 
72698654041735 0.000000 0.000000 0.000000 
72698672799912 0.000000 0.000000 0.000000 
72698691558089 0.000000 0.000000 0.000000 
72698710316214 0.000000 0.000000 0.000000 
72698729074391 0.000000 0.000000 0.000000 
72698747832516 0.000000 0.000000 0.000000 
72698766590693 0.000000 0.000000 0.000000 
72698785348870 0.000000 0.000000 0.000000 
72698804106995 0.000000 0.000000 0.000000 
72698822865172 0.000000 0.000000 0.000000 
72698841623297 0.000000 0.000000 0.000000 
72698860381475 0.000000 0.000000 0.000000 
72698879139600 0.000000 0.000000 0.000000 
72698897897777 0.000000 0.000000 0.000000 
72698916655954 0.000000 0.000000 0.000000 
72698935414079 0.000000 0.000000 0.000000 
72698954172256 0.000000 0.000000 0.000000 
72698972930381 0.000000 0.000000 0.000000 
72698991688558 0.000000 0.000000 0.000000 
72699010446683 0.000000 0.000000 0.000000 
72699029204860 0.000000 0.000000 0.000000 
72699047962985 0.000000 0.000000 0.000000 
72699066721162 0.000000 0.000000 0.000000 
72699085479339 0.000000 0.000000 0.000000 
72699104237464 0.000000 0.000000 0.000000 
72699122995641 0.000000 0.000000 0.000000 
72699141753766 0.000000 0.000000 0.000000 
72699160511943 0.000000 0.000000 0.000000 
72699179270068 0.000000 0.000000 0.000000 
72699198028245 0.000000 0.000000 0.000000 
72699216786370 0.000000 0.000000 0.000000 
72699235544495 0.000000 0.000000 0.000000 
72699254302672 0.000000 0.000000 0.000000 
72699273060797 0.000000 0.000000 0.000000 
72699291818975 0.000000 0.000000 0.000000 
72699310577100 0.000000 0.000000 0.000000 
72699329335277 0.000000 0.000000 0.000000 
72699348093402 0.000000 0.000000 0.000000 
72699366851579 0.000000 0.000000 0.000000 
72699385609704 0.000000 0.000000 0.000000 
72699404367829 0.000000 0.000000 0.000000 
72699423126006 0.000000 0.000000 0.000000 
72699441884131 0.000000 0.000000 0.000000 
72699460642308 0.000000 0.000000 0.000000 
72699479400433 0.000000 0.000000 0.000000 
72699498158610 0.000000 0.000000 0.000000 
72699516916735 0.000000 0.000000 0.000000 
72699535674860 0.000000 0.000000 0.000000 
72699554433037 0.000000 0.000000 0.000000 
72699573191162 0.000000 0.000000 0.000000 
72699591949339 0.000000 0.000000 0.000000 
72699610707464 0.000000 0.000000 0.000000 
72699629465537 0.000000 0.000000 0.000000 
72699648223766 0.000000 0.000000 0.000000 
72699666981891 0.000000 0.000000 0.000000 
72699685740016 0.000000 0.000000 0.000000 
72699704498193 0.000000 0.000000 0.000000 
72699723256318 0.000000 0.000000 0.000000 
72699742014443 0.000000 0.000000 0.000000 
72699760772568 0.000000 0.000000 0.000000 
72699779530745 0.000000 0.000000 0.000000 
72699798288818 0.000000 0.000000 0.000000 
72699817046995 0.000000 0.000000 0.000000 
72699835805172 0.000000 0.000000 0.000000 
72699854563297 0.000000 0.000000 0.000000 
72699873321422 0.000000 0.000000 0.000000 
72699892079600 0.000000 0.000000 0.000000 
72699910837725 0.000000 0.000000 0.000000 
72699929595850 0.000000 0.000000 0.000000 
72699948353975 0.000000 0.000000 0.000000 
72699967112152 0.000000 0.000000 0.000000 
72699985870277 0.000000 0.000000 0.000000 
72700004628402 0.000000 0.000000 0.000000 
72700023386579 0.000000 0.000000 0.000000 
72700042144704 0.000000 0.000000 0.000000 
72700060902829 0.000000 0.000000 0.000000 
72700079660954 0.000000 0.000000 0.000000 
72700098419131 0.000000 0.000000 0.000000 
72700117177256 0.000000 0.000000 0.000000 
72700135935381 0.000000 0.000000 0.000000 
72700154693506 0.000000 0.000000 0.000000 
72700173451631 0.000000 0.000000 0.000000 
72700192209808 0.000000 0.000000 0.000000 
72700210967933 0.000000 0.000000 0.000000 
72700229726058 0.000000 0.000000 0.000000 
72700248484183 0.000000 0.000000 0.000000 
72700267242308 0.000000 0.000000 0.000000 
72700286000485 0.000000 0.000000 0.000000 
72700304758610 0.000000 0.000000 0.000000 
72700323516735 0.000000 0.000000 0.000000 
72700342274860 0.000000 0.000000 0.000000 
72700361032985 0.000000 0.000000 0.000000 
72700379791110 0.000000 0.000000 0.000000 
72700398549287 0.000000 0.000000 0.000000 
72700417307412 0.000000 0.000000 0.000000 
72700436065537 0.000000 0.000000 0.000000 
72700454823662 0.000000 0.000000 0.000000 
72700473581787 0.000000 0.000000 0.000000 
72700492339912 0.000000 0.000000 0.000000 
72700511098037 0.000000 0.000000 0.000000 
72700529856214 0.000000 0.000000 0.000000 
72700548614339 0.000000 0.000000 0.000000 
72700567372464 0.000000 0.000000 0.000000 
72700586130589 0.000000 0.000000 0.000000 
72700604888714 0.000000 0.000000 0.000000 
72700623646839 0.000000 0.000000 0.000000 
72700642404964 0.000000 0.000000 0.000000 
72700661163089 0.000000 0.000000 0.000000 
72700679921214 0.000000 0.000000 0.000000 
72700698679339 0.000000 0.000000 0.000000 
72700717437412 0.000000 0.000000 0.000000 
72700736195589 0.000000 0.000000 0.000000 
72700754953766 0.000000 0.000000 0.000000 
72700773711891 0.000000 0.000000 0.000000 
72700792470016 0.000000 0.000000 0.000000 
72700811228141 0.000000 0.000000 0.000000 
72700829986266 0.000000 0.000000 0.000000 
72700848744339 0.000000 0.000000 0.000000 
72700867502516 0.000000 0.000000 0.000000 
72700886260641 0.000000 0.000000 0.000000 
72700905018766 0.000000 0.000000 0.000000 
72700923776891 0.000000 0.000000 0.000000 
72700942535016 0.000000 0.000000 0.000000 
72700961293141 0.000000 0.000000 0.000000 
72700980051266 0.000000 0.000000 0.000000 
72700998809391 0.000000 0.000000 0.000000 
72701017567464 0.000000 0.000000 0.000000 
72701036325641 0.000000 0.000000 0.000000 
72701055083766 0.000000 0.000000 0.000000 
72701073841891 0.000000 0.000000 0.000000 
72701092600016 0.000000 0.000000 0.000000 
72701111358141 0.000000 0.000000 0.000000 
72701130116266 0.000000 0.000000 0.000000 
72701148874391 0.000000 0.000000 0.000000 
72701167632464 0.000000 0.000000 0.000000 
72701186390641 0.000000 0.000000 0.000000 
72701205148714 0.000000 0.000000 0.000000 
72701223906839 0.000000 0.000000 0.000000 
72701242664964 0.000000 0.000000 0.000000 
72701261423089 0.000000 0.000000 0.000000 
72701280181214 0.000000 0.000000 0.000000 
72701298939339 0.000000 0.000000 0.000000 
72701317697464 0.000000 0.000000 0.000000 
72701336455589 0.000000 0.000000 0.000000 
72701355213743 0.000000 0.000000 0.000000 
72701373971868 0.000000 0.000000 0.000000 
72701392729941 0.000000 0.000000 0.000000 
72701411488118 0.000000 0.000000 0.000000 
72701430246191 0.000000 0.000000 0.000000 
72701449004316 0.000000 0.000000 0.000000 
72701467762441 0.000000 0.000000 0.000000 
72701486520566 0.000000 0.000000 0.000000 
72701505278691 0.000000 0.000000 0.000000 
72701524036816 0.000000 0.000000 0.000000 
72701542794941 0.000000 0.000000 0.000000 
72701561553066 0.000000 0.000000 0.000000 
72701580311139 0.000000 0.000000 0.000000 
72701599069264 0.000000 0.000000 0.000000 
72701617827389 0.000000 0.000000 0.000000 
72701636585514 0.000000 0.000000 0.000000 
72701655343639 0.000000 0.000000 0.000000 
72701674101764 0.000000 0.000000 0.000000 
72701692859837 0.000000 0.000000 0.000000 
72701711617910 0.000000 0.000000 0.000000 
72701730376087 0.000000 0.000000 0.000000 
72701749134212 0.000000 0.000000 0.000000 
72701767892285 0.000000 0.000000 0.000000 
72701786650410 0.000000 0.000000 0.000000 
72701805408535 0.000000 0.000000 0.000000 
72701824166660 0.000000 0.000000 0.000000 
72701842924785 0.000000 0.000000 0.000000 
72701861682858 0.000000 0.000000 0.000000 
72701880440983 0.000000 0.000000 0.000000 
72701899199108 0.000000 0.000000 0.000000 
72701917957233 0.000000 0.000000 0.000000 
72701936715358 0.000000 0.000000 0.000000 
72701955473431 0.000000 0.000000 0.000000 
72701974231556 0.000000 0.000000 0.000000 
72701992989785 0.000000 0.000000 0.000000 
72702011747806 0.000000 0.000000 0.000000 
72702030505879 0.000000 0.000000 0.000000 
72702049264004 0.000000 0.000000 0.000000 
72702068022129 0.000000 0.000000 0.000000 
72702086780254 0.000000 0.000000 0.000000 
72702105538326 0.000000 0.000000 0.000000 
72702124296451 0.000000 0.000000 0.000000 
72702143054576 0.000000 0.000000 0.000000 
72702161812701 0.000000 0.000000 0.000000 
72702180570774 0.000000 0.000000 0.000000 
72702199328899 0.000000 0.000000 0.000000 
72702218087024 0.000000 0.000000 0.000000 
72702236845097 0.000000 0.000000 0.000000 
72702255603222 0.000000 0.000000 0.000000 
72702274361347 0.000000 0.000000 0.000000 
72702293119420 0.000000 0.000000 0.000000 
72702311877545 0.000000 0.000000 0.000000 
72702330635670 0.000000 0.000000 0.000000 
72702349393743 0.000000 0.000000 0.000000 
72702368151868 0.000000 0.000000 0.000000 
72702386909993 0.000000 0.000000 0.000000 
72702405668118 0.000000 0.000000 0.000000 
72702424426191 0.000000 0.000000 0.000000 
72702443184316 0.000000 0.000000 0.000000 
72702461942389 0.000000 0.000000 0.000000 
72702480700514 0.000000 0.000000 0.000000 
72702499458639 0.000000 0.000000 0.000000 
72702518216712 0.000000 0.000000 0.000000 
72702536974837 0.000000 0.000000 0.000000 
72702555732910 0.000000 0.000000 0.000000 
72702574491035 0.000000 0.000000 0.000000 
72702593249160 0.000000 0.000000 0.000000 
72702612007285 0.000000 0.000000 0.000000 
72702630765358 0.000000 0.000000 0.000000 
72702649523483 0.000000 0.000000 0.000000 
72702668281556 0.000000 0.000000 0.000000 
72702687039681 0.000000 0.000000 0.000000 
72702705797806 0.000000 0.000000 0.000000 
72702724555879 0.000000 0.000000 0.000000 
72702743314004 0.000000 0.000000 0.000000 
72702762072076 0.000000 0.000000 0.000000 
72702780830201 0.000000 0.000000 0.000000 
72702799588326 0.000000 0.000000 0.000000 
72702818346399 0.000000 0.000000 0.000000 
72702837104524 0.000000 0.000000 0.000000 
72702855862597 0.000000 0.000000 0.000000 
72702874620722 0.000000 0.000000 0.000000 
72702893378795 0.000000 0.000000 0.000000 
72702912136920 0.000000 0.000000 0.000000 
72702930894993 0.000000 0.000000 0.000000 
72702949653118 0.000000 0.000000 0.000000 
72702968411243 0.000000 0.000000 0.000000 
72702987169316 0.000000 0.000000 0.000000 
72703005927441 0.000000 0.000000 0.000000 
72703024685566 0.000000 0.000000 0.000000 
72703043443639 0.000000 0.000000 0.000000 
72703062201712 0.000000 0.000000 0.000000 
72703080959837 0.000000 0.000000 0.000000 
72703099717962 0.000000 0.000000 0.000000 
72703118476035 0.000000 0.000000 0.000000 
72703137234160 0.000000 0.000000 0.000000 
72703155992233 0.000000 0.000000 0.000000 
72703174750358 0.000000 0.000000 0.000000 
72703193508431 0.000000 0.000000 0.000000 
72703212266556 0.000000 0.000000 0.000000 
72703231024629 0.000000 0.000000 0.000000 
72703249782754 0.000000 0.000000 0.000000 
72703268540826 0.000000 0.000000 0.000000 
72703287298951 0.000000 0.000000 0.000000 
72703306057024 0.000000 0.000000 0.000000 
72703324815149 0.000000 0.000000 0.000000 
72703343573222 0.000000 0.000000 0.000000 
72703362331295 0.000000 0.000000 0.000000 
72703381089420 0.000000 0.000000 0.000000 
72703399847493 0.000000 0.000000 0.000000 
72703418605618 0.000000 0.000000 0.000000 
72703437363691 0.000000 0.000000 0.000000 
72703456121816 0.000000 0.000000 0.000000 
72703474879889 0.000000 0.000000 0.000000 
72703493638014 0.000000 0.000000 0.000000 
72703512396087 0.000000 0.000000 0.000000 
72703531154160 0.000000 0.000000 0.000000 
72703549912285 0.000000 0.000000 0.000000 
72703568670358 0.000000 0.000000 0.000000 
72703587428483 0.000000 0.000000 0.000000 
72703606186504 0.000000 0.000000 0.000000 
72703624944629 0.000000 0.000000 0.000000 
72703643702754 0.000000 0.000000 0.000000 
72703662460826 0.000000 0.000000 0.000000 
72703681218899 0.000000 0.000000 0.000000 
72703699977024 0.000000 0.000000 0.000000 
72703718735097 0.000000 0.000000 0.000000 
72703737493222 0.000000 0.000000 0.000000 
72703756251295 0.000000 0.000000 0.000000 
72703775009368 0.000000 0.000000 0.000000 
72703793767493 0.000000 0.000000 0.000000 
72703812525566 0.000000 0.000000 0.000000 
72703831283639 0.000000 0.000000 0.000000 
72703850041764 0.000000 0.000000 0.000000 
72703868799837 0.000000 0.000000 0.000000 
72703887557910 0.000000 0.000000 0.000000 
72703906316035 0.000000 0.000000 0.000000 
72703925074108 0.000000 0.000000 0.000000 
72703943832181 0.000000 0.000000 0.000000 
72703962590306 0.000000 0.000000 0.000000 
72703981348379 0.000000 0.000000 0.000000 
72704000106451 0.000000 0.000000 0.000000 
72704018864576 0.000000 0.000000 0.000000 
72704037622649 0.000000 0.000000 0.000000 
72704056380722 0.000000 0.000000 0.000000 
72704075138847 0.000000 0.000000 0.000000 
72704093896920 0.000000 0.000000 0.000000 
72704112654993 0.000000 0.000000 0.000000 
72704131413066 0.000000 0.000000 0.000000 
72704150171191 0.000000 0.000000 0.000000 
72704168929264 0.000000 0.000000 0.000000 
72704187687337 0.000000 0.000000 0.000000 
72704206445410 0.000000 0.000000 0.000000 
72704225203535 0.000000 0.000000 0.000000 
72704243961608 0.000000 0.000000 0.000000 
72704262719681 0.000000 0.000000 0.000000 
72704281477754 0.000000 0.000000 0.000000 
72704300235879 0.000000 0.000000 0.000000 
72704318993951 0.000000 0.000000 0.000000 
72704337752024 0.000000 0.000000 0.000000 
72704356510097 0.000000 0.000000 0.000000 
72704375268222 0.000000 0.000000 0.000000 
72704394026295 0.000000 0.000000 0.000000 
72704412784368 0.000000 0.000000 0.000000 
72704431542441 0.000000 0.000000 0.000000 
72704450300566 0.000000 0.000000 0.000000 
72704469058639 0.000000 0.000000 0.000000 
72704487816712 0.000000 0.000000 0.000000 
72704506640826 0.000000 0.000000 0.000000 
72704525332858 0.000000 0.000000 0.000000 
72704544090931 0.000000 0.000000 0.000000 
72704562849004 0.000000 0.000000 0.000000 
72704581607076 0.000000 0.000000 0.000000 
72704600365149 0.000000 0.000000 0.000000 
72704619123274 0.000000 0.000000 0.000000 
72704637881347 0.000000 0.000000 0.000000 
72704656639420 0.000000 0.000000 0.000000 
72704675397493 0.000000 0.000000 0.000000 
72704694155566 0.000000 0.000000 0.000000 
72704712913639 0.000000 0.000000 0.000000 
72704731671712 0.000000 0.000000 0.000000 
72704750429837 0.000000 0.000000 0.000000 
72704769187910 0.000000 0.000000 0.000000 
72704787945983 0.000000 0.000000 0.000000 
72704806704056 0.000000 0.000000 0.000000 
72704825462129 0.000000 0.000000 0.000000 
72704844220201 0.000000 0.000000 0.000000 
72704862978274 0.000000 0.000000 0.000000 
72704881736347 0.000000 0.000000 0.000000 
72704900494472 0.000000 0.000000 0.000000 
72704919252545 0.000000 0.000000 0.000000 
72704938010618 0.000000 0.000000 0.000000 
72704956768691 0.000000 0.000000 0.000000 
72704975526764 0.000000 0.000000 0.000000 
72704994284837 0.000000 0.000000 0.000000 
72705013042910 0.000000 0.000000 0.000000 
72705031800983 0.000000 0.000000 0.000000 
72705050559056 0.000000 0.000000 0.000000 
72705069317181 0.000000 0.000000 0.000000 
72705088075254 0.000000 0.000000 0.000000 
72705106833326 0.000000 0.000000 0.000000 
72705125591399 0.000000 0.000000 0.000000 
72705144349472 0.000000 0.000000 0.000000 
72705163107545 0.000000 0.000000 0.000000 
72705181865618 0.000000 0.000000 0.000000 
72705200623691 0.000000 0.000000 0.000000 
72705219381764 0.000000 0.000000 0.000000 
72705238139837 0.000000 0.000000 0.000000 
72705256897910 0.000000 0.000000 0.000000 
72705275655983 0.000000 0.000000 0.000000 
72705294414056 0.000000 0.000000 0.000000 
72705313172129 0.000000 0.000000 0.000000 
72705331930201 0.000000 0.000000 0.000000 
72705350688274 0.000000 0.000000 0.000000 
72705369446347 0.000000 0.000000 0.000000 
72705388204420 0.000000 0.000000 0.000000 
72705406962493 0.000000 0.000000 0.000000 
72705425720566 0.000000 0.000000 0.000000 
72705444478639 0.000000 0.000000 0.000000 
72705463236712 0.000000 0.000000 0.000000 
72705481994785 0.000000 0.000000 0.000000 
72705500752858 0.000000 0.000000 0.000000 
72705519510931 0.000000 0.000000 0.000000 
72705538269004 0.000000 0.000000 0.000000 
72705557027076 0.000000 0.000000 0.000000 
72705575785149 0.000000 0.000000 0.000000 
72705594543222 0.000000 0.000000 0.000000 
72705613301295 0.000000 0.000000 0.000000 
72705632059368 0.000000 0.000000 0.000000 
72705650817441 0.000000 0.000000 0.000000 
72705669575514 0.000000 0.000000 0.000000 
72705688333587 0.000000 0.000000 0.000000 
72705707091660 0.000000 0.000000 0.000000 
72705725849733 0.000000 0.000000 0.000000 
72705744607806 0.000000 0.000000 0.000000 
72705763365879 0.000000 0.000000 0.000000 
72705782123951 0.000000 0.000000 0.000000 
72705800882024 0.000000 0.000000 0.000000 
72705819640097 0.000000 0.000000 0.000000 
72705838398118 0.000000 0.000000 0.000000 
72705857156243 0.000000 0.000000 0.000000 
72705875914316 0.000000 0.000000 0.000000 
72705894672389 0.000000 0.000000 0.000000 
72705913430410 0.000000 0.000000 0.000000 
72705932188483 0.000000 0.000000 0.000000 
72705950946556 0.000000 0.000000 0.000000 
72705969704629 0.000000 0.000000 0.000000 
72705988462701 0.000000 0.000000 0.000000 
72706007220774 0.000000 0.000000 0.000000 
72706025978847 0.000000 0.000000 0.000000 
72706044736920 0.000000 0.000000 0.000000 
72706063494993 0.000000 0.000000 0.000000 
72706082253066 0.000000 0.000000 0.000000 
72706101011087 0.000000 0.000000 0.000000 
72706119769160 0.000000 0.000000 0.000000 
72706138527233 0.000000 0.000000 0.000000 
72706157285306 0.000000 0.000000 0.000000 
72706176043379 0.000000 0.000000 0.000000 
72706194801451 0.000000 0.000000 0.000000 
72706213559524 0.000000 0.000000 0.000000 
72706232317597 0.000000 0.000000 0.000000 
72706251075618 0.000000 0.000000 0.000000 
72706269833691 0.000000 0.000000 0.000000 
72706288591764 0.000000 0.000000 0.000000 
72706307349837 0.000000 0.000000 0.000000 
72706326107910 0.000000 0.000000 0.000000 
72706344865983 0.000000 0.000000 0.000000 
72706363624004 0.000000 0.000000 0.000000 
72706382382076 0.000000 0.000000 0.000000 
72706401140149 0.000000 0.000000 0.000000 
72706419898222 0.000000 0.000000 0.000000 
72706438656295 0.000000 0.000000 0.000000 
72706457414368 0.000000 0.000000 0.000000 
72706476172389 0.000000 0.000000 0.000000 
72706494930462 0.000000 0.000000 0.000000 
72706513688535 0.000000 0.000000 0.000000 
72706532446608 0.000000 0.000000 0.000000 
72706551204681 0.000000 0.000000 0.000000 
72706569962701 0.000000 0.000000 0.000000 
72706588720774 0.000000 0.000000 0.000000 
72706607478795 0.000000 0.000000 0.000000 
72706626236920 0.000000 0.000000 0.000000 
72706644994941 0.000000 0.000000 0.000000 
72706663753014 0.000000 0.000000 0.000000 
72706682511087 0.000000 0.000000 0.000000 
72706701269160 0.000000 0.000000 0.000000 
72706720027233 0.000000 0.000000 0.000000 
72706738785254 0.000000 0.000000 0.000000 
72706757543326 0.000000 0.000000 0.000000 
72706776301399 0.000000 0.000000 0.000000 
72706795059472 0.000000 0.000000 0.000000 
72706813817493 0.000000 0.000000 0.000000 
72706832575566 0.000000 0.000000 0.000000 
72706851333639 0.000000 0.000000 0.000000 
72706870091712 0.000000 0.000000 0.000000 
72706888849733 0.000000 0.000000 0.000000 
72706907607806 0.000000 0.000000 0.000000 
72706926365879 0.000000 0.000000 0.000000 
72706945123899 0.000000 0.000000 0.000000 
72706963881972 0.000000 0.000000 0.000000 
72706982640045 0.000000 0.000000 0.000000 
72707001398118 0.000000 0.000000 0.000000 
72707020156139 0.000000 0.000000 0.000000 
72707038914212 0.000000 0.000000 0.000000 
72707057672285 0.000000 0.000000 0.000000 
72707076430358 0.000000 0.000000 0.000000 
72707095188379 0.000000 0.000000 0.000000 
72707113946451 0.000000 0.000000 0.000000 
72707132704524 0.000000 0.000000 0.000000 
72707151462545 0.000000 0.000000 0.000000 
72707170220618 0.000000 0.000000 0.000000 
72707188978222 0.000000 0.000000 0.000000 
72707207736764 0.000000 0.000000 0.000000 
72707226494785 0.000000 0.000000 0.000000 
72707245252858 0.000000 0.000000 0.000000 
72707264010931 0.000000 0.000000 0.000000 
72707282768951 0.000000 0.000000 0.000000 
72707301527024 0.000000 0.000000 0.000000 
72707320285097 0.000000 0.000000 0.000000 
72707339043170 0.000000 0.000000 0.000000 
72707357801191 0.000000 0.000000 0.000000 
72707376559264 0.000000 0.000000 0.000000 
72707395317337 0.000000 0.000000 0.000000 
72707414075358 0.000000 0.000000 0.000000 
72707432833431 0.000000 0.000000 0.000000 
72707451591451 0.000000 0.000000 0.000000 
72707470349524 0.000000 0.000000 0.000000 
72707489107597 0.000000 0.000000 0.000000 
72707507865618 0.000000 0.000000 0.000000 
72707526623691 0.000000 0.000000 0.000000 
72707545381764 0.000000 0.000000 0.000000 
72707564139785 0.000000 0.000000 0.000000 
72707582897858 0.000000 0.000000 0.000000 
72707601655879 0.000000 0.000000 0.000000 
72707620413951 0.000000 0.000000 0.000000 
72707639171972 0.000000 0.000000 0.000000 
72707657930045 0.000000 0.000000 0.000000 
72707676688118 0.000000 0.000000 0.000000 
72707695446139 0.000000 0.000000 0.000000 
72707714204212 0.000000 0.000000 0.000000 
72707732962233 0.000000 0.000000 0.000000 
72707751720306 0.000000 0.000000 0.000000 
72707770478326 0.000000 0.000000 0.000000 
72707789236399 0.000000 0.000000 0.000000 
72707807994472 0.000000 0.000000 0.000000 
72707826752493 0.000000 0.000000 0.000000 
72707845510566 0.000000 0.000000 0.000000 
72707864268587 0.000000 0.000000 0.000000 
72707883026660 0.000000 0.000000 0.000000 
72707901784681 0.000000 0.000000 0.000000 
72707920542754 0.000000 0.000000 0.000000 
72707939300826 0.000000 0.000000 0.000000 
72707958058847 0.000000 0.000000 0.000000 
72707976816920 0.000000 0.000000 0.000000 
72707995574941 0.000000 0.000000 0.000000 
72708014333014 0.000000 0.000000 0.000000 
72708033091035 0.000000 0.000000 0.000000 
72708051849108 0.000000 0.000000 0.000000 
72708070607129 0.000000 0.000000 0.000000 
72708089365201 0.000000 0.000000 0.000000 
72708108123222 0.000000 0.000000 0.000000 
72708126881295 0.000000 0.000000 0.000000 
72708145639316 0.000000 0.000000 0.000000 
72708164397389 0.000000 0.000000 0.000000 
72708183155410 0.000000 0.000000 0.000000 
72708201913483 0.000000 0.000000 0.000000 
72708220671504 0.000000 0.000000 0.000000 
72708239429576 0.000000 0.000000 0.000000 
72708258187597 0.000000 0.000000 0.000000 
72708276945670 0.000000 0.000000 0.000000 
72708295703691 0.000000 0.000000 0.000000 
72708314461764 0.000000 0.000000 0.000000 
72708333219785 0.000000 0.000000 0.000000 
72708351977858 0.000000 0.000000 0.000000 
72708370735879 0.000000 0.000000 0.000000 
72708389493951 0.000000 0.000000 0.000000 
72708408251972 0.000000 0.000000 0.000000 
72708427010045 0.000000 0.000000 0.000000 
72708445768066 0.000000 0.000000 0.000000 
72708464526139 0.000000 0.000000 0.000000 
72708483284160 0.000000 0.000000 0.000000 
72708502042233 0.000000 0.000000 0.000000 
72708520800254 0.000000 0.000000 0.000000 
72708539558274 0.000000 0.000000 0.000000 
72708558316347 0.000000 0.000000 0.000000 
72708577074368 0.000000 0.000000 0.000000 
72708595832441 0.000000 0.000000 0.000000 
72708614590462 0.000000 0.000000 0.000000 
72708633348535 0.000000 0.000000 0.000000 
72708652106556 0.000000 0.000000 0.000000 
72708670864629 0.000000 0.000000 0.000000 
72708689622649 0.000000 0.000000 0.000000 
72708708380670 0.000000 0.000000 0.000000 
72708727138743 0.000000 0.000000 0.000000 
72708745896764 0.000000 0.000000 0.000000 
72708764654837 0.000000 0.000000 0.000000 
72708783412858 0.000000 0.000000 0.000000 
72708802170879 0.000000 0.000000 0.000000 
72708820928951 0.000000 0.000000 0.000000 
72708839686972 0.000000 0.000000 0.000000 
72708858445045 0.000000 0.000000 0.000000 
72708877203066 0.000000 0.000000 0.000000 
72708895961087 0.000000 0.000000 0.000000 
72708914719160 0.000000 0.000000 0.000000 
72708933477181 0.000000 0.000000 0.000000 
72708952235254 0.000000 0.000000 0.000000 
72708970993274 0.000000 0.000000 0.000000 
72708989751295 0.000000 0.000000 0.000000 
72709008509368 0.000000 0.000000 0.000000 
72709027267389 0.000000 0.000000 0.000000 
72709046025410 0.000000 0.000000 0.000000 
72709064783483 0.000000 0.000000 0.000000 
72709083541504 0.000000 0.000000 0.000000 
72709102299576 0.000000 0.000000 0.000000 
72709121057597 0.000000 0.000000 0.000000 
72709139815618 0.000000 0.000000 0.000000 
72709158573691 0.000000 0.000000 0.000000 
72709177331712 0.000000 0.000000 0.000000 
72709196089733 0.000000 0.000000 0.000000 
72709214847806 0.000000 0.000000 0.000000 
72709233605826 0.000000 0.000000 0.000000 
72709252363847 0.000000 0.000000 0.000000 
72709271121920 0.000000 0.000000 0.000000 
72709289879941 0.000000 0.000000 0.000000 
72709308637962 0.000000 0.000000 0.000000 
72709327396035 0.000000 0.000000 0.000000 
72709346154056 0.000000 0.000000 0.000000 
72709364912076 0.000000 0.000000 0.000000 
72709383670149 0.000000 0.000000 0.000000 
72709402428170 0.000000 0.000000 0.000000 
72709421186191 0.000000 0.000000 0.000000 
72709439944264 0.000000 0.000000 0.000000 
72709458702285 0.000000 0.000000 0.000000 
72709477460306 0.000000 0.000000 0.000000 
72709496218274 0.000000 0.000000 0.000000 
72709514976399 0.000000 0.000000 0.000000 
72709533734420 0.000000 0.000000 0.000000 
72709552492441 0.000000 0.000000 0.000000 
72709571250514 0.000000 0.000000 0.000000 
72709590008535 0.000000 0.000000 0.000000 
72709608766556 0.000000 0.000000 0.000000 
72709627524576 0.000000 0.000000 0.000000 
72709646282649 0.000000 0.000000 0.000000 
72709665040670 0.000000 0.000000 0.000000 
72709683798691 0.000000 0.000000 0.000000 
72709702556764 0.000000 0.000000 0.000000 
72709721314785 0.000000 0.000000 0.000000 
72709740072806 0.000000 0.000000 0.000000 
72709758830826 0.000000 0.000000 0.000000 
72709777588899 0.000000 0.000000 0.000000 
72709796346920 0.000000 0.000000 0.000000 
72709815104941 0.000000 0.000000 0.000000 
72709833862962 0.000000 0.000000 0.000000 
72709852620983 0.000000 0.000000 0.000000 
72709871379056 0.000000 0.000000 0.000000 
72709890137076 0.000000 0.000000 0.000000 
72709908895097 0.000000 0.000000 0.000000 
72709927653170 0.000000 0.000000 0.000000 
72709946411191 0.000000 0.000000 0.000000 
72709965169212 0.000000 0.000000 0.000000 
72709983927233 0.000000 0.000000 0.000000 
72710002685254 0.000000 0.000000 0.000000 
72710021443326 0.000000 0.000000 0.000000 
72710040201347 0.000000 0.000000 0.000000 
72710058959368 0.000000 0.000000 0.000000 
72710077717389 0.000000 0.000000 0.000000 
72710096475462 0.000000 0.000000 0.000000 
72710115233483 0.000000 0.000000 0.000000 
72710133991504 0.000000 0.000000 0.000000 
72710152749524 0.000000 0.000000 0.000000 
72710171507545 0.000000 0.000000 0.000000 
72710190265618 0.000000 0.000000 0.000000 
72710209023639 0.000000 0.000000 0.000000 
72710227781660 0.000000 0.000000 0.000000 
72710246539681 0.000000 0.000000 0.000000 
72710265297701 0.000000 0.000000 0.000000 
72710284055722 0.000000 0.000000 0.000000 
72710302813795 0.000000 0.000000 0.000000 
72710321571816 0.000000 0.000000 0.000000 
72710340329837 0.000000 0.000000 0.000000 
72710359087858 0.000000 0.000000 0.000000 
72710377845879 0.000000 0.000000 0.000000 
72710396603951 0.000000 0.000000 0.000000 
72710415361972 0.000000 0.000000 0.000000 
72710434119993 0.000000 0.000000 0.000000 
72710452878014 0.000000 0.000000 0.000000 
72710471636035 0.000000 0.000000 0.000000 
72710490394108 0.000000 0.000000 0.000000 
72710509152129 0.000000 0.000000 0.000000 
72710527910149 0.000000 0.000000 0.000000 
72710546668170 0.000000 0.000000 0.000000 
72710565426191 0.000000 0.000000 0.000000 
72710584184212 0.000000 0.000000 0.000000 
72710602942233 0.000000 0.000000 0.000000 
72710621700306 0.000000 0.000000 0.000000 
72710640458326 0.000000 0.000000 0.000000 
72710659216347 0.000000 0.000000 0.000000 
72710677974368 0.000000 0.000000 0.000000 
72710696732389 0.000000 0.000000 0.000000 
72710715490410 0.000000 0.000000 0.000000 
72710734248431 0.000000 0.000000 0.000000 
72710753006451 0.000000 0.000000 0.000000 
72710771764472 0.000000 0.000000 0.000000 
72710790522545 0.000000 0.000000 0.000000 
72710809280566 0.000000 0.000000 0.000000 
72710828038587 0.000000 0.000000 0.000000 
72710846796608 0.000000 0.000000 0.000000 
72710865554629 0.000000 0.000000 0.000000 
72710884312649 0.000000 0.000000 0.000000 
72710903070670 0.000000 0.000000 0.000000 
72710921828691 0.000000 0.000000 0.000000 
72710940586712 0.000000 0.000000 0.000000 
72710959344733 0.000000 0.000000 0.000000 
72710978102806 0.000000 0.000000 0.000000 
72710996860826 0.000000 0.000000 0.000000 
72711015618847 0.000000 0.000000 0.000000 
72711034376868 0.000000 0.000000 0.000000 
72711053134889 0.000000 0.000000 0.000000 
72711071892910 0.000000 0.000000 0.000000 
72711090650931 0.000000 0.000000 0.000000 
72711109408951 0.000000 0.000000 0.000000 
72711128166972 0.000000 0.000000 0.000000 
72711146924993 0.000000 0.000000 0.000000 
72711165682962 0.000000 0.000000 0.000000 
72711184441035 0.000000 0.000000 0.000000 
72711203199056 0.000000 0.000000 0.000000 
72711221957129 0.000000 0.000000 0.000000 
72711240715149 0.000000 0.000000 0.000000 
72711259473170 0.000000 0.000000 0.000000 
72711278231191 0.000000 0.000000 0.000000 
72711296989212 0.000000 0.000000 0.000000 
72711315747233 0.000000 0.000000 0.000000 
72711334505254 0.000000 0.000000 0.000000 
72711353263274 0.000000 0.000000 0.000000 
72711372021295 0.000000 0.000000 0.000000 
72711390779316 0.000000 0.000000 0.000000 
72711409537337 0.000000 0.000000 0.000000 
72711428295358 0.000000 0.000000 0.000000 
72711447053379 0.000000 0.000000 0.000000 
72711465811399 0.000000 0.000000 0.000000 
72711484569420 0.000000 0.000000 0.000000 
72711503327389 0.000000 0.000000 0.000000 
72711522085462 0.000000 0.000000 0.000000 
72711540843483 0.000000 0.000000 0.000000 
72711559601504 0.000000 0.000000 0.000000 
72711578359524 0.000000 0.000000 0.000000 
72711597117545 0.000000 0.000000 0.000000 
72711615875566 0.000000 0.000000 0.000000 
72711634633587 0.000000 0.000000 0.000000 
72711653391608 0.000000 0.000000 0.000000 
72711672149629 0.000000 0.000000 0.000000 
72711690907649 0.000000 0.000000 0.000000 
72711709665670 0.000000 0.000000 0.000000 
72711728423691 0.000000 0.000000 0.000000 
72711747181712 0.000000 0.000000 0.000000 
72711765939733 0.000000 0.000000 0.000000 
72711784697754 0.000000 0.000000 0.000000 
72711803455774 0.000000 0.000000 0.000000 
72711822213795 0.000000 0.000000 0.000000 
72711840971816 0.000000 0.000000 0.000000 
72711859729837 0.000000 0.000000 0.000000 
72711878487858 0.000000 0.000000 0.000000 
72711897245879 0.000000 0.000000 0.000000 
72711916003899 0.000000 0.000000 0.000000 
72711934761920 0.000000 0.000000 0.000000 
72711953519941 0.000000 0.000000 0.000000 
72711972277962 0.000000 0.000000 0.000000 
72711991035983 0.000000 0.000000 0.000000 
72712009794004 0.000000 0.000000 0.000000 
72712028552024 0.000000 0.000000 0.000000 
72712047310045 0.000000 0.000000 0.000000 
72712066068066 0.000000 0.000000 0.000000 
72712084826087 0.000000 0.000000 0.000000 
72712103584108 0.000000 0.000000 0.000000 
72712122342129 0.000000 0.000000 0.000000 
72712141100149 0.000000 0.000000 0.000000 
72712159858170 0.000000 0.000000 0.000000 
72712178616191 0.000000 0.000000 0.000000 
72712197374212 0.000000 0.000000 0.000000 
72712216132181 0.000000 0.000000 0.000000 
72712234890201 0.000000 0.000000 0.000000 
72712253648222 0.000000 0.000000 0.000000 
72712272406243 0.000000 0.000000 0.000000 
72712291164264 0.000000 0.000000 0.000000 
72712309922285 0.000000 0.000000 0.000000 
72712328680306 0.000000 0.000000 0.000000 
72712347438326 0.000000 0.000000 0.000000 
72712366196347 0.000000 0.000000 0.000000 
72712384954368 0.000000 0.000000 0.000000 
72712403712337 0.000000 0.000000 0.000000 
72712422470358 0.000000 0.000000 0.000000 
72712441228379 0.000000 0.000000 0.000000 
72712459986399 0.000000 0.000000 0.000000 
72712478744420 0.000000 0.000000 0.000000 
72712497502441 0.000000 0.000000 0.000000 
72712516260462 0.000000 0.000000 0.000000 
72712535018483 0.000000 0.000000 0.000000 
72712553776504 0.000000 0.000000 0.000000 
72712572534524 0.000000 0.000000 0.000000 
72712591292545 0.000000 0.000000 0.000000 
72712610050566 0.000000 0.000000 0.000000 
72712628808535 0.000000 0.000000 0.000000 
72712647566556 0.000000 0.000000 0.000000 
72712666324576 0.000000 0.000000 0.000000 
72712685082597 0.000000 0.000000 0.000000 
72712703840618 0.000000 0.000000 0.000000 
72712722598587 0.000000 0.000000 0.000000 
72712741356660 0.000000 0.000000 0.000000 
72712760114681 0.000000 0.000000 0.000000 
72712778872649 0.000000 0.000000 0.000000 
72712797630670 0.000000 0.000000 0.000000 
72712816388691 0.000000 0.000000 0.000000 
72712835146712 0.000000 0.000000 0.000000 
72712853904733 0.000000 0.000000 0.000000 
72712872662754 0.000000 0.000000 0.000000 
72712891420774 0.000000 0.000000 0.000000 
72712910178795 0.000000 0.000000 0.000000 
72712928936764 0.000000 0.000000 0.000000 
72712947694785 0.000000 0.000000 0.000000 
72712966452806 0.000000 0.000000 0.000000 
72712985210826 0.000000 0.000000 0.000000 
72713003968847 0.000000 0.000000 0.000000 
72713022726868 0.000000 0.000000 0.000000 
72713041484837 0.000000 0.000000 0.000000 
72713060242858 0.000000 0.000000 0.000000 
72713079000879 0.000000 0.000000 0.000000 
72713097758899 0.000000 0.000000 0.000000 
72713116516920 0.000000 0.000000 0.000000 
72713135274941 0.000000 0.000000 0.000000 
72713154032962 0.000000 0.000000 0.000000 
72713172790931 0.000000 0.000000 0.000000 
72713191548951 0.000000 0.000000 0.000000 
72713210306972 0.000000 0.000000 0.000000 
72713229064993 0.000000 0.000000 0.000000 
72713247823014 0.000000 0.000000 0.000000 
72713266580983 0.000000 0.000000 0.000000 
72713285339004 0.000000 0.000000 0.000000 
72713304097024 0.000000 0.000000 0.000000 
72713322855045 0.000000 0.000000 0.000000 
72713341613066 0.000000 0.000000 0.000000 
72713360371035 0.000000 0.000000 0.000000 
72713379129056 0.000000 0.000000 0.000000 
72713397887024 0.000000 0.000000 0.000000 
72713416645097 0.000000 0.000000 0.000000 
72713435403118 0.000000 0.000000 0.000000 
72713454161087 0.000000 0.000000 0.000000 
72713472919108 0.000000 0.000000 0.000000 
72713491677129 0.000000 0.000000 0.000000 
72713510435149 0.000000 0.000000 0.000000 
72713529193118 0.000000 0.000000 0.000000 
72713547951139 0.000000 0.000000 0.000000 
72713566709160 0.000000 0.000000 0.000000 
72713585467181 0.000000 0.000000 0.000000 
72713604225201 0.000000 0.000000 0.000000 
72713622983170 0.000000 0.000000 0.000000 
72713641741191 0.000000 0.000000 0.000000 
72713660499212 0.000000 0.000000 0.000000 
72713679257233 0.000000 0.000000 0.000000 
72713698015149 0.000000 0.000000 0.000000 
72713716773222 0.000000 0.000000 0.000000 
72713735531243 0.000000 0.000000 0.000000 
72713754289264 0.000000 0.000000 0.000000 
72713773047233 0.000000 0.000000 0.000000 
72713791805254 0.000000 0.000000 0.000000 
72713810563274 0.000000 0.000000 0.000000 
72713829321295 0.000000 0.000000 0.000000 
72713848079264 0.000000 0.000000 0.000000 
72713866837285 0.000000 0.000000 0.000000 
72713885595306 0.000000 0.000000 0.000000 
72713904353274 0.000000 0.000000 0.000000 
72713923111295 0.000000 0.000000 0.000000 
72713941869316 0.000000 0.000000 0.000000 
72713960627337 0.000000 0.000000 0.000000 
72713979385306 0.000000 0.000000 0.000000 
72713998143326 0.000000 0.000000 0.000000 
72714016901347 0.000000 0.000000 0.000000 
72714035659368 0.000000 0.000000 0.000000 
72714054417337 0.000000 0.000000 0.000000 
72714073175306 0.000000 0.000000 0.000000 
72714091933379 0.000000 0.000000 0.000000 
72714110691347 0.000000 0.000000 0.000000 
72714129449368 0.000000 0.000000 0.000000 
72714148207389 0.000000 0.000000 0.000000 
72714166965410 0.000000 0.000000 0.000000 
72714185723379 0.000000 0.000000 0.000000 
72714204481399 0.000000 0.000000 0.000000 
72714223239420 0.000000 0.000000 0.000000 
72714241997389 0.000000 0.000000 0.000000 
72714260755410 0.000000 0.000000 0.000000 
72714279513431 0.000000 0.000000 0.000000 
72714298271399 0.000000 0.000000 0.000000 
72714317029420 0.000000 0.000000 0.000000 
72714335787441 0.000000 0.000000 0.000000 
72714354545462 0.000000 0.000000 0.000000 
72714373303431 0.000000 0.000000 0.000000 
72714392061451 0.000000 0.000000 0.000000 
72714410819472 0.000000 0.000000 0.000000 
72714429577441 0.000000 0.000000 0.000000 
72714448335462 0.000000 0.000000 0.000000 
72714467093483 0.000000 0.000000 0.000000 
72714485851451 0.000000 0.000000 0.000000 
72714504609472 0.000000 0.000000 0.000000 
72714523367493 0.000000 0.000000 0.000000 
72714542125462 0.000000 0.000000 0.000000 
72714560883483 0.000000 0.000000 0.000000 
72714579641451 0.000000 0.000000 0.000000 
72714598399472 0.000000 0.000000 0.000000 
72714617157493 0.000000 0.000000 0.000000 
72714635915462 0.000000 0.000000 0.000000 
72714654673483 0.000000 0.000000 0.000000 
72714673431504 0.000000 0.000000 0.000000 
72714692189524 0.000000 0.000000 0.000000 
72714710947493 0.000000 0.000000 0.000000 
72714729705514 0.000000 0.000000 0.000000 
72714748463483 0.000000 0.000000 0.000000 
72714767221504 0.000000 0.000000 0.000000 
72714785979524 0.000000 0.000000 0.000000 
72714804737493 0.000000 0.000000 0.000000 
72714823495514 0.000000 0.000000 0.000000 
72714842253483 0.000000 0.000000 0.000000 
72714861011504 0.000000 0.000000 0.000000 
72714879769524 0.000000 0.000000 0.000000 
72714898527493 0.000000 0.000000 0.000000 
72714917285514 0.000000 0.000000 0.000000 
72714936043535 0.000000 0.000000 0.000000 
72714954801504 0.000000 0.000000 0.000000 
72714973559524 0.000000 0.000000 0.000000 
72714992317545 0.000000 0.000000 0.000000 
72715011075514 0.000000 0.000000 0.000000 
72715029833535 0.000000 0.000000 0.000000 
72715048591504 0.000000 0.000000 0.000000 
72715067349524 0.000000 0.000000 0.000000 
72715086107545 0.000000 0.000000 0.000000 
72715104865514 0.000000 0.000000 0.000000 
72715123623535 0.000000 0.000000 0.000000 
72715142381556 0.000000 0.000000 0.000000 
72715161139524 0.000000 0.000000 0.000000 
72715179897545 0.000000 0.000000 0.000000 
72715198655514 0.000000 0.000000 0.000000 
72715217413535 0.000000 0.000000 0.000000 
72715236171556 0.000000 0.000000 0.000000 
72715254929524 0.000000 0.000000 0.000000 
72715273687545 0.000000 0.000000 0.000000 
72715292445566 0.000000 0.000000 0.000000 
72715311203535 0.000000 0.000000 0.000000 
72715329961556 0.000000 0.000000 0.000000 
72715348719576 0.000000 0.000000 0.000000 
72715367477545 0.000000 0.000000 0.000000 
72715386235149 0.000000 0.000000 0.000000 
72715404993535 0.000000 0.000000 0.000000 
72715423751556 0.000000 0.000000 0.000000 
72715442509524 0.000000 0.000000 0.000000 
72715461267545 0.000000 0.000000 0.000000 
72715480025566 0.000000 0.000000 0.000000 
72715498783535 0.000000 0.000000 0.000000 
72715517541556 0.000000 0.000000 0.000000 
72715536299576 0.000000 0.000000 0.000000 
72715555057545 0.000000 0.000000 0.000000 
72715573815566 0.000000 0.000000 0.000000 
72715592573535 0.000000 0.000000 0.000000 
72715611331556 0.000000 0.000000 0.000000 
72715630089576 0.000000 0.000000 0.000000 
72715648847545 0.000000 0.000000 0.000000 
72715667605566 0.000000 0.000000 0.000000 
72715686363535 0.000000 0.000000 0.000000 
72715705121556 0.000000 0.000000 0.000000 
72715723879576 0.000000 0.000000 0.000000 
72715742637545 0.000000 0.000000 0.000000 
72715761395566 0.000000 0.000000 0.000000 
72715780153535 0.000000 0.000000 0.000000 
72715798911556 0.000000 0.000000 0.000000 
72715817669576 0.000000 0.000000 0.000000 
72715836427545 0.000000 0.000000 0.000000 
72715855185566 0.000000 0.000000 0.000000 
72715873943535 0.000000 0.000000 0.000000 
72715892701556 0.000000 0.000000 0.000000 
72715911459524 0.000000 0.000000 0.000000 
72715930217129 0.000000 0.000000 0.000000 
72715949969733 0.000000 0.000000 0.000000 
72715968727649 0.000000 0.000000 0.000000 
72715987485670 0.000000 0.000000 0.000000 
72716006243691 0.000000 0.000000 0.000000 
72716025001712 0.000000 0.000000 0.000000 
72716043759629 0.000000 0.000000 0.000000 
72716062517649 0.000000 0.000000 0.000000 
72716081275670 0.000000 0.000000 0.000000 
72716100033691 0.000000 0.000000 0.000000 
72716118791712 0.000000 0.000000 0.000000 
72716137549629 0.000000 0.000000 0.000000 
72716156307649 0.000000 0.000000 0.000000 
72716175065670 0.000000 0.000000 0.000000 
72716193823691 0.000000 0.000000 0.000000 
72716212581608 0.000000 0.000000 0.000000 
72716231339629 0.000000 0.000000 0.000000 
72716250097649 0.000000 0.000000 0.000000 
72716268855670 0.000000 0.000000 0.000000 
72716287613587 0.000000 0.000000 0.000000 
72716306371608 0.000000 0.000000 0.000000 
72716325129629 0.000000 0.000000 0.000000 
72716343887649 0.000000 0.000000 0.000000 
72716362645670 0.000000 0.000000 0.000000 
72716381403587 0.000000 0.000000 0.000000 
72716400161608 0.000000 0.000000 0.000000 
72716418919629 0.000000 0.000000 0.000000 
72716437677545 0.000000 0.000000 0.000000 
72716456435670 0.000000 0.000000 0.000000 
72716475193587 0.000000 0.000000 0.000000 
72716493951608 0.000000 0.000000 0.000000 
72716512709629 0.000000 0.000000 0.000000 
72716531467649 0.000000 0.000000 0.000000 
72716550225566 0.000000 0.000000 0.000000 
72716568983587 0.000000 0.000000 0.000000 
72716587741608 0.000000 0.000000 0.000000 
72716606499629 0.000000 0.000000 0.000000 
72716625257649 0.000000 0.000000 0.000000 
72716644015566 0.000000 0.000000 0.000000 
72716662773587 0.000000 0.000000 0.000000 
72716681531608 0.000000 0.000000 0.000000 
72716700289629 0.000000 0.000000 0.000000 
72716719047545 0.000000 0.000000 0.000000 
72716737805566 0.000000 0.000000 0.000000 
72716756563587 0.000000 0.000000 0.000000 
72716775321608 0.000000 0.000000 0.000000 
72716794079629 0.000000 0.000000 0.000000 
72716812837545 0.000000 0.000000 0.000000 
72716831595566 0.000000 0.000000 0.000000 
72716850353587 0.000000 0.000000 0.000000 
72716869111608 0.000000 0.000000 0.000000 
72716887869524 0.000000 0.000000 0.000000 
72716906627545 0.000000 0.000000 0.000000 
72716925385566 0.000000 0.000000 0.000000 
72716944143587 0.000000 0.000000 0.000000 
72716962901608 0.000000 0.000000 0.000000 
72716981659524 0.000000 0.000000 0.000000 
72717000417545 0.000000 0.000000 0.000000 
72717019175566 0.000000 0.000000 0.000000 
72717037933587 0.000000 0.000000 0.000000 
72717056691608 0.000000 0.000000 0.000000 
72717075449524 0.000000 0.000000 0.000000 
72717094207545 0.000000 0.000000 0.000000 
72717112965566 0.000000 0.000000 0.000000 
72717131723587 0.000000 0.000000 0.000000 
72717150481608 0.000000 0.000000 0.000000 
72717169239629 0.000000 0.000000 0.000000 
72717187997545 0.000000 0.000000 0.000000 
72717206755566 0.000000 0.000000 0.000000 
72717225513587 0.000000 0.000000 0.000000 
72717244271608 0.000000 0.000000 0.000000 
72717263029629 0.000000 0.000000 0.000000 
72717281787545 0.000000 0.000000 0.000000 
72717300545566 0.000000 0.000000 0.000000 
72717319303587 0.000000 0.000000 0.000000 
72717338061608 0.000000 0.000000 0.000000 
72717356819629 0.000000 0.000000 0.000000 
72717375577649 0.000000 0.000000 0.000000 
72717394335670 0.000000 0.000000 0.000000 
72717413093587 0.000000 0.000000 0.000000 
72717431851608 0.000000 0.000000 0.000000 
72717450609629 0.000000 0.000000 0.000000 
72717469367649 0.000000 0.000000 0.000000 
72717488125670 0.000000 0.000000 0.000000 
72717506883691 0.000000 0.000000 0.000000 
72717525641712 0.000000 0.000000 0.000000 
72717544399629 0.000000 0.000000 0.000000 
72717563157649 0.000000 0.000000 0.000000 
72717581915670 0.000000 0.000000 0.000000 
72717600673691 0.000000 0.000000 0.000000 
72717619431712 0.000000 0.000000 0.000000 
72717638189733 0.000000 0.000000 0.000000 
72717656947754 0.000000 0.000000 0.000000 
72717675705774 0.000000 0.000000 0.000000 
72717694463691 0.000000 0.000000 0.000000 
72717713221712 0.000000 0.000000 0.000000 
72717731979733 0.000000 0.000000 0.000000 
72717750737754 0.000000 0.000000 0.000000 
72717769495774 0.000000 0.000000 0.000000 
72717788253795 0.000000 0.000000 0.000000 
72717807011816 0.000000 0.000000 0.000000 
72717825769837 0.000000 0.000000 0.000000 
72717844527858 0.000000 0.000000 0.000000 
72717863285879 0.000000 0.000000 0.000000 
72717882043899 0.000000 0.000000 0.000000 
72717900801920 0.000000 0.000000 0.000000 
72717919559941 0.000000 0.000000 0.000000 
72717938317962 0.000000 0.000000 0.000000 
72717957075983 0.000000 0.000000 0.000000 
72717975833899 0.000000 0.000000 0.000000 
72717994591920 0.000000 0.000000 0.000000 
72718013349941 0.000000 0.000000 0.000000 
72718032107962 0.000000 0.000000 0.000000 
72718050865983 0.000000 0.000000 0.000000 
72718069624004 0.000000 0.000000 0.000000 
72718088382024 0.000000 0.000000 0.000000 
72718107140045 0.000000 0.000000 0.000000 
72718125898066 0.000000 0.000000 0.000000 
72718144656087 0.000000 0.000000 0.000000 
72718163414108 0.000000 0.000000 0.000000 
72718182172129 0.000000 0.000000 0.000000 
72718200930149 0.000000 0.000000 0.000000 
72718219688170 0.000000 0.000000 0.000000 
72718238446191 0.000000 0.000000 0.000000 
72718257204212 0.000000 0.000000 0.000000 
72718275962233 0.000000 0.000000 0.000000 
72718294720254 0.000000 0.000000 0.000000 
72718313478379 0.000000 0.000000 0.000000 
72718332236399 0.000000 0.000000 0.000000 
72718350994420 0.000000 0.000000 0.000000 
72718369752441 0.000000 0.000000 0.000000 
72718388510462 0.000000 0.000000 0.000000 
72718407268483 0.000000 0.000000 0.000000 
72718426026504 0.000000 0.000000 0.000000 
72718444784524 0.000000 0.000000 0.000000 
72718463542545 0.000000 0.000000 0.000000 
72718482300566 0.000000 0.000000 0.000000 
72718501058587 0.000000 0.000000 0.000000 
72718519816608 0.000000 0.000000 0.000000 
72718538574629 0.000000 0.000000 0.000000 
72718557332754 0.000000 0.000000 0.000000 
72718576090670 0.000000 0.000000 0.000000 
72718594848795 0.000000 0.000000 0.000000 
72718613606816 0.000000 0.000000 0.000000 
72718632364837 0.000000 0.000000 0.000000 
72718651122858 0.000000 0.000000 0.000000 
72718669880879 0.000000 0.000000 0.000000 
72718688638899 0.000000 0.000000 0.000000 
72718707397024 0.000000 0.000000 0.000000 
72718726155045 0.000000 0.000000 0.000000 
72718744913066 0.000000 0.000000 0.000000 
72718763671087 0.000000 0.000000 0.000000 
72718782429108 0.000000 0.000000 0.000000 
72718801187129 0.000000 0.000000 0.000000 
72718819945254 0.000000 0.000000 0.000000 
72718838703274 0.000000 0.000000 0.000000 
72718857461295 0.000000 0.000000 0.000000 
72718876219316 0.000000 0.000000 0.000000 
72718894977337 0.000000 0.000000 0.000000 
72718913735462 0.000000 0.000000 0.000000 
72718932493483 0.000000 0.000000 0.000000 
72718951251504 0.000000 0.000000 0.000000 
72718970009524 0.000000 0.000000 0.000000 
72718988767649 0.000000 0.000000 0.000000 
72719007525670 0.000000 0.000000 0.000000 
72719026283691 0.000000 0.000000 0.000000 
72719045041712 0.000000 0.000000 0.000000 
72719063799837 0.000000 0.000000 0.000000 
72719082557858 0.000000 0.000000 0.000000 
72719101315879 0.000000 0.000000 0.000000 
72719120073899 0.000000 0.000000 0.000000 
72719138832024 0.000000 0.000000 0.000000 
72719157590045 0.000000 0.000000 0.000000 
72719176348066 0.000000 0.000000 0.000000 
72719195106191 0.000000 0.000000 0.000000 
72719213864212 0.000000 0.000000 0.000000 
72719232622233 0.000000 0.000000 0.000000 
72719251380358 0.000000 0.000000 0.000000 
72719270138379 0.000000 0.000000 0.000000 
72719288896399 0.000000 0.000000 0.000000 
72719307654524 0.000000 0.000000 0.000000 
72719326412545 0.000000 0.000000 0.000000 
72719345170566 0.000000 0.000000 0.000000 
72719363928691 0.000000 0.000000 0.000000 
72719382686712 0.000000 0.000000 0.000000 
72719401444733 0.000000 0.000000 0.000000 
72719420202858 0.000000 0.000000 0.000000 
72719438960879 0.000000 0.000000 0.000000 
72719457719004 0.000000 0.000000 0.000000 
