# Created at Fri Jan 31 08:58:36 GMT+01:00 2025 in Burnaby Canada 
72686414215850 -0.296575 -0.202807 -0.187230 
72686432974027 -0.060781 -0.001222 -0.068417 
72686451732204 0.092851 0.030238 0.253509 
72686470490381 0.230296 -0.177151 0.293215 
72686489248558 0.281914 -0.343611 0.178373 
72686508006735 0.180511 -0.262977 0.046426 
72686526764912 -0.058032 0.079107 0.003054 
72686545523089 -0.248011 0.282220 -0.014355 
72686564281266 -0.260839 0.313679 -0.032681 
72686583039443 -0.164017 0.219300 -0.014355 
72686601797568 -0.032070 -0.017715 0.025351 
72686620555797 0.057421 -0.217773 0.054062 
72686639313922 0.154243 -0.357661 0.080634 
72686658072152 0.266032 -0.457538 0.077885 
72686676830277 0.258701 -0.351553 0.048869 
72686695588454 0.117286 -0.117591 0.005192 
72686714346631 -0.054062 0.069944 -0.006109 
72686733104808 -0.169515 0.224187 0.051007 
72686751862985 -0.164323 0.263894 0.109345 
72686770621162 -0.089492 0.068417 0.093462 
72686789379339 -0.053451 -0.165544 0.057727 
72686808137464 -0.007941 -0.280998 0.022907 
72686826895693 0.058032 -0.138972 0.035125 
72686845653818 0.039095 0.062003 0.156992 
72686864412047 -0.044899 0.075747 0.250455 
72686883170172 -0.142637 -0.013744 0.225715 
72686901928350 -0.160047 -0.148440 0.133779 
72686920686527 -0.087659 -0.230601 0.025656 
72686939444704 -0.031460 -0.207694 -0.025351 
72686958202881 -0.058643 -0.087659 0.006109 
72686976961006 -0.192117 0.081550 0.056505 
72686995719183 -0.286496 0.163101 0.065668 
72687014477360 -0.214414 0.103847 0.005498 
72687033235589 -0.109956 0.024740 -0.042761 
72687051993714 -0.077885 0.004887 -0.008858 
72687070751891 -0.139888 0.045815 0.052840 
72687089510068 -0.200058 0.067195 0.036041 
72687108268245 -0.158214 0.095295 -0.018326 
72687127026422 -0.059865 0.156687 0.020159 
72687145784547 -0.010690 0.105680 0.087048 
72687164542777 -0.083383 0.018021 0.113621 
72687183300850 -0.167072 -0.044899 0.106290 
72687202059079 -0.170431 -0.139888 0.015577 
72687220817256 -0.137445 -0.162795 -0.097738 
72687239575381 -0.090103 0.003971 -0.097433 
72687258333610 -0.008552 0.211970 0.007636 
72687277091735 0.090103 0.266642 0.126144 
72687295849964 0.173486 0.187841 0.171958 
72687314608089 0.153632 0.098960 0.138361 
72687333366266 0.060476 0.044288 0.023824 
72687352124443 0.008858 0.084605 -0.178983 
72687370882620 0.007636 0.283747 -0.299018 
72687389640797 -0.045815 0.474031 -0.169820 
72687408398922 -0.150884 0.414166 0.061086 
72687427157152 -0.098349 0.170737 -0.077580 
72687445915277 0.051007 0.166766 -0.569631 
72687464673454 -0.051618 0.481972 -1.029613 
72687483431631 -0.239154 0.812756 -0.996015 
72687502189808 -0.466701 0.706160 -0.861014 
72687520947985 -0.786183 0.082161 -1.091615 
72687539706110 -0.797789 -0.222966 -1.333823 
72687558464339 -0.778853 -0.324980 -1.153618 
72687577222464 -0.729067 -0.539699 -0.671340 
72687595980641 -0.336281 -0.958141 -0.427911 
72687614738818 0.097738 -1.069624 -0.347277 
72687633496995 0.156687 -1.081231 -0.427605 
72687652255172 -0.011912 -0.731511 -0.489608 
72687671013297 -0.284968 -0.187535 -0.277943 
72687689771527 -0.692415 0.079107 0.117591 
72687708529652 -1.009759 0.163712 0.417221 
72687727287881 -1.048244 -0.333532 0.709214 
72687746046006 -0.704327 -1.210123 0.778853 
72687764804131 -0.102014 -1.435227 0.620028 
72687783562360 0.449291 -0.580932 0.533285 
72687802320537 0.778242 0.510683 0.930347 
72687821078714 0.889725 1.074206 1.350927 
72687839836891 0.674089 0.945924 1.037554 
72687858595068 -0.112399 0.368046 0.343306 
72687877353245 -0.644768 0.168293 0.308487 
72687896111422 -0.655458 -0.240986 0.304516 
72687914869547 -0.298407 -0.375071 0.399506 
72687933627777 -0.135917 -0.032070 0.628580 
72687952385902 -0.322842 0.357356 0.727235 
72687971144131 -0.379958 0.256869 0.524733 
72687989902256 -0.332310 -0.146302 0.313679 
72688008660485 -0.566882 0.102625 0.474947 
72688027418610 -1.094059 0.796873 0.725707 
72688046176787 -1.172555 0.686307 0.590706 
72688064934964 -0.660956 0.247400 0.380569 
72688083693141 -0.329867 -0.100487 0.239154 
72688102451318 -0.123089 -0.113926 0.309403 
72688121209495 0.129503 -0.105374 0.461203 
72688139967672 0.376904 -0.135307 0.434630 
72688158725850 0.414777 0.073609 0.288634 
72688177484027 0.240986 0.456011 0.091324 
72688196242204 0.036041 0.722348 -0.025045 
72688215000381 0.009774 0.508545 -0.010690 
72688233758558 0.216857 -0.055283 0.028711 
72688252516735 0.491441 -0.651182 -0.063530 
72688271274912 0.795957 -1.215010 -0.233045 
72688290033089 1.166446 -1.508836 -0.326202 
72688308791266 1.479209 -1.225395 -0.187841 
72688327549443 1.596190 -0.630107 0.211970 
72688346307620 1.455691 -0.226325 0.775187 
72688365065797 1.114828 -0.124311 1.275791 
72688383823975 0.761748 -0.440434 1.399186 
72688402582152 0.332310 -2.051895 0.880562 
72688421340329 -1.175304 -6.520065 0.480140 
72688440098506 -0.350636 -3.509113 2.470032 
72688458856735 0.854600 2.937954 3.360062 
72688477614860 1.148120 4.398837 3.314858 
72688496373089 -0.662177 2.664592 2.005774 
72688515131214 -1.584583 2.129169 1.212567 
72688533889443 -1.346040 0.660956 1.350317 
72688552647568 -0.503047 -0.433714 1.054658 
72688571405797 0.598037 -1.069319 0.619417 
72688590163975 1.219286 -1.171944 0.541226 
72688608922152 1.496619 -1.716530 0.921184 
72688627680329 1.790139 -0.726013 1.385136 
72688646438454 1.998750 0.326507 1.647502 
72688665196683 2.289216 0.671035 1.508531 
72688683954860 2.665509 0.683863 0.946535 
72688702713089 3.202764 -0.206167 0.607200 
72688721471214 4.501768 -0.998764 0.134085 
72688740229443 6.191114 -1.178664 -1.296561 
72688803540954 7.427505 0.866817 -4.065305 
72688822299131 6.451343 0.689666 -4.084242 
72688841057360 6.026181 2.224159 -4.386009 
72688859815537 4.865538 3.914422 -4.031096 
72688878573714 2.351829 3.281566 -2.092823 
72688897331891 -0.692721 0.856432 -0.117286 
72688916090068 -2.820363 0.188146 -0.118508 
72688934848245 -3.222923 0.571159 -0.831387 
72688953606422 -2.776991 0.737314 -0.946230 
72688972364652 -1.951102 0.418442 -1.020144 
72688991122829 -0.445320 -0.333532 -0.857043 
72689009881006 0.704938 -0.224187 -1.076955 
72689028639183 0.685390 -0.395840 -1.755015 
72689047397360 -0.435547 -0.552222 -1.827097 
72689066155589 -1.189965 -0.678671 -1.543655 
72689084913766 -0.987157 -0.677449 -1.226006 
72689103671943 -0.163101 -0.579711 -0.665232 
72689122430120 1.086728 -0.835663 0.346360 
72689141188297 1.785558 0.448986 1.517999 
72689159946527 0.944397 0.505796 1.882074 
72689178704704 0.201585 -0.672562 0.452040 
72689197462881 -1.043357 -1.898568 -0.998153 
72689216221058 -1.408654 -2.152077 -0.783740 
72689234979287 -0.908967 -1.915672 -0.670119 
72689253737464 2.045786 -1.475849 1.427591 
72689272495641 1.314581 0.413555 1.935220 
72689291253818 -0.673173 -0.057421 0.106290 
72689310012047 -6.053670 1.962709 -1.466075 
72689328770225 -7.985835 0.524122 -2.279747 
72689347528402 -7.491646 -1.124602 -1.387885 
72689366286579 -5.607128 -0.020159 -0.251065 
72689385044808 -2.393368 0.430660 0.934012 
72689403802985 1.906509 0.651182 1.881464 
72689422561162 5.193573 0.819781 2.419635 
72689441319391 4.409833 -1.300531 1.746462 
72689460077568 2.668257 -0.500298 1.395215 
72689478835745 2.323730 -0.174096 1.458745 
72689497593922 2.205222 0.527787 1.189354 
72689516352152 0.890641 0.665232 0.580932 
72689535110329 -0.416610 0.265115 -0.131336 
72689553868558 -0.874758 -0.105680 -0.520457 
72689572626735 -0.982271 -0.178983 -0.421497 
72689591384912 -0.691499 -0.102625 -0.290772 
72689610143089 -0.332310 0.126449 -0.277333 
72689628901318 -0.223577 0.290161 -0.254731 
72689647659495 -0.020769 0.259007 -0.072693 
72689666417725 0.090408 0.268170 0.122784 
72689685175902 0.289550 0.339641 0.300545 
72689703934079 0.450207 0.378125 0.487470 
72689722692308 0.394619 0.324980 0.648738 
72689741450485 0.403171 0.437990 0.686001 
72689760208714 0.337808 0.608421 0.591928 
72689778966891 0.271224 0.777020 0.500298 
72689797725068 0.045204 0.921795 0.383012 
72689816483297 -0.570548 0.825278 0.382401 
72689835241475 -1.092226 0.532063 0.381180 
72689853999704 -0.859487 0.070249 0.321315 
72689872757881 -0.595593 -0.419664 0.045815 
72689891516058 -0.149662 -0.675006 -0.240681 
72689910274287 0.590706 -0.609643 -0.194255 
72689929032464 1.384830 -0.299935 0.075747 
72689947790693 1.641394 0.224798 0.061086 
72689966548870 1.590081 0.173486 -0.038484 
72689985307100 1.362839 -0.018937 -0.452651 
72690004065277 0.732427 -0.222966 -0.992655 
72690022823506 0.001222 -0.103847 -0.722653 
72690041581683 1.268155 1.010370 0.248622 
72690060339912 1.832594 1.431256 0.784961 
72690079098089 1.524108 1.053131 1.010981 
72690097856318 1.149647 0.810007 0.882700 
72690116614495 0.616973 0.755029 0.544281 
72690135372725 0.515570 0.378736 0.214414 
72690154130954 0.843604 0.221133 0.172264 
72690172889131 1.143539 0.217468 0.367741 
72690191647360 1.401324 0.659734 0.796568 
72690210405537 1.699426 1.507003 0.924238 
72690229163766 1.587027 0.726318 -0.051313 
72690247921943 1.182634 -0.043982 -1.425758 
72690266680172 0.519235 -0.703105 -2.619388 
72690285438402 -0.285274 -1.070846 -1.480125 
72690304196579 0.271835 0.416610 0.087354 
72690322954808 1.064737 0.860098 1.452636 
72690341713037 1.728136 0.335365 1.791056 
72690360471214 1.349400 -0.571159 -0.893695 
72690379229443 -0.816726 -1.454469 -1.467297 
72690397987620 -0.753196 -0.224187 0.887587 
72690416745850 0.590706 0.108734 1.942550 
72690435504079 0.852767 -0.290161 1.674991 
72690454262256 0.864985 -0.056810 0.736703 
72690473020485 0.698829 0.660345 -0.025045 
72690491778714 0.212581 0.595593 -0.178983 
72690510536943 -0.867428 -0.009163 -0.503963 
72690529295120 -1.072068 -0.278554 -0.503963 
72690548053350 -0.692721 -0.409279 -0.185092 
72690566811579 -0.649349 -0.518013 0.085521 
72690585569756 -1.060461 -0.598037 0.134390 
72690604327985 -1.313970 -0.853378 0.356745 
72690623086214 -0.977384 -0.222355 0.963334 
72690641844443 -1.105665 0.291382 1.268155 
72690660602620 -1.773340 -0.002443 1.160032 
72690679360850 -1.811825 -0.334754 1.380554 
72690698119079 -0.061086 0.005498 1.968817 
72690716877308 2.303571 -0.529620 2.003636 
72690735635537 0.788626 0.492968 0.831387 
72690754393714 -2.867399 -0.739757 -1.014646 
72690773151943 -1.598022 1.658498 -2.841132 
72690791910172 -0.218690 2.012800 -2.486830 
72690810668402 -0.318871 -0.741590 -2.172846 
72690829426579 0.299935 -4.348746 -1.484401 
72690848184808 0.959669 -4.475806 1.072679 
72690866943037 1.174082 -0.430660 2.368323 
72690885701266 0.855211 1.533881 0.761137 
72690904459495 1.757458 0.547335 1.108720 
72690923217725 1.979202 1.001207 1.786169 
72690941975902 2.259589 1.433089 1.828318 
72690960734131 3.237583 -0.661567 1.537547 
72690979492360 3.199710 -1.609018 1.399491 
72690998250589 2.617556 1.516777 1.055574 
72691017008818 2.178344 3.872272 0.433103 
72691035767047 2.144746 1.866192 0.802065 
72691054525277 1.803884 0.751364 0.985325 
72691073283506 1.534492 0.729373 0.722653 
72691092041683 1.459967 -0.146608 0.478918 
72691110799912 1.447139 -0.325591 0.336587 
72691129558141 1.445306 -0.522289 0.559552 
72691148316370 1.394604 -1.053131 0.869871 
72691167074600 1.284038 -2.127642 0.866817 
72691185832829 1.054963 -2.915047 0.608421 
72691204591058 0.618806 -3.495979 0.394619 
72691223349287 0.060476 -3.619374 0.160047 
72691242107516 -0.413555 -3.426341 -0.145997 
72691260865745 -0.798400 -2.919934 -0.341473 
72691279623975 -1.361007 -1.830762 -0.335365 
72691298382204 -1.771508 -0.588263 -0.307265 
72691317140381 -1.200960 0.026267 -0.300545 
72691335898610 -0.273667 0.089797 -0.333532 
72691354656839 0.165544 -0.779463 -0.223577 
72691373415068 0.396451 -2.064723 0.377514 
72691392173297 0.807563 -2.342056 0.643241 
72691410931527 0.792902 -1.497840 0.631023 
72691429689756 0.549778 -0.653625 0.646906 
72691448447985 -0.083078 0.081245 0.676838 
72691467206214 -0.414166 0.822224 0.040928 
72691485964443 0.205861 0.614530 -0.051924 
72691504722672 0.312763 -0.113621 -0.028711 
72691523480902 -0.185703 0.998764 -0.459370 
72691542239131 -1.246164 2.656651 -0.973718 
72691560997360 -1.944383 3.463603 -1.260214 
72691579755537 -2.277304 3.870439 -1.240056 
72691598513818 -2.326173 3.561342 -1.112385 
72691617272047 -2.075108 2.557691 -0.719599 
72691636030277 -1.683543 0.795346 0.205251 
72691654788506 -1.334740 0.111788 0.583987 
72691673546735 -1.286481 0.560774 0.060476 
72691692304964 -1.386052 0.566272 -0.092851 
72691711063193 -1.285259 0.153938 0.004276 
72691729821422 -1.178969 0.149051 -0.067806 
72691748579652 -1.225395 0.588263 -0.161879 
72691767337881 -1.356731 1.288314 -0.246789 
72691786096110 -1.513723 1.618792 -0.341473 
72691804854339 -1.389107 1.456302 -0.482583 
72691823612568 -1.223562 1.219286 -0.602313 
72691842370797 -1.123380 0.681114 -0.609032 
72691861129079 -1.077565 0.295048 -0.605978 
72691879887308 -1.056796 0.293826 -0.656680 
72691898645537 -0.921795 0.417832 -0.524733 
72691917403766 -0.689055 0.668897 -0.349415 
72691936161995 -0.517402 0.885143 -0.179594 
72691954920172 -0.405614 0.770911 -0.010996 
72691973678454 -0.139277 0.345749 0.016493 
72691992436683 0.220522 -0.195477 0.177762 
72692011194912 0.729983 -0.399506 0.474031 
72692029953141 1.174693 -0.395840 0.846659 
72692048711370 1.409265 -0.537561 1.128267 
72692067469600 2.097710 -0.712879 1.296255 
72692086227829 2.946812 -0.449596 1.375057 
72692104986110 3.205208 0.290161 1.285259 
72692123744339 2.748892 0.957225 0.883921 
72692142502568 2.384205 1.067181 0.530231 
72692161260797 2.375042 0.573602 0.568715 
72692180019027 2.217439 0.426994 0.671340 
72692198777256 1.915061 0.607810 0.660956 
72692217535485 1.509447 -0.165544 0.479529 
72692236293714 1.411708 -1.100168 0.406836 
72692255051943 1.419650 -1.050077 0.556498 
72692273810172 1.414152 -1.712865 0.794735 
72692292568454 1.383609 -2.364047 0.960279 
72692311326683 1.123380 -2.574184 1.136819 
72692330084912 0.699440 -2.936427 1.168584 
72692348843141 0.127671 -3.107469 1.045800 
72692367601370 -0.307265 -3.297448 0.703105 
72692386359600 -0.683558 -2.793485 0.315817 
72692405117777 -0.993266 -1.984700 -0.053145 
72692423876006 -1.252273 -1.173471 -0.321315 
72692442634287 -1.400102 -0.383012 -0.400116 
72692461392516 -0.943786 -0.211970 -0.408058 
72692480150745 -0.368962 -0.373238 -0.420886 
72692498908975 0.014661 -0.830776 -0.317039 
72692517667204 0.452651 -1.626733 0.386067 
72692536425433 0.627358 -1.924224 0.946230 
72692555183662 0.872315 -1.413541 0.929736 
72692573941891 0.923628 -0.822224 0.664621 
72692592700120 0.088575 -0.072082 0.015882 
72692611458350 -0.053145 0.356134 -0.643241 
72692630216631 -0.028711 0.428216 -0.624915 
72692648974860 -0.166155 0.949895 -0.783129 
72692667733089 -0.601702 2.213774 -1.213788 
72692686491318 -1.541823 3.491703 -1.257771 
72692705249547 -2.175289 4.114785 -1.173471 
72692724007777 -2.415970 4.065305 -1.163697 
72692742766006 -2.403753 3.224144 -1.080620 
72692761524235 -2.036012 1.731191 -0.660956 
72692780282464 -1.551597 0.096517 -0.209527 
72692799040693 -1.399491 -0.397062 -0.044593 
72692817798975 -1.362839 -0.153938 0.099571 
72692836557204 -1.427591 -0.241292 0.218690 
72692855315433 -1.569922 0.139888 -0.000611 
72692874073662 -1.717752 0.172875 -0.202196 
72692892831891 -1.733634 0.372017 -0.212581 
72692911590120 -1.759291 0.965777 -0.161268 
72692930348350 -1.818545 1.643837 -0.127671 
72692949106579 -1.833816 1.890627 -0.459370 
72692967864808 -1.660330 1.330464 -0.758083 
72692986623037 -1.433700 0.161268 -0.815504 
72693005381318 -1.198517 -0.289550 -0.836885 
72693024139547 -0.868650 0.401338 -0.763581 
72693042897777 -0.295659 1.297477 -0.415388 
72693061656006 -0.154549 1.506393 -0.181427 
72693080414235 -0.232739 0.910188 -0.018937 
72693099172464 -0.028100 -0.040317 0.013439 
72693117930693 0.436157 -0.816115 0.302989 
72693136688922 0.965166 -0.885143 1.011592 
72693155447152 1.119715 -0.731816 1.442252 
72693174205381 1.903455 -1.494175 1.486234 
72693192963610 3.192990 -1.371391 1.475238 
72693211721839 3.535074 0.186314 1.317024 
72693230480120 3.415956 1.029918 0.751364 
72693249238350 2.831358 0.675006 0.372017 
72693267996579 2.505157 -0.457538 0.496633 
72693286754808 2.390314 -0.764192 0.591317 
72693305513037 2.404364 0.302378 0.500909 
72693324271266 1.987754 0.825889 0.270613 
72693343029495 1.395826 0.375682 0.266337 
72693361787725 1.243110 -0.853378 0.875369 
72693380545954 1.252884 -1.811825 1.491732 
72693399304183 1.006705 -2.288300 1.736689 
72693418062412 0.960890 -3.083035 1.609629 
72693436820641 0.778853 -3.379915 1.272431 
72693455578870 0.287106 -3.645030 0.734870 
72693474337100 -0.165544 -3.511251 0.262061 
72693493095329 -0.560163 -2.888169 -0.098349 
72693511853558 -0.965166 -2.072664 -0.252287 
72693530611787 -1.298699 -1.136819 -0.193644 
72693549370016 -1.153313 -0.497244 -0.056810 
72693568128245 -0.396451 -0.755640 -0.069639 
72693586886475 -0.091019 -0.744033 -0.103236 
72693605644704 -0.030543 -0.879034 -0.116675 
72693624402933 0.336587 -1.224173 0.328034 
72693643161162 0.783740 -0.831998 0.700051 
72693661919391 1.602298 -1.133154 0.355523 
72693680677620 2.210109 -1.149037 -0.162490 
72693699435850 -0.111788 0.602924 0.206472 
72693718194079 -1.099557 1.588248 -0.145386 
72693736952308 -0.833830 2.903440 -1.027475 
72693755710537 -1.617570 4.390285 -1.974926 
72693774468766 -2.256535 5.575974 -2.494772 
72693793226995 -2.811810 6.001136 -2.575406 
72693811985225 -2.751335 3.298670 -2.070221 
72693830743454 -2.367712 0.736703 -0.211359 
72693849501683 -2.123366 0.158825 0.803287 
72693868259912 -1.911396 0.069639 0.375071 
72693887018141 -1.918726 0.005498 0.175929 
72693905776370 -1.915672 -0.595593 0.017715 
72693924534600 -1.515556 -0.736092 -0.070249 
72693943292829 -1.133154 -0.115453 0.004276 
72693962051058 -1.044579 0.874758 -0.015272 
72693980809235 -1.266934 2.065334 0.163712 
72693999567516 -1.433089 2.715294 -0.065973 
72694018325745 -1.306029 1.985311 -0.511294 
72694037083975 -1.107498 0.715934 -0.751364 
72694055842204 -1.038470 0.150884 -0.844215 
72694074600433 -1.039692 0.436768 -0.871093 
72694093358662 -0.962723 0.876591 -0.750753 
72694112116891 -0.891252 0.756861 -0.485637 
72694130875120 -0.830776 0.711047 -0.251065 
72694149633350 -0.278554 0.600480 -0.269391 
72694168391579 0.125227 0.131947 -0.168599 
72694187149808 0.249233 -0.505796 0.255341 
72694205908037 0.635299 -0.847269 0.859487 
72694224666214 1.063516 -0.835663 1.361618 
72694243424443 1.899789 -1.082452 1.378722 
72694262182725 2.962083 -1.095891 1.378722 
72694280940902 3.345096 -0.139277 1.244942 
72694299699131 3.172832 0.965166 0.950506 
72694318457360 2.729344 1.277929 0.679892 
72694337215589 2.665203 0.928514 0.625526 
72694355973818 2.737285 0.362243 0.637132 
72694374732047 2.550360 -0.062308 0.606589 
72694393490277 2.144746 -0.436157 0.345139 
72694412248506 1.683543 -0.532063 0.079412 
72694431006683 1.676213 -0.400116 0.568715 
72694449764912 1.632231 -1.069013 1.114828 
72694468523141 1.208901 -2.113592 1.660941 
72694487281370 1.010981 -2.910160 1.879020 
72694506039547 0.929736 -3.348761 1.684765 
72694524797829 0.505796 -3.522246 1.155145 
72694543556006 0.012217 -3.507586 0.626747 
72694562314235 -0.542448 -2.794096 0.226020 
72694581072464 -1.122159 -1.959654 -0.076969 
72694599830693 -1.692706 -1.142928 -0.260228 
72694618588922 -2.002415 -0.325591 -0.272446 
72694637347152 -1.390328 -0.306043 -0.334143 
72694656105329 -0.627969 -0.476475 -0.392786 
72694674863558 -0.015882 -0.646906 -0.246179 
72694693621787 0.487470 -1.674380 0.467312 
72694712380016 0.726929 -2.034180 1.032362 
72694731138245 0.735481 -1.345124 0.959058 
72694749896422 0.600480 -0.886365 0.695164 
72694768654652 0.106901 0.175318 0.440434 
72694787412881 -0.773966 1.919948 -0.114843 
72694806171110 0.015272 0.773966 -0.127060 
72694824929287 0.434325 -0.450207 -0.376293 
72694843687516 -0.182038 1.532049 -0.987157 
72694862445745 -1.449582 3.635256 -1.255327 
72694881203975 -2.280358 4.609586 -1.373835 
72694899962152 -2.687194 5.111105 -1.709810 
72694918720381 -2.943757 4.853321 -1.905287 
72694937478610 -2.857625 2.864956 -1.517999 
72694956236839 -2.335336 -0.296269 -0.186925 
72694974995068 -1.618181 -0.507629 0.209527 
72694993753245 -1.297477 0.102014 -0.231518 
72695012511475 -1.260825 0.171653 0.102625 
72695031269704 -1.209512 0.133779 0.089797 
72695050027881 -1.026253 0.425162 0.156992 
72695068786110 -0.987768 0.800233 0.106901 
72695087544339 -1.138652 1.520442 0.042150 
72695106302516 -1.335961 2.009745 -0.191201 
72695125060745 -1.374446 1.824653 -0.562606 
72695143818975 -1.237612 1.105054 -0.857654 
72695162577204 -0.956003 0.171653 -0.926682 
72695181335381 -0.956614 0.286496 -0.916297 
72695200093610 -0.924238 0.991434 -0.712268 
72695218851839 -0.786794 0.975551 -0.434936 
72695237610016 -0.530231 0.676838 -0.195477 
72695256368245 -0.013439 0.533896 -0.232129 
72695275126422 0.096517 0.276722 -0.161268 
72695293884652 0.054367 -0.114843 0.144775 
72695312642881 0.505185 -0.693942 0.516181 
72695331401058 0.871704 -0.975551 1.007927 
72695350159287 1.351844 -1.201571 1.358563 
72695368917516 2.210109 -1.194241 1.403156 
72695387675693 2.819752 -0.723264 1.395826 
72695406433922 2.947423 0.132558 1.189354 
72695425192152 2.761720 0.513126 0.824667 
72695443950329 2.507600 0.542448 0.715323 
72695462708558 2.478889 0.756251 0.667064 
72695481466735 2.484998 0.791070 0.739146 
72695500224964 2.366490 0.378125 0.682947 
72695518983193 1.954156 -0.784961 0.469755 
72695537741370 1.735467 -1.163697 0.414777 
72695556499600 1.808160 -0.003665 0.586430 
72695575257777 1.576642 -0.379958 0.990212 
72695594016006 1.257160 -1.073900 1.423926 
72695612774235 1.070846 -2.051895 1.594357 
72695631532412 0.750142 -2.836856 1.529605 
72695650290641 0.334143 -3.249190 1.090394 
72695669048818 0.108123 -3.398241 0.434936 
72695687807047 -0.313374 -2.850295 -0.092241 
72695706565225 -0.915075 -1.984089 -0.431271 
72695725323454 -1.553429 -1.067181 -0.556498 
72695744081631 -1.919337 -0.204640 -0.528398 
72695762839860 -1.485012 -0.020769 -0.442877 
72695781598037 -0.616363 -0.411112 -0.284052 
72695800356266 0.059254 -0.711047 -0.189368 
72695819114443 0.473420 -1.513112 0.298102 
72695837872672 0.670119 -2.087936 1.023198 
72695856630850 0.866206 -1.518610 1.230893 
72695875389079 1.438587 -1.257160 1.086728 
72695894147204 1.433089 -1.387274 0.452040 
72695912905485 0.453873 -1.145982 0.058032 
72695931663662 -0.131336 -0.991434 -0.010385 
72695950421839 -0.087354 0.706771 -0.584598 
72695969180068 -1.227227 2.681696 -1.107498 
72695987938297 -2.088547 4.286438 -1.577253 
72696006696475 -2.387870 5.591245 -1.907120 
72696025454652 -2.304793 4.625468 -1.976758 
72696044212829 -1.869857 2.106873 -1.265712 
72696062971058 -1.599855 0.964556 -0.110567 
72696081729287 -1.812436 0.340863 0.280998 
72696100487464 -2.029293 0.128892 -0.045204 
72696119245641 -2.130085 0.140499 -0.113621 
72696138003870 -2.003636 -0.095906 -0.132558 
72696156762047 -1.631620 -0.189368 -0.251676 
72696175520277 -1.384830 -0.320093 -0.439823 
72696194278454 -1.289536 -0.205251 -0.317039 
72696213036631 -1.080620 0.607810 -0.158214 
72696231794860 -1.022588 2.032347 -0.217468 
72696250553037 -0.983492 2.773937 -0.262061 
72696269311266 -0.966388 2.230267 -0.490524 
72696288069443 -1.113606 1.353676 -0.767246 
72696306827620 -1.234558 0.495411 -0.781907 
72696325585850 -1.243721 0.084299 -0.715934 
72696344344027 -1.094059 0.280387 -0.625526 
72696363102204 -0.643851 0.767246 -0.414166 
72696381860433 -0.290161 0.945619 -0.205861 
72696400618610 -0.258396 0.574213 -0.000611 
72696419376787 -0.212581 0.139888 0.141110 
72696438135016 0.370184 -0.557720 0.309708 
72696456893193 1.056796 -1.138041 0.710436 
72696475651370 1.251051 -0.756861 1.300531 
72696494409600 1.450193 -0.596815 1.313359 
72696513167777 2.288300 -0.703716 1.304196 
72696531925954 2.921155 -0.232739 1.248608 
72696550684183 2.908327 0.223577 0.996931 
72696569442360 2.495993 0.407447 0.664010 
72696588200537 2.234543 -0.110567 0.425773 
72696606958714 2.169181 -0.795957 0.496022 
72696625716943 1.795332 -0.639575 0.577267 
72696644475120 1.544877 0.219300 0.616363 
72696663233297 1.555262 1.125824 0.828943 
72696681991475 1.525940 0.554054 0.921184 
72696700749704 1.270599 -1.260214 1.047022 
72696719507881 1.169806 -1.584583 1.230282 
72696738266058 1.158200 -1.580918 1.225395 
72696757024235 1.001207 -1.751349 1.109330 
72696775782464 0.729983 -2.201557 0.807563 
72696794540641 0.351247 -2.833191 0.554054 
72696813298818 -0.070249 -2.995070 0.295659 
72696832056995 -0.539394 -2.666425 0.019548 
72696850815172 -0.998153 -1.893681 -0.205861 
72696869573402 -1.397659 -0.856432 -0.420886 
72696888331579 -1.762345 0.234572 -0.648738 
72696907089756 -2.001804 0.923628 -0.841772 
72696925847881 -1.602909 0.847880 -0.939510 
72696944606110 -0.304822 0.260228 -0.744644 
72696963364287 0.763581 0.023213 0.225409 
72696982122516 0.707992 -0.521679 1.516166 
72697000880693 0.415999 -0.875369 1.820988 
72697019638870 0.009774 -0.554054 1.036027 
72697038397047 -0.062308 -0.856432 0.017104 
72697057155225 0.265115 -0.553443 -0.109345 
72697075913402 -0.072693 0.367741 0.354912 
72697094671579 -0.537561 0.835052 0.236405 
72697113429808 -0.660956 1.639561 -0.127060 
72697132187985 -0.833220 2.572963 -0.581543 
72697150946162 -0.995099 2.896721 -1.165530 
72697169704339 -0.946840 2.919323 -1.594357 
72697188462516 -0.919352 2.790430 -1.898568 
72697207220693 -1.323133 1.686598 -1.961487 
72697225978870 -2.246761 -0.515570 -1.029307 
72697244737047 -2.051895 -0.637743 0.077580 
72697263495225 -0.690888 1.453858 0.178373 
72697282253402 -0.536339 1.502116 0.496633 
72697301011579 -0.587041 0.886365 0.775798 
72697319769756 -0.511905 0.371406 0.566272 
72697338527933 -0.489914 0.022602 0.312152 
72697357286110 -0.653014 -0.014661 -0.016493 
72697376044287 -0.884532 0.087354 -0.142331 
72697394802516 -1.029307 0.591317 -0.255952 
72697413560589 -0.980438 0.833220 -0.299324 
72697432318870 -0.924238 0.607200 -0.417832 
72697451077047 -0.846659 0.423940 -0.535118 
72697469835225 -0.739146 0.301156 -0.621249 
72697488593402 -0.772744 0.310319 -0.599258 
72697507351579 -0.937067 0.473420 -0.524733 
72697526109756 -1.103222 0.615752 -0.452651 
72697544867933 -0.756861 0.320704 -0.259007 
72697563626110 -0.161879 0.067195 -0.113010 
72697582384235 0.061697 0.364686 -0.009163 
72697601142464 0.023824 0.572991 0.167377 
72697619900589 0.133779 0.454483 0.230296 
72697638658766 0.423940 0.211970 0.285885 
72697657416943 0.866817 -0.063530 0.485027 
72697676175120 1.329853 -0.498466 0.711047 
72697694933297 1.478293 -0.842383 0.825278 
72697713691475 1.632842 -1.044579 0.814894 
72697732449652 2.094044 -1.010370 0.838717 
72697751207829 2.367101 -0.373238 0.706771 
72697769966006 2.543641 0.227242 0.695164 
72697788724183 2.538754 0.895528 0.766635 
72697807482360 2.215606 1.350622 0.729983 
72697826240537 2.036012 1.361618 0.751975 
72697844998714 1.916894 1.159421 0.784961 
72697863756839 1.745241 0.993877 0.790459 
72697882515016 1.553429 1.025642 0.734870 
72697901273193 1.255327 0.114232 0.558941 
72697920031370 1.144150 -0.640797 0.541837 
72697938789547 1.012203 -1.048244 0.437990 
72697957547725 0.860098 -1.489288 0.380569 
72697976305902 0.698829 -1.960265 0.351858 
72697995064027 0.474031 -2.225380 0.339030 
72698013822204 0.093462 -2.136194 0.295659 
72698032580381 -0.320704 -1.806938 0.166766 
72698051338558 -0.574213 -1.414763 -0.104458 
72698070096735 -0.661567 -0.846659 -0.425773 
72698088854912 -0.530231 -0.791070 -0.726929 
72698107613037 -0.648128 -0.241902 -0.937067 
72698126371214 -0.787405 0.124006 -1.092226 
72698145129391 -0.872926 0.056810 -1.067792 
72698163887568 -0.692110 -0.140499 -0.840550 
72698182645745 -0.087965 -0.260839 -0.383012 
72698201403870 0.305432 -0.445320 0.276722 
72698220162047 0.076969 -0.094073 0.772133 
72698238920225 -0.136223 0.474031 0.891863 
72698257678402 -0.051313 0.402560 0.762970 
72698276436527 -0.703105 -0.146608 0.557109 
72698295194704 -1.074511 -0.676838 0.106290 
72698313952881 -0.224187 -1.345124 -0.304211 
72698332711058 0.515570 -1.704313 -0.267559 
72698351469183 0.289550 -0.581543 0.007941 
72698370227360 -0.178373 0.603534 -0.022602 
72698388985537 -0.593150 1.177136 -0.217468 
72698407743714 -0.771522 1.147815 -0.485637 
72698426501839 -0.858876 1.150869 -0.694553 
72698445260016 -1.119715 1.513723 -0.929125 
72698464018193 -1.397659 1.700648 -0.766024 
72698482776318 -1.198517 1.141095 -0.161268 
72698501534495 -0.649349 0.262061 -0.042761 
72698520292672 -0.406225 -0.073304 -0.210137 
72698539050797 -0.356745 -0.569937 -0.262672 
72698557808975 -0.595593 -0.733649 -0.276111 
72698576567152 -0.885754 -0.352469 -0.114843 
72698595325329 -0.945008 -0.049480 0.025045 
72698614083454 -0.882089 0.060476 0.054978 
72698632841631 -0.763581 0.026878 -0.025656 
72698651599756 -0.556498 0.158214 -0.202196 
72698670357933 -0.491746 0.268170 -0.323147 
72698689116110 -0.543059 0.191812 -0.419664 
72698707874235 -0.579711 0.086132 -0.500298 
72698726632412 -0.590706 0.145386 -0.479529 
72698745390537 -0.495411 0.321315 -0.354302 
72698764148714 -0.334143 0.548557 -0.249233 
72698782906891 -0.178983 0.639575 -0.209527 
72698801665016 -0.138055 0.784961 -0.210137 
72698820423193 -0.158825 1.029307 -0.190590 
72698839181318 -0.108123 1.034805 -0.114843 
72698857939495 0.056810 0.966388 -0.027489 
72698876697620 0.444099 0.506407 0.039706 
72698895455797 0.763581 0.245568 0.218690 
72698914213975 0.917519 0.489303 0.588874 
72698932972100 1.275486 0.399506 0.892473 
72698951730277 1.572366 0.100182 1.155145 
72698970488402 1.611461 0.191812 1.239445 
72698989246579 1.753793 0.410501 1.084896 
72699008004704 2.191172 0.743422 0.836274 
72699026762881 2.125809 0.712268 0.557720 
72699045521006 1.687209 0.348804 0.278554 
72699064279183 1.254716 0.260839 0.008552 
72699083037360 1.096502 0.536339 -0.162490 
72699101795485 1.044579 0.244957 -0.179594 
72699120553662 0.610254 -0.172264 -0.098349 
72699139311787 -0.105680 -0.257785 -0.045815 
72699158069964 -0.599258 -0.388510 -0.006109 
72699176828089 -0.927293 -0.536339 -0.045204 
72699195586266 -1.095281 -0.800233 -0.140499 
72699214344391 -1.160643 -0.872315 -0.259618 
72699233102516 -1.029918 -0.642019 -0.262061 
72699251860693 -0.591928 -0.628580 -0.218690 
72699270618818 -0.351858 -0.525955 -0.149051 
72699289376995 -0.517402 -0.094073 -0.064141 
72699308135120 -0.561385 0.310319 -0.010996 
72699326893297 -0.357967 0.230296 0.009163 
72699345651422 -0.466090 0.132558 0.010385 
72699364409600 -0.759916 0.231518 0.026267 
72699383167725 -0.691499 0.386067 -0.037874 
72699401925850 -0.196698 0.743422 -0.198531 
72699420684027 0.339030 1.409265 -0.427605 
72699439442152 0.415999 2.029293 -0.632245 
72699458200329 0.168599 2.469115 -0.716544 
72699476958454 -0.057421 2.773326 -0.776409 
72699495716631 -0.027489 2.900386 -0.951116 
72699514474756 0.074526 3.043328 -1.102611 
72699533232881 0.105680 3.275457 -1.155145 
72699551991058 0.227853 3.563785 -1.149647 
72699570749183 0.428216 3.586387 -1.034194 
72699589507360 0.495411 3.692067 -0.800844 
72699608265485 0.487470 4.043314 -0.551000 
72699627023558 0.696997 3.990169 -0.511294 
72699645781787 0.899804 3.546681 -0.684779 
72699664539912 0.854600 3.162447 -0.850324 
72699683298037 0.649960 2.952920 -0.884532 
72699702056214 0.429438 2.994459 -0.773966 
72699720814339 0.092241 3.258964 -0.594982 
72699739572464 -0.460592 3.397630 -0.227853 
72699758330589 -0.827111 3.183827 -0.123395 
72699777088766 -0.535728 3.383580 -0.302989 
72699795846839 0.143553 3.225366 -0.237016 
72699814605016 0.463646 2.930929 0.119119 
72699833363193 0.461203 3.043328 0.250455 
72699852121318 0.328034 2.716516 0.138055 
72699870879443 0.066584 2.244928 -0.109956 
72699889637620 0.061086 1.838703 -0.334143 
72699908395745 0.173486 1.880242 -0.444099 
72699927153870 0.025045 2.059836 -0.372017 
72699945911995 -0.047037 2.177733 -0.202807 
72699964670172 0.128282 1.758069 0.044593 
72699983428297 0.234572 0.954782 0.279165 
72700002186422 0.257785 0.151494 0.335365 
72700020944600 0.372017 -0.797789 0.246179 
72700039702725 0.314595 -1.317024 0.139277 
72700058460850 0.094073 -1.539379 0.111177 
72700077218975 -0.117286 -1.918726 0.137445 
72700095977152 -0.284663 -2.362825 0.144775 
72700114735277 -0.393397 -2.693914 0.164933 
72700133493402 -0.422718 -3.063487 0.185703 
72700152251527 -0.427605 -3.527133 0.156992 
72700171009652 -0.458759 -3.851502 0.133169 
72700189767829 -0.555276 -3.835009 0.258396 
72700208525954 -0.681725 -3.527744 0.452651 
72700227284079 -0.628580 -3.351204 0.485637 
72700246042204 -0.629802 -3.209484 0.412334 
72700264800329 -0.739146 -3.092808 0.275500 
72700283558506 -0.812450 -3.108691 0.178373 
72700302316631 -0.891863 -3.193601 0.149662 
72700321074756 -0.704938 -3.322494 0.127060 
72700339832881 -0.344528 -3.016450 0.119729 
72700358591006 -0.094684 -2.545474 0.100182 
72700377349131 0.117897 -2.161850 0.175929 
72700396107308 0.249844 -1.784336 0.304822 
72700414865433 0.131947 -1.111163 0.473420 
72700433623558 -0.034208 -0.587041 0.631634 
72700452381683 -0.156381 -0.533896 0.736703 
72700471139808 -0.280998 -1.153313 0.707381 
72700489897933 -0.397062 -1.987754 0.596815 
72700508656058 -0.608421 -2.268141 0.434936 
72700527414235 -0.747088 -2.041510 0.302989 
72700546172360 -0.701273 -1.943772 0.238848 
72700564930485 -0.640797 -2.037845 0.197309 
72700583688610 -0.690888 -2.061058 0.142331 
72700602446735 -0.710436 -1.779449 0.138055 
72700621204860 -0.621249 -1.566257 0.153938 
72700639962985 -0.467922 -1.588859 0.152105 
72700658721110 -0.306654 -1.503338 0.104458 
72700677479235 -0.158825 -1.200960 0.012217 
72700696237360 -0.075136 -0.941953 -0.059254 
72700714995433 -0.095295 -0.768468 -0.075136 
72700733753610 -0.133169 -0.675616 -0.051313 
72700752511787 -0.196698 -0.603534 -0.064141 
72700771269912 -0.248622 -0.500298 -0.071471 
72700790028037 -0.199753 -0.453873 -0.032987 
72700808786162 -0.092241 -0.554665 0.023824 
72700827544287 -0.032376 -0.622471 0.061086 
72700846302360 -0.067195 -0.507018 0.108123 
72700865060537 -0.068417 -0.380569 0.145997 
72700883818662 0.015272 -0.349415 0.124616 
72700902576787 0.132558 -0.368962 0.075136 
72700921334912 0.184481 -0.280998 0.030543 
72700940093037 0.154549 -0.127671 -0.004887 
72700958851162 0.119119 -0.036041 -0.048258 
72700977609287 0.061086 0.023213 -0.037263 
72700996367412 -0.001222 0.111788 0.023824 
72701015125485 -0.009774 0.137445 0.058032 
72701033883662 -0.028711 0.160047 0.070860 
72701052641787 0.001833 0.154549 0.054978 
72701071399912 0.039706 0.102014 0.035430 
72701090158037 0.045815 0.109345 0.015882 
72701108916162 0.058643 0.128282 0.006720 
72701127674287 0.031765 0.084299 0.020159 
72701146432412 -0.027489 0.095906 0.028100 
72701165190485 -0.017715 0.086743 0.018937 
72701183948662 0.000000 0.054978 0.014661 
72701202706735 -0.029322 0.087965 0.025656 
72701221464860 -0.033598 0.149051 0.029322 
72701240222985 -0.003665 0.123395 0.029322 
72701258981110 0.001833 0.121562 0.010385 
72701277739235 -0.018937 0.152716 0.018937 
72701296497360 -0.020159 0.150273 0.035430 
72701315255485 0.003665 0.125227 0.034819 
72701334013610 0.009163 0.120951 0.023824 
72701352771764 0.006720 0.128282 0.020159 
72701371529889 -0.002443 0.102625 0.020769 
72701390287962 -0.014050 0.064752 0.012828 
72701409046139 -0.021991 0.050702 0.010996 
72701427804212 -0.035430 0.062308 0.029932 
72701446562337 -0.042150 0.055589 0.054367 
72701465320462 -0.034819 0.042150 0.068417 
72701484078587 -0.021380 0.033598 0.065973 
72701502836712 -0.012828 0.014661 0.055589 
72701521594837 -0.031765 -0.012828 0.045815 
72701540352962 -0.058643 -0.020159 0.032376 
72701559111087 -0.081856 -0.018937 0.018937 
72701577869160 -0.111177 0.003054 0.017104 
72701596627285 -0.120951 0.010996 0.018937 
72701615385410 -0.124616 0.034208 0.024435 
72701634143535 -0.108734 0.045815 0.026267 
72701652901660 -0.084299 0.050091 0.014661 
72701671659785 -0.058643 0.047647 0.003665 
72701690417858 -0.037874 0.034208 0.002443 
72701709175931 -0.037874 0.032376 0.015882 
72701727934108 -0.043982 0.030543 0.031154 
72701746692233 -0.051313 -0.017715 0.055589 
72701765450306 -0.066584 -0.116675 0.064752 
72701784208431 -0.088575 -0.164933 0.058032 
72701802966556 -0.111788 -0.086743 0.061086 
72701821724681 -0.108734 -0.061086 0.089186 
72701840482806 -0.034819 -0.125838 0.073304 
72701859240879 0.007330 -0.147218 0.046426 
72701877999004 0.016493 -0.040928 0.043982 
72701896757129 0.065363 0.148440 0.049480 
72701915515254 0.139888 0.332310 0.072693 
72701934273379 0.209527 0.516792 0.122173 
72701953031451 0.322537 0.687834 0.146608 
72701971789576 0.429438 0.805120 0.133779 
72701990547806 0.470977 0.966999 0.131336 
72702009305826 0.474642 1.160643 0.111788 
72702028063899 0.444710 1.357342 0.070860 
72702046822024 0.353080 1.537547 0.024435 
72702065580149 0.210748 1.722028 -0.120951 
72702084338274 0.172875 2.023184 -0.229074 
72702103096347 0.067195 2.327395 -0.401338 
72702121854472 -0.043982 2.640769 -0.547335 
72702140612597 0.018937 2.908327 -0.709214 
72702159370722 0.218690 3.020726 -0.842383 
72702178128795 0.270613 3.399462 -0.787405 
72702196886920 0.502131 3.888765 -0.692110 
72702215645045 1.037859 3.911367 -0.758694 
72702234403118 1.405600 3.595550 -0.801455 
72702253161243 1.512501 3.447110 -0.816115 
72702271919368 1.473406 2.950477 -0.811228 
72702290677441 1.108720 2.609614 -0.642019 
72702309435566 0.821002 2.750724 -0.347582 
72702328193691 0.703716 3.337154 -0.070249 
72702346951764 0.093462 3.937023 0.288328 
72702365709889 -0.365297 4.066527 0.469755 
72702384468014 -0.406836 3.750710 0.314595 
72702403226139 -0.712268 3.370752 0.084299 
72702421984212 -0.541226 2.748281 -0.111177 
72702440742337 0.226631 2.035401 -0.114232 
72702459500410 0.688445 1.798386 0.177151 
72702478258535 0.350636 2.879616 0.458149 
72702497016660 -0.296269 4.286438 0.568715 
72702515774733 -0.496633 4.341416 0.761748 
72702534532858 -0.538783 4.038427 0.745255 
72702553290931 -0.230296 3.726886 0.597426 
72702572049056 0.313374 3.326770 0.409279 
72702590807181 0.700051 3.257742 0.200975 
72702609565306 0.720820 3.536907 0.070249 
72702628323379 0.433714 3.505142 0.021380 
72702647081504 0.056200 3.209484 0.143553 
72702665839576 -0.123395 2.919934 0.299935 
72702684597701 0.138055 2.398866 0.342084 
72702703355826 0.359188 1.828929 0.269391 
72702722113899 0.340863 1.773340 0.159436 
72702740872024 0.376293 2.030514 0.133169 
72702759630097 0.408669 2.208887 0.127671 
72702778388222 0.485027 2.209498 0.207694 
72702797146347 0.599258 2.094044 0.227853 
72702815904420 0.623693 1.968206 0.207694 
72702834662545 0.696997 1.844812 0.149051 
72702853420618 0.781907 1.674380 0.037874 
72702872178743 0.709825 1.544266 -0.026878 
72702890936816 0.635299 1.397048 -0.050702 
72702909694941 0.674395 1.116050 -0.113621 
72702928453014 0.785572 0.818559 -0.179594 
72702947211139 0.882700 0.645073 -0.138055 
72702965969264 0.975551 0.651793 0.024435 
72702984727337 1.142928 0.733649 0.098960 
72703003485462 1.290757 0.886365 0.046426 
72703022243587 1.297477 1.145982 -0.187535 
72703041001660 1.392772 1.236390 -0.470977 
72703059759733 1.487456 1.105665 -0.625526 
72703078517858 1.389717 0.905302 -0.621249 
72703097275983 1.199128 0.792292 -0.540004 
72703116034056 0.916908 0.551611 -0.440434 
72703134792181 0.632245 0.284663 -0.362243 
72703153550254 0.387899 0.180816 -0.306654 
72703172308379 0.204029 0.128892 -0.285274 
72703191066451 0.083688 0.076358 -0.306043 
72703209824576 0.017104 0.128282 -0.302989 
72703228582649 -0.009163 0.226020 -0.277943 
72703247340774 -0.057421 0.183259 -0.244346 
72703266098847 -0.166766 0.119729 -0.201585 
72703284856972 -0.290161 0.121562 -0.175318 
72703303615045 -0.481972 0.200975 -0.130114 
72703322373170 -0.709825 0.288939 -0.078802 
72703341131243 -0.882700 0.152105 -0.014050 
72703359889316 -1.098335 0.006720 0.058643 
72703378647441 -1.247386 -0.087354 0.196698 
72703397405514 -1.031140 -0.252287 0.197920 
72703416163639 -0.332310 -0.179594 0.031154 
72703434921712 0.086743 0.115453 -0.054367 
72703453679837 -0.109956 0.198531 -0.084299 
72703472437910 -0.347582 0.159436 -0.125227 
72703491196035 -0.315206 0.018937 -0.151494 
72703509954108 -0.312763 0.054367 -0.126449 
72703528712181 -0.444099 0.177762 -0.046426 
72703547470306 -0.552222 0.144164 -0.003054 
72703566228379 -0.541226 0.015882 -0.005498 
72703584986504 -0.486859 -0.226631 -0.012828 
72703603744524 -0.539394 -0.321926 -0.019548 
72703622502649 -0.640186 -0.114232 -0.029932 
72703641260774 -0.559552 -0.038484 -0.059254 
72703660018847 -0.301767 -0.214414 -0.120951 
72703678776920 -0.209527 -0.241292 -0.136223 
72703697535045 -0.235183 -0.241292 -0.069028 
72703716293118 -0.281609 -0.120951 0.010996 
72703735051243 -0.296269 0.060476 0.077580 
72703753809316 -0.187535 0.111788 0.087965 
72703772567389 -0.072693 0.045815 0.036041 
72703791325514 -0.035430 -0.019548 -0.021380 
72703810083587 -0.003665 -0.120951 -0.047037 
72703828841660 -0.005498 -0.211970 -0.033598 
72703847599785 -0.071471 -0.172875 0.006109 
72703866357858 -0.174096 -0.114232 0.049480 
72703885115931 -0.227242 -0.103847 0.065363 
72703903874056 -0.216246 -0.124006 0.038484 
72703922632129 -0.197920 -0.143553 -0.001833 
72703941390201 -0.197920 -0.152716 -0.036652 
72703960148326 -0.199142 -0.139888 -0.054978 
72703978906399 -0.168599 -0.110567 -0.063530 
72703997664472 -0.135001 -0.103847 -0.059254 
72704016422597 -0.141110 -0.024435 -0.042150 
72704035180670 -0.144775 0.063530 -0.015272 
72704053938743 -0.120340 0.092851 -0.003665 
72704072696868 -0.090408 0.119729 -0.011606 
72704091454941 -0.068417 0.145997 -0.028711 
72704110213014 -0.042761 0.154549 -0.045204 
72704128971087 -0.018937 0.106290 -0.046426 
72704147729212 -0.007941 0.071471 -0.042761 
72704166487285 -0.017104 0.065973 -0.031154 
72704185245358 -0.017104 0.060476 -0.017715 
72704204003431 -0.008552 0.041539 -0.018326 
72704222761556 -0.024435 0.035430 -0.020769 
72704241519629 -0.047647 0.046426 -0.028711 
72704260277701 -0.052534 0.032987 -0.029322 
72704279035774 -0.047037 0.018937 -0.037263 
72704297793899 -0.051313 0.017715 -0.041539 
72704316551972 -0.047647 0.012217 -0.037874 
72704335310045 -0.048258 0.021991 -0.027489 
72704354068118 -0.058032 0.040928 -0.015272 
72704372826243 -0.069028 0.056200 -0.012828 
72704391584316 -0.065363 0.057421 -0.020769 
72704410342389 -0.045204 0.070249 -0.028100 
72704429100462 -0.021991 0.089186 -0.022602 
72704447858587 -0.003054 0.092851 -0.020769 
72704466616660 0.021991 0.059865 -0.027489 
72704485374733 0.036652 0.023824 -0.028711 
72704504198847 0.012217 0.018326 -0.014050 
72704522890879 -0.036652 0.037874 -0.001222 
72704541648951 -0.040317 0.023824 -0.001833 
72704560407024 -0.023213 -0.008552 -0.012828 
72704579165097 -0.018326 -0.007941 -0.028711 
72704597923170 -0.025656 0.004276 -0.036652 
72704616681295 -0.018937 0.014661 -0.026878 
72704635439368 -0.023824 0.020159 -0.012217 
72704654197441 -0.034819 0.009163 -0.009774 
72704672955514 -0.033598 0.000000 -0.023213 
72704691713587 -0.017715 -0.003054 -0.029932 
72704710471660 -0.009774 0.007941 -0.023824 
72704729229733 -0.012828 0.000611 -0.015272 
72704747987858 -0.014661 -0.020159 -0.012828 
72704766745931 -0.012828 -0.045815 -0.012828 
72704785504004 -0.032376 -0.061086 -0.006720 
72704804262076 -0.053145 -0.055589 0.000611 
72704823020149 -0.049480 -0.054978 0.006109 
72704841778222 -0.017104 -0.067195 0.006109 
72704860536295 0.013439 -0.068417 -0.003665 
72704879294368 0.009163 -0.051313 -0.015882 
72704898052493 -0.013439 -0.036041 -0.009163 
72704916810566 -0.024435 -0.013439 0.006720 
72704935568639 -0.010996 0.006720 0.012828 
72704954326712 0.015882 -0.010996 0.012217 
72704973084785 0.026878 -0.014050 0.006109 
72704991842858 0.031154 0.006109 0.000611 
72705010600931 0.028711 0.013439 0.001222 
72705029359004 0.012828 0.018326 0.007330 
72705048117076 -0.003665 0.023213 0.014050 
72705066875201 -0.006109 0.025656 0.011606 
72705085633274 0.006109 0.018326 0.009163 
72705104391347 0.021380 0.020769 0.014050 
72705123149420 0.037263 0.032376 0.018937 
72705141907493 0.048258 0.045815 0.026878 
72705160665566 0.070249 0.075136 0.060476 
72705179423639 0.208916 0.073304 0.094684 
72705198181712 0.375071 0.119119 0.142942 
72705216939785 0.514959 0.142942 0.208305 
72705235697858 0.598037 0.164933 0.206472 
72705254455931 0.827722 0.247400 0.077580 
72705273214004 0.882089 -0.078802 0.018937 
72705291972076 0.601702 -0.348193 0.032987 
72705310730149 0.158214 -0.221133 0.105680 
72705329488222 -0.169210 0.056810 0.183870 
72705348246295 -0.208305 0.241292 0.168599 
72705367004368 -0.116675 0.290772 0.095906 
72705385762441 -0.029322 0.280387 0.021380 
72705404520514 0.003054 0.319482 -0.044593 
72705423278587 -0.043982 0.430660 -0.048258 
72705442036660 -0.156992 0.528398 -0.028711 
72705460794733 -0.249844 0.562606 0.024435 
72705479552806 -0.280387 0.596815 0.088575 
72705498310879 -0.313984 0.653014 0.136834 
72705517068951 -0.359188 0.681114 0.139888 
72705535827024 -0.420886 0.597426 0.046426 
72705554585097 -0.412945 0.120340 -0.240070 
72705573343170 -0.253509 -0.358578 -0.571769 
72705592101243 -0.086132 -0.599258 -0.603534 
72705610859316 -0.163101 -0.337808 -0.324980 
72705629617389 -0.643241 -0.282830 0.126449 
72705648375462 -0.992655 -0.358578 0.474031 
72705667133535 -0.963945 -0.116064 0.600480 
72705685891608 -0.698218 -0.230296 0.601091 
72705704649681 -0.556498 0.097738 0.437379 
72705723407754 -0.658512 0.651793 0.159436 
72705742165826 -0.465479 0.677449 -0.069639 
72705760923899 -0.328645 0.855211 -0.047037 
72705779681972 -0.458759 1.114828 0.073304 
72705798440045 -0.577267 1.207680 0.042761 
72705817198118 -0.594371 1.224784 -0.095295 
72705835956139 -0.628580 1.034805 -0.217468 
72705854714264 -0.722653 0.667675 -0.295048 
72705873472337 -0.820391 0.301767 -0.364075 
72705892230410 -0.776409 0.324369 -0.378125 
72705910988431 -0.563217 0.706160 -0.401338 
72705929746504 -0.348804 1.105054 -0.361021 
72705948504576 -0.200975 1.353676 -0.266948 
72705967262649 -0.075136 1.240666 -0.155771 
72705986020722 0.009163 0.945619 -0.064752 
72706004778795 0.310930 0.653014 0.049480 
72706023536868 0.800844 0.087354 0.296269 
72706042294941 0.778853 -0.667675 0.686612 
72706061053014 1.062905 -1.389107 0.806342 
72706079811087 1.940717 -1.286481 0.908356 
72706098569108 2.690859 -0.693942 0.951727 
72706117327181 2.844186 -0.245568 0.908967 
72706136085254 2.437351 -0.258396 0.811839 
72706154843326 2.097710 -0.638354 0.802065 
72706173601399 2.172846 -0.926071 0.784961 
72706192359472 2.356716 -0.238848 0.784350 
72706211117545 2.359160 0.639575 0.662177 
72706229875618 2.199724 1.368337 0.433103 
72706248633639 1.854586 1.034194 0.260839 
72706267391712 1.510669 -0.527176 0.470366 
72706286149785 1.453247 -0.871704 0.651793 
72706304907858 1.292590 -0.779463 1.018312 
72706323665931 0.994488 -1.675602 1.398270 
72706342424004 0.808174 -3.001790 1.559538 
72706361182024 0.828333 -4.389063 1.363450 
72706379940097 0.643851 -4.876534 1.006705 
72706398698170 0.243735 -4.200917 0.618195 
72706417456243 -0.109956 -2.992016 0.156992 
72706436214316 -0.373238 -1.893681 -0.144164 
72706454972389 -0.582765 -1.074511 -0.272446 
72706473730410 -0.623693 -0.613919 -0.184481 
72706492488483 -0.444099 -0.731205 0.008552 
72706511246556 -0.307265 -1.202793 0.188146 
72706530004629 -0.215635 -1.749517 0.347582 
72706548762701 -0.003054 -1.999971 0.557109 
72706567520722 0.097738 -1.427591 0.741590 
72706586278795 0.406836 -0.833830 0.886365 
72706605036816 1.445306 -1.292590 0.538783 
72706623794941 1.356120 -0.224187 0.287106 
72706642552962 -0.547946 1.131322 0.545502 
72706661311035 -0.778242 1.983478 -0.379958 
72706680069108 -0.617584 3.919308 -1.356120 
72706698827181 -1.545488 5.557037 -2.217439 
72706717585254 -2.131307 5.536267 -2.617556 
72706736343274 -2.587012 5.199070 -2.764163 
72706755101347 -2.408029 2.911381 -2.630995 
72706773859420 -2.098931 0.177151 -1.274875 
72706792617493 -2.108094 -0.221744 0.134390 
72706811375514 -1.994473 -0.121562 0.073304 
72706830133587 -2.017076 -0.045204 0.297491 
72706848891660 -2.090379 0.067806 0.421497 
72706867649733 -1.992641 0.328034 0.287717 
72706886407754 -1.627955 0.240070 0.142942 
72706905165826 -1.218064 0.881478 0.132558 
72706923923899 -1.184467 1.657887 0.138666 
72706942681920 -1.229060 1.796553 -0.247400 
72706961439993 -1.266323 1.472795 -0.650571 
72706980198066 -1.447749 1.048855 -0.820391 
72706998956139 -1.578475 0.868650 -0.888197 
72707017714160 -1.530827 0.687223 -0.815504 
72707036472233 -1.440419 0.576656 -0.693942 
72707055230306 -0.959058 0.560163 -0.637743 
72707073988379 -0.283441 0.811839 -0.558330 
72707092746399 -0.034208 1.125213 -0.312152 
72707111504472 -0.069639 1.031751 -0.091630 
72707130262545 0.116675 0.371406 0.142331 
72707149020566 0.862541 -0.335976 0.455094 
72707167778639 1.623068 -1.080620 0.963334 
72707186536243 1.847255 -1.418428 1.485623 
72707205294785 2.389092 -1.667050 1.700037 
72707224052806 2.695746 -1.422704 1.863138 
72707242810879 2.811810 -0.563828 1.621235 
72707261568951 2.671312 0.189979 1.125824 
72707280326972 2.320065 0.524733 0.794124 
72707299085045 2.526537 0.053145 0.932180 
72707317843118 2.650542 0.109956 0.850935 
72707336601191 2.422690 0.695164 0.478918 
72707355359212 2.111759 0.695775 0.412334 
72707374117285 1.698815 -0.414166 0.465479 
72707392875358 1.637728 -1.249218 0.654847 
72707411633379 1.626733 -1.767843 1.193630 
72707430391451 1.472795 -2.984074 1.762956 
72707449149472 1.241277 -3.480097 1.630398 
72707467907545 0.680503 -4.094016 1.223562 
72707486665618 0.105680 -4.546056 0.615752 
72707505423639 -0.400727 -4.310262 0.029932 
72707524181712 -0.885143 -3.381747 -0.366519 
72707542939785 -1.396437 -2.212552 -0.509461 
72707561697806 -1.006094 -1.230282 -0.376904 
72707580455879 0.106290 -1.185078 -0.039095 
72707599213899 -0.054978 -0.923017 0.065363 
72707617971972 0.027489 -1.054353 0.139888 
72707636729993 0.548557 -1.631620 0.559552 
72707655488066 1.491121 -1.535103 0.933401 
72707674246139 2.156353 -1.333518 0.575435 
72707693004160 1.197906 -0.733649 -0.254731 
72707711762233 -0.172875 0.674395 0.033598 
72707730520254 -0.729983 1.753182 -0.560163 
72707749278326 -1.172250 2.970025 -1.263268 
72707768036347 -1.582751 3.763538 -1.937052 
72707786794420 -1.935830 4.616305 -2.169792 
72707805552493 -2.730566 5.251605 -2.203389 
72707824310514 -2.896110 3.394576 -2.006080 
72707843068587 -2.664592 1.120937 -0.671340 
72707861826608 -2.397033 0.431881 0.446542 
72707880584681 -2.277304 0.215635 0.400116 
72707899342701 -2.310901 0.096517 0.334143 
72707918100774 -2.239430 -0.014661 0.190590 
72707936858847 -2.147800 -0.133169 0.032376 
72707955616868 -1.836259 -0.218690 -0.155771 
72707974374941 -1.455691 0.450207 0.059254 
72707993132962 -1.714087 1.953546 0.025045 
72708011891035 -1.915672 2.479500 -0.524733 
72708030649056 -1.496008 1.450193 -0.757472 
72708049407129 -1.310916 0.591928 -0.853378 
72708068165149 -1.199128 0.282220 -0.883310 
72708086923222 -1.183856 0.868650 -0.888197 
72708105681243 -1.104444 1.310305 -0.642019 
72708124439316 -0.720210 1.039081 -0.223577 
72708143197337 -0.208916 1.015868 -0.065973 
72708161955410 0.156381 0.971886 -0.073915 
72708180713431 0.319482 0.237016 0.149662 
72708199471504 0.784961 -0.574213 0.651793 
72708218229524 1.407432 -0.766024 1.166141 
72708236987597 1.886350 -1.142928 1.527773 
72708255745618 2.561967 -1.395826 1.551597 
72708274503691 2.693303 -0.966999 1.626733 
72708293261712 2.805091 0.226631 1.395215 
72708312019785 2.731176 0.904691 0.965777 
72708330777806 2.401309 0.949895 0.771522 
72708349535879 2.271806 0.655458 0.832609 
72708368293899 2.247983 0.692110 0.831998 
72708387051972 2.197891 0.684779 0.628580 
72708405809993 1.915061 0.365908 0.377514 
72708424568066 1.591303 -0.538783 0.345749 
72708443326087 1.594968 -1.241277 0.620028 
72708462084160 1.492343 -1.912618 1.117272 
72708480842181 1.254716 -2.433685 1.776395 
72708499600254 1.011592 -2.957807 1.789834 
72708518358274 0.546724 -3.079980 1.522275 
72708537116295 -0.029322 -3.528966 0.998153 
72708555874368 -0.543059 -3.653582 0.378736 
72708574632389 -1.051909 -3.051880 -0.083078 
72708593390462 -1.596190 -2.072053 -0.338419 
72708612148483 -1.953546 -1.037859 -0.348804 
72708630906556 -1.112385 -0.522289 -0.064752 
72708649664576 0.001833 -0.673784 0.080023 
72708668422649 0.361632 -0.799011 0.169210 
72708687180670 0.392175 -1.328020 0.681114 
72708705938691 0.668286 -1.756847 0.927904 
72708724696764 1.285870 -1.697593 0.896139 
72708743454785 1.006705 -0.843604 0.549778 
72708762212858 -0.065363 0.560774 -0.145997 
72708780970879 -0.483194 0.836274 0.095906 
72708799728899 -0.076358 0.342695 -0.195477 
72708818486972 -0.456316 1.879020 -0.739757 
72708837244993 -1.558316 3.353037 -1.168584 
72708856003066 -2.294408 4.608975 -1.413541 
72708874761087 -2.836245 4.755582 -1.990197 
72708893519108 -3.106247 3.623650 -2.235154 
72708912277181 -3.045772 1.323744 -1.002429 
72708931035201 -2.492939 0.711657 0.611476 
72708949793274 -2.175289 0.823446 0.280998 
72708968551295 -2.138027 0.693332 -0.134390 
72708987309316 -1.982256 0.692110 -0.064752 
72709006067389 -1.744630 0.645073 -0.031765 
72709024825410 -1.216232 0.331700 -0.042150 
72709043583431 -0.682336 0.838717 0.106901 
72709062341504 -0.964556 2.274250 -0.104458 
72709081099524 -1.474017 2.718348 -0.659734 
72709099857597 -1.197906 1.166141 -1.009149 
72709118615618 -0.741590 0.084910 -1.033583 
72709137373639 -0.888197 0.999375 -0.982271 
72709156131712 -1.041524 1.990197 -0.737925 
72709174889733 -0.803287 1.629787 -0.320704 
72709193647754 -0.176540 1.032362 -0.047647 
72709212405826 0.375071 0.927904 -0.073304 
72709231163847 0.485027 0.412334 0.128282 
72709249921868 0.734870 -0.417832 0.536339 
72709268679941 1.237001 -0.883310 1.153313 
72709287437962 1.832594 -1.151480 1.583362 
72709306195983 2.757444 -1.158200 1.403767 
72709324954056 3.200320 -0.646906 1.354287 
72709343712076 3.205208 0.770301 1.128878 
72709362470097 2.965138 1.408043 0.773355 
72709381228170 2.883893 0.912021 0.729983 
72709399986191 2.840521 0.444099 0.970053 
72709418744212 2.627940 0.730594 0.766024 
72709437502285 2.297462 0.584598 0.433714 
72709456260306 1.668272 -0.557720 0.214414 
72709475018326 1.496008 -0.648738 0.354912 
72709493776295 1.273653 -0.531452 0.891252 
72709512534420 0.914465 -1.679267 1.616959 
72709531292441 0.896139 -2.979187 2.010967 
72709550050462 0.826500 -3.852724 1.976148 
72709568808535 0.296880 -4.278497 1.552207 
72709587566556 -0.263894 -4.765967 0.852767 
72709606324576 -0.902247 -4.159378 0.316428 
72709625082597 -1.568701 -2.954142 -0.058643 
72709643840670 -2.086714 -1.530216 -0.326813 
72709662598691 -1.372613 -1.094670 -0.412334 
72709681356712 -0.183259 -0.889419 -0.395840 
72709700114785 0.100182 -0.302989 -0.203418 
72709718872806 0.442266 -1.136209 0.319482 
72709737630826 0.478918 -1.777617 0.824057 
72709756388847 1.097724 -1.599244 0.921184 
72709775146920 1.527162 -1.321911 0.800844 
72709793904941 0.447764 -0.050091 0.146608 
72709812662962 -0.307265 1.178969 -0.127060 
72709831420983 -0.507629 0.708603 0.079412 
72709850179004 -0.621249 1.801440 -0.590095 
72709868937076 -1.557094 3.799579 -1.008538 
72709887695097 -2.415970 5.119658 -1.381776 
72709906453118 -2.915658 5.418982 -2.132529 
72709925211191 -2.949255 4.130668 -2.632216 
72709943969212 -2.609614 1.475849 -1.828929 
72709962727233 -2.277915 0.101404 0.108123 
72709981485254 -1.830151 -0.135612 0.125838 
72710000243274 -1.797775 0.080023 0.003665 
72710019001347 -2.080606 0.358578 0.131947 
72710037759368 -1.933998 0.505796 0.026267 
72710056517389 -1.418428 0.687834 -0.100182 
72710075275410 -1.375057 1.141706 0.075136 
72710094033483 -2.026849 2.148412 -0.248622 
72710112791504 -2.413527 1.950491 -0.788016 
72710131549524 -1.536936 0.272446 -0.906523 
72710150307545 -1.009149 0.135612 -0.824667 
72710169065566 -0.738536 1.500895 -0.610254 
72710187823639 -0.373238 1.789223 -0.469144 
72710206581660 -0.459370 1.101389 -0.129503 
72710225339681 -0.120951 0.641408 -0.213192 
72710244097701 0.254731 0.060476 -0.133779 
72710262855722 0.214414 -0.173486 0.205861 
72710281613743 0.963945 -0.453873 0.599869 
72710300371816 1.801440 -0.835052 1.104444 
72710319129837 2.188729 -1.296255 1.503338 
72710337887858 2.571741 -1.269377 1.792888 
72710356645879 2.542419 -0.634078 2.135583 
72710375403899 2.605338 -0.191201 1.853975 
72710394161972 2.373210 0.180816 1.273653 
72710412919993 2.453844 0.660345 0.855822 
72710431678014 2.789209 1.177747 0.707992 
72710450436035 2.802648 1.524108 0.442266 
72710469194056 2.566243 0.434325 0.065973 
72710487952129 2.137416 -1.224173 -0.070249 
72710506710149 2.061058 -1.194241 0.109345 
72710525468170 1.973704 -2.370766 0.552833 
72710544226191 1.859472 -3.207651 1.359174 
72710562984212 1.571755 -3.880824 1.643226 
72710581742233 1.010370 -4.353023 1.350622 
72710600500254 0.282830 -4.631577 0.564439 
72710619258326 -0.409279 -4.363407 -0.020159 
72710638016347 -1.009149 -3.420232 -0.299935 
72710656774368 -1.441641 -2.061669 -0.280387 
72710675532389 -0.502742 -1.012203 0.117897 
72710694290410 -0.511905 -1.204015 0.207694 
72710713048431 -0.499687 -0.800844 -0.014050 
72710731806451 -0.067195 -0.681114 0.404392 
72710750564472 1.184467 -1.029307 0.774577 
72710769322493 1.879020 -1.048244 0.347582 
72710788080566 0.973108 -0.301767 -0.682947 
72710806838587 0.397062 1.281594 -0.640797 
72710825596608 -0.521068 2.015854 -0.891863 
72710844354629 -1.036638 2.362825 -1.340237 
72710863112649 -1.521053 2.910160 -1.709810 
72710881870670 -2.059225 3.687791 -1.667050 
72710900628691 -2.699411 3.360978 -1.300531 
72710919386712 -2.990794 2.007302 -0.541837 
72710938144733 -2.759887 0.944397 0.292604 
72710956902754 -2.561356 1.091004 0.519846 
72710975660826 -2.652986 1.444084 0.373849 
72710994418847 -2.832580 1.218675 0.040317 
72711013176868 -2.648099 0.309098 -0.356134 
72711031934889 -2.012189 -0.286496 -0.497244 
72711050692910 -1.590081 0.108734 -0.476475 
72711069450931 -1.826486 1.688430 -0.280387 
72711088208951 -1.945604 2.430020 -0.420886 
72711106966972 -1.411708 2.045786 -0.616973 
72711125724993 -1.105665 1.579085 -0.675616 
72711144483014 -1.119715 1.021977 -0.742812 
72711163240983 -1.258992 0.632856 -0.822835 
72711181999056 -1.442863 0.673784 -0.783129 
72711200757076 -1.390328 0.653625 -0.508850 
72711219515149 -0.748920 0.604145 -0.221744 
72711238273170 -0.045815 0.827111 -0.217468 
72711257031191 0.241902 0.597426 -0.026267 
72711275789212 0.447764 -0.244346 0.419664 
72711294547233 0.968832 -1.136209 0.997542 
72711313305254 1.453247 -1.629787 1.419650 
72711332063274 2.064723 -2.229046 1.650557 
72711350821295 2.880838 -2.285856 1.759291 
72711369579316 3.196655 -1.224784 1.504560 
72711388337337 2.924821 0.625526 0.937677 
72711407095358 2.700633 1.087339 0.676838 
72711425853379 2.893056 0.791070 0.759305 
72711444611399 2.983464 0.657291 0.718988 
72711463369420 2.640157 0.441655 0.598647 
72711482127441 1.990197 -0.715934 0.401338 
72711500885410 1.957822 -1.915061 0.303600 
72711519643483 2.202168 -2.285245 0.502742 
72711538401504 2.019519 -3.166723 1.089172 
72711557159524 1.663996 -3.426341 1.746462 
72711575917545 1.282205 -3.433671 1.859472 
72711594675566 0.627969 -3.671908 1.353065 
72711613433587 -0.103236 -3.737882 0.583987 
72711632191608 -0.620639 -3.166723 0.000000 
72711650949629 -1.151480 -2.175289 -0.312763 
72711669707649 -1.635896 -1.112385 -0.293826 
72711688465670 -0.920573 -0.687834 -0.020159 
72711707223691 -0.398895 -0.133779 0.024435 
72711725981712 -0.271224 -0.229685 -0.141721 
72711744739733 -0.079412 -0.318871 0.291993 
72711763497754 1.009149 -0.423940 0.521068 
72711782255774 2.495383 -1.271210 0.275500 
72711801013795 1.155756 -0.075747 -0.041539 
72711819771816 -0.383623 1.599855 -0.188757 
72711838529837 -0.821613 2.618166 -0.601091 
72711857287858 -1.302975 3.461771 -1.017701 
72711876045879 -1.908342 4.232682 -1.548542 
72711894803899 -2.482554 5.302306 -1.913839 
72711913561920 -2.965749 4.462367 -2.397644 
72711932319941 -2.795317 1.233336 -1.553429 
72711951077962 -2.193615 -0.049480 0.253509 
72711969835983 -1.979202 0.249844 0.359799 
72711988594004 -1.985311 0.516792 0.287106 
72712007352024 -2.153909 0.705549 0.323758 
72712026110045 -2.150244 0.560163 0.044593 
72712044868066 -2.045786 0.046426 -0.378736 
72712063626087 -1.645059 -0.012828 -0.290772 
72712082384108 -1.442863 0.744033 -0.023824 
72712101142129 -1.897957 1.826486 -0.086132 
72712119900149 -1.952935 1.630398 -0.610254 
72712138658170 -1.060461 0.180205 -0.701884 
72712157416191 -0.640186 0.416610 -0.692721 
72712176174212 -0.780685 1.310305 -0.780685 
72712194932233 -0.870482 1.232725 -0.854600 
72712213690201 -0.938899 0.489303 -0.505185 
72712232448222 -0.820391 0.398895 -0.260228 
72712251206243 -0.130725 0.405614 -0.269391 
72712269964264 0.259007 0.216857 -0.105069 
72712288722285 0.489303 -0.432492 0.330478 
72712307480306 1.258992 -2.054949 0.971886 
72712326238326 2.109927 -3.017672 1.686598 
72712344996347 2.453233 -1.737299 1.930333 
72712363754368 3.367087 -1.282205 1.555262 
72712382512389 3.244303 0.135001 0.948062 
72712401270358 2.945590 1.582140 0.717766 
72712420028379 3.035387 0.960890 0.703105 
72712438786399 3.197877 -0.162490 0.433103 
72712457544420 3.163058 -1.080009 0.064141 
72712476302441 2.880838 -1.180191 -0.194255 
72712495060462 2.278526 -0.841161 0.015882 
72712513818483 1.915061 -0.238848 0.648738 
72712532576504 1.799608 -1.213788 1.110552 
72712551334524 1.626122 -2.230878 1.636507 
72712570092545 1.087950 -2.271806 2.067777 
72712588850566 0.431271 -2.551582 1.698204 
72712607608587 -0.182649 -2.726290 1.056185 
72712626366556 -0.638965 -2.817919 0.431271 
72712645124576 -1.042746 -2.316399 -0.051924 
72712663882597 -1.755015 -0.976773 -0.376293 
72712682640618 -2.069610 0.209527 -0.478918 
72712701398639 -1.014646 0.251065 -0.337197 
72712720156608 -0.012217 -0.053145 -0.267559 
72712738914681 0.429438 -0.044593 -0.050091 
72712757672701 0.904691 -0.587652 0.527787 
72712776430670 1.734856 -0.750753 0.789237 
72712795188691 0.999375 0.940732 0.304211 
72712813946712 0.838106 1.655444 -0.069028 
72712832704733 0.216246 1.199738 0.012828 
72712851462754 0.060476 1.379333 -0.447764 
72712870220774 -0.637743 1.400102 -0.802676 
72712888978795 -1.212567 1.944993 -1.227838 
72712907736816 -1.350011 2.587012 -1.485012 
72712926494785 -1.503949 2.042121 -0.961501 
72712945252806 -2.144746 1.164308 -0.259618 
72712964010826 -2.200335 1.073900 -0.105069 
72712982768847 -1.747684 1.312748 -0.138055 
72713001526868 -1.537547 1.123991 -0.175318 
72713020284889 -1.631620 0.525344 -0.319482 
72713039042858 -2.075718 0.211970 -0.700051 
72713057800879 -2.149022 0.417832 -0.871093 
72713076558899 -1.539990 0.107512 -0.710436 
72713095316920 -1.032972 -0.003054 -0.533285 
72713114074941 -1.017090 0.668897 -0.380569 
72713132832962 -1.213177 1.540601 -0.244957 
72713151590983 -1.304807 2.017686 -0.245568 
72713170348951 -1.302975 1.942550 -0.544891 
72713189106972 -0.971275 1.772119 -0.704327 
72713207864993 -0.598647 1.615126 -0.635910 
72713226623014 -0.384845 1.253495 -0.365908 
72713245381035 -0.070860 1.119715 -0.002443 
72713264139004 0.324369 1.377500 0.330478 
72713282897024 0.423329 0.959669 0.668286 
72713301655045 0.637132 -0.148440 1.051909 
72713320413066 0.979827 -0.326813 1.474628 
72713339171087 1.209512 -0.008552 1.764788 
72713357929056 1.703091 0.357967 2.006080 
72713376687076 2.054949 -0.042150 1.968817 
72713395445045 2.063501 0.317039 1.810603 
72713414203118 1.746462 1.327409 1.731191 
72713432961139 1.520442 1.729969 1.769675 
72713451719108 1.342070 1.364672 1.601077 
72713470477129 1.142317 1.029918 1.274875 
72713489235149 1.051298 0.720820 1.244942 
72713507993170 1.020755 0.354912 1.419039 
72713526751139 0.929125 0.348193 1.559538 
72713545509160 0.694553 0.584598 1.744019 
72713564267181 0.379347 0.213192 1.509447 
72713583025201 0.043371 -0.517402 1.137430 
72713601783222 -0.200975 -0.849102 0.970053 
72713620541191 -0.346360 -0.778853 0.586430 
72713639299212 -0.656069 -0.659734 0.145386 
72713658057233 -0.960890 -0.597426 -0.237626 
72713676815254 -0.989601 -0.533285 -0.444099 
72713695573170 -0.853989 -0.408058 -0.321926 
72713714331243 -0.760527 -0.488081 -0.101404 
72713733089264 -0.707992 -0.864985 0.004276 
72713751847285 -0.734870 -0.979216 0.211970 
72713770605254 -0.811839 -1.150869 0.499687 
72713789363274 -0.813061 -1.073900 0.331700 
72713808121295 -0.472198 -0.747088 -0.006109 
72713826879316 -0.058032 -0.564439 -0.270002 
72713845637285 -0.021991 -0.568104 -0.813672 
72713864395306 -0.020159 -0.620028 -1.348179 
72713883153326 0.053145 -0.581543 -1.588859 
72713901911295 0.009163 -0.706771 -1.397048 
72713920669316 -0.102014 -0.635299 -1.334740 
72713939427337 -0.238848 -0.246179 -1.191186 
72713958185358 -0.340863 0.125227 -0.945619 
72713976943326 -0.459981 0.191812 -0.551611 
72713995701347 -0.651793 -0.169210 -0.323147 
72714014459368 -0.753196 -0.476475 -0.370184 
72714033217389 -0.696386 -0.750142 -0.596204 
72714051975358 -0.439212 -0.842993 -0.850935 
72714070733326 -0.045204 -0.606589 -0.913854 
72714089491399 0.035430 -0.054978 -0.812450 
72714108249368 -0.134390 0.171653 -0.799011 
72714127007389 -0.285274 0.215635 -0.679282 
72714145765410 -0.233961 0.315206 -0.733038 
72714164523431 -0.349415 0.336587 -1.318857 
72714183281399 -0.445320 0.098349 -1.598633 
72714202039420 -0.650571 -0.423940 -1.464243 
72714220797441 -0.828333 -0.550389 -1.087950 
72714239555410 -0.744033 -0.261450 -0.389732 
72714258313431 -0.522900 0.000611 -0.139277 
72714277071451 -0.207083 -0.312763 -0.160047 
72714295829420 0.147829 -0.536339 -0.185092 
72714314587441 0.146608 -0.114843 -0.516792 
72714333345462 -0.407447 -0.130114 -0.344528 
72714352103483 -0.703105 -0.329256 0.005498 
72714370861451 -0.600480 -0.468533 0.136834 
72714389619472 -0.533896 -0.413555 0.349415 
72714408377493 -0.575435 -0.340863 0.690277 
72714427135462 -0.576046 -0.135001 0.701273 
72714445893483 -0.516792 0.402560 0.395840 
72714464651504 -0.311541 0.823446 0.286496 
72714483409472 -0.084299 1.021977 0.399506 
72714502167493 -0.243735 0.868650 0.591317 
72714520925514 -0.469144 0.496022 0.510683 
72714539683483 -0.527176 0.463646 0.314595 
72714558441504 -0.487470 0.557109 0.328645 
72714577199472 -0.278554 0.758694 0.329867 
72714595957493 -0.026878 0.990823 0.135001 
72714614715514 0.312763 1.486234 0.215024 
72714633473483 0.545502 1.627955 0.098960 
72714652231504 0.218690 1.083674 -0.175929 
72714670989524 0.290161 1.010370 -0.251065 
72714689747545 -0.055589 0.725707 -0.222966 
72714708505514 -0.183259 0.337808 -0.007330 
72714727263535 -0.229685 0.123395 0.108734 
72714746021504 -0.335365 0.339641 0.215635 
72714764779524 -0.364686 0.380569 0.361632 
72714783537545 -0.459981 -0.017715 0.681725 
72714802295514 -0.313374 -0.153938 0.770301 
72714821053535 -0.199142 -0.375071 0.607200 
72714839811504 -0.302378 -0.306043 0.135612 
72714858569524 -0.602924 -0.266948 -0.340252 
72714877327545 -0.502742 -0.561385 -0.551000 
72714896085514 -0.175929 -0.161268 -0.439212 
72714914843535 -0.145997 -0.015882 -0.235183 
72714933601556 -0.367741 -0.346360 -0.246179 
72714952359524 -0.544891 -0.544891 -0.511905 
72714971117545 -0.572380 -0.308487 -0.784961 
72714989875566 -0.847269 -0.452651 -0.706771 
72715008633535 -1.234558 -1.430645 -0.816726 
72715027391556 -1.258992 -1.538768 -0.827722 
72715046149524 -0.902858 -0.946230 -0.557720 
72715064907545 -0.491746 -0.536339 -0.237626 
72715083665566 -0.290772 -0.532674 -0.213192 
72715102423535 -0.215635 -0.574213 -0.334143 
72715121181556 -0.261450 -0.523511 -0.395840 
72715139939576 -0.408669 -0.520457 -0.156992 
72715158697545 -0.527787 -0.290772 0.332310 
72715177455566 -0.142331 -0.020159 0.037263 
72715196213535 0.112399 -0.324369 -0.522900 
72715214971556 -0.045815 -0.614530 -0.540615 
72715233729576 -0.371406 -0.440434 -0.158825 
72715252487545 -0.815504 -0.431881 0.368962 
72715271245566 -1.107498 -0.832609 0.770911 
72715290003587 -0.962112 -0.918741 0.621249 
72715308761556 -1.157589 -0.877202 0.387288 
72715327519576 -1.575420 -0.439212 0.797789 
72715346277597 -1.582751 -0.621860 1.229671 
72715365035566 -1.470352 -0.526565 0.842993 
72715383793170 -1.384220 -0.153327 -0.179594 
72715402551556 -1.824653 -0.471588 -1.260825 
72715421309576 -3.102582 -0.351247 -1.503949 
72715440067545 -4.393950 -1.117272 -1.501506 
72715458825566 -5.905841 -0.926071 -1.659109 
72715477583587 -7.087253 -1.122769 -1.370781 
72715496341556 -7.222865 -0.983492 -0.932180 
72715515099576 -5.258935 -0.576046 -0.920573 
72715533857597 -2.430631 -0.426994 -1.006705 
72715552615566 -1.380554 -0.283441 -1.655444 
72715571373587 -2.580904 0.492968 -1.705534 
72715590131556 -3.943743 1.204625 -1.998139 
72715608889576 -2.163072 -0.604145 -2.271195 
72715627647597 1.278540 -1.595579 -1.538768 
72715646405566 1.211345 -1.114828 -1.458134 
72715665163587 0.191812 -1.464243 -1.127046 
72715683921556 0.587041 -1.494786 -0.797179 
72715702679576 0.995710 -0.397673 -0.642019 
72715721437597 0.505185 0.189368 -0.905912 
72715740195566 0.071471 0.624915 -1.102000 
72715758953587 0.456927 0.500909 -0.853989 
72715777711556 0.862541 -0.062919 -0.406836 
72715796469576 0.914465 -0.670730 -0.080023 
72715815227597 0.815504 -0.424551 -0.179594 
72715833985566 0.778853 0.155160 -0.273667 
72715852743587 0.757472 1.207069 -0.226631 
72715871501556 0.941343 2.488663 -0.307876 
72715890259576 1.025031 2.137416 -0.539394 
72715909017545 0.655458 0.797179 -0.537561 
72715927775149 0.168599 -0.179594 -0.351858 
72715967633639 0.135001 -1.813658 -0.308792 
72715986391660 0.122784 -1.247997 -0.374766 
72716005149681 0.529009 -0.387899 -0.138361 
72716023907701 0.969137 0.499993 0.309403 
72716042665618 -0.006720 0.813366 0.252593 
72716061423639 -1.734245 0.998153 0.137139 
72716080181660 -2.353662 1.109025 0.276416 
72716098939681 -2.182925 1.074817 0.589179 
72716117697701 -1.277929 1.099862 0.335670 
72716136455618 -0.251371 2.145663 0.122173 
72716155213639 0.282830 3.407098 0.104458 
72716173971660 0.013439 2.872897 0.224493 
72716192729681 -0.969137 0.738230 -0.169820 
72716211487597 -0.780074 -0.110261 -0.808174 
72716230245618 -0.152716 -0.159130 -1.504254 
72716249003639 0.135001 -0.040928 -1.787085 
72716267761660 0.129198 -0.243735 -1.663385 
72716286519576 0.005192 -1.278235 -1.600771 
72716305277597 0.041233 -2.486525 -1.126129 
72716324035618 0.533896 -3.094946 -0.756556 
72716342793639 1.354287 -1.712559 -0.227242 
72716361551660 1.922697 0.472504 0.345749 
72716380309576 2.049757 1.151785 0.240986 
72716399067597 1.998444 0.689055 0.211665 
72716417825618 1.832594 -0.119424 0.349109 
72716436583535 1.588859 -0.711657 0.584598 
72716455341660 1.361312 -1.036332 0.623082 
72716474099576 1.235779 -0.377514 0.059254 
72716492857597 0.878424 0.387288 -0.598037 
72716511615618 0.584598 0.434630 -0.192117 
72716530373639 0.717155 -0.173486 0.359799 
72716549131556 0.603840 -0.606894 0.467922 
72716567889576 0.109345 -0.237626 0.429133 
72716586647597 -0.293826 -0.478307 0.463952 
72716605405618 -0.462119 -0.734565 0.277027 
72716624163639 -0.429743 -0.653625 0.132252 
72716642921556 -0.199447 -0.669813 0.051924 
72716661679576 -0.000916 -0.738841 -0.121868 
72716680437597 -0.167988 -1.414457 -0.508850 
72716699195618 -0.383318 -1.225089 -0.711047 
72716717953535 -0.354302 -0.632856 -0.340252 
72716736711556 -0.338725 0.028100 0.082161 
72716755469576 -0.046731 1.098029 0.388510 
72716774227597 0.547946 1.831678 0.621860 
72716792985618 1.643532 1.933082 0.227853 
72716811743535 1.580002 1.876577 0.156687 
72716830501556 0.510683 1.169195 0.120035 
72716849259576 0.040012 0.881478 0.408363 
72716868017597 -0.089797 0.620333 0.537256 
72716886775514 -0.297186 0.776104 0.570242 
72716905533535 -0.659123 0.727845 0.766024 
72716924291556 -0.595593 -0.041539 0.669813 
72716943049576 -0.312763 -0.233656 0.384845 
72716961807597 -0.125227 -0.569631 0.332921 
72716980565514 0.040623 -0.885754 0.417832 
72716999323535 0.238237 -0.798706 0.533285 
72717018081556 0.379042 -0.109956 0.578184 
72717036839576 0.303600 0.378736 0.319788 
72717055597597 0.021686 0.302073 -0.124616 
72717074355514 -0.262061 0.344528 -0.238543 
72717093113535 -0.381790 0.245568 -0.223577 
72717111871556 -0.232434 0.069028 -0.096822 
72717130629576 0.100182 -0.043066 0.004276 
72717149387597 0.344528 -0.207083 0.010690 
72717168145618 0.437990 -0.558330 -0.031154 
72717186903535 0.365908 -0.716239 -0.034819 
72717205661556 0.410501 -0.660345 -0.041844 
72717224419576 0.692721 -0.649655 -0.019242 
72717243177597 1.070235 -0.551916 -0.048869 
72717261935618 1.230282 -0.248927 -0.138055 
72717280693535 1.032362 0.039706 -0.194866 
72717299451556 0.686001 0.223271 -0.186925 
72717318209576 0.416304 0.238848 -0.121257 
72717336967597 0.184787 0.291382 -0.020159 
72717355725618 0.034514 0.367130 -0.051924 
72717374483639 0.048564 0.546113 -0.165544 
72717393241660 0.163101 0.785572 -0.250149 
72717411999576 0.297186 0.763581 -0.226020 
72717430757597 0.344833 0.596509 -0.154549 
72717449515618 0.255341 0.541226 -0.144775 
72717468273639 0.089797 0.520151 -0.166766 
72717487031660 0.050702 0.525038 -0.109345 
72717505789681 0.213803 0.474337 -0.082161 
72717524547701 0.325285 0.427605 -0.087354 
72717543305618 0.064446 0.210748 -0.080940 
72717562063639 -0.338114 0.020769 0.000000 
72717580821660 -0.340252 -0.262672 0.071166 
72717599579681 0.014355 -0.316123 0.128587 
72717618337701 0.405003 -0.090713 0.088270 
72717637095722 0.498466 0.098349 0.003665 
72717655853743 0.267864 0.278249 -0.049785 
72717674611764 -0.129503 0.218995 -0.011606 
72717693369681 -0.445626 -0.155160 0.076969 
72717712127701 -0.610865 -0.472198 0.139277 
72717730885722 -0.576046 -0.463952 0.137750 
72717749643743 -0.268475 -0.216857 0.070555 
72717768401764 0.080023 0.030238 -0.021075 
72717787159785 0.177456 0.079412 -0.063225 
72717805917806 0.081550 -0.137139 -0.002138 
72717824675826 -0.097738 -0.298713 0.066890 
72717843433847 -0.274278 -0.336281 0.093768 
72717862191868 -0.299324 -0.126449 0.080329 
72717880949889 -0.129198 0.189674 0.024740 
72717899707910 -0.053756 0.325285 -0.019242 
72717918465931 -0.087354 0.368962 -0.107818 
72717937223951 -0.063835 -0.032376 -0.055283 
72717955981972 -0.045204 -0.285885 0.033903 
72717974739889 -0.061392 -0.225104 0.067806 
72717993497910 0.004581 0.065363 0.003665 
72718012255931 0.099571 0.260228 -0.062614 
72718031013951 0.082161 0.279471 -0.067806 
72718049771972 0.014661 0.034819 -0.004276 
72718068529993 0.060781 -0.084605 0.053756 
72718087288014 0.251065 0.147829 0.035736 
72718106046035 0.364075 0.415388 -0.035430 
72718124804056 0.258396 0.398589 -0.022602 
72718143562076 0.045815 0.171958 0.032987 
72718162320097 -0.088575 -0.019548 0.045204 
72718181078118 -0.038484 0.004581 0.010690 
72718199836139 0.059254 0.112399 -0.053145 
72718218594160 0.154854 0.011912 -0.077274 
72718237352181 0.343306 0.096211 -0.117897 
72718256110201 0.394619 0.400116 -0.194866 
72718274868222 0.130420 0.352469 -0.244040 
72718293626243 -0.242513 0.235794 -0.208610 
72718312384368 -0.433714 0.009163 -0.132863 
72718331142389 -0.469450 -0.195477 -0.036346 
72718349900410 -0.391564 -0.243735 0.010996 
72718368658431 -0.205251 -0.291688 0.020159 
72718387416451 -0.029016 -0.281609 0.011912 
72718406174472 0.041539 -0.173486 -0.018021 
72718424932493 0.018631 -0.077580 -0.035736 
72718443690514 -0.063530 -0.050396 -0.026573 
72718462448535 -0.157909 -0.056505 0.027183 
72718481206556 -0.231212 -0.055894 0.075136 
72718499964576 -0.251676 -0.050091 0.087965 
72718518722597 -0.198836 -0.045509 0.058643 
72718537480618 -0.081550 -0.033292 0.024435 
72718556238743 0.068417 -0.027183 -0.004581 
72718574996660 0.204640 -0.034208 -0.035125 
72718593754785 0.266948 -0.069028 -0.057116 
72718612512806 0.228463 -0.132252 -0.062003 
72718631270826 0.126754 -0.252898 -0.029932 
72718650028847 0.011301 -0.282830 -0.006720 
72718668786868 -0.072693 -0.222355 -0.003665 
72718687544889 -0.051618 -0.156687 -0.018326 
72718706303014 0.076358 -0.120340 -0.058948 
72718725061035 0.176845 -0.107818 -0.069944 
72718743819056 0.162490 -0.099266 -0.029322 
72718762577076 0.090713 -0.115759 0.039706 
72718781335097 0.042150 -0.131947 0.082161 
72718800093118 0.031765 -0.124922 0.073304 
72718818851243 -0.010690 -0.081856 0.047953 
72718837609264 -0.076053 -0.072387 0.040928 
72718856367285 -0.076053 -0.134696 0.044593 
72718875125306 -0.008858 -0.192117 0.043677 
72718893883326 0.041539 -0.094989 0.026878 
72718912641451 0.024740 0.047342 -0.016188 
72718931399472 -0.024129 0.093462 -0.039401 
72718950157493 -0.061392 0.047342 -0.057116 
72718968915514 -0.074831 -0.008552 -0.075136 
72718987673639 -0.083994 0.035430 -0.094379 
72719006431660 -0.115453 0.132863 -0.115148 
72719025189681 -0.130725 0.077885 -0.114537 
72719043947701 -0.098349 -0.044899 -0.109956 
72719062705826 -0.056810 -0.036957 -0.114232 
72719081463847 -0.049175 0.021380 -0.102625 
72719100221868 -0.080329 0.088881 -0.074220 
72719118979889 -0.129503 0.208305 -0.050702 
72719137738014 -0.167988 0.268780 -0.047953 
72719156496035 -0.153022 0.249844 -0.045815 
72719175254056 -0.161879 0.240681 -0.011912 
72719194012181 -0.191201 0.162185 0.020464 
72719212770201 -0.155771 0.113315 0.036652 
72719231528222 -0.031460 0.120951 -0.001527 
72719250286347 0.050396 0.161574 -0.021686 
72719269044368 0.034208 0.224493 -0.018631 
72719287802389 -0.030849 0.254425 -0.005803 
72719306560514 -0.102931 0.218079 0.026878 
72719325318535 -0.105069 0.159130 0.050396 
72719344076556 -0.051924 0.138055 0.022907 
72719362834681 0.001222 0.049175 -0.006109 
72719381592701 -0.053756 -0.121257 0.013134 
72719400350722 -0.060170 -0.257785 0.039706 
72719419108847 -0.243735 -0.274889 0.106596 
72719437866868 -0.483194 -0.036041 0.116675 
72719456624993 -0.654847 0.167072 0.102931 
