# Created at Fri Jan 31 08:58:36 GMT+01:00 2025 in Burnaby Canada 
72686414215850 0.153173 -0.160407 -0.635067 0.739931 
72686432974027 0.152419 -0.159890 -0.635998 0.739399 
72686451732204 0.152320 -0.160484 -0.635654 0.739586 
72686470490381 0.152044 -0.163519 -0.634734 0.739768 
72686489248558 0.151813 -0.167756 -0.632943 0.740401 
72686508006735 0.151526 -0.170794 -0.632387 0.740241 
72686526764912 0.151645 -0.169993 -0.632055 0.740684 
72686545523089 0.151661 -0.166622 -0.631895 0.741582 
72686564281266 0.151770 -0.162907 -0.631924 0.742361 
72686583039443 0.151931 -0.160420 -0.631926 0.742867 
72686601797568 0.151599 -0.160363 -0.631835 0.743025 
72686620555797 0.150706 -0.162251 -0.631664 0.742942 
72686639313922 0.149550 -0.165724 -0.631467 0.742577 
72686658072152 0.148491 -0.170532 -0.631435 0.741727 
72686676830277 0.147981 -0.174559 -0.631471 0.740861 
72686695588454 0.147943 -0.176114 -0.631593 0.740396 
72686714346631 0.147905 -0.175324 -0.631734 0.740472 
72686733104808 0.147926 -0.172804 -0.631506 0.741254 
72686751862985 0.148053 -0.170129 -0.630901 0.742362 
72686770621162 0.147623 -0.169257 -0.630411 0.743062 
72686789379339 0.146194 -0.170190 -0.630279 0.743244 
72686808137464 0.144471 -0.172136 -0.630473 0.742968 
72686826895693 0.143892 -0.173470 -0.630570 0.742687 
72686845653818 0.144028 -0.173397 -0.629952 0.743202 
72686864412047 0.143661 -0.172842 -0.628578 0.744565 
72686883170172 0.142317 -0.172410 -0.627079 0.746185 
72686901928350 0.140279 -0.172774 -0.626135 0.747279 
72686920686527 0.139373 -0.174558 -0.623130 0.749542 
72686939444704 0.138391 -0.176296 -0.621851 0.750379 
72686958202881 0.137227 -0.176651 -0.622253 0.750176 
72686976961006 0.135918 -0.175092 -0.622507 0.750570 
72686995719183 0.134814 -0.172667 -0.621501 0.752162 
72687014477360 0.134046 -0.171222 -0.620236 0.753672 
72687033235589 0.133210 -0.170935 -0.619820 0.754228 
72687051993714 0.132426 -0.170597 -0.620116 0.754199 
72687070751891 0.131542 -0.169430 -0.620277 0.754485 
72687089510068 0.130893 -0.168004 -0.619163 0.755830 
72687108268245 0.130973 -0.166661 -0.617774 0.757249 
72687127026422 0.131036 -0.165145 -0.618398 0.757061 
72687145784547 0.131193 -0.164029 -0.619057 0.756737 
72687164542777 0.131237 -0.163306 -0.617776 0.757932 
72687183300850 0.130801 -0.162868 -0.615198 0.760195 
72687202059079 0.129634 -0.163413 -0.612879 0.762149 
72687220817256 0.128346 -0.164321 -0.611679 0.763135 
72687239575381 0.127712 -0.163707 -0.612693 0.762559 
72687258333610 0.128540 -0.162117 -0.613035 0.762485 
72687277091735 0.130242 -0.160803 -0.612361 0.763016 
72687295849964 0.132180 -0.160626 -0.610961 0.763842 
72687314608089 0.133650 -0.161018 -0.609500 0.764670 
72687333366266 0.134391 -0.161219 -0.608706 0.765131 
72687352124443 0.135277 -0.160676 -0.609188 0.764705 
72687370882620 0.137217 -0.158567 -0.610662 0.763623 
72687389640797 0.139397 -0.154856 -0.611757 0.763113 
72687408398922 0.140088 -0.151178 -0.611766 0.763717 
72687427157152 0.140072 -0.149458 -0.612556 0.763425 
72687445915277 0.141757 -0.148213 -0.616128 0.760477 
72687464673454 0.144857 -0.143695 -0.622779 0.755324 
72687483431631 0.148658 -0.135585 -0.629129 0.750809 
72687502189808 0.150495 -0.126734 -0.634800 0.747208 
72687520947985 0.146661 -0.120073 -0.643007 0.742035 
72687539706110 0.141362 -0.115029 -0.653023 0.735082 
72687558464339 0.135602 -0.110825 -0.661754 0.728980 
72687577222464 0.128298 -0.108676 -0.668091 0.724833 
72687595980641 0.120499 -0.111994 -0.673540 0.720611 
72687614738818 0.114855 -0.118929 -0.677830 0.716388 
72687633496995 0.109767 -0.126459 -0.681721 0.712191 
72687652255172 0.105949 -0.130633 -0.685387 0.708487 
72687671013297 0.103499 -0.129463 -0.687838 0.706687 
72687689771527 0.099579 -0.124103 -0.688208 0.707851 
72687708529652 0.093865 -0.116401 -0.686625 0.711467 
72687727287881 0.084496 -0.111955 -0.683384 0.716458 
72687746046006 0.071749 -0.115704 -0.679760 0.720687 
72687764804131 0.061888 -0.124875 -0.676124 0.723487 
72687783562360 0.061234 -0.131672 -0.671940 0.726230 
72687802320537 0.068484 -0.133247 -0.666426 0.730364 
72687821078714 0.079455 -0.131806 -0.656911 0.738094 
72687839836891 0.088541 -0.130111 -0.649518 0.743880 
72687858595068 0.090124 -0.127555 -0.646516 0.746742 
72687877353245 0.087471 -0.122804 -0.643238 0.750675 
72687896111422 0.081707 -0.120723 -0.641205 0.753396 
72687914869547 0.077276 -0.121633 -0.638799 0.755758 
72687933627777 0.075575 -0.121055 -0.634611 0.759541 
72687952385902 0.074666 -0.116819 -0.629999 0.764120 
72687971144131 0.073144 -0.113124 -0.625883 0.768195 
72687989902256 0.069782 -0.112782 -0.623680 0.770347 
72688008660485 0.066178 -0.109222 -0.619416 0.774607 
72688027418610 0.062308 -0.097394 -0.614427 0.780456 
72688046176787 0.057346 -0.086038 -0.610555 0.785195 
72688064934964 0.053727 -0.080889 -0.607447 0.788402 
72688083693141 0.050584 -0.080216 -0.605361 0.790281 
72688102451318 0.048777 -0.080722 -0.603151 0.792032 
72688121209495 0.048702 -0.082422 -0.599861 0.794356 
72688139967672 0.050300 -0.085791 -0.596441 0.796472 
72688158725850 0.053436 -0.087999 -0.593328 0.798350 
72688177484027 0.057632 -0.086458 -0.591256 0.799762 
72688196242204 0.061989 -0.081669 -0.589962 0.800894 
72688215000381 0.064984 -0.078174 -0.589019 0.801699 
72688233758558 0.066483 -0.080058 -0.587875 0.802231 
72688252516735 0.066900 -0.087972 -0.586912 0.802072 
72688271274912 0.066711 -0.101795 -0.587303 0.800164 
72688290033089 0.067671 -0.119732 -0.588833 0.796468 
72688308791266 0.072297 -0.137062 -0.588608 0.793428 
72688327549443 0.080427 -0.150630 -0.585338 0.792604 
72688346307620 0.088792 -0.160719 -0.578128 0.795018 
72688365065797 0.094300 -0.168705 -0.567702 0.800225 
72688383823975 0.095596 -0.177320 -0.555775 0.806556 
72688402582152 0.086245 -0.195764 -0.549363 0.807736 
72688421340329 0.043667 -0.242399 -0.544880 0.801524 
72688440098506 0.016520 -0.267012 -0.530118 0.804616 
72688458856735 0.025926 -0.247822 -0.507511 0.824830 
72688477614860 0.046746 -0.219807 -0.478513 0.848837 
72688496373089 0.050902 -0.197871 -0.457172 0.865592 
72688515131214 0.046281 -0.175444 -0.444718 0.877100 
72688533889443 0.036134 -0.165075 -0.434827 0.884517 
72688552647568 0.029143 -0.166918 -0.426607 0.888423 
72688571405797 0.029407 -0.178346 -0.420412 0.889147 
72688590163975 0.033930 -0.193077 -0.414267 0.888793 
72688608922152 0.037908 -0.213319 -0.404898 0.888322 
72688627680329 0.046904 -0.226146 -0.391579 0.890687 
72688646438454 0.060811 -0.230971 -0.375103 0.895685 
72688665196683 0.078636 -0.234297 -0.357103 0.900777 
72688683954860 0.100734 -0.238605 -0.341420 0.903523 
72688702713089 0.124829 -0.251298 -0.329498 0.901498 
72688721471214 0.158630 -0.273278 -0.320945 0.892833 
72688740229443 0.208661 -0.299301 -0.319262 0.874615 
72688803540954 0.449990 -0.312771 -0.343205 0.762820 
72688822299131 0.509247 -0.309938 -0.349194 0.722959 
72688841057360 0.568120 -0.293359 -0.350367 0.684414 
72688859815537 0.621778 -0.262221 -0.340973 0.654500 
72688878573714 0.652832 -0.236150 -0.328235 0.640551 
72688897331891 0.654317 -0.225855 -0.323366 0.645208 
72688916090068 0.639555 -0.213714 -0.326778 0.662202 
72688934848245 0.622740 -0.194744 -0.333626 0.680414 
72688953606422 0.608420 -0.176065 -0.340875 0.694716 
72688972364652 0.598525 -0.161381 -0.348830 0.702881 
72688991122829 0.595949 -0.157076 -0.356708 0.702091 
72689009881006 0.601826 -0.154155 -0.362422 0.694760 
72689028639183 0.608091 -0.147927 -0.372466 0.685282 
72689047397360 0.607014 -0.137910 -0.385153 0.681302 
72689066155589 0.600171 -0.127602 -0.398067 0.681950 
72689084913766 0.593567 -0.120327 -0.409334 0.682382 
72689103671943 0.591351 -0.119326 -0.416561 0.680105 
72689122430120 0.594662 -0.130777 -0.418051 0.674172 
72689141188297 0.605421 -0.143790 -0.404761 0.670043 
72689159946527 0.611470 -0.153643 -0.386376 0.673210 
72689178704704 0.611564 -0.158532 -0.381697 0.674659 
72689197462881 0.602491 -0.157084 -0.392213 0.677125 
72689216221058 0.588466 -0.158858 -0.407010 0.680305 
72689234979287 0.575814 -0.164111 -0.423145 0.680039 
72689253737464 0.577716 -0.192219 -0.424413 0.670201 
72689272495641 0.581351 -0.207853 -0.412286 0.669961 
72689291253818 0.575357 -0.207251 -0.414495 0.673948 
72689310012047 0.547790 -0.161503 -0.420251 0.705146 
72689328770225 0.498949 -0.114272 -0.442659 0.736237 
72689347528402 0.441997 -0.084886 -0.467638 0.760755 
72689366286579 0.399739 -0.060531 -0.479525 0.778846 
72689385044808 0.381579 -0.051431 -0.479995 0.788262 
72689403802985 0.395741 -0.063216 -0.469804 0.786560 
72689422561162 0.434021 -0.090224 -0.450737 0.774804 
72689441319391 0.458597 -0.125417 -0.440704 0.761406 
72689460077568 0.474415 -0.145390 -0.427864 0.755463 
72689478835745 0.488873 -0.161651 -0.412885 0.751265 
72689497593922 0.505170 -0.171069 -0.395502 0.747741 
72689516352152 0.514533 -0.170714 -0.381179 0.748876 
72689535110329 0.515068 -0.164398 -0.374496 0.753280 
72689553868558 0.510745 -0.158050 -0.375379 0.757133 
72689572626735 0.504011 -0.153481 -0.379465 0.760541 
72689591384912 0.498631 -0.150671 -0.383531 0.762606 
72689610143089 0.496732 -0.147477 -0.385697 0.763378 
72689628901318 0.496440 -0.143407 -0.386404 0.763985 
72689647659495 0.497404 -0.141035 -0.385564 0.764224 
72689666417725 0.498989 -0.139857 -0.382961 0.764716 
72689685175902 0.501878 -0.139765 -0.378375 0.765125 
72689703934079 0.505696 -0.140909 -0.372183 0.765438 
72689722692308 0.509050 -0.142722 -0.364603 0.766527 
72689741450485 0.513239 -0.143452 -0.354866 0.768165 
72689760208714 0.517592 -0.142167 -0.344487 0.770205 
72689778966891 0.522090 -0.138912 -0.333753 0.772486 
72689797725068 0.525395 -0.133341 -0.323465 0.775597 
72689816483297 0.523831 -0.126713 -0.314948 0.781250 
72689835241475 0.521909 -0.098775 -0.275513 0.801216 
72689853999704 0.512038 -0.113176 -0.297548 0.797792 
72689872757881 0.503718 -0.125307 -0.316307 0.794051 
72689891516058 0.499995 -0.129962 -0.324419 0.792381 
72689910274287 0.501468 -0.136325 -0.331742 0.787333 
72689929032464 0.509293 -0.143941 -0.333963 0.779981 
72689947790693 0.521319 -0.146614 -0.329842 0.773263 
72689966548870 0.533648 -0.148831 -0.326212 0.765934 
72689985307100 0.544775 -0.148542 -0.325379 0.758475 
72690004065277 0.551082 -0.146672 -0.332787 0.751032 
72690022823506 0.551646 -0.144117 -0.340566 0.747618 
72690041581683 0.562220 -0.143182 -0.334768 0.742521 
72690060339912 0.577433 -0.145555 -0.322729 0.735684 
72690079098089 0.589118 -0.152689 -0.312956 0.729167 
72690097856318 0.598323 -0.154908 -0.299834 0.726714 
72690116614495 0.603703 -0.154332 -0.290279 0.726266 
72690135372725 0.607941 -0.153893 -0.284658 0.725047 
72690154130954 0.613771 -0.155564 -0.280684 0.721320 
72690172889131 0.621448 -0.159334 -0.275696 0.715826 
72690191647360 0.630659 -0.164244 -0.266745 0.710029 
72690210405537 0.643307 -0.165188 -0.251546 0.703984 
72690229163766 0.655858 -0.163477 -0.244819 0.695118 
72690247921943 0.667058 -0.155622 -0.249484 0.684524 
72690266680172 0.674166 -0.142171 -0.265752 0.674288 
72690285438402 0.672767 -0.136844 -0.279155 0.671365 
72690304196579 0.674514 -0.136266 -0.276493 0.670831 
72690322954808 0.680531 -0.143522 -0.261294 0.669332 
72690341713037 0.689075 -0.157279 -0.245644 0.663398 
72690360471214 0.698520 -0.154224 -0.245953 0.654058 
72690379229443 0.695695 -0.145525 -0.256636 0.654958 
72690397987620 0.689171 -0.152198 -0.256699 0.660291 
72690416745850 0.686809 -0.170954 -0.251834 0.660036 
72690435504079 0.686742 -0.188445 -0.246625 0.657306 
72690454262256 0.688320 -0.198669 -0.245603 0.653013 
72690473020485 0.691799 -0.199140 -0.244550 0.649579 
72690491778714 0.694470 -0.194927 -0.241376 0.649194 
72690510536943 0.691989 -0.186349 -0.240876 0.654526 
72690529295120 0.686596 -0.180396 -0.244474 0.660512 
72690548053350 0.680861 -0.181546 -0.251873 0.663347 
72690566811579 0.674679 -0.185283 -0.258578 0.666045 
72690585569756 0.666281 -0.187778 -0.264671 0.671386 
72690604327985 0.655491 -0.192029 -0.270428 0.678473 
72690623086214 0.645770 -0.198503 -0.270503 0.685862 
72690641844443 0.636512 -0.202160 -0.264127 0.695860 
72690660602620 0.623900 -0.203587 -0.258547 0.708840 
72690679360850 0.609307 -0.208788 -0.254223 0.721473 
72690698119079 0.602797 -0.221639 -0.244134 0.726575 
72690716877308 0.609612 -0.244009 -0.231535 0.717792 
72690735635537 0.613365 -0.246251 -0.217829 0.718118 
72690754393714 0.601435 -0.232337 -0.221563 0.731577 
72690773151943 0.598327 -0.201650 -0.233883 0.739352 
72690791910172 0.604690 -0.174798 -0.243894 0.737775 
72690810668402 0.606175 -0.164684 -0.260025 0.733360 
72690829426579 0.599917 -0.185624 -0.291875 0.721424 
72690848184808 0.592724 -0.223615 -0.307434 0.710041 
72690866943037 0.594193 -0.243046 -0.292268 0.708832 
72690885701266 0.602677 -0.237010 -0.269424 0.712753 
72690904459495 0.613131 -0.242634 -0.250665 0.708778 
72690923217725 0.623895 -0.251272 -0.229284 0.703596 
72690941975902 0.639340 -0.255807 -0.201976 0.696428 
72690960734131 0.657349 -0.273640 -0.186358 0.676967 
72690979492360 0.670538 -0.298835 -0.181309 0.654372 
72690998250589 0.682727 -0.304750 -0.164586 0.643369 
72691017008818 0.696766 -0.291349 -0.136747 0.641040 
72691035767047 0.708951 -0.289769 -0.117076 0.632231 
72691054525277 0.717254 -0.295202 -0.103953 0.622573 
72691073283506 0.724173 -0.298614 -0.092807 0.614646 
72691092041683 0.730478 -0.305142 -0.088909 0.604471 
72691110799912 0.720248 -0.347589 -0.115900 0.589061 
72691129558141 0.724976 -0.356774 -0.112556 0.578318 
72691148316370 0.738985 -0.347592 -0.092804 0.569621 
72691167074600 0.748631 -0.349577 -0.085723 0.556775 
72691185832829 0.752040 -0.364022 -0.094726 0.541250 
72691204591058 0.751241 -0.382906 -0.113627 0.525460 
72691223349287 0.751123 -0.393232 -0.132446 0.513460 
72691242107516 0.753320 -0.392418 -0.148608 0.506393 
72691260865745 0.746795 -0.401884 -0.173717 0.500609 
72691279623975 0.743331 -0.397357 -0.187735 0.504303 
72691298382204 0.737117 -0.391845 -0.197497 0.513918 
72691317140381 0.736286 -0.381352 -0.198149 0.522676 
72691335898610 0.738326 -0.375449 -0.197466 0.524328 
72691354656839 0.741377 -0.373192 -0.199505 0.520851 
72691373415068 0.739824 -0.383765 -0.209005 0.511569 
72691392173297 0.738292 -0.398195 -0.217297 0.499147 
72691410931527 0.739127 -0.407132 -0.218156 0.490247 
72691429689756 0.741598 -0.410384 -0.213244 0.485947 
72691448447985 0.741107 -0.411311 -0.208278 0.488061 
72691467206214 0.740218 -0.406933 -0.204899 0.494468 
72691485964443 0.738719 -0.408004 -0.204549 0.495970 
72691504722672 0.737570 -0.411967 -0.208033 0.492946 
72691523480902 0.738279 -0.406594 -0.207142 0.496707 
72691542239131 0.740264 -0.384374 -0.198270 0.514738 
72691560997360 0.739917 -0.355597 -0.188531 0.539008 
72691579755537 0.737200 -0.324546 -0.177739 0.565345 
72691598513818 0.732689 -0.294306 -0.167447 0.590349 
72691617272047 0.726364 -0.271220 -0.159698 0.611009 
72691636030277 0.716547 -0.266267 -0.158292 0.624985 
72691654788506 0.708170 -0.265012 -0.154302 0.635967 
72691673546735 0.701814 -0.258251 -0.149901 0.646757 
72691692304964 0.694390 -0.252219 -0.149710 0.657111 
72691711063193 0.686402 -0.249510 -0.152417 0.665857 
72691729821422 0.679573 -0.245525 -0.154513 0.673813 
72691748579652 0.673156 -0.238681 -0.154755 0.682601 
72691767337881 0.666819 -0.226851 -0.151352 0.693530 
72691786096110 0.660246 -0.211541 -0.146057 0.705686 
72691804854339 0.654405 -0.196218 -0.141736 0.716355 
72691823612568 0.649295 -0.181727 -0.138790 0.725347 
72691842370797 0.644076 -0.170774 -0.138522 0.732676 
72691861129079 0.638740 -0.162346 -0.140083 0.738939 
72691879887308 0.633822 -0.153399 -0.141493 0.744794 
72691898645537 0.629709 -0.144675 -0.141250 0.750056 
72691917403766 0.626925 -0.135379 -0.137322 0.754838 
72691936161995 0.625172 -0.125168 -0.129070 0.759496 
72691954920172 0.624055 -0.116866 -0.120190 0.763185 
72691973678454 0.624500 -0.112419 -0.114228 0.764404 
72691992436683 0.626711 -0.113543 -0.110742 0.762940 
72692011194912 0.631574 -0.118330 -0.105485 0.758936 
72692029953141 0.638758 -0.125608 -0.096749 0.752895 
72692048711370 0.647230 -0.135995 -0.087436 0.744952 
72692067469600 0.659687 -0.150477 -0.080120 0.731950 
72692086227829 0.676776 -0.165709 -0.072169 0.713658 
72692104986110 0.695048 -0.176629 -0.061361 0.694222 
72692123744339 0.710795 -0.180627 -0.049830 0.677983 
72692142502568 0.724084 -0.181240 -0.039765 0.664284 
72692161260797 0.736797 -0.184577 -0.031657 0.649661 
72692180019027 0.748342 -0.188857 -0.023199 0.635436 
72692198777256 0.758450 -0.190771 -0.012449 0.623061 
72692217535485 0.766699 -0.194878 -0.007769 0.611666 
72692236293714 0.773778 -0.204504 -0.011344 0.599431 
72692255051943 0.779926 -0.215136 -0.013831 0.587572 
72692273810172 0.785659 -0.230102 -0.018656 0.573972 
72692292568454 0.790103 -0.249621 -0.027315 0.559179 
72692311326683 0.791871 -0.271958 -0.037971 0.545470 
72692330084912 0.790755 -0.296062 -0.052359 0.533210 
72692348843141 0.786264 -0.319944 -0.070732 0.523854 
72692367601370 0.779665 -0.341877 -0.093780 0.516186 
72692386359600 0.771859 -0.358391 -0.116720 0.512022 
72692405117777 0.764337 -0.367477 -0.136228 0.512047 
72692423876006 0.757779 -0.369394 -0.151053 0.516238 
72692442634287 0.752650 -0.365240 -0.159499 0.524097 
72692461392516 0.751215 -0.359083 -0.163179 0.529252 
72692480150745 0.753124 -0.353568 -0.165132 0.529646 
72692498908975 0.755316 -0.352021 -0.168671 0.526431 
72692517667204 0.754534 -0.362157 -0.175463 0.518395 
72692536425433 0.751793 -0.378362 -0.181840 0.508510 
72692555183662 0.750862 -0.392189 -0.183500 0.498720 
72692573941891 0.752766 -0.400503 -0.181259 0.489986 
72692592700120 0.752888 -0.401370 -0.181989 0.488816 
72692611458350 0.752995 -0.398445 -0.186172 0.489470 
72692630216631 0.752998 -0.396056 -0.190851 0.489603 
72692648974860 0.754353 -0.389338 -0.192558 0.492229 
72692667733089 0.757469 -0.372313 -0.187778 0.502358 
72692686491318 0.757837 -0.346974 -0.177256 0.523328 
72692705249547 0.754943 -0.317205 -0.163618 0.550155 
72692724007777 0.749525 -0.286327 -0.150534 0.577554 
72692742766006 0.741951 -0.259233 -0.141791 0.601833 
72692761524235 0.733530 -0.242281 -0.138371 0.619747 
72692780282464 0.725680 -0.236327 -0.139454 0.630944 
72692799040693 0.717994 -0.234144 -0.141945 0.639932 
72692817798975 0.709392 -0.233619 -0.144999 0.648969 
72692836557204 0.699852 -0.234644 -0.148672 0.658062 
72692855315433 0.690116 -0.231797 -0.151699 0.668579 
72692874073662 0.679977 -0.227048 -0.155981 0.679522 
72692892831891 0.669771 -0.220925 -0.159110 0.690857 
72692911590120 0.660179 -0.210624 -0.157151 0.703637 
72692930348350 0.650949 -0.195676 -0.150402 0.717883 
72692949106579 0.642241 -0.176699 -0.143771 0.731870 
72692967864808 0.634023 -0.160277 -0.142900 0.742904 
72692986623037 0.626029 -0.151817 -0.148931 0.750239 
72693005381318 0.619516 -0.146052 -0.156134 0.755308 
72693024139547 0.616323 -0.135808 -0.157183 0.759602 
72693042897777 0.617355 -0.121813 -0.148822 0.762815 
72693061656006 0.619077 -0.106859 -0.134852 0.766251 
72693080414235 0.619560 -0.097077 -0.123646 0.769047 
72693099172464 0.620568 -0.094799 -0.118199 0.769375 
72693117930693 0.623291 -0.100885 -0.115922 0.766741 
72693136688922 0.628312 -0.112325 -0.108574 0.762114 
72693155447152 0.634179 -0.125164 -0.096919 0.756808 
72693174205381 0.644980 -0.145916 -0.092560 0.744407 
72693192963610 0.663067 -0.169399 -0.090847 0.723459 
72693211721839 0.683697 -0.182275 -0.080679 0.702015 
72693230480120 0.703916 -0.185733 -0.068162 0.682173 
72693249238350 0.720322 -0.188205 -0.060534 0.664869 
72693267996579 0.733640 -0.198021 -0.059629 0.647305 
72693286754808 0.746200 -0.208855 -0.058264 0.629420 
72693305513037 0.759049 -0.212486 -0.049393 0.613397 
72693324271266 0.769891 -0.210916 -0.038519 0.601081 
72693343029495 0.777015 -0.211811 -0.032427 0.591889 
72693361787725 0.781622 -0.224043 -0.032484 0.581220 
72693380545954 0.784469 -0.244882 -0.034702 0.568714 
72693399304183 0.784708 -0.269597 -0.039321 0.556780 
72693418062412 0.784014 -0.297060 -0.050213 0.542731 
72693436820641 0.782066 -0.323711 -0.066118 0.528406 
72693455578870 0.778301 -0.347535 -0.088891 0.515331 
72693474337100 0.772735 -0.367227 -0.115325 0.504703 
72693493095329 0.766271 -0.380738 -0.140360 0.498163 
72693511853558 0.759266 -0.388206 -0.161336 0.496771 
72693530611787 0.752009 -0.390505 -0.175976 0.501020 
72693549370016 0.746615 -0.389856 -0.183720 0.506779 
72693568128245 0.745676 -0.389926 -0.188707 0.506276 
72693586886475 0.746636 -0.389810 -0.192231 0.503617 
72693605644704 0.747573 -0.390156 -0.196026 0.500487 
72693624402933 0.746410 -0.397693 -0.200625 0.494431 
72693643161162 0.746599 -0.406901 -0.199366 0.487108 
72693661919391 0.750852 -0.417020 -0.199499 0.471716 
72693680677620 0.755551 -0.429239 -0.203967 0.450882 
72693699435850 0.750547 -0.433963 -0.205426 0.454044 
72693718194079 0.748128 -0.425877 -0.201940 0.467069 
72693736952308 0.752359 -0.406328 -0.192304 0.481532 
72693755710537 0.756221 -0.373104 -0.179724 0.506579 
72693774468766 0.759284 -0.327908 -0.162917 0.537980 
72693793226995 0.758613 -0.276957 -0.144491 0.571773 
72693811985225 0.751851 -0.241791 -0.140410 0.597112 
72693830743454 0.738916 -0.233938 -0.142678 0.615564 
72693849501683 0.725654 -0.233235 -0.137672 0.632514 
72693868259912 0.714956 -0.228873 -0.132789 0.647164 
72693887018141 0.703459 -0.226132 -0.133521 0.660441 
72693905776370 0.690920 -0.227405 -0.141465 0.671494 
72693924534600 0.680130 -0.230518 -0.151821 0.679143 
72693943292829 0.672298 -0.230594 -0.156870 0.685736 
72693962051058 0.666645 -0.223754 -0.154680 0.693969 
72693980809235 0.660783 -0.209877 -0.144391 0.706023 
72693999567516 0.655010 -0.189181 -0.130397 0.719840 
72694018325745 0.649758 -0.170417 -0.123000 0.730509 
72694037083975 0.644588 -0.159287 -0.125108 0.737212 
72694055842204 0.639430 -0.151156 -0.130319 0.742494 
72694074600433 0.634934 -0.139830 -0.131792 0.748289 
72694093358662 0.630965 -0.125670 -0.128137 0.754766 
72694112116891 0.626773 -0.113655 -0.122179 0.761125 
72694130875120 0.622840 -0.103652 -0.115287 0.766834 
72694149633350 0.622830 -0.095273 -0.109406 0.768789 
72694168391579 0.625042 -0.091184 -0.104904 0.768116 
72694187149808 0.626743 -0.094433 -0.101170 0.766838 
72694205908037 0.629667 -0.104469 -0.095514 0.763861 
72694224666214 0.635153 -0.118148 -0.086825 0.758342 
72694243424443 0.646633 -0.134813 -0.080012 0.746518 
72694262182725 0.663939 -0.155058 -0.077401 0.727428 
72694280940902 0.683306 -0.169446 -0.070988 0.706641 
72694299699131 0.701603 -0.174609 -0.059197 0.688303 
72694318457360 0.717404 -0.174925 -0.046181 0.672756 
72694337215589 0.732341 -0.176815 -0.035424 0.656626 
72694355973818 0.747444 -0.181580 -0.027200 0.638449 
72694374732047 0.761243 -0.187844 -0.021290 0.620299 
72694393490277 0.772850 -0.193558 -0.019221 0.604044 
72694412248506 0.781822 -0.197675 -0.019967 0.591000 
72694431006683 0.789311 -0.205064 -0.017516 0.578472 
72694449764912 0.795587 -0.218853 -0.015691 0.564711 
72694468523141 0.798022 -0.242150 -0.019851 0.551480 
72694487281370 0.797542 -0.271530 -0.029799 0.537875 
72694506039547 0.795979 -0.301236 -0.043926 0.523206 
72694524797829 0.792962 -0.327404 -0.063353 0.509906 
72694543556006 0.788227 -0.349369 -0.087322 0.499014 
72694562314235 0.781835 -0.364603 -0.110064 0.493643 
72694581072464 0.774488 -0.372477 -0.129633 0.494596 
72694599830693 0.766190 -0.373772 -0.145464 0.502083 
72694618588922 0.757827 -0.369823 -0.155712 0.514473 
72694637347152 0.753497 -0.364729 -0.162362 0.522354 
72694656105329 0.753361 -0.360366 -0.166944 0.524131 
72694674863558 0.754513 -0.359812 -0.170764 0.521617 
72694693621787 0.752596 -0.372131 -0.179108 0.512873 
72694712380016 0.749146 -0.390214 -0.186246 0.501822 
72694731138245 0.748389 -0.402256 -0.186188 0.493394 
72694749896422 0.750286 -0.408294 -0.183270 0.486599 
72694768654652 0.750681 -0.409418 -0.178746 0.486728 
72694787412881 0.747868 -0.401430 -0.171253 0.500220 
72694806171110 0.744306 -0.403275 -0.172787 0.503510 
72694824929287 0.744070 -0.407808 -0.181629 0.497055 
72694843687516 0.746526 -0.397300 -0.180565 0.502243 
72694862445745 0.747403 -0.371697 -0.169336 0.523980 
72694881203975 0.745113 -0.338274 -0.154818 0.553542 
72694899962152 0.740755 -0.298258 -0.139842 0.585465 
72694918720381 0.733405 -0.256548 -0.127871 0.616400 
72694937478610 0.722132 -0.227648 -0.126022 0.640953 
72694956236839 0.707267 -0.226141 -0.135079 0.656039 
72694974995068 0.697102 -0.225921 -0.136122 0.666693 
72694993753245 0.708286 -0.153751 -0.070748 0.685337 
72695012511475 0.704196 -0.132457 -0.051004 0.695674 
72695031269704 0.696375 -0.130213 -0.049886 0.704001 
72695050027881 0.692287 -0.111038 -0.030558 0.712373 
72695068786110 0.686325 -0.102625 -0.022237 0.719675 
72695087544339 0.678788 -0.092536 -0.013666 0.728352 
72695106302516 0.670047 -0.077215 -0.003124 0.738285 
72695125060745 0.661007 -0.060656 0.003987 0.747914 
72695143818975 0.653004 -0.047483 0.004305 0.755853 
72695162577204 0.647309 -0.040401 -0.001297 0.761155 
72695181335381 0.641696 -0.031533 -0.004030 0.766300 
72695200093610 0.635578 -0.017801 0.001258 0.771831 
72695218851839 0.630117 -0.005135 0.010230 0.776416 
72695237610016 0.626862 0.003324 0.018050 0.778914 
72695256368245 0.627307 0.010585 0.023853 0.778335 
72695275126422 0.628590 0.015458 0.028425 0.777064 
72695293884652 0.629516 0.015693 0.032986 0.776129 
72695312642881 0.633522 0.009863 0.037109 0.772771 
72695331401058 0.640053 -0.000976 0.042525 0.767153 
72695350159287 0.650160 -0.016204 0.047138 0.758161 
72695368917516 0.665934 -0.032767 0.049101 0.743672 
72695387675693 0.685082 -0.047920 0.050162 0.725156 
72695406433922 0.703804 -0.056903 0.054090 0.706043 
72695425192152 0.720278 -0.060329 0.059733 0.688471 
72695443950329 0.734779 -0.062497 0.065800 0.672209 
72695462708558 0.748640 -0.062765 0.073609 0.655881 
72695481466735 0.762387 -0.063062 0.082645 0.638717 
72695500224964 0.775590 -0.065030 0.089088 0.621526 
72695518983193 0.787290 -0.072216 0.086056 0.606262 
72695537741370 0.797437 -0.081435 0.079666 0.592550 
72695556499600 0.806232 -0.084685 0.083939 0.579459 
72695575257777 0.814074 -0.092932 0.087616 0.566542 
72695594016006 0.820028 -0.108848 0.087485 0.555025 
72695612774235 0.825067 -0.131143 0.080649 0.543656 
72695631532412 0.828504 -0.156869 0.067215 0.533343 
72695650290641 0.829999 -0.181389 0.047687 0.525286 
72695669048818 0.830633 -0.201853 0.022957 0.518437 
72695687807047 0.829313 -0.215778 -0.001234 0.515440 
72695706565225 0.825501 -0.222488 -0.021365 0.518258 
72695725323454 0.819026 -0.223091 -0.035957 0.527384 
72695744081631 0.810977 -0.218898 -0.044000 0.540800 
72695762839860 0.805136 -0.214052 -0.048779 0.550962 
72695781598037 0.803545 -0.212389 -0.053535 0.553481 
72695800356266 0.805188 -0.212413 -0.057560 0.550672 
72695819114443 0.807089 -0.220574 -0.064302 0.543893 
72695837872672 0.807828 -0.237365 -0.071530 0.534747 
72695856630850 0.809565 -0.251747 -0.071672 0.525443 
72695875389079 0.814190 -0.265144 -0.070660 0.511665 
72695894147204 0.818024 -0.277523 -0.076851 0.497907 
72695912905485 0.815785 -0.288505 -0.088379 0.493405 
72695931663662 0.812427 -0.296853 -0.100488 0.491674 
72695950421839 0.812876 -0.292349 -0.101647 0.493390 
72695969180068 0.810771 -0.272731 -0.091978 0.509713 
72695987938297 0.805524 -0.241237 -0.075110 0.535998 
72696006696475 0.798533 -0.200148 -0.051661 0.565347 
72696025454652 0.789610 -0.162733 -0.035623 0.590564 
72696044212829 0.780681 -0.142879 -0.032160 0.607526 
72696062971058 0.771401 -0.135999 -0.027712 0.621029 
72696081729287 0.730204 -0.251816 -0.122655 0.623175 
72696100487464 0.723500 -0.233612 -0.111955 0.639874 
72696119245641 0.711118 -0.229204 -0.115352 0.654576 
72696138003870 0.700005 -0.222961 -0.117940 0.668111 
72696156762047 0.693879 -0.207532 -0.112065 0.680370 
72696175520277 0.685137 -0.206048 -0.121105 0.688088 
72696194278454 0.680079 -0.193816 -0.117578 0.697211 
72696213036631 0.673394 -0.189126 -0.119102 0.704689 
72696231794860 0.669474 -0.171745 -0.108250 0.714556 
72696250553037 0.665988 -0.150275 -0.093988 0.724599 
72696269311266 0.662289 -0.130321 -0.083300 0.733111 
72696288069443 0.657016 -0.114089 -0.079208 0.740973 
72696306827620 0.650220 -0.103435 -0.080186 0.748388 
72696325585850 0.643025 -0.095557 -0.082099 0.755413 
72696344344027 0.637044 -0.086567 -0.081131 0.761642 
72696363102204 0.634174 -0.075858 -0.075479 0.765749 
72696381860433 0.633492 -0.065098 -0.066290 0.768151 
72696400618610 0.632492 -0.058163 -0.057516 0.770236 
72696419376787 0.631471 -0.056018 -0.051930 0.771628 
72696438135016 0.634158 -0.060875 -0.050406 0.769153 
72696456893193 0.640922 -0.072628 -0.049073 0.762585 
72696475651370 0.648507 -0.085085 -0.040761 0.755340 
72696494409600 0.657820 -0.096157 -0.030727 0.746379 
72696513167777 0.672403 -0.109901 -0.024285 0.731578 
72696531925954 0.690232 -0.121889 -0.017561 0.713032 
72696550684183 0.707655 -0.129610 -0.010051 0.694496 
72696569442360 0.722142 -0.134471 -0.004660 0.678533 
72696588200537 0.734851 -0.140426 -0.003444 0.663523 
72696606958714 0.746672 -0.150655 -0.005680 0.647883 
72696625716943 0.755889 -0.160243 -0.006366 0.634754 
72696644475120 0.763640 -0.164195 0.000051 0.624414 
72696663233297 0.770992 -0.164112 0.014523 0.615165 
72696681991475 0.777976 -0.167915 0.025340 0.604910 
72696700749704 0.783560 -0.183598 0.022322 0.593150 
72696719507881 0.787441 -0.202614 0.017698 0.581869 
72696738266058 0.790891 -0.220811 0.014015 0.570559 
72696757024235 0.793554 -0.238749 0.008403 0.559643 
72696775782464 0.795133 -0.256644 -0.002646 0.549446 
72696794540641 0.794749 -0.276141 -0.021091 0.540070 
72696813298818 0.791851 -0.294975 -0.043897 0.532949 
72696832056995 0.786748 -0.310027 -0.067284 0.529513 
72696850815172 0.780037 -0.319199 -0.087570 0.531024 
72696869573402 0.772811 -0.320767 -0.102173 0.537990 
72696888331579 0.765811 -0.313815 -0.110173 0.550377 
72696907089756 0.759428 -0.300244 -0.113478 0.565903 
72696925847881 0.755831 -0.285440 -0.115169 0.577909 
72696944606110 0.758150 -0.275736 -0.115222 0.579570 
72696963364287 0.762479 -0.275946 -0.109159 0.574947 
72696982122516 0.762677 -0.288234 -0.100372 0.570237 
72697000880693 0.760969 -0.303287 -0.092484 0.566029 
72697019638870 0.759456 -0.310771 -0.087810 0.564746 
72697038397047 0.759267 -0.315072 -0.094392 0.561545 
72697057155225 0.759198 -0.320353 -0.102146 0.557278 
72697075913402 0.754634 -0.325701 -0.103364 0.560144 
72697094671579 0.749602 -0.324892 -0.100300 0.567874 
72697113429808 0.746380 -0.316871 -0.094301 0.577595 
72697132187985 0.743827 -0.301073 -0.085924 0.590503 
72697150946162 0.741559 -0.279065 -0.078944 0.604964 
72697169704339 0.740041 -0.253845 -0.074419 0.618355 
72697188462516 0.739067 -0.226764 -0.072377 0.630174 
72697207220693 0.735669 -0.203611 -0.077110 0.641396 
72697225978870 0.724167 -0.197721 -0.091161 0.654353 
72697244737047 0.704416 -0.222377 -0.118612 0.663534 
72697263495225 0.698954 -0.218995 -0.111951 0.671544 
72697282253402 0.705220 -0.181124 -0.068307 0.682051 
72697301011579 0.702791 -0.172878 -0.050973 0.688186 
72697319769756 0.702425 -0.158234 -0.030137 0.693292 
72697338527933 0.699927 -0.154388 -0.023461 0.696933 
72697357286110 0.696470 -0.150184 -0.020573 0.701392 
72697376044287 0.690842 -0.148451 -0.022205 0.707253 
72697394802516 0.684929 -0.140327 -0.018812 0.714721 
72697413560589 0.678261 -0.135902 -0.019970 0.721868 
72697432318870 0.672467 -0.131133 -0.022072 0.728083 
72697451077047 0.667863 -0.124007 -0.023025 0.733520 
72697469835225 0.663893 -0.117250 -0.025246 0.738147 
72697488593402 0.659530 -0.110582 -0.027310 0.742998 
72697507351579 0.653915 -0.103137 -0.027880 0.748987 
72697526109756 0.647132 -0.095028 -0.027095 0.755947 
72697544867933 0.642598 -0.090440 -0.026733 0.760377 
72697563626110 0.641806 -0.088680 -0.026260 0.761270 
72697582384235 0.642325 -0.085308 -0.022674 0.761333 
72697601142464 0.642546 -0.081517 -0.016651 0.761717 
72697619900589 0.643714 -0.078735 -0.010375 0.761134 
72697638658766 0.647067 -0.077916 -0.004731 0.758427 
72697657416943 0.653293 -0.080446 0.000606 0.752819 
72697676175120 0.662296 -0.087250 0.005482 0.744125 
72697694933297 0.672301 -0.096692 0.009819 0.733870 
72697713691475 0.683511 -0.106762 0.013900 0.721957 
72697732449652 0.697092 -0.117941 0.016339 0.707026 
72697751207829 0.711278 -0.125910 0.019116 0.691277 
72697769966006 0.725547 -0.131462 0.023694 0.675084 
72697788724183 0.738930 -0.134303 0.032024 0.659485 
72697807482360 0.750017 -0.134024 0.043381 0.646243 
72697826240537 0.759786 -0.133222 0.055856 0.633922 
72697844998714 0.768796 -0.133029 0.068239 0.621771 
72697863756839 0.776863 -0.133199 0.080265 0.610163 
72697882515016 0.783694 -0.132108 0.093000 0.599769 
72697901273193 0.790008 -0.134256 0.098653 0.590025 
72697920031370 0.796238 -0.140395 0.098623 0.580145 
72697938789547 0.802126 -0.147804 0.095096 0.570705 
72697957547725 0.807445 -0.157330 0.087585 0.561790 
72697976305902 0.811920 -0.169536 0.075712 0.553454 
72697995064027 0.814882 -0.183562 0.060902 0.546410 
72698013822204 0.815504 -0.197337 0.045453 0.542167 
72698032580381 0.813783 -0.209007 0.030591 0.541422 
72698051338558 0.810778 -0.217169 0.016266 0.543335 
72698070096735 0.807373 -0.220706 0.003662 0.547197 
72698088854912 0.805401 -0.221436 -0.009667 0.549728 
72698107613037 0.803276 -0.217424 -0.019892 0.554147 
72698126371214 0.801157 -0.209213 -0.027320 0.560028 
72698145129391 0.799008 -0.200117 -0.033818 0.566036 
72698163887568 0.797735 -0.192307 -0.038520 0.570222 
72698182645745 0.798870 -0.188374 -0.040096 0.569838 
72698201403870 0.801075 -0.190603 -0.039065 0.566060 
72698220162047 0.801625 -0.193777 -0.032271 0.564630 
72698238920225 0.800960 -0.194183 -0.020170 0.565994 
72698257678402 0.800438 -0.194733 -0.009834 0.566817 
72698276436527 0.795960 -0.199576 -0.009427 0.571426 
72698295194704 0.789400 -0.206212 -0.018949 0.577898 
72698313952881 0.787323 -0.214040 -0.034453 0.577167 
72698332711058 0.788813 -0.223237 -0.049442 0.570522 
72698351469183 0.788935 -0.227870 -0.054454 0.568060 
72698370227360 0.787270 -0.226238 -0.052606 0.571187 
72698388985537 0.783922 -0.220756 -0.049670 0.578158 
72698407743714 0.779925 -0.213605 -0.049176 0.586235 
72698426501839 0.775720 -0.204853 -0.050125 0.594795 
72698445260016 0.762507 -0.221927 -0.073159 0.603307 
72698464018193 0.759118 -0.196479 -0.060925 0.617596 
72698482776318 0.750171 -0.197176 -0.063447 0.627965 
72698501534495 0.744676 -0.200868 -0.066956 0.632951 
72698520292672 0.742650 -0.198996 -0.068019 0.635803 
72698539050797 0.741130 -0.197720 -0.071869 0.637548 
72698557808975 0.738845 -0.194215 -0.074787 0.640934 
72698576567152 0.733369 -0.194806 -0.079440 0.646459 
72698595325329 0.727150 -0.195640 -0.082159 0.652861 
72698614083454 0.722084 -0.193186 -0.081445 0.659273 
72698632841631 0.717274 -0.192866 -0.083584 0.664331 
72698651599756 0.714677 -0.188459 -0.083444 0.668399 
72698670357933 0.712582 -0.183181 -0.083658 0.672065 
72698689116110 0.709553 -0.180662 -0.087682 0.675431 
72698707874235 0.707123 -0.175044 -0.089609 0.679195 
72698726632412 0.704963 -0.167759 -0.089342 0.683303 
72698745390537 0.702376 -0.164099 -0.090724 0.686665 
72698764148714 0.701195 -0.158518 -0.088684 0.689444 
72698782906891 0.700995 -0.152830 -0.085859 0.691287 
72698801665016 0.700870 -0.147486 -0.083277 0.692888 
72698820423193 0.701316 -0.137769 -0.076052 0.695264 
72698839181318 0.701708 -0.129575 -0.069026 0.697174 
72698857939495 0.702952 -0.122500 -0.061432 0.697910 
72698876697620 0.706385 -0.118317 -0.054857 0.695710 
72698895455797 0.711455 -0.116756 -0.047743 0.691318 
72698914213975 0.716947 -0.117614 -0.038484 0.686056 
72698932972100 0.724200 -0.121784 -0.028803 0.678139 
72698951730277 0.732663 -0.130598 -0.020803 0.667619 
72698970488402 0.741012 -0.139427 -0.012336 0.656741 
72698989246579 0.749971 -0.146695 -0.004080 0.644986 
72699008004704 0.761351 -0.149763 0.006214 0.630776 
72699026762881 0.772313 -0.151374 0.014742 0.616766 
72699045521006 0.781054 -0.152178 0.019503 0.605323 
72699064279183 0.787783 -0.151042 0.022115 0.596737 
72699083037360 0.793834 -0.146973 0.026072 0.589531 
72699101795485 0.800157 -0.141969 0.029877 0.581980 
72699120553662 0.803785 -0.141498 0.029536 0.577093 
72699139311787 0.803426 -0.142594 0.027402 0.577427 
72699158069964 0.800345 -0.145166 0.023392 0.581230 
72699176828089 0.795497 -0.148173 0.017478 0.587302 
72699195586266 0.789822 -0.151885 0.008802 0.594168 
72699214344391 0.783781 -0.155075 -0.001158 0.601363 
72699233102516 0.778263 -0.156845 -0.009381 0.607963 
72699251860693 0.774923 -0.158763 -0.016633 0.611565 
72699270618818 0.772938 -0.160069 -0.022000 0.613564 
72699289376995 0.770111 -0.159971 -0.024380 0.617044 
72699308135120 0.767013 -0.157630 -0.023306 0.621531 
72699326893297 0.764483 -0.156575 -0.023020 0.624916 
72699345651422 0.760972 -0.156756 -0.024321 0.629092 
72699364409600 0.755635 -0.157413 -0.026382 0.635249 
72699383167725 0.751064 -0.156417 -0.027951 0.640824 
72699401925850 0.749711 -0.153303 -0.028310 0.643140 
72699420684027 0.751470 -0.145770 -0.025679 0.642950 
72699439442152 0.753951 -0.132410 -0.019211 0.643162 
72699458200329 0.754968 -0.115772 -0.010372 0.645378 
72699476958454 0.754420 -0.097137 -0.000279 0.649164 
72699495716631 0.754085 -0.074364 0.011677 0.652449 
72699514474756 0.754008 -0.049443 0.024188 0.654555 
72699533232881 0.753675 -0.021302 0.039658 0.655704 
72699551991058 0.753106 0.008568 0.057764 0.655302 
72699570749183 0.752678 0.039542 0.078659 0.652476 
72699589507360 0.751474 0.070544 0.102746 0.647884 
72699608265485 0.749087 0.100288 0.129176 0.641970 
72699627023558 0.747073 0.129412 0.154449 0.633467 
72699645781787 0.745992 0.156696 0.174222 0.623369 
72699664539912 0.744283 0.182741 0.190211 0.613571 
72699683298037 0.741172 0.206900 0.204565 0.604987 
72699702056214 0.735879 0.230766 0.221144 0.596930 
72699720814339 0.727119 0.255038 0.242594 0.589408 
72699739572464 0.715327 0.274966 0.266844 0.584376 
72699758330589 0.701882 0.291555 0.289955 0.581622 
72699777088766 0.688069 0.311104 0.312905 0.576077 
72699795846839 0.677184 0.331850 0.334483 0.565171 
72699814605016 0.670677 0.347743 0.353027 0.551941 
72699833363193 0.663031 0.363838 0.373766 0.536946 
72699852121318 0.654661 0.378338 0.391691 0.524268 
72699870879443 0.645899 0.390419 0.405055 0.516060 
72699889637620 0.639141 0.400119 0.412517 0.511109 
72699908395745 0.631135 0.412103 0.420803 0.504742 
72699927153870 0.621489 0.423930 0.431686 0.497676 
72699945911995 0.611352 0.434941 0.444680 0.489219 
72699964670172 0.605179 0.442605 0.455222 0.480242 
72699983428297 0.604077 0.445435 0.461488 0.472978 
72700002186422 0.607157 0.444238 0.462643 0.469014 
72700020944600 0.614672 0.439534 0.456756 0.469428 
72700039702725 0.622571 0.433823 0.448281 0.472490 
72700058460850 0.629646 0.426859 0.439644 0.477546 
72700077218975 0.637598 0.416703 0.429368 0.485252 
72700095977152 0.646344 0.403728 0.417230 0.495138 
72700114735277 0.655722 0.388121 0.403377 0.506634 
72700133493402 0.665400 0.370894 0.387796 0.518936 
72700152251527 0.675704 0.351555 0.369076 0.532556 
72700171009652 0.685678 0.330835 0.348501 0.546755 
72700189767829 0.694492 0.308835 0.328782 0.560539 
72700208525954 0.701587 0.286325 0.311767 0.573232 
72700227284079 0.708205 0.263978 0.294940 0.584612 
72700246042204 0.713948 0.241819 0.277515 0.595640 
72700264800329 0.717750 0.220978 0.260381 0.606799 
72700283558506 0.720176 0.200613 0.242874 0.618152 
72700302316631 0.721785 0.179242 0.223974 0.629868 
72700321074756 0.724164 0.157233 0.202997 0.640044 
72700339832881 0.727327 0.137323 0.182887 0.647063 
72700358591006 0.730656 0.120672 0.165117 0.651396 
72700377349131 0.734526 0.105316 0.149007 0.653588 
72700396107308 0.738680 0.091391 0.135939 0.653850 
72700414865433 0.741351 0.080260 0.129143 0.653666 
72700433623558 0.742400 0.071829 0.128307 0.653621 
72700452381683 0.742633 0.063177 0.129081 0.654097 
72700471139808 0.742709 0.050686 0.125480 0.655796 
72700489897933 0.742626 0.034106 0.115871 0.658724 
72700508656058 0.741166 0.017065 0.103862 0.663019 
72700527414235 0.738339 0.002127 0.092572 0.668043 
72700546172360 0.735465 -0.012118 0.080844 0.672614 
72700564930485 0.732709 -0.026976 0.067544 0.676645 
72700583688610 0.729338 -0.041622 0.053691 0.680772 
72700602446735 0.725384 -0.054468 0.041646 0.684921 
72700621204860 0.721705 -0.066146 0.030926 0.688339 
72700639962985 0.718817 -0.078082 0.019779 0.690517 
72700658721110 0.716727 -0.089263 0.008694 0.691563 
72700677479235 0.715417 -0.097897 -0.000946 0.691805 
72700696237360 0.714655 -0.104312 -0.009141 0.691595 
72700714995433 0.713781 -0.109425 -0.016186 0.691578 
72700733753610 0.712560 -0.114007 -0.022334 0.691926 
72700752511787 0.710945 -0.117856 -0.027841 0.692743 
72700771269912 0.709147 -0.120764 -0.032400 0.693885 
72700790028037 0.707780 -0.123422 -0.035961 0.694638 
72700808786162 0.707091 -0.126984 -0.039396 0.694511 
72700827544287 0.706655 -0.131225 -0.042899 0.693959 
72700846302360 0.705894 -0.135072 -0.045480 0.693831 
72700865060537 0.705126 -0.138417 -0.047128 0.693842 
72700883818662 0.704913 -0.141592 -0.048876 0.693297 
72700902576787 0.705455 -0.144846 -0.051363 0.691892 
72700921334912 0.706357 -0.147414 -0.053775 0.690244 
72700940093037 0.707155 -0.148804 -0.055561 0.688986 
72700958851162 0.707817 -0.149246 -0.056956 0.688096 
72700977609287 0.708186 -0.149176 -0.057644 0.687674 
72700996367412 0.708231 -0.148648 -0.056954 0.687800 
72701015125485 0.708202 -0.148033 -0.055597 0.688074 
72701033883662 0.708061 -0.147352 -0.054051 0.688488 
72701052641787 0.708096 -0.146660 -0.052674 0.688706 
72701071399912 0.708367 -0.146228 -0.051782 0.688587 
72701090158037 0.708755 -0.145581 -0.050897 0.688391 
72701108916162 0.709256 -0.144663 -0.049739 0.688153 
72701127674287 0.709535 -0.144130 -0.048870 0.688039 
72701146432412 0.709446 -0.143582 -0.048030 0.688305 
72701165190485 0.709414 -0.143074 -0.047367 0.688489 
72701183948662 0.709452 -0.142822 -0.047049 0.688525 
72701202706735 0.709303 -0.142384 -0.046414 0.688811 
72701221464860 0.709157 -0.141501 -0.045213 0.689224 
72701240222985 0.709211 -0.140802 -0.044159 0.689380 
72701258981110 0.709290 -0.140001 -0.043240 0.689520 
72701277739235 0.709240 -0.139017 -0.042028 0.689845 
72701296497360 0.709200 -0.138130 -0.040684 0.690145 
72701315255485 0.709314 -0.137390 -0.039442 0.690248 
72701334013610 0.709462 -0.136602 -0.038280 0.690317 
72701352771764 0.709608 -0.135743 -0.037101 0.690401 
72701371529889 0.709678 -0.135055 -0.036106 0.690517 
72701390287962 0.710234 -0.133725 -0.033930 0.690314 
72701409046139 0.710705 -0.132318 -0.031547 0.690214 
72701427804212 0.711072 -0.130754 -0.028570 0.690263 
72701446562337 0.711399 -0.129440 -0.025578 0.690291 
72701465320462 0.711706 -0.128491 -0.022922 0.690246 
72701484078587 0.712104 -0.127755 -0.020658 0.690043 
72701502836712 0.712321 -0.127422 -0.019207 0.689923 
72701521594837 0.711782 -0.130329 -0.021270 0.689876 
72701540352962 0.711138 -0.132243 -0.022537 0.690135 
72701559111087 0.711155 -0.128736 -0.018749 0.690893 
72701577869160 0.710213 -0.129198 -0.019022 0.691769 
72701596627285 0.709217 -0.129102 -0.018775 0.692814 
72701615385410 0.708750 -0.126787 -0.016448 0.693778 
72701634143535 0.708485 -0.124188 -0.013999 0.694572 
72701652901660 0.707904 -0.124462 -0.014533 0.695104 
72701671659785 0.707290 -0.125739 -0.016224 0.695462 
72701690417858 0.707305 -0.123953 -0.014751 0.695800 
72701709175931 0.707090 -0.123681 -0.014416 0.696074 
72701727934108 0.706823 -0.123729 -0.013961 0.696346 
72701746692233 0.706875 -0.122706 -0.012122 0.696508 
72701765450306 0.706666 -0.123419 -0.011823 0.696600 
72701784208431 0.706078 -0.124955 -0.012091 0.696917 
72701802966556 0.705031 -0.126324 -0.012251 0.697728 
72701821724681 0.704391 -0.126867 -0.012369 0.698273 
72701840482806 0.704082 -0.128059 -0.014213 0.698331 
72701859240879 0.703336 -0.131406 -0.019105 0.698345 
72701877999004 0.702241 -0.134882 -0.024281 0.698623 
72701896757129 0.701250 -0.136893 -0.027503 0.699109 
72701915515254 0.700821 -0.137079 -0.028370 0.699468 
72701934273379 0.701055 -0.137364 -0.029018 0.699150 
72701953031451 0.701720 -0.137474 -0.029724 0.698431 
72701971789576 0.704320 -0.133435 -0.023821 0.696822 
72701990547806 0.707021 -0.129206 -0.017748 0.695063 
72702009305826 0.709919 -0.122422 -0.009429 0.693497 
72702028063899 0.712471 -0.114377 -0.000485 0.692317 
72702046822024 0.714225 -0.105484 0.008513 0.691869 
72702065580149 0.715022 -0.094326 0.017713 0.692483 
72702084338274 0.715345 -0.079513 0.028873 0.693633 
72702103096347 0.714631 -0.062654 0.039806 0.695552 
72702121854472 0.712895 -0.043080 0.051534 0.698047 
72702140612597 0.711026 -0.019344 0.065439 0.699847 
72702159370722 0.709726 0.004964 0.078313 0.700094 
72702178128795 0.708102 0.033141 0.096023 0.698766 
72702196886920 0.706908 0.064188 0.117890 0.694452 
72702215645045 0.707844 0.096983 0.140186 0.685492 
72702234403118 0.710470 0.128741 0.159669 0.673175 
72702253161243 0.713173 0.158346 0.176125 0.659766 
72702271919368 0.715324 0.185322 0.189927 0.646448 
72702290677441 0.715692 0.208125 0.202576 0.635162 
72702309435566 0.714676 0.228514 0.217389 0.624308 
72702328193691 0.711367 0.250201 0.238787 0.611831 
72702346951764 0.702704 0.272309 0.268435 0.599998 
72702365709889 0.691134 0.291163 0.299280 0.589906 
72702384468014 0.677774 0.309592 0.328499 0.580399 
72702403226139 0.662118 0.326482 0.354844 0.573667 
72702421984212 0.648564 0.340848 0.374700 0.568143 
72702440742337 0.640977 0.354211 0.387746 0.559764 
72702459500410 0.637556 0.366015 0.398296 0.548557 
72702478258535 0.629242 0.379847 0.417114 0.534590 
72702497016660 0.611453 0.397318 0.447141 0.518004 
72702515774733 0.592371 0.412207 0.477903 0.500790 
72702534532858 0.574112 0.424076 0.505453 0.484843 
72702553290931 0.557036 0.436481 0.529005 0.468347 
72702572049056 0.543380 0.449731 0.546286 0.451721 
72702590807181 0.529776 0.465795 0.560835 0.433401 
72702609565306 0.513422 0.483290 0.575884 0.413748 
72702628323379 0.495635 0.498527 0.591186 0.395368 
72702647081504 0.478204 0.509567 0.606932 0.378545 
72702665839576 0.463490 0.516576 0.621467 0.363463 
72702684597701 0.453212 0.522558 0.631860 0.349693 
72702703355826 0.446250 0.528555 0.638153 0.338011 
72702722113899 0.438301 0.535012 0.643874 0.327233 
72702740872024 0.427395 0.543072 0.650805 0.314420 
72702759630097 0.415383 0.551480 0.658052 0.300489 
72702778388222 0.404366 0.559431 0.664703 0.285821 
72702797146347 0.394666 0.567302 0.669959 0.271223 
72702815904420 0.385759 0.574836 0.674126 0.257503 
72702834662545 0.377503 0.582530 0.676975 0.244654 
72702853420618 0.369524 0.590631 0.678523 0.232839 
72702872178743 0.362626 0.597632 0.679383 0.223107 
72702890936816 0.355865 0.604119 0.680133 0.214055 
72702909694941 0.350637 0.610395 0.679464 0.206882 
72702928453014 0.347192 0.616913 0.676964 0.201482 
72702947211139 0.344794 0.623753 0.673467 0.196192 
72702965969264 0.342847 0.630830 0.669799 0.189421 
72702984727337 0.340102 0.639202 0.665685 0.180596 
72703003485462 0.335426 0.649321 0.660977 0.170237 
72703022243587 0.327812 0.660527 0.656219 0.160063 
72703041001660 0.317981 0.673066 0.650489 0.150779 
72703059759733 0.308702 0.685768 0.643337 0.143330 
72703078517858 0.300945 0.697148 0.636040 0.137369 
72703097275983 0.294709 0.706558 0.629622 0.132282 
72703116034056 0.290828 0.713472 0.624237 0.129247 
72703134792181 0.288874 0.718165 0.619919 0.128423 
72703153550254 0.287246 0.721358 0.616934 0.128546 
72703172308379 0.285328 0.723589 0.615065 0.129234 
72703191066451 0.283024 0.725256 0.613881 0.130579 
72703209824576 0.280157 0.726626 0.613351 0.131637 
72703228582649 0.276888 0.727860 0.613305 0.131946 
72703247340774 0.274207 0.728637 0.613457 0.132551 
72703266098847 0.272104 0.728531 0.614286 0.133620 
72703284856972 0.269899 0.727571 0.616150 0.134736 
72703303615045 0.267220 0.725451 0.619645 0.135477 
72703322373170 0.264049 0.721889 0.625064 0.135829 
72703341131243 0.261759 0.716964 0.631387 0.137093 
72703359889316 0.260422 0.710458 0.638740 0.139430 
72703378647441 0.260240 0.702753 0.646727 0.141977 
72703397405514 0.261600 0.696138 0.652577 0.145258 
72703416163639 0.262696 0.693954 0.653982 0.147398 
72703434921712 0.262050 0.694776 0.653448 0.147044 
72703453679837 0.260097 0.694748 0.654333 0.146706 
72703472437910 0.257206 0.693361 0.656847 0.147133 
72703491196035 0.254955 0.692058 0.658787 0.148508 
72703509954108 0.252866 0.690664 0.660810 0.149573 
72703528712181 0.250629 0.688317 0.664060 0.149764 
72703547470306 0.249129 0.685077 0.667827 0.150370 
72703566228379 0.248624 0.681688 0.671130 0.151897 
72703584986504 0.249512 0.678275 0.673593 0.154786 
72703603744524 0.250577 0.674392 0.676284 0.158262 
72703622502649 0.249913 0.670228 0.680100 0.160629 
72703641260774 0.248922 0.666819 0.683316 0.162696 
72703660018847 0.249185 0.664955 0.684303 0.165748 
72703678776920 0.249603 0.663644 0.684676 0.168798 
72703697535045 0.250334 0.661928 0.685425 0.171395 
72703716293118 0.250637 0.659852 0.686972 0.172758 
72703735051243 0.250219 0.657843 0.689074 0.172657 
72703753809316 0.249766 0.656617 0.690577 0.171970 
72703772567389 0.249633 0.656187 0.691077 0.171794 
72703791325514 0.249726 0.656029 0.691051 0.172369 
72703810083587 0.250460 0.655900 0.690578 0.173683 
72703828841660 0.251870 0.655525 0.689976 0.175449 
72703847599785 0.253170 0.654633 0.689989 0.176850 
72703866357858 0.254166 0.653076 0.690843 0.177844 
72703885115931 0.255027 0.651204 0.692050 0.178777 
72703903874056 0.255736 0.649483 0.693110 0.179918 
72703922632129 0.256159 0.648029 0.693951 0.181308 
72703941390201 0.256279 0.646696 0.694730 0.182908 
72703960148326 0.256118 0.645448 0.695526 0.184511 
72703978906399 0.255703 0.644462 0.696230 0.185870 
72703997664472 0.255300 0.643678 0.696787 0.187050 
72704016422597 0.254492 0.642933 0.697607 0.187657 
72704035180670 0.253305 0.642224 0.698713 0.187578 
72704053938743 0.252057 0.641700 0.699745 0.187201 
72704072696868 0.250645 0.641452 0.700625 0.186657 
72704091454941 0.249020 0.641437 0.701384 0.186033 
72704110213014 0.248016 0.641348 0.701789 0.186152 
72704128971087 0.242230 0.643321 0.703395 0.180830 
72704147729212 0.242332 0.643411 0.703018 0.181834 
72704166487285 0.243939 0.642947 0.702215 0.184410 
72704185245358 0.244864 0.642666 0.701655 0.186283 
72704204003431 0.243890 0.642955 0.701757 0.186184 
72704222761556 0.245838 0.641972 0.701089 0.189500 
72704241519629 0.243026 0.642732 0.701843 0.187752 
72704260277701 0.242024 0.642936 0.701958 0.187916 
72704279035774 0.239876 0.643568 0.702401 0.186848 
72704297793899 0.236540 0.644496 0.703243 0.184722 
72704316551972 0.234696 0.644749 0.703735 0.184320 
72704335310045 0.230194 0.645847 0.705123 0.180815 
72704354068118 0.231130 0.645050 0.705001 0.182929 
72704372826243 0.230943 0.644739 0.705160 0.183648 
72704391584316 0.231517 0.644276 0.704958 0.185317 
72704410342389 0.227613 0.645449 0.705961 0.182228 
72704429100462 0.225956 0.645875 0.706308 0.181432 
72704447858587 0.226060 0.645937 0.705977 0.182369 
72704466616660 0.226150 0.646352 0.705374 0.183121 
72704485374733 0.226319 0.646866 0.704719 0.183616 
72704504198847 0.225813 0.647299 0.704602 0.183166 
72704522890879 0.226536 0.646918 0.704491 0.184043 
72704541648951 0.227849 0.646209 0.704282 0.185705 
72704560407024 0.227794 0.646120 0.704235 0.186261 
72704579165097 0.227172 0.646269 0.704207 0.186607 
72704597923170 0.226874 0.646271 0.704079 0.187443 
72704616681295 0.225879 0.646494 0.704231 0.187304 
72704635439368 0.225980 0.646310 0.704168 0.188054 
72704654197441 0.224401 0.646754 0.704550 0.186986 
72704672955514 0.223879 0.646842 0.704563 0.187256 
72704691713587 0.222722 0.647212 0.704708 0.186810 
72704710471660 0.222026 0.647364 0.704819 0.186693 
72704729229733 0.222153 0.647215 0.704750 0.187318 
72704747987858 0.221480 0.647499 0.704801 0.186941 
72704766745931 0.222189 0.647347 0.704458 0.187918 
72704785504004 0.222133 0.647205 0.704578 0.188022 
72704804262076 0.220334 0.647444 0.705362 0.186370 
72704823020149 0.219127 0.647600 0.705868 0.185330 
72704841778222 0.218479 0.647842 0.705945 0.184959 
72704860536295 0.218037 0.648245 0.705718 0.184933 
72704879294368 0.217212 0.648656 0.705656 0.184703 
72704898052493 0.217262 0.648544 0.705560 0.185399 
72704916810566 0.216298 0.648617 0.705910 0.184940 
72704935568639 0.215394 0.648791 0.706165 0.184406 
72704954326712 0.215239 0.648932 0.706003 0.184714 
72704973084785 0.214579 0.649399 0.705833 0.184489 
72704991842858 0.214294 0.649684 0.705639 0.184561 
72705010600931 0.214261 0.649861 0.705434 0.184759 
72705029359004 0.213405 0.650191 0.705598 0.183962 
72705048117076 0.212770 0.650331 0.705793 0.183450 
72705066875201 0.212271 0.650457 0.705872 0.183280 
72705085633274 0.211204 0.650777 0.706064 0.182635 
72705104391347 0.210160 0.651176 0.706191 0.181924 
72705123149420 0.209543 0.651571 0.706108 0.181546 
72705141907493 0.208623 0.652110 0.706162 0.180455 
72705160665566 0.207211 0.652941 0.706198 0.178931 
72705179423639 0.203857 0.654998 0.706172 0.175332 
72705198181712 0.199035 0.658330 0.705831 0.169675 
72705216939785 0.193907 0.663213 0.704345 0.162624 
72705235697858 0.194797 0.667372 0.700934 0.159250 
72705254455931 0.195014 0.673300 0.695988 0.155682 
72705273214004 0.198179 0.678794 0.689791 0.155411 
72705291972076 0.202562 0.681981 0.684990 0.157034 
72705310730149 0.205890 0.682250 0.683446 0.158255 
72705329488222 0.206218 0.681052 0.684859 0.156876 
72705348246295 0.205126 0.679868 0.686866 0.154656 
72705367004368 0.202809 0.679712 0.688287 0.152060 
72705385762441 0.200351 0.680264 0.688893 0.150085 
72705404520514 0.197529 0.681052 0.689301 0.148373 
72705423278587 0.193931 0.681652 0.690244 0.145962 
72705442036660 0.190351 0.681472 0.691950 0.143416 
72705460794733 0.187311 0.680538 0.694226 0.140829 
72705479552806 0.184401 0.679332 0.696841 0.137537 
72705498310879 0.181405 0.677778 0.699879 0.133712 
72705517068951 0.177213 0.676072 0.703489 0.128939 
72705535827024 0.172895 0.673911 0.707243 0.125531 
72705554585097 0.170950 0.671536 0.709582 0.127706 
72705573343170 0.172181 0.669667 0.709504 0.136028 
72705592101243 0.176495 0.668308 0.707588 0.146742 
72705610859316 0.181049 0.666252 0.706817 0.154075 
72705629617389 0.187553 0.660349 0.709524 0.159181 
72705648375462 0.195024 0.651527 0.714932 0.162328 
72705667133535 0.198888 0.643505 0.721291 0.161507 
72705685891608 0.202056 0.637791 0.725918 0.159496 
72705704649681 0.202735 0.633613 0.729932 0.156948 
72705723407754 0.197931 0.630018 0.735082 0.153475 
72705742165826 0.191367 0.628315 0.738888 0.150475 
72705760923899 0.185148 0.627381 0.741977 0.146913 
72705779681972 0.178865 0.625354 0.746171 0.142016 
72705798440045 0.172476 0.622447 0.750920 0.137589 
72705817198118 0.165240 0.619616 0.755479 0.134249 
72705835956139 0.157791 0.616663 0.759812 0.132341 
72705854714264 0.151515 0.612860 0.764129 0.132487 
72705873472337 0.147522 0.607873 0.768304 0.135781 
72705892230410 0.142810 0.603345 0.772294 0.138355 
72705910988431 0.136845 0.600493 0.775285 0.140055 
72705929746504 0.129312 0.599657 0.777309 0.139571 
72705948504576 0.121205 0.600187 0.778642 0.137123 
72705967262649 0.115554 0.601234 0.779069 0.134969 
72705986020722 0.114043 0.602154 0.778621 0.134735 
72706004778795 0.116152 0.604707 0.776228 0.135307 
72706023536868 0.123007 0.609719 0.771197 0.135529 
72706042294941 0.136475 0.613264 0.765946 0.136415 
72706061053014 0.156842 0.617729 0.757630 0.140743 
72706079811087 0.175380 0.628443 0.744737 0.140242 
72706098569108 0.189050 0.644515 0.728801 0.133078 
72706117327181 0.198896 0.661661 0.712453 0.122704 
72706136085254 0.206938 0.676028 0.698071 0.113405 
72706154843326 0.216001 0.687872 0.684668 0.106800 
72706173601399 0.226641 0.699568 0.669960 0.101946 
72706192359472 0.232690 0.712823 0.655181 0.092065 
72706211117545 0.232229 0.727037 0.641508 0.077165 
72706229875618 0.225108 0.740949 0.629965 0.058866 
72706248633639 0.218751 0.752521 0.619552 0.044900 
72706267391712 0.223068 0.760940 0.607834 0.041820 
72706286149785 0.232515 0.767383 0.596138 0.040991 
72706304907858 0.245187 0.771528 0.585802 0.038268 
72706323665931 0.266047 0.772413 0.575259 0.040932 
72706342424004 0.294536 0.770799 0.562459 0.052512 
72706361182024 0.327732 0.768158 0.544941 0.074595 
72706379940097 0.359252 0.764083 0.526013 0.102104 
72706398698170 0.382842 0.759145 0.510683 0.127803 
72706417456243 0.396524 0.754904 0.500861 0.148416 
72706436214316 0.402334 0.751822 0.496057 0.163764 
72706454972389 0.404030 0.748973 0.495107 0.175122 
72706473730410 0.405914 0.745493 0.495753 0.183584 
72706492488483 0.412318 0.740840 0.494216 0.192094 
72706511246556 0.423938 0.734335 0.489734 0.202949 
72706530004629 0.439029 0.726127 0.483033 0.216037 
72706548762701 0.454573 0.718133 0.475080 0.227921 
72706567520722 0.467371 0.711585 0.469394 0.234267 
72706586278795 0.479640 0.706848 0.463698 0.235150 
72706605036816 0.491383 0.708306 0.448908 0.235219 
72706623794941 0.486362 0.717608 0.444579 0.225478 
72706642552962 0.474291 0.720113 0.458633 0.214804 
72706661311035 0.457011 0.724862 0.472715 0.205563 
72706680069108 0.423155 0.737745 0.492067 0.185852 
72706698827181 0.373332 0.749073 0.523166 0.160653 
72706717585254 0.320368 0.755250 0.554409 0.139974 
72706736343274 0.267427 0.755968 0.584489 0.123968 
72706755101347 0.229682 0.751466 0.606063 0.123423 
72706773859420 0.218088 0.741538 0.620142 0.134099 
72706792617493 0.221296 0.727268 0.634260 0.140792 
72706811375514 0.226118 0.712957 0.646961 0.148339 
72706830133587 0.227916 0.699181 0.660286 0.152390 
72706848891660 0.227897 0.685150 0.674414 0.154265 
72706867649733 0.224744 0.672228 0.688245 0.154656 
72706886407754 0.221005 0.661967 0.699156 0.155363 
72706905165826 0.212251 0.655481 0.708986 0.150443 
72706923923899 0.199236 0.650062 0.719582 0.141160 
72706942681920 0.183965 0.644761 0.729644 0.134388 
72706961439993 0.168500 0.639295 0.738490 0.132449 
72706980198066 0.155695 0.631878 0.747143 0.135153 
72706998956139 0.144459 0.622618 0.756209 0.140095 
72707017714160 0.135507 0.613024 0.764554 0.145935 
72707036472233 0.129571 0.604083 0.771332 0.152780 
72707055230306 0.124864 0.598706 0.775034 0.159004 
72707073988379 0.119145 0.598319 0.775630 0.161917 
72707092746399 0.113716 0.599955 0.775239 0.161639 
72707111504472 0.110989 0.600957 0.774998 0.160965 
72707130262545 0.114543 0.602008 0.773450 0.161993 
72707149020566 0.125493 0.606635 0.767848 0.163261 
72707167778639 0.144220 0.614313 0.758536 0.162611 
72707186536243 0.167516 0.622127 0.748103 0.158869 
72707205294785 0.192113 0.633636 0.733688 0.152642 
72707224052806 0.213798 0.648236 0.716877 0.142015 
72707242810879 0.226735 0.663911 0.701348 0.126190 
72707261568951 0.232156 0.679005 0.687798 0.109497 
72707280326972 0.233000 0.692984 0.675747 0.094073 
72707299085045 0.236779 0.708072 0.660398 0.080274 
72707317843118 0.240094 0.723707 0.643540 0.066780 
72707336601191 0.237828 0.738382 0.628866 0.052509 
72707355359212 0.234679 0.750959 0.615985 0.039345 
72707374117285 0.237911 0.760396 0.603321 0.034654 
72707392875358 0.247520 0.768213 0.589362 0.035144 
72707411633379 0.265228 0.773630 0.574265 0.037013 
72707430391451 0.295170 0.775155 0.556702 0.045741 
72707449149472 0.327039 0.773959 0.538993 0.059332 
72707467907545 0.357976 0.769924 0.522023 0.081008 
72707486665618 0.384076 0.764305 0.506116 0.110319 
72707505423639 0.402675 0.757774 0.493403 0.142075 
72707524181712 0.412990 0.750769 0.486427 0.170801 
72707542939785 0.417587 0.742548 0.486223 0.194501 
72707561697806 0.420927 0.736315 0.486475 0.209771 
72707580455879 0.430121 0.733239 0.478696 0.219559 
72707599213899 0.439453 0.729101 0.472448 0.228224 
72707617971972 0.447206 0.725606 0.466798 0.235800 
72707636729993 0.458930 0.722123 0.457502 0.242101 
72707655488066 0.476070 0.720239 0.442664 0.242200 
72707674246139 0.490000 0.723523 0.423343 0.239154 
72707693004160 0.486444 0.731522 0.414457 0.237640 
72707711762233 0.473910 0.736937 0.423132 0.230852 
72707730520254 0.457197 0.742271 0.436119 0.223172 
72707749278326 0.428791 0.750529 0.456492 0.210852 
72707768036347 0.389908 0.759719 0.481955 0.196261 
72707786794420 0.345148 0.767452 0.510031 0.178210 
72707805552493 0.295922 0.769483 0.543436 0.158128 
72707824310514 0.258669 0.764132 0.571288 0.151075 
72707843068587 0.243572 0.752273 0.592864 0.152545 
72707861826608 0.243627 0.737200 0.611242 0.153510 
72707880584681 0.246331 0.721947 0.627276 0.156963 
72707899342701 0.246734 0.706940 0.643042 0.160798 
72707918100774 0.245020 0.692779 0.657819 0.165218 
72707936858847 0.242107 0.679470 0.671244 0.170692 
72707955616868 0.238385 0.668164 0.682281 0.176700 
72707974374941 0.230861 0.660069 0.693012 0.175345 
72707993132962 0.213986 0.652317 0.707902 0.166034 
72708011891035 0.191098 0.644310 0.723412 0.158178 
72708030649056 0.173898 0.637952 0.733555 0.157080 
72708049407129 0.163151 0.631276 0.740702 0.161966 
72708068165149 0.155905 0.624518 0.746253 0.169640 
72708086923222 0.146727 0.618372 0.751862 0.175472 
72708105681243 0.137766 0.612776 0.757472 0.178219 
72708124439316 0.134325 0.608820 0.760957 0.179551 
72708143197337 0.132339 0.608530 0.761660 0.179032 
72708161955410 0.130767 0.611156 0.760042 0.178115 
72708180713431 0.135336 0.613504 0.757114 0.179094 
72708199471504 0.148297 0.616482 0.752152 0.179514 
72708218229524 0.166058 0.622001 0.744746 0.175766 
72708236987597 0.187817 0.629993 0.734138 0.169929 
72708255745618 0.208646 0.642993 0.718914 0.161833 
72708274503691 0.224571 0.658143 0.702969 0.149164 
72708293261712 0.229776 0.675281 0.688816 0.129351 
72708312019785 0.228824 0.692061 0.675921 0.108727 
72708330777806 0.227155 0.706632 0.663954 0.090759 
72708349535879 0.227311 0.720219 0.651155 0.074906 
72708368293899 0.227731 0.733355 0.637815 0.059344 
72708387051972 0.227667 0.745754 0.624452 0.045603 
72708405809993 0.227466 0.756570 0.612006 0.036190 
72708424568066 0.231583 0.765177 0.599769 0.033925 
72708443326087 0.241556 0.772564 0.586142 0.035125 
72708462084160 0.259794 0.777348 0.571581 0.039152 
72708480842181 0.285155 0.778603 0.557253 0.043964 
72708499600254 0.393074 0.740267 0.534336 0.109465 
72708518358274 0.376766 0.756354 0.526939 0.091165 
72708537116295 0.373081 0.763402 0.519074 0.092683 
72708555874368 0.390550 0.756895 0.510560 0.117939 
72708574632389 0.412858 0.743040 0.504629 0.150964 
72708593390462 0.428003 0.727910 0.504418 0.180340 
72708612148483 0.457199 0.699936 0.503545 0.217947 
72708630906556 0.461231 0.691916 0.506226 0.228589 
72708649664576 0.477404 0.682685 0.498301 0.240258 
72708668422649 0.497684 0.671875 0.487007 0.252426 
72708687180670 0.516623 0.661766 0.476580 0.260843 
72708705938691 0.531913 0.656109 0.465751 0.263943 
72708724696764 0.550223 0.651516 0.450209 0.264751 
72708743454785 0.559524 0.651142 0.440388 0.262690 
72708762212858 0.545286 0.661204 0.447967 0.254554 
72708780970879 0.519649 0.675789 0.464655 0.239520 
72708799728899 0.502976 0.686753 0.471227 0.230935 
72708818486972 0.473902 0.701575 0.486578 0.215526 
72708837244993 0.434559 0.712844 0.513828 0.197467 
72708856003066 0.389668 0.718902 0.547535 0.177603 
72708874761087 0.331676 0.724662 0.583747 0.155227 
72708893519108 0.274938 0.724794 0.616200 0.139213 
72708912277181 0.243502 0.714951 0.641638 0.133613 
72708931035201 0.233341 0.700645 0.662571 0.125091 
72708949793274 0.232285 0.685701 0.678375 0.125160 
72708968551295 0.230369 0.671534 0.692103 0.130251 
72708987309316 0.223041 0.659408 0.705911 0.130854 
72709006067389 0.210779 0.650194 0.719127 0.125207 
72709024825410 0.203339 0.643450 0.727687 0.122870 
72709043583431 0.192604 0.640789 0.734353 0.114100 
72709062341504 0.175206 0.636657 0.743885 0.102983 
72709081099524 0.151902 0.629828 0.755804 0.094878 
72709099857597 0.136451 0.624379 0.762971 0.096991 
72709118615618 0.130557 0.620762 0.765691 0.106429 
72709137373639 0.121317 0.616006 0.770076 0.113147 
72709156131712 0.109527 0.610029 0.776189 0.115750 
72709174889733 0.105443 0.604943 0.780117 0.119766 
72709193647754 0.107038 0.604286 0.779748 0.123990 
72709212405826 0.109642 0.607540 0.776180 0.128134 
72709231163847 0.117250 0.610626 0.771742 0.133427 
72709249921868 0.131547 0.613668 0.766188 0.138069 
72709268679941 0.151294 0.618461 0.758663 0.138008 
72709287437962 0.175053 0.626470 0.747546 0.134412 
72709306195983 0.193913 0.642182 0.730803 0.126201 
72709324954056 0.201640 0.663532 0.712253 0.108458 
72709343712076 0.194041 0.686403 0.696227 0.080416 
72709362470097 0.182734 0.706389 0.681695 0.053988 
72709381228170 0.176022 0.724844 0.665206 0.033447 
72709399986191 0.174639 0.742367 0.646635 0.015977 
72709418744212 0.173919 0.757537 0.629197 0.000884 
72709437502285 -0.172153 -0.770421 -0.613766 0.010299 
72709456260306 -0.175678 -0.779986 -0.600539 0.010618 
72709475018326 -0.180160 -0.787961 -0.588672 0.011154 
72709493776295 -0.189824 -0.793094 -0.578593 0.014123 
72709512534420 -0.213837 -0.794413 -0.568397 0.010328 
72709531292441 0.247595 0.793775 0.555532 0.000900 
72709550050462 0.285190 0.791298 0.540524 0.018662 
72709568808535 0.318964 0.786586 0.527049 0.042010 
72709587566556 0.347288 0.780521 0.514589 0.073326 
72709606324576 0.364531 0.773572 0.507946 0.103413 
72709625082597 0.372015 0.765245 0.509341 0.128747 
72709643840670 0.372480 0.755458 0.518284 0.148070 
72709662598691 0.374732 0.748206 0.522365 0.164008 
72709681356712 0.382818 0.744820 0.517125 0.176850 
72709700114785 0.390630 0.742206 0.512681 0.183568 
72709718872806 0.402563 0.739609 0.504701 0.190258 
72709737630826 0.418781 0.735231 0.494775 0.198130 
72709756388847 0.436180 0.732861 0.481678 0.201613 
72709775146920 0.455702 0.731205 0.465005 0.203583 
72709793904941 0.454661 0.733971 0.463283 0.199847 
72709812662962 0.431868 0.742862 0.476856 0.185080 
72709831420983 0.415408 0.747913 0.486911 0.176012 
72709850179004 0.391729 0.754787 0.500075 0.163613 
72709868937076 0.354951 0.759506 0.526315 0.141960 
72709887695097 0.308581 0.759752 0.560516 0.115656 
72709906453118 0.255490 0.756092 0.595316 0.092997 
72709925211191 0.207021 0.748836 0.624112 0.082892 
72709943969212 0.180302 0.738091 0.644431 0.086147 
72709962727233 0.179602 0.723597 0.660441 0.089265 
72709981485254 0.192207 0.708819 0.671129 0.101086 
72710000243274 0.198310 0.695432 0.681906 0.109777 
72710019001347 0.196014 0.681988 0.695710 0.111617 
72710037759368 0.190027 0.670049 0.708899 0.111294 
72710056517389 0.180775 0.661918 0.719360 0.108197 
72710075275410 0.170896 0.653844 0.729981 0.102030 
72710094033483 0.153749 0.641862 0.745245 0.094784 
72710112791504 0.133347 0.627848 0.761250 0.092327 
72710131549524 0.123397 0.619242 0.769200 0.098206 
72710150307545 0.118940 0.613581 0.773255 0.106997 
72710169065566 0.110157 0.609531 0.777358 0.109780 
72710187823639 0.104658 0.607175 0.779434 0.113440 
72710206581660 0.104950 0.604267 0.780984 0.117945 
72710225339681 0.107678 0.603904 0.779837 0.124740 
72710244097701 0.115582 0.605373 0.776047 0.133848 
72710262855722 0.126983 0.605455 0.772816 0.141614 
72710281613743 0.141151 0.609769 0.766401 0.144524 
72710300371816 0.159092 0.618696 0.756189 0.141715 
72710319129837 0.181018 0.629626 0.743112 0.136336 
72710337887858 0.199273 0.644162 0.728070 0.123527 
72710356645879 0.210700 0.659369 0.714550 0.101274 
72710375403899 0.219052 0.674067 0.700956 0.079445 
72710394161972 0.223174 0.687843 0.687942 0.061656 
72710412919993 0.219403 0.703681 0.674473 0.042209 
72710431678014 0.209213 0.722317 0.658895 0.018608 
72710450436035 -0.195198 -0.740736 -0.642793 0.004977 
72710469194056 -0.187775 -0.757229 -0.625372 0.015988 
72710487952129 -0.189077 -0.771350 -0.607530 0.013282 
72710506710149 -0.190787 -0.783786 -0.590877 0.011996 
72710525468170 -0.205822 -0.793880 -0.572178 0.002067 
72710544226191 0.232405 0.800669 0.552090 0.010698 
72710562984212 0.267094 0.802986 0.532015 0.028879 
72710581742233 0.302097 0.801283 0.513621 0.053634 
72710600500254 0.329790 0.797362 0.498148 0.085442 
72710619258326 0.348904 0.791617 0.487207 0.119318 
72710638016347 0.359674 0.784351 0.482937 0.148998 
72710656774368 0.365788 0.775532 0.485268 0.171071 
72710675532389 0.375581 0.769467 0.483283 0.182473 
72710694290410 0.394057 0.759569 0.477892 0.198476 
72710713048431 0.403881 0.752781 0.475609 0.209756 
72710731806451 0.408970 0.749973 0.474286 0.212927 
72710750564472 0.420109 0.750726 0.463755 0.211777 
72710769322493 0.424532 0.758329 0.448972 0.207688 
72710788080566 0.409025 0.771112 0.443454 0.203554 
72710806838587 0.385273 0.783821 0.448620 0.189553 
72710825596608 0.364784 0.789586 0.460189 0.178080 
72710844354629 0.338867 0.794259 0.475580 0.167765 
72710863112649 0.306560 0.797630 0.495384 0.156212 
72710881870670 0.269892 0.797934 0.520438 0.140012 
72710900628691 0.237312 0.791933 0.548230 0.126370 
72710919386712 0.217388 0.779500 0.575181 0.119533 
72710938144733 0.211023 0.764312 0.598141 0.116291 
72710956902754 0.207578 0.749061 0.619164 0.111602 
72710975660826 0.201136 0.733539 0.640516 0.105852 
72710994418847 0.192905 0.717090 0.661660 0.103809 
72711013176868 0.185792 0.701524 0.679359 0.108704 
72711031934889 0.179956 0.689708 0.691764 0.115678 
72711050692910 0.172474 0.680748 0.701833 0.119434 
72711069450931 0.155999 0.671345 0.715758 0.112476 
72711088208951 0.134520 0.661591 0.730515 0.102709 
72711106966972 0.114777 0.654797 0.740876 0.095760 
72711125724993 0.099146 0.649173 0.748459 0.092481 
72711144483014 0.089378 0.642560 0.755036 0.095126 
72711163240983 0.084867 0.634445 0.761266 0.103683 
72711181999056 0.082884 0.624599 0.768034 0.114587 
72711200757076 0.084186 0.614643 0.774222 0.125328 
72711219515149 0.086703 0.609556 0.776724 0.132757 
72711238273170 0.087789 0.610351 0.775086 0.137863 
72711257031191 0.091385 0.612941 0.771864 0.142047 
72711275789212 0.104401 0.614673 0.767739 0.147832 
72711294547233 0.128191 0.617242 0.760840 0.153956 
72711313305254 0.157206 0.621591 0.751019 0.157738 
72711332063274 0.187053 0.629417 0.737636 0.157284 
72711350821295 0.212366 0.643855 0.719732 0.149454 
72711369579316 0.225671 0.662936 0.701191 0.133862 
72711388337337 0.221140 0.682901 0.687478 0.110082 
72711407095358 0.214246 0.701098 0.674387 0.088108 
72711425853379 0.208862 0.720044 0.658329 0.067200 
72711444611399 0.204326 0.739076 0.640078 0.048133 
72711463369420 0.201247 0.755380 0.622734 0.033202 
72711482127441 0.204695 0.767188 0.607141 0.030045 
72711500885410 0.214465 0.777729 0.589766 0.036316 
72711519643483 0.229797 0.787780 0.569723 0.044843 
72711538401504 0.256877 0.793697 0.548278 0.058742 
72711557159524 0.290249 0.794420 0.528647 0.072010 
72711575917545 0.324348 0.791314 0.511156 0.085674 
72711594675566 0.352324 0.786474 0.496411 0.104414 
72711613433587 0.371504 0.780906 0.485368 0.128796 
72711632191608 0.380853 0.775774 0.479420 0.152582 
72711650949629 0.382968 0.770114 0.480052 0.172655 
72711669707649 0.382151 0.762645 0.486830 0.187962 
72711688465670 0.387428 0.756156 0.488464 0.198821 
72711707223691 0.395215 0.751134 0.487246 0.205410 
72711725981712 0.401255 0.747227 0.485493 0.211997 
72711744739733 0.406677 0.744315 0.484369 0.214464 
72711763497754 0.411123 0.747430 0.477805 0.209833 
72711782255774 0.418420 0.757408 0.456951 0.206044 
72711801013795 0.411084 0.767114 0.450574 0.198821 
72711819771816 0.391669 0.773621 0.462447 0.185061 
72711838529837 0.369365 0.778249 0.478830 0.169177 
72711857287858 0.338584 0.782569 0.500402 0.150146 
72711876045879 0.299772 0.784304 0.527464 0.129557 
72711894803899 0.250582 0.783235 0.559459 0.103716 
72711913561920 0.204742 0.776111 0.589717 0.089250 
72711932319941 0.180530 0.764428 0.612060 0.091876 
72711951077962 0.179260 0.750912 0.628704 0.093422 
72711969835983 0.187418 0.736646 0.642300 0.098382 
72711988594004 0.190945 0.723034 0.656191 0.100868 
72712007352024 0.285950 0.675863 0.651439 0.192533 
72712026110045 0.303896 0.652340 0.658613 0.219839 
72712044868066 0.297133 0.640853 0.670038 0.228186 
72712063626087 0.293896 0.630251 0.678109 0.237860 
72712082384108 0.297035 0.617350 0.683935 0.250761 
72712101142129 0.283770 0.607908 0.698121 0.250098 
72712119900149 0.260981 0.602568 0.713246 0.245116 
72712138658170 0.253320 0.598299 0.717341 0.251572 
72712157416191 0.249224 0.595243 0.718384 0.259805 
72712176174212 0.238594 0.593456 0.722311 0.262961 
72712194932233 0.225463 0.591875 0.727610 0.263503 
72712213690201 0.222454 0.586255 0.730634 0.270172 
72712232448222 0.215299 0.583610 0.735821 0.267606 
72712251206243 0.211329 0.585176 0.736557 0.265317 
72712269964264 0.215838 0.586477 0.732990 0.268671 
72712288722285 0.229102 0.585823 0.727335 0.274421 
72712307480306 0.253009 0.586254 0.718132 0.276729 
72712326238326 0.287823 0.587474 0.703990 0.276461 
72712344996347 0.315149 0.593735 0.690958 0.265963 
72712363754368 0.338278 0.608380 0.672103 0.252427 
72712382512389 0.344453 0.628550 0.657674 0.231821 
72712401270358 0.339144 0.649285 0.648994 0.205466 
72712420028379 0.337478 0.669344 0.636097 0.182941 
72712438786399 0.343775 0.687663 0.616219 0.170919 
72712457544420 0.348279 0.707324 0.593249 0.162638 
72712476302441 0.355790 0.722713 0.570162 0.161290 
72712495060462 0.363863 0.733029 0.552102 0.159550 
72712513818483 0.370871 0.740576 0.539943 0.149880 
72712532576504 0.386859 0.743720 0.525183 0.146299 
72712551334524 0.409141 0.743351 0.508362 0.146974 
72712570092545 0.435267 0.737163 0.494900 0.149022 
72712588850566 0.460454 0.727590 0.483512 0.157514 
72712607608587 0.480560 0.717251 0.474078 0.172809 
72712626366556 0.494508 0.707757 0.466174 0.192934 
72712645124576 0.503019 0.698379 0.461811 0.214407 
72712663882597 0.503362 0.688877 0.466903 0.232544 
72712682640618 0.499210 0.679598 0.477908 0.246047 
72712701398639 0.498704 0.674544 0.481778 0.253329 
72712720156608 0.502756 0.672463 0.478240 0.257520 
72712738914681 0.506720 0.672536 0.474028 0.257348 
72712757672701 0.515132 0.672545 0.466310 0.254712 
72712776430670 0.529516 0.673324 0.452000 0.248883 
72712795188691 0.528655 0.678595 0.451662 0.236716 
72712813946712 0.512212 0.692371 0.459196 0.217717 
72712832704733 0.502074 0.698757 0.465533 0.207219 
72712851462754 0.490320 0.705071 0.472171 0.198785 
72712870220774 0.474016 0.709900 0.483412 0.194069 
72712888978795 0.448986 0.715585 0.500679 0.188863 
72712907736816 0.416479 0.723016 0.521077 0.179641 
72712926494785 0.390747 0.725268 0.539847 0.172826 
72712945252806 0.377357 0.718279 0.558432 0.172715 
72712964010826 0.367780 0.708457 0.576788 0.173613 
72712982768847 0.354990 0.702038 0.593498 0.169956 
72713001526868 0.342590 0.696715 0.607738 0.166957 
72713020284889 0.333240 0.689817 0.619971 0.169527 
72713039042858 0.323750 0.680444 0.632806 0.178151 
72713057800879 0.310930 0.671427 0.646468 0.185978 
72713076558899 0.302951 0.664305 0.655168 0.194100 
72713095316920 0.298643 0.659159 0.660197 0.201151 
72713114074941 0.289182 0.655645 0.667812 0.201322 
72713132832962 0.274694 0.651776 0.679234 0.195885 
72713151590983 0.256356 0.648029 0.692332 0.187127 
72713170348951 0.238465 0.644120 0.703707 0.181768 
72713189106972 0.222841 0.641914 0.711499 0.179047 
72713207864993 0.209034 0.641497 0.716932 0.175485 
72713226623014 0.198650 0.641301 0.721156 0.170896 
72713245381035 0.192286 0.641933 0.723737 0.164783 
72713264139004 0.186606 0.644936 0.724921 0.154030 
72713282897024 0.186953 0.647876 0.724252 0.144098 
72713301655045 0.198079 0.649948 0.720508 0.138565 
72713320413066 0.211462 0.652896 0.715812 0.128933 
72713339171087 0.223501 0.657164 0.710769 0.113974 
72713357929056 0.231793 0.665559 0.703460 0.091911 
72713376687076 0.244035 0.675704 0.691686 0.073770 
72713395445045 0.249450 0.686758 0.680788 0.051635 
72713414203118 0.247103 0.695881 0.673869 0.024303 
72713432961139 -0.240737 -0.703573 -0.668574 0.006199 
72713451719108 -0.237056 -0.709790 -0.662576 0.031553 
72713470477129 -0.235363 -0.714707 -0.656652 0.051046 
72713489235149 -0.237069 -0.718487 -0.650484 0.066670 
72713507993170 -0.241761 -0.721833 -0.643390 0.080980 
72713526751139 -0.247534 -0.724097 -0.636581 0.095787 
72713545509160 -0.253448 -0.724102 -0.631474 0.112607 
72713564267181 -0.261137 -0.722866 -0.627570 0.124211 
72713583025201 -0.271750 -0.721070 -0.624484 0.127395 
72713601783222 -0.283247 -0.718506 -0.622439 0.126842 
72713620541191 -0.292633 -0.715545 -0.622126 0.123772 
72713639299212 -0.298302 -0.712017 -0.624553 0.118242 
72713658057233 -0.301071 -0.707846 -0.629429 0.110137 
72713676815254 -0.301650 -0.704025 -0.634880 0.101412 
72713695573170 -0.301257 -0.700691 -0.639706 0.095149 
72713714331243 -0.302750 -0.697407 -0.643340 0.089882 
72713733089264 -0.308798 -0.693782 -0.645435 0.082000 
72713751847285 -0.318592 -0.688638 -0.647197 0.073574 
72713770605254 -0.331547 -0.681973 -0.648625 0.065382 
72713789363274 -0.342008 -0.676087 -0.650136 0.057089 
72713808121295 -0.346947 -0.673629 -0.650613 0.050552 
72713826879316 -0.347481 -0.674944 -0.649316 0.045781 
72713845637285 -0.346438 -0.677642 -0.647646 0.036562 
72713864395306 -0.342532 -0.681800 -0.645957 0.023666 
72713883153326 -0.336224 -0.686922 -0.644194 0.010274 
72713901911295 0.331107 0.691544 0.641972 0.002609 
72713920669316 0.327302 0.694653 0.640376 0.015812 
72713939427337 0.321509 0.696656 0.640812 0.025740 
72713958185358 0.314584 0.697533 0.643017 0.031845 
72713976943326 0.309210 0.696878 0.646147 0.035256 
72713995701347 0.307657 0.694394 0.649253 0.040435 
72714014459368 0.307718 0.691141 0.652158 0.048212 
72714033217389 0.308034 0.688588 0.653823 0.058967 
72714051975358 0.304011 0.689519 0.653718 0.069235 
72714070733326 0.302927 0.690691 0.651817 0.079471 
72714089491399 0.297279 0.693246 0.651101 0.084272 
72714108249368 0.291607 0.694205 0.652053 0.088718 
72714127007389 0.285884 0.694330 0.653932 0.092463 
72714145765410 0.279390 0.694968 0.655568 0.095872 
72714164523431 0.269516 0.696327 0.657093 0.103530 
72714183281399 0.258184 0.697486 0.658678 0.114011 
72714202039420 0.249258 0.696708 0.660613 0.126724 
72714220797441 0.243437 0.693648 0.663651 0.138415 
72714239555410 0.239685 0.690009 0.667777 0.143221 
72714258313431 0.236666 0.687212 0.671469 0.144427 
72714277071451 0.235766 0.686006 0.672468 0.146961 
72714295829420 0.235962 0.686800 0.670948 0.149856 
72714314587441 0.233247 0.688169 0.669755 0.153128 
72714333345462 0.230821 0.686236 0.671714 0.156850 
72714352103483 0.230972 0.681728 0.675473 0.160110 
72714370861451 0.232382 0.677298 0.678817 0.162711 
72714389619472 0.234799 0.672786 0.682317 0.163318 
72714408377493 0.238991 0.667445 0.686522 0.161520 
72714427135462 0.242722 0.662135 0.690964 0.158844 
72714445893483 0.241943 0.658072 0.695980 0.154974 
72714464651504 0.237497 0.656113 0.700796 0.148309 
72714483409472 0.242545 0.652070 0.702497 0.149915 
72714502167493 0.234828 0.652170 0.707808 0.136156 
72714520925514 0.240011 0.646618 0.710882 0.137574 
72714539683483 0.243604 0.640932 0.714414 0.139559 
72714558441504 0.245947 0.635707 0.718132 0.140265 
72714577199472 0.237685 0.635606 0.723108 0.128942 
72714595957493 0.231437 0.636211 0.725796 0.122033 
72714614715514 0.218704 0.640887 0.728102 0.106300 
72714633473483 0.204823 0.646958 0.728944 0.090193 
72714652231504 0.195537 0.650117 0.729539 0.082984 
72714670989524 0.186972 0.652395 0.730229 0.078663 
72714689747545 0.178262 0.653708 0.731789 0.073300 
72714708505514 0.175774 0.652903 0.733231 0.072065 
72714727263535 0.175995 0.651147 0.734726 0.072186 
72714746021504 0.175737 0.648180 0.737530 0.070914 
72714764779524 0.175218 0.645104 0.740694 0.067177 
72714783537545 0.179714 0.640715 0.743694 0.064085 
72714802295514 0.185663 0.636744 0.745907 0.060903 
72714821053535 0.190322 0.634206 0.747120 0.058069 
72714839811504 0.194678 0.631669 0.747920 0.060920 
72714858569524 0.196788 0.627367 0.750296 0.068854 
72714877327545 0.198651 0.624014 0.751646 0.078565 
72714896085514 0.196411 0.623494 0.752238 0.082560 
72714914843535 0.193966 0.623038 0.753097 0.083939 
72714933601556 0.196223 0.620332 0.754052 0.089947 
72714952359524 0.197257 0.616929 0.755525 0.098341 
72714971117545 0.194909 0.614244 0.757156 0.106904 
72714989875566 0.195051 0.609152 0.759580 0.118017 
72715008633535 0.199768 0.601092 0.761986 0.134750 
72715027391556 0.205969 0.591618 0.764245 0.153280 
72715046149524 0.209831 0.584167 0.766327 0.165722 
72715064907545 0.211351 0.579938 0.767999 0.170823 
72715083665566 0.213324 0.577167 0.768529 0.175312 
72715102423535 0.215236 0.575131 0.768248 0.180814 
72715121181556 0.216807 0.572889 0.767909 0.187375 
72715139939576 0.218493 0.569554 0.768691 0.192311 
72715158697545 0.219256 0.565464 0.771635 0.191722 
72715177455566 0.218975 0.563807 0.772956 0.191599 
72715196213535 0.219046 0.564936 0.770720 0.197123 
72715214971556 0.221075 0.564830 0.768083 0.205283 
72715233729576 0.222969 0.562164 0.768129 0.210318 
72715252487545 0.226864 0.555246 0.771410 0.212512 
72715271245566 0.235684 0.544264 0.775801 0.215319 
72715290003587 0.243595 0.533817 0.779922 0.217767 
72715308761556 0.249535 0.522705 0.784510 0.221487 
72715327519576 0.253532 0.508037 0.792750 0.221737 
72715346277597 0.260346 0.492334 0.801220 0.218800 
72715365035566 0.266005 0.477734 0.808054 0.219229 
72715383793170 0.265137 0.466236 0.813065 0.226388 
72715402551556 0.262716 0.453516 0.815321 0.246082 
72715421309576 0.253901 0.432773 0.822203 0.268745 
72715440067545 0.247985 0.399491 0.830472 0.298707 
72715458825566 0.234841 0.354024 0.841927 0.332678 
72715477583587 0.217453 0.296321 0.856041 0.363458 
72715496341556 0.196944 0.236275 0.869480 0.386512 
72715515099576 0.180032 0.192259 0.876222 0.403560 
72715533857597 0.172377 0.172125 0.876041 0.416187 
72715552615566 0.170461 0.161177 0.867419 0.438805 
72715571373587 0.154542 0.144429 0.863325 0.458179 
72715590131556 0.125450 0.119990 0.860793 0.478436 
72715608889576 0.119103 0.101705 0.851073 0.501144 
72715627647597 0.136252 0.105698 0.841117 0.512627 
72715646405566 0.149275 0.111436 0.831771 0.522930 
72715665163587 0.160653 0.106533 0.824326 0.532286 
72715683921556 0.174333 0.104207 0.818025 0.538131 
72715702679576 0.181321 0.110605 0.814167 0.540390 
72715721437597 0.181806 0.116291 0.809598 0.545870 
72715740195566 0.176466 0.121444 0.805001 0.553249 
72715758953587 0.173360 0.129036 0.801730 0.557248 
72715777711556 0.177040 0.136083 0.799318 0.557879 
72715796469576 0.186156 0.139459 0.797556 0.556598 
72715815227597 0.192957 0.143385 0.795691 0.555953 
72715833985566 0.194981 0.150408 0.794332 0.555335 
72715852743587 0.188996 0.162771 0.795033 0.552909 
72715871501556 0.174122 0.183207 0.797010 0.548537 
72715890259576 0.162328 0.202394 0.796168 0.546629 
72715909017545 0.158431 0.212168 0.793602 0.547796 
72715927775149 0.159543 0.213567 0.790968 0.550731 
72715967633639 0.188051 0.196633 0.780712 0.562548 
72715986391660 0.197218 0.191434 0.776292 0.567300 
72716005149681 0.202611 0.193294 0.774037 0.567850 
72716023907701 0.204379 0.202397 0.775221 0.562404 
72716042665618 0.199395 0.205924 0.777613 0.559602 
72716061423639 0.184917 0.198099 0.781158 0.562455 
72716080181660 0.165438 0.186267 0.787663 0.563490 
72716098939681 0.145648 0.174808 0.797757 0.558402 
72716117697701 0.130623 0.170247 0.804046 0.554494 
72716136455618 0.112850 0.179210 0.808109 0.549644 
72716155213639 0.088883 0.198438 0.811248 0.542770 
72716173971660 0.067874 0.212644 0.814267 0.535860 
72716192729681 0.058023 0.209009 0.814787 0.537653 
72716211487597 0.054445 0.203288 0.810659 0.546391 
72716230245618 0.053037 0.202083 0.801961 0.559651 
72716249003639 0.051612 0.203611 0.791300 0.574215 
72716267761660 0.050948 0.204228 0.781586 0.587213 
72716286519576 0.057491 0.197852 0.771767 0.601602 
72716305277597 0.072893 0.184867 0.764195 0.613609 
72716324035618 0.095498 0.171659 0.757551 0.622519 
72716342793639 0.113310 0.171885 0.754207 0.623529 
72716361551660 0.119382 0.187930 0.756431 0.615014 
72716380309576 0.122020 0.208395 0.757511 0.606515 
72716399067597 0.128610 0.225889 0.756113 0.600605 
72716417825618 0.140384 0.237828 0.753888 0.596140 
72716436583535 0.155406 0.244384 0.752550 0.591434 
72716455341660 0.171846 0.247056 0.751281 0.587374 
72716474099576 0.181757 0.253496 0.747689 0.586229 
72716492857597 0.183167 0.262526 0.742278 0.588687 
72716511615618 0.184913 0.267827 0.736323 0.593215 
72716530373639 0.190261 0.271335 0.736962 0.589122 
72716549131556 0.198839 0.271404 0.736855 0.586385 
72716567889576 0.202326 0.270081 0.738101 0.584232 
72716586647597 0.205647 0.264566 0.739627 0.583666 
72716605405618 0.209605 0.256795 0.739609 0.585748 
72716624163639 0.212479 0.249898 0.739424 0.587925 
72716642921556 0.216149 0.244653 0.738821 0.589550 
72716661679576 0.221010 0.240684 0.736689 0.592043 
72716680437597 0.229188 0.232460 0.730638 0.599670 
72716699195618 0.234326 0.224235 0.724175 0.608589 
72716717953535 0.235927 0.219009 0.721258 0.613319 
72716736711556 0.233534 0.216936 0.722741 0.613227 
72716755469576 0.236297 0.210833 0.698329 0.641911 
72716774227597 0.233916 0.217948 0.689411 0.649996 
72716792985618 0.231733 0.239645 0.692728 0.639529 
72716811743535 0.235559 0.254959 0.679371 0.646501 
72716830501556 0.228790 0.267476 0.688146 0.634481 
72716849259576 0.226801 0.270655 0.686434 0.635701 
72716868017597 0.222426 0.273905 0.693304 0.628357 
72716886775514 0.215315 0.277024 0.703366 0.618202 
72716905533535 0.206456 0.276981 0.715321 0.607432 
72716924291556 0.204913 0.272071 0.721178 0.603233 
72716943049576 0.204503 0.269177 0.727057 0.597587 
72716961807597 0.208489 0.264506 0.728772 0.596205 
72716980565514 0.217354 0.257209 0.725192 0.600581 
72716999323535 0.225079 0.253237 0.726421 0.597932 
72717018081556 0.228282 0.254285 0.729687 0.592270 
72717036839576 0.227744 0.257805 0.732065 0.588005 
72717055597597 0.226780 0.259351 0.730577 0.589546 
72717074355514 0.223304 0.259549 0.729685 0.591887 
72717093113535 0.219326 0.258612 0.729423 0.594103 
72717111871556 0.217441 0.257565 0.729357 0.595331 
72717130629576 0.217958 0.258048 0.729452 0.594815 
72717149387597 0.221040 0.259272 0.728546 0.594256 
72717168145618 0.227434 0.259166 0.725733 0.595330 
72717186903535 0.234443 0.257674 0.722764 0.596869 
72717205661556 0.241173 0.256808 0.719916 0.598002 
72717224419576 0.249186 0.257890 0.716889 0.597888 
72717243177597 0.258288 0.262181 0.713319 0.596426 
72717261935618 0.265942 0.269407 0.709662 0.594201 
72717280693535 0.270840 0.276876 0.706290 0.592570 
72717299451556 0.272932 0.282927 0.703843 0.591664 
72717318209576 0.273670 0.287182 0.702189 0.591238 
72717336967597 0.272880 0.290101 0.701842 0.590589 
72717355725618 0.270834 0.292409 0.701854 0.590378 
72717374483639 0.267311 0.295967 0.701992 0.590047 
72717393241660 0.262496 0.301763 0.702184 0.589044 
72717411999576 0.258509 0.308344 0.702029 0.587582 
72717430757597 0.256060 0.314242 0.701505 0.586154 
72717449515618 0.253638 0.319172 0.700990 0.585159 
72717468273639 0.250605 0.322828 0.700615 0.584909 
72717487031660 0.247357 0.326192 0.700756 0.584255 
72717505789681 0.245056 0.330398 0.700769 0.582844 
72717524547701 0.243639 0.335061 0.700338 0.581292 
72717543305618 0.242825 0.336744 0.699473 0.581702 
72717562063639 0.241458 0.334628 0.699551 0.583395 
72717580821660 0.241802 0.330809 0.699871 0.585045 
72717599579681 0.243904 0.329014 0.700167 0.584831 
72717618337701 0.246363 0.331024 0.699983 0.582883 
72717637095722 0.246601 0.335891 0.701789 0.577804 
72717655853743 0.246333 0.339150 0.701017 0.576951 
72717674611764 0.245830 0.338650 0.699165 0.579700 
72717693369681 0.246477 0.333791 0.697516 0.584213 
72717712127701 0.247956 0.326188 0.696719 0.588814 
72717730885722 0.247366 0.320262 0.699737 0.588736 
72717749643743 0.247896 0.316643 0.699704 0.590507 
72717768401764 0.249468 0.316012 0.696788 0.593623 
72717787159785 0.250747 0.316834 0.694302 0.595555 
72717805917806 0.251079 0.317472 0.695617 0.593538 
72717824675826 0.252481 0.315355 0.695856 0.593792 
72717843433847 0.253259 0.311783 0.696714 0.594341 
72717862191868 0.251146 0.310183 0.700638 0.591455 
72717880949889 0.248570 0.310768 0.702877 0.589577 
72717899707910 0.245722 0.312437 0.704298 0.588190 
72717918465931 0.243018 0.313698 0.704193 0.588768 
72717937223951 0.243235 0.312879 0.703199 0.590301 
72717955981972 0.245066 0.310953 0.702543 0.591341 
72717974739889 0.246923 0.308794 0.701349 0.593115 
72717993497910 0.246336 0.309289 0.701872 0.592481 
72718012255931 0.244784 0.311632 0.702313 0.591373 
72718031013951 0.243719 0.313495 0.701449 0.591855 
72718049771972 0.243238 0.314132 0.702066 0.590982 
72718068529993 0.244707 0.313588 0.701141 0.591762 
72718087288014 0.244905 0.315985 0.701414 0.590079 
72718106046035 0.243907 0.320676 0.701384 0.587994 
72718124804056 0.242702 0.324572 0.701278 0.586480 
72718143562076 0.242178 0.325746 0.701216 0.586119 
72718162320097 0.242269 0.324919 0.701174 0.586590 
72718181078118 0.242204 0.324588 0.701173 0.586802 
72718199836139 0.241758 0.325584 0.700887 0.586776 
72718218594160 0.242312 0.326773 0.700006 0.586939 
72718237352181 0.242867 0.329806 0.698955 0.586263 
72718256110201 0.241617 0.334935 0.697913 0.585113 
72718274868222 0.239783 0.338077 0.696416 0.585844 
72718293626243 0.236955 0.338107 0.695683 0.587845 
72718312384368 0.234597 0.335582 0.695545 0.590395 
72718331142389 0.233319 0.331576 0.695929 0.592708 
72718349900410 0.232674 0.327699 0.696591 0.594338 
72718368658431 0.233267 0.324717 0.696877 0.595406 
72718387416451 0.234783 0.322916 0.696627 0.596081 
72718406174472 0.236049 0.322181 0.696112 0.596581 
72718424932493 0.236671 0.321823 0.695614 0.597108 
72718443690514 0.236807 0.321059 0.695288 0.597844 
72718462448535 0.236590 0.319597 0.695445 0.598531 
72718481206556 0.236057 0.317592 0.696084 0.599066 
72718499964576 0.235376 0.315442 0.696936 0.599479 
72718518722597 0.234835 0.313695 0.697587 0.599850 
72718537480618 0.234715 0.312850 0.697835 0.600051 
72718556238743 0.235221 0.313095 0.697612 0.599983 
72718574996660 0.236438 0.314257 0.696823 0.599815 
72718593754785 0.238210 0.315688 0.695560 0.599828 
72718612512806 0.240248 0.316538 0.694073 0.600289 
72718631270826 0.242636 0.316008 0.692656 0.601244 
72718650028847 0.244663 0.314515 0.691566 0.602459 
72718668786868 0.245828 0.312772 0.690944 0.603604 
72718687544889 0.246582 0.311546 0.690467 0.604476 
72718706303014 0.247575 0.311413 0.689748 0.604959 
72718725061035 0.248956 0.312049 0.688769 0.605180 
72718743819056 0.250374 0.312587 0.687910 0.605295 
72718762577076 0.251770 0.312445 0.687411 0.605356 
72718781335097 0.253479 0.312145 0.685978 0.606422 
72718800093118 0.255263 0.311556 0.684725 0.607393 
72718818851243 0.256873 0.310661 0.683487 0.608565 
72718837609264 0.258231 0.309310 0.682270 0.610042 
72718856367285 0.259349 0.307732 0.681752 0.610944 
72718875125306 0.260520 0.306353 0.681906 0.610967 
72718893883326 0.260865 0.305912 0.682797 0.610045 
72718912641451 0.260751 0.306011 0.683211 0.609581 
72718931399472 0.260490 0.306083 0.682952 0.609946 
72718950157493 0.260401 0.305784 0.682172 0.611006 
72718968915514 0.260418 0.305211 0.681225 0.612341 
72718987673639 0.260052 0.304864 0.680321 0.613673 
72719006431660 0.259090 0.304722 0.679578 0.614972 
72719025189681 0.258258 0.304217 0.678878 0.616343 
72719043947701 0.257990 0.303346 0.678234 0.617593 
72719062705826 0.257526 0.302824 0.678055 0.618239 
72719081463847 0.256611 0.302779 0.678091 0.618602 
72719100221868 0.255246 0.302991 0.678135 0.619015 
72719118979889 0.252924 0.303564 0.678626 0.619149 
72719137738014 0.250647 0.303902 0.678949 0.619554 
72719156496035 0.248631 0.304251 0.679058 0.620076 
72719175254056 0.246704 0.304657 0.678908 0.620810 
72719194012181 0.245087 0.304602 0.678526 0.621894 
72719212770201 0.243571 0.304422 0.678850 0.622225 
72719231528222 0.242026 0.304910 0.680096 0.621227 
72719250286347 0.240720 0.306059 0.681215 0.619942 
72719269044368 0.239406 0.307524 0.681629 0.619270 
72719287802389 0.237968 0.308715 0.681718 0.619135 
72719306560514 0.236485 0.309344 0.681698 0.619410 
72719325318535 0.234040 0.310352 0.683857 0.617451 
72719344076556 0.232971 0.310461 0.684229 0.617388 
72719362834681 0.232604 0.310484 0.684869 0.616807 
72719381592701 0.233793 0.309248 0.684205 0.617714 
72719400350722 0.236066 0.307493 0.682490 0.619619 
72719419108847 0.238067 0.303959 0.680615 0.622653 
72719437866868 0.236650 0.300142 0.680723 0.624922 
72719456624993 0.233332 0.296247 0.682181 0.626437 
