# Created at Thu Mar 27 10:02:03 GMT+01:00 2025 in Burnaby Canada 
4445435724962 1.000000 
4446015652962 2.000000 
4446495594962 3.000000 
4447075522962 4.000000 
4447615463962 5.000000 
4448175393962 6.000000 
4448675339962 7.000000 
4449235271962 8.000000 
4449735211962 9.000000 
4450295141962 10.000000 
4450775089962 11.000000 
4451355016962 12.000000 
4451834959962 13.000000 
4452374892962 14.000000 
4452874840962 15.000000 
4453494762962 16.000000 
4453954714962 17.000000 
4454494645962 18.000000 
4454974588962 19.000000 
4455534517962 20.000000 
4456014468962 21.000000 
4456594395962 22.000000 
4457034342962 23.000000 
4457574275962 24.000000 
4458034222962 25.000000 
4458614153962 26.000000 
4459054098962 27.000000 
4459634029962 28.000000 
4460053976962 29.000000 
4460593919962 30.000000 
4461033863962 31.000000 
4461533809962 32.000000 
4461993752962 33.000000 
4462513691962 34.000000 
4462973632962 35.000000 
4463473580962 36.000000 
4463953521962 37.000000 
4464433460962 38.000000 
4464913408962 39.000000 
4465393348962 40.000000 
4465893288962 41.000000 
4466373229962 42.000000 
4466853178962 43.000000 
4467313121962 44.000000 
4467813062962 45.000000 
4468352993962 46.000000 
4468812943962 47.000000 
4469292886962 48.000000 
4469752827962 49.000000 
4470252773962 50.000000 
4470752711962 51.000000 
4471272649962 52.000000 
4471732592962 53.000000 
4472252535962 54.000000 
4472712478962 55.000000 
4473252413962 56.000000 
4473732354962 57.000000 
4474252297962 58.000000 
4474732238962 59.000000 
4475272173962 60.000000 
4475772110962 61.000000 
4476292049962 62.000000 
4476791993962 63.000000 
4477351922962 64.000000 
4477871867962 65.000000 
4478371804962 66.000000 
4478851746962 67.000000 
4479371682962 68.000000 
4479871628962 69.000000 
4480431558962 70.000000 
4480911500962 71.000000 
4481431435962 72.000000 
4481931383962 73.000000 
4482431320962 74.000000 
4482971261962 75.000000 
4483491196962 76.000000 
4484031133962 77.000000 
4484531070962 78.000000 
4485011020962 79.000000 
4485510957962 80.000000 
4485990900962 81.000000 
4486470845962 82.000000 
4486870796962 83.000000 
4487330740962 84.000000 
4487770685962 85.000000 
4488250636962 86.000000 
4488690579962 87.000000 
4489150522962 88.000000 
4489610468962 89.000000 
4490070410962 90.000000 
4490590355962 91.000000 
4491110291962 92.000000 
4491610237962 93.000000 
4492090176962 94.000000 
4492530125962 95.000000 
4492990066962 96.000000 
4493490004962 97.000000 
4493929957962 98.000000 
4494389901962 99.000000 
4494889841962 100.000000 
4495369780962 101.000000 
4495869728962 102.000000 
4496369665962 103.000000 
4496889610962 104.000000 
4497368893830 105.000000 
4497908828830 106.000000 
4498348773830 107.000000 
4498788718830 108.000000 
4499208674830 109.000000 
4499628621830 110.000000 
4500028576830 111.000000 
4500508515830 112.000000 
4500888468830 113.000000 
4501368417830 114.000000 
4501748370830 115.000000 
4502208321830 116.000000 
4502608272830 117.000000 
4503008221830 118.000000 
4503428171830 119.000000 
4503928108830 120.000000 
4504348065830 121.000000 
4504848002830 122.000000 
4505347941830 123.000000 
4505767890830 124.000000 
4506267827830 125.000000 
4506747778830 126.000000 
4507207719830 127.000000 
4507667672830 128.000000 
4508587558830 129.000000 
4509107495830 130.000000 
4509527442830 131.000000 
4510047386830 132.000000 
4510487329830 133.000000 
4510927278830 134.000000 
4511367223830 135.000000 
4511827174830 136.000000 
4512307116830 137.000000 
4512767057830 138.000000 
4513287001830 139.000000 
4513766943830 140.000000 
4514266883830 141.000000 
