# Created at Fri Mar 14 12:01:05 GMT+01:00 2025 in Burnaby Canada 
157496860025969 986.468506 
157496960014202 986.462646 
157497060002435 986.464111 
157497159990635 986.466064 
157497259978835 986.462402 
157497359966835 986.458984 
157497459954701 986.463623 
157497559942601 986.464355 
157497659930801 986.468994 
157497759918967 986.467041 
157497859907133 986.468994 
157497959895299 986.477051 
157498059883499 986.472656 
157498159871665 986.480957 
157498259859831 986.483643 
157498359847997 986.480225 
157498459835963 986.469727 
157498559823829 986.463379 
157498659811762 986.460449 
157498759799762 986.454590 
157498859787762 986.450439 
157498959775728 986.449219 
157499059763694 986.455566 
157499159751727 986.454834 
157499259739727 986.449951 
157499359727693 986.453369 
157499459715659 986.451416 
157499559703525 986.450684 
157499659691391 986.450928 
157499759679524 986.445313 
157499859667757 986.447021 
157499959655957 986.439697 
157500059644157 986.439209 
157500159632390 986.446289 
157500259620623 986.449707 
157500359608823 986.440186 
157500459597023 986.440430 
157500559585223 986.440918 
157500659573123 986.441895 
157500759561023 986.440674 
157500859549256 986.444580 
157500959537489 986.449219 
157501059525689 986.449707 
157501159513889 986.450195 
157501259502089 986.451172 
157501359490322 986.460449 
157501459478522 986.470215 
157501559466722 986.469971 
157501659454888 986.478271 
157501759442988 986.479736 
157501859431088 986.490479 
157501959419321 986.495361 
157502059407554 986.493652 
157502159395720 986.498779 
157502259383920 986.493652 
157502359372153 986.504883 
157502459360386 986.503418 
157502559348586 986.503418 
157502659336786 986.503418 
157502759324752 986.492432 
157502859312618 986.496338 
157502959300684 986.507568 
157503059288917 986.508301 
157503159277117 986.516846 
157503259265317 986.510010 
157503359253550 986.504883 
157503459241783 986.504883 
157503559229983 986.511475 
157503659218183 986.508545 
157503759206383 986.505615 
157503859194283 986.506348 
157503959182183 986.506836 
157504059170283 986.505371 
157504159158516 986.504395 
157504259146749 986.506836 
157504359134949 986.502197 
157504459123149 986.497803 
157504559111382 986.497070 
157504659099582 986.499023 
157504759087782 986.490723 
157504859075982 986.492920 
157504959064082 986.500488 
157505059052182 986.501709 
157505159040415 986.501709 
157505259028648 986.504883 
157505359016848 986.502441 
157505459005048 986.501221 
157505558993281 986.490234 
157505658981514 986.494873 
157505758969714 986.493408 
157505858957914 986.498779 
157505958945947 986.500732 
157506058933813 986.504395 
157506158921713 986.502197 
157506258909913 986.507813 
157506358898079 986.504395 
157506458886245 986.508301 
157506558874411 986.511963 
157506658862611 986.515625 
157506758850811 986.514404 
157506858838977 986.510010 
157506958827143 986.514160 
157507058815143 986.516113 
157507158803009 986.516113 
157507258790909 986.518799 
157507358778909 986.519531 
157507458766909 986.521484 
157507558754875 986.519775 
157507658742875 986.508545 
157507758730875 986.507568 
157507858718875 986.505615 
157507958706841 986.506592 
157508058694807 986.508545 
157508158682673 986.513428 
157508258670539 986.516846 
157508358658672 986.504395 
157508458646905 986.510498 
157508558635105 986.511963 
157508658623305 986.513916 
157508758611538 986.512939 
157508858599771 986.512207 
157508958587971 986.507568 
157509058576171 986.507080 
157509158564371 986.505615 
157509258552271 986.496826 
157509358540171 986.498779 
157509458528337 986.505371 
157509558516570 986.499756 
157509658504770 986.494141 
157509758492970 986.496826 
157509858481203 986.504395 
157509958469436 986.500732 
157510058457636 986.501953 
157510158445836 986.504150 
157510258434036 986.500977 
157510358422136 986.510010 
157510458410236 986.509033 
157510558398469 986.508301 
157510658386669 986.509033 
157510758374869 986.512451 
157510858363069 986.512695 
157510958351302 986.511963 
157511058339535 986.506836 
157511158327735 986.509766 
157511258315935 986.514648 
157511358303901 986.511719 
157511458291767 986.512695 
157511558279767 986.503662 
157511658267967 986.507080 
157511758256133 986.503906 
157511858244299 986.507568 
157511958232465 986.508301 
157512058220665 986.509521 
157512158208831 986.513672 
157512258196997 986.506348 
157512358185163 986.508545 
157512458173096 986.503662 
157512558160962 986.502441 
157512658148962 986.502930 
157512758136962 986.503662 
157512858124928 986.500244 
157512958112894 986.495605 
157513058100894 986.496582 
157513158088894 986.500000 
157513258076860 986.497559 
157513358064826 986.501953 
157513458052826 986.503906 
157513558040692 986.497070 
157513658028558 986.500488 
157513758016758 986.499268 
157513858004958 986.491455 
157513957993124 986.497070 
157514057981290 986.497070 
157514157969456 986.502930 
157514257957656 986.501709 
157514357945822 986.501709 
157514457933988 986.499268 
157514557922021 986.500000 
157514657909887 986.488037 
157514757897753 986.490234 
157514857885753 986.494629 
157514957873753 986.499268 
157515057861719 986.500488 
157515157849685 986.505615 
157515257837685 986.507813 
157515357825685 986.501221 
157515457813651 986.497803 
157515557801617 986.498047 
157515657789483 986.504639 
157515757777349 986.505859 
157515857765449 986.502686 
157515957753682 986.510010 
157516057741882 986.502441 
157516157730082 986.498779 
157516257718315 986.499023 
157516357706548 986.501221 
157516457694748 986.505371 
157516557682948 986.509766 
157516657671181 986.518311 
157516757659081 986.511963 
157516857646981 986.512695 
157516957635114 986.512939 
157517057623347 986.500977 
157517157611580 986.498535 
157517257599780 986.508545 
157517357587980 986.513184 
157517457576213 986.508789 
157517557564446 986.507813 
157517657552646 986.510986 
157517757540846 986.516113 
157517857529046 986.512451 
157517957517146 986.517578 
157518057505379 986.511475 
157518157493612 986.495850 
157518257481812 986.497803 
157518357470078 986.503906 
157518457458311 986.510498 
157518557446544 986.506592 
157518657434744 986.503418 
157518757422944 986.505859 
157518857411010 986.498779 
157518957398876 986.499512 
157519057386776 986.504639 
157519157374976 986.506348 
157519257363142 986.500244 
157519357351375 986.500732 
157519457339541 986.499268 
157519557327741 986.493896 
157519657315907 986.494141 
157519757304073 986.503174 
157519857292306 986.498779 
157519957280272 986.501709 
157520057268138 986.506836 
157520157256071 986.512695 
157520257244071 986.512451 
157520357232137 986.507080 
157520457220103 986.511719 
157520557208069 986.508545 
157520657196069 986.515381 
157520757184069 986.522705 
157520857172002 986.518311 
157520957159968 986.520752 
157521057147834 986.516602 
157521157135700 986.515625 
157521257123833 986.510254 
157521357112066 986.506592 
157521457100266 986.505859 
157521557088466 986.508057 
157521657076699 986.510254 
157521757064932 986.505371 
157521857053132 986.507080 
157521957041332 986.516357 
157522057029532 986.512451 
157522157017432 986.509033 
157522257005332 986.512207 
157522356993498 986.503906 
157522456981731 986.496826 
157522556969931 986.506348 
157522656958131 986.514648 
157522756946331 986.525879 
157522856934564 986.530029 
157522956922764 986.535400 
157523056910964 986.534912 
157523156899130 986.531006 
157523256887230 986.525879 
157523356875330 986.521973 
157523456863563 986.520264 
157523556851796 986.525635 
157523656839996 986.521973 
157523756828229 986.524170 
157523856816462 986.528564 
157523956804695 986.522217 
157524056792895 986.518555 
157524156781095 986.519043 
157524256769061 986.520020 
157524356756927 986.524658 
157524456744993 986.516846 
157524556733226 986.510498 
157524656721426 986.513916 
157524756709626 986.520752 
157524856697859 986.517090 
157524956686092 986.524170 
157525056674292 986.530273 
157525156662492 986.527588 
157525256650725 986.520996 
157525356638691 986.523193 
157525456626591 986.515381 
157525556614691 986.510498 
157525656602924 986.513672 
157525756591157 986.512695 
157525856579357 986.516602 
157525956567557 986.518555 
157526056555790 986.518555 
157526156543990 986.529297 
157526256532190 986.527344 
157526356520390 986.514893 
157526456508490 986.505615 
157526556496590 986.495605 
157526656484823 986.503906 
157526756473023 986.507080 
157526856461223 986.508301 
157526956449423 986.512939 
157527056437656 986.515869 
157527156425889 986.523193 
157527256414089 986.522949 
157527356402289 986.522217 
157527456390322 986.510742 
157527556378188 986.515137 
157527656366088 986.522705 
157527756354288 986.528076 
157527856342454 986.525635 
157527956330620 986.532959 
157528056318786 986.533203 
157528156306986 986.540527 
157528256295152 986.534668 
157528356283318 986.535156 
157528456271484 986.531738 
157528556259484 986.525635 
157528656247350 986.527588 
157528756235250 986.516846 
157528856223250 986.516602 
157528956211250 986.514893 
157529056199216 986.517090 
157529156187182 986.514160 
157529256175182 986.512451 
157529356163182 986.515381 
157529456151148 986.505615 
157529556139114 986.508301 
157529656126980 986.504639 
157529756114846 986.509521 
157529856102946 986.507813 
157529956091146 986.500732 
157530056079312 986.502441 
157530156067478 986.504150 
157530256055644 986.506104 
157530356043844 986.506836 
157530456032010 986.505371 
157530556020176 986.512695 
157530656008309 986.521240 
157530755996175 986.518311 
157530855984041 986.522705 
157530955972041 986.520752 
157531055960041 986.522217 
157531155948007 986.526367 
157531255935973 986.524658 
157531355923973 986.524902 
157531455911973 986.528076 
157531555899939 986.514160 
157531655887905 986.522705 
157531755875871 986.519287 
157531855863737 986.520264 
157531955851737 986.521484 
157532055839970 986.514648 
157532155828203 986.508545 
157532255816403 986.510742 
157532355804603 986.517578 
157532455792836 986.517578 
157532555781069 986.513916 
157532655769269 986.508545 
157532755757469 986.504883 
157532855745469 986.511719 
157532955733369 986.504639 
157533055721402 986.503906 
157533155709635 986.507813 
157533255697868 986.514893 
157533355686068 986.513428 
157533455674268 986.503662 
157533555662501 986.507568 
157533655650734 986.510986 
157533755638934 986.512451 
157533855627134 986.516357 
157533955615234 986.518799 
157534055603334 986.511475 
157534155591567 986.507080 
157534255579800 986.516602 
157534355568000 986.520264 
157534455556200 986.515137 
157534555544433 986.516113 
157534655532666 986.520752 
157534755520866 986.517822 
157534855509066 986.520752 
157534955497166 986.513916 
157535055485032 986.511475 
157535155472898 986.506836 
157535255461098 986.514404 
157535355449298 986.518311 
157535455437464 986.525391 
157535555425630 986.523438 
157535655413830 986.526611 
157535755402030 986.526367 
157535855390196 986.525391 
157535955378362 986.522949 
157536055366395 986.519775 
157536155354261 986.524170 
157536255342127 986.525146 
157536355330127 986.529053 
157536455318127 986.521484 
157536555306093 986.515625 
157536655294059 986.523193 
157536755282059 986.518311 
157536855270059 986.510010 
157536955258025 986.502686 
157537055245991 986.506836 
157537155233857 986.513672 
157537255221723 986.510010 
157537355209789 986.510986 
157537455198022 986.514160 
157537555186222 986.517334 
157537655174422 986.511963 
157537755162622 986.513916 
157537855150855 986.516846 
157537955139055 986.518555 
157538055127255 986.520752 
157538155115488 986.519775 
157538255103388 986.518799 
157538355091288 986.517090 
157538455079421 986.521729 
157538555067654 986.527344 
157538655055854 986.524414 
157538755044054 986.521240 
157538855032254 986.520020 
157538955020487 986.522217 
157539055008720 986.515381 
157539154996920 986.515381 
157539254985120 986.515381 
157539354973220 986.513428 
157539454961320 986.516602 
157539554949553 986.522705 
157539654937786 986.521484 
157539754925986 986.523193 
157539854914186 986.528809 
157539954902419 986.524658 
157540054890652 986.520020 
157540154878852 986.524902 
157540254867052 986.527100 
157540354855085 986.519287 
157540454842951 986.511719 
157540554830851 986.515625 
157540654819051 986.514893 
157540754807251 986.511719 
157540854795417 986.520752 
157540954783583 986.518799 
157541054771783 986.513184 
157541154759949 986.520508 
157541254748115 986.520508 
157541354736281 986.515869 
157541454724247 986.507813 
157541554712113 986.511719 
157541654700046 986.518311 
157541754688046 986.523193 
157541854676046 986.522705 
157541954664012 986.524658 
157542054651978 986.526611 
157542154639978 986.523193 
157542254627978 986.521973 
157542354615944 986.523438 
157542454603910 986.510254 
157542554591776 986.516602 
157542654579642 986.522705 
157542754567775 986.524902 
157542854556008 986.514893 
157542954544208 986.512207 
157543054532408 986.513428 
157543154520641 986.512695 
157543254508874 986.514404 
157543354497074 986.516357 
157543454485274 986.513916 
157543554473474 986.515625 
157543654461374 986.519287 
157543754449274 986.514648 
157543854437440 986.517578 
157543954425673 986.515869 
157544054413873 986.523438 
157544154402139 986.515625 
157544254390372 986.518066 
157544354378605 986.523193 
157544454366805 986.520996 
157544554355005 986.519775 
157544654343205 986.527100 
157544754331305 986.526123 
157544854319405 986.524658 
157544954307638 986.517578 
157545054295871 986.515381 
157545154284137 986.520508 
157545254272337 986.519287 
157545354260570 986.521484 
157545454248803 986.510010 
157545554237003 986.510742 
157545654225269 986.512451 
157545754213235 986.516602 
157545854201101 986.511475 
157545954189167 986.514893 
157546054177367 986.518066 
157546154165600 986.517578 
157546254153766 986.521973 
157546354141932 986.515869 
157546454130132 986.517334 
157546554118298 986.520020 
157546654106531 986.519531 
157546754094697 986.519043 
157546854082630 986.519775 
157546954070496 986.513672 
157547054058496 986.513916 
157547154046496 986.513184 
157547254034462 986.519287 
157547354022428 986.521484 
157547454010428 986.525391 
157547553998428 986.527100 
157547653986428 986.519531 
157547753974394 986.508789 
157547853962394 986.508301 
157547953950260 986.509521 
157548053938126 986.514648 
157548153926292 986.518799 
157548253914525 986.510742 
157548353902725 986.510010 
157548453890925 986.505127 
157548553879158 986.498779 
157548653867391 986.503906 
157548753855591 986.505859 
157548853843791 986.516357 
157548953831824 986.513184 
157549053819724 986.518799 
157549153807624 986.519531 
157549253795857 986.520996 
157549353784090 986.525879 
157549453772290 986.525391 
157549553760490 986.526123 
157549653748723 986.525391 
157549753736956 986.525635 
157549853725156 986.526611 
157549953713356 986.521729 
157550053701456 986.522949 
157550153689556 986.526123 
157550253677689 986.519775 
157550353665922 986.514160 
157550453654122 986.512451 
157550553642322 986.516357 
157550653630522 986.520752 
157550753618755 986.520264 
157550853606955 986.523926 
157550953595155 986.515625 
157551053583355 986.510986 
157551153571288 986.516357 
157551253559154 986.519531 
157551353547254 986.512939 
157551453535487 986.513428 
157551553523687 986.511963 
157551653511887 986.521973 
157551753500120 986.530518 
157551853488353 986.530762 
157551953476553 986.518555 
157552053464753 986.514893 
157552153452986 986.513916 
157552253440886 986.514893 
157552353428786 986.514893 
157552453416952 986.517090 
157552553405185 986.515625 
157552653393385 986.511719 
157552753381585 986.511719 
157552853369818 986.517822 
157552953358051 986.517090 
157553053346251 986.519775 
157553153334451 986.519531 
157553253322651 986.521729 
157553353310751 986.514404 
157553453298851 986.514893 
157553553287084 986.512451 
157553653275317 986.517822 
157553753263517 986.509766 
157553853251717 986.520264 
157553953239950 986.511963 
157554053228183 986.516602 
157554153216383 986.516357 
157554253204583 986.525391 
157554353192583 986.519775 
157554453180449 986.516357 
157554553168449 986.507324 
157554653156649 986.506836 
157554753144815 986.517822 
157554853132981 986.518555 
157554953121147 986.511963 
157555053109347 986.514404 
157555153097513 986.517578 
157555253085679 986.512695 
157555353073845 986.514160 
157555453061778 986.518799 
157555553049644 986.531250 
157555653037577 986.528320 
157555753025577 986.531982 
157555853013543 986.523682 
157555953001509 986.523682 
157556052989509 986.515625 
157556152977509 986.511475 
157556252965475 986.509766 
157556352953441 986.514160 
157556452941441 986.512207 
157556552929307 986.521729 
157556652917173 986.514648 
157556752905373 986.523438 
157556852893573 986.520508 
157556952881739 986.527588 
157557052869905 986.524170 
157557152858071 986.515381 
157557252846271 986.519531 
157557352834437 986.510010 
157557452822603 986.516357 
157557552810636 986.517822 
157557652798502 986.514160 
157557752786368 986.513916 
157557852774368 986.514160 
157557952762368 986.511963 
157558052750334 986.504150 
157558152738300 986.507324 
157558252726300 986.504150 
157558352714300 986.506348 
157558452702266 986.505615 
157558552690232 986.513428 
157558652678165 986.515381 
157558752666031 986.516357 
157558852654097 986.528320 
157558952642330 986.526611 
157559052630530 986.515869 
157559152618730 986.520020 
157559252606963 986.522217 
157559352595196 986.509277 
157559452583396 986.516113 
157559552571596 986.512939 
157559652559796 986.508789 
157559752547696 986.516602 
157559852535596 986.529541 
157559952523729 986.523193 
157560052511962 986.524658 
157560152500195 986.523438 
157560252488395 986.522705 
157560352476595 986.515137 
157560452464828 986.517822 
157560552453061 986.510986 
157560652441261 986.519531 
157560752429461 986.519287 
157560852417561 986.516602 
157560952405661 986.520508 
157561052393894 986.520996 
157561152382127 986.521729 
157561252370327 986.521484 
157561352358527 986.515625 
157561452346760 986.514160 
157561552334993 986.515869 
157561652323193 986.525391 
157561752311393 986.527588 
157561852299426 986.530029 
157561952287292 986.541016 
157562052275192 986.536621 
157562152263392 986.532227 
157562252251558 986.523682 
157562352239724 986.527344 
157562452227890 986.519775 
157562552216090 986.525391 
157562652204290 986.530518 
157562752192456 986.529053 
157562852180622 986.533936 
157562952168588 986.533447 
157563052156454 986.526123 
157563152144354 986.528320 
157563252132354 986.525391 
157563352120354 986.520508 
157563452108320 986.523682 
157563552096286 986.527832 
157563652084286 986.527344 
157563752072286 986.520752 
157563852060252 986.526611 
157563952048218 986.529541 
157564052036084 986.526123 
157564152023950 986.529297 
157564252012083 986.532471 
157564352000316 986.534180 
157564451988516 986.535156 
157564551976716 986.529541 
157564651964949 986.527588 
157564751953182 986.525879 
157564851941382 986.525391 
157564951929582 986.524902 
157565051917782 986.525635 
157565151905682 986.527588 
157565251893582 986.530518 
157565351881748 986.529541 
157565451869981 986.528320 
157565551858181 986.529053 
157565651846381 986.530518 
157565751834581 986.533936 
157565851822814 986.531006 
157565951811014 986.537354 
157566051799214 986.527100 
157566151787380 986.529541 
157566251775480 986.533447 
157566351763580 986.532471 
157566451751813 986.528564 
157566551740046 986.532471 
157566651728246 986.534180 
157566751716446 986.539307 
157566851704679 986.541992 
157566951692912 986.538574 
157567051681112 986.541260 
157567151669312 986.536865 
157567251657278 986.542480 
157567351645144 986.545410 
157567451633210 986.537354 
157567551621410 986.536865 
157567651609576 986.536133 
157567751597742 986.536621 
157567851585908 986.535156 
157567951574108 986.534424 
157568051562274 986.536865 
157568151550440 986.529297 
157568251538606 986.532471 
157568351526539 986.529785 
157568451514405 986.528076 
157568551502405 986.534668 
157568651490405 986.535400 
157568751478405 986.549805 
157568851466371 986.556885 
157568951454371 986.562744 
157569051442371 986.567383 
157569151430371 986.565186 
157569251418337 986.559570 
157569351406337 986.557617 
157569451394203 986.565430 
157569551382069 986.559082 
157569651370235 986.553223 
157569751358468 986.554199 
157569851346668 986.551758 
157569951334868 986.556885 
157570051323101 986.555664 
157570151311334 986.550293 
157570251299534 986.549072 
157570350330364 986.548340 
157570450318464 986.553223 
157570550306364 986.550781 
157570650294264 986.554199 
157570750282497 986.561768 
157570850270730 986.561523 
157570950258996 986.561768 
157571050247196 986.556396 
157571150235429 986.555908 
157571250223662 986.553955 
157571350211862 986.561523 
157571450200128 986.567139 
157571550188228 986.571045 
157571650176328 986.570801 
157571750164461 986.565674 
157571850152694 986.564453 
157571950140960 986.568604 
157572050129160 986.558594 
157572150117360 986.556641 
157572250105593 986.547119 
157572350093793 986.545654 
157572450082059 986.550781 
157572550070259 986.552246 
157572650058192 986.550537 
157572750046058 986.545410 
157572850034158 986.542725 
157572950022424 986.532959 
157573050010590 986.536377 
157573149998756 986.539795 
157573249986922 986.531250 
157573349975122 986.537354 
157573449963288 986.547852 
157573549951454 986.552002 
157573649939620 986.557861 
157573749927486 986.553711 
157573849915352 986.551025 
157573949903352 986.552246 
157574049891352 986.545410 
157574149879318 986.542969 
157574249867284 986.545898 
157574349855284 986.539307 
157574449843284 986.541504 
157574549831250 986.547363 
157574649819216 986.548828 
157574749807182 986.550049 
157574849795048 986.547852 
157574949782948 986.544678 
157575049771181 986.541992 
157575149759414 986.543945 
157575249747614 986.541260 
157575349735814 986.544434 
157575449724047 986.545898 
157575549712280 986.552734 
157575649700480 986.555664 
157575749688680 986.548584 
157575849676680 986.541992 
157575949664580 986.533203 
157576049652613 986.538818 
157576149640846 986.539795 
157576249629079 986.543213 
157576349617279 986.547852 
157576449605479 986.546631 
157576549593712 986.546387 
157576649581945 986.540527 
157576749570145 986.539063 
157576849558345 986.536377 
157576949546445 986.540283 
157577049534545 986.544922 
157577149522711 986.536377 
157577249510944 986.537354 
157577349499144 986.534668 
157577449487344 986.528320 
157577549475577 986.524902 
157577649463810 986.529297 
157577749452010 986.537598 
157577849440210 986.531494 
157577949428410 986.533447 
157578049416276 986.539551 
157578149404142 986.537842 
157578249392342 986.538574 
157578349380542 986.534668 
157578449368708 986.529053 
157578549356874 986.521240 
157578649345040 986.513428 
157578749333240 986.496582 
157578849321406 986.490723 
157578949309572 986.483154 
157579049297605 986.476318 
157579149285471 986.470947 
157579249273337 986.457764 
157579349261337 986.452393 
157579449249337 986.451904 
157579549237303 986.447998 
157579649225269 986.458008 
157579749213269 986.460938 
157579849201269 986.468994 
157579949189235 986.465576 
157580049177201 986.464111 
157580149165134 986.469482 
157580249153000 986.476563 
157580349141066 986.478271 
157580449129299 986.483398 
157580549117499 986.479248 
