# Created at Fri Mar 14 10:52:03 GMT+01:00 2025 in Burnaby Canada 
153354556245142 986.194824 
153354656233342 986.196533 
153354756221342 986.189453 
153354856209208 986.182617 
153354956197208 986.191406 
153355056185441 986.198242 
153355156173641 986.208496 
153355256161841 986.202881 
153355356150074 986.198975 
153355456138307 986.203857 
153355556126507 986.213379 
153355656114707 986.222900 
153355756102907 986.227295 
153355856090873 986.226318 
153355956078773 986.230713 
153356056066806 986.234863 
153356156055039 986.231934 
153356256043272 986.228271 
153356356031472 986.248047 
153356456019672 986.252930 
153356556007905 986.253662 
153356655996138 986.264404 
153356755984338 986.255371 
153356855972538 986.248779 
153356955960638 986.249268 
153357055948738 986.242676 
153357155936971 986.239258 
153357255925204 986.220703 
153357355913404 986.206055 
153357455901604 986.213867 
153357555889837 986.225586 
153357655878070 986.227539 
153357755866270 986.225586 
153357855854470 986.219482 
153357955842570 986.216309 
153358055830436 986.213135 
153358155818302 986.212158 
153358255806502 986.212646 
153358355794668 986.209473 
153358455782834 986.210693 
153358555771000 986.208008 
153358655759200 986.208496 
153358755747400 986.209473 
153358855735566 986.212158 
153358955723732 986.210205 
153359055711798 986.213135 
153359155699664 986.228027 
153359255687530 986.233398 
153359355675530 986.223389 
153359455663530 986.213379 
153359555651496 986.210693 
153359655639462 986.211182 
153359755627462 986.207764 
153359855615462 986.209961 
153359955603428 986.210938 
153360055591394 986.207275 
153360155579260 986.207031 
153360255567126 986.220459 
153360355555226 986.237305 
153360455543426 986.240967 
153360555531592 986.233154 
153360655519758 986.231689 
153360755507924 986.218262 
153360855496124 986.211426 
153360955484290 986.215576 
153361055472456 986.217773 
153361155460622 986.210205 
153361255448488 986.228760 
153361355436354 986.225098 
153361455424354 986.226318 
153361555412354 986.225830 
153361655400320 986.225830 
153361755388286 986.226318 
153361855376286 986.224609 
153361955364286 986.232422 
153362055352252 986.229004 
153362155340218 986.218262 
153362255328218 986.221191 
153362355316084 986.221924 
153362455303984 986.232910 
153362555292217 986.239746 
153362655280450 986.235352 
153362755268650 986.230225 
153362855256850 986.228760 
153362955245083 986.211426 
153363055233316 986.201416 
153363155221516 986.191406 
153363255209716 986.198975 
153363355197716 986.208252 
153363455185616 986.211670 
153363555173549 986.218506 
153363655161782 986.223633 
153363755150015 986.233643 
153363855138215 986.238770 
153363955126415 986.235596 
153364055114648 986.227051 
153364155102881 986.227051 
153364255091081 986.223877 
153364355079281 986.227783 
153364455067381 986.225830 
153364555055481 986.230225 
153364655043647 986.240967 
153364755031880 986.248047 
153364855020080 986.259033 
153364955008280 986.260010 
153365054996513 986.255615 
153365154984746 986.245361 
153365254972946 986.230225 
153365354961146 986.232666 
153365454949346 986.225830 
153365554937212 986.218750 
153365654925078 986.230225 
153365754913211 986.245850 
153365854901411 986.252441 
153365954889577 986.253662 
153366054877743 986.254639 
153366154865909 986.258057 
153366254854109 986.241699 
153366354842275 986.245117 
153366454830441 986.246094 
153366554818574 986.220215 
153366654806440 986.223877 
153366754794306 986.234863 
153366854782306 986.251221 
153366954770306 986.250732 
153367054758272 986.261719 
153367154746238 986.256592 
153367254734238 986.257324 
153367354722238 986.248779 
153367454710204 986.252197 
153367554698170 986.250488 
153367654686103 986.239258 
153367754673969 986.239014 
153367854662035 986.245605 
153367954650268 986.240479 
153368054638468 986.236572 
153368154626668 986.234619 
153368254614868 986.240234 
153368354603101 986.237305 
153368454591301 986.227051 
153368554579501 986.210205 
153368654567701 986.208496 
153368754555667 986.207031 
153368854543567 986.210693 
153368954531667 986.207520 
153369054519900 986.193359 
153369154508133 986.197510 
153369254496333 986.189941 
153369354484533 986.185303 
153369454472766 986.181885 
153369554460999 986.186035 
153369654449199 986.187744 
153369754437399 986.198975 
153369854425499 986.208740 
153369954413599 986.205811 
153370054401832 986.210449 
153370154390065 986.220459 
153370254378265 986.219727 
153370354366465 986.226807 
153370454354698 986.233643 
153370554342931 986.238525 
153370654331131 986.226563 
153370754319331 986.232910 
153370854307364 986.228271 
153370954295230 986.241943 
153371054283096 986.255127 
153371154271296 986.244141 
153371254259496 986.237305 
153371354247662 986.236816 
153371454235828 986.230957 
153371554224028 986.225586 
153371654212228 986.224365 
153371754200394 986.225586 
153371854188560 986.225586 
153371954176560 986.236084 
153372054164426 986.239014 
153372154152326 986.243896 
153372254140326 986.233398 
153372354128392 986.238525 
153372454116358 986.252930 
153372554104324 986.249512 
153372654092324 986.239990 
153372754080324 986.227539 
153372854068357 986.223389 
153372954056323 986.231201 
153373054044189 986.243408 
153373154032055 986.243408 
153373254020155 986.244873 
153373354008455 986.248535 
153373453996655 986.251221 
153373553984855 986.250977 
153373653973088 986.257813 
153373753961321 986.254395 
153373853949587 986.238037 
153373953937787 986.235596 
153374053926020 986.238037 
153374153913920 986.244629 
153374253901820 986.262207 
153374353890020 986.259521 
153374453878253 986.252930 
153374553866453 986.250977 
153374653854653 986.251465 
153374753842853 986.248291 
153374853831153 986.242432 
153374953819353 986.252441 
153375053807553 986.257813 
153375153795719 986.257568 
153375253783819 986.256592 
153375353771919 986.262207 
153375453760152 986.264404 
153375553748385 986.266113 
153375653736585 986.266357 
153375753724785 986.260742 
153375853713018 986.249268 
153375953701251 986.251221 
153376053689451 986.256348 
153376153677651 986.255371 
153376253665651 986.257324 
153376353653517 986.267334 
153376453641517 986.276123 
153376553629717 986.268555 
153376653617883 986.269287 
153376753606049 986.264893 
153376853594215 986.258789 
153376953582415 986.252930 
153377053570581 986.260010 
153377153558747 986.258545 
153377253546913 986.256592 
153377353534879 986.249268 
153377453522745 986.259521 
153377553510678 986.269287 
153377653498678 986.269775 
153377753486678 986.265137 
153377853474644 986.268311 
153377953462644 986.256348 
153378053450644 986.260254 
153378153438644 986.260498 
153378253426610 986.258545 
153378353414576 986.254150 
153378452808903 986.254883 
153378552796769 986.262695 
153378652784935 986.267334 
153378752773168 986.276367 
153378852761368 986.275635 
153378952749568 986.270752 
153379052737801 986.281006 
153379152726034 986.284180 
153379252714234 986.284180 
153379352702434 986.280029 
153379452690534 986.269531 
153379552678434 986.273438 
153379652666334 986.265625 
153379752654567 986.265625 
153379852642800 986.266602 
153379952631000 986.264893 
153380052619200 986.258301 
153380152607433 986.253418 
153380252595666 986.260498 
153380352583866 986.256348 
153380452572066 986.257080 
153380552560232 986.265625 
153380652548332 986.268066 
153380752536432 986.266846 
153380852524665 986.262695 
153380952512865 986.249023 
153381052501065 986.244629 
153381152489265 986.254639 
153381252477498 986.254883 
153381352465731 986.250488 
153381452453931 986.243896 
153381552442131 986.250488 
153381652430064 986.255615 
153381752417930 986.255615 
153381852405996 986.255859 
153381952394196 986.245850 
153382052382362 986.254639 
153382152370528 986.255371 
153382252358694 986.254639 
153382352346894 986.252197 
153382452335060 986.254395 
153382552323226 986.257080 
153382652311392 986.268799 
153382752299258 986.262939 
153382852287124 986.258545 
153382952275124 986.251953 
153383052263124 986.256592 
153383152251090 986.252686 
153383252239056 986.256104 
153383352227056 986.257324 
153383452215056 986.257324 
153383552203022 986.262207 
153383652190988 986.264893 
153383752178988 986.269775 
153383852166854 986.278564 
153383952154754 986.262207 
153384052142987 986.255127 
153384152131220 986.252197 
153384252119420 986.263916 
153384352107620 986.265869 
153384452095853 986.264893 
153384552084086 986.265137 
153384652072286 986.259766 
153384752060486 986.255127 
153384852048519 986.263916 
153384952036419 986.271973 
153385052024352 986.270508 
153385152012585 986.266602 
153385252000818 986.266357 
153385351989018 986.259521 
153385451977218 986.254395 
153385551965451 986.260986 
153385651953684 986.259521 
153385751941884 986.269775 
153385851930084 986.272217 
153385951918184 986.266357 
153386051906284 986.263428 
153386151894450 986.256592 
153386251882683 986.260254 
153386351870883 986.252441 
153386451859083 986.248047 
153386551847316 986.251221 
153386651835549 986.249268 
153386751823749 986.250000 
153386851811949 986.257324 
153386951800149 986.259766 
153387051788015 986.265381 
153387151775881 986.255859 
153387251764014 986.258789 
153387351752214 986.252197 
153387451740380 986.256836 
153387551728546 986.258545 
153387651716712 986.260010 
153387751704912 986.260498 
153387851693078 986.269287 
153387951681244 986.278809 
153388051669377 986.276123 
153388151657243 986.268799 
153388251645109 986.267822 
153388351633109 986.272461 
153388451621109 986.275879 
153388551609075 986.269775 
153388651597041 986.267578 
153388751585041 986.274170 
153388851573041 986.284424 
153388951561007 986.284424 
153389051548973 986.276855 
153389151536906 986.272949 
153389251524772 986.263916 
153389351512772 986.264648 
153389451501005 986.266602 
153389551489205 986.256104 
153389651477405 986.255371 
153389751465605 986.257080 
153389851453838 986.261963 
153389951442038 986.266357 
153390051430238 986.269775 
153390151418438 986.260986 
153390251406404 986.255371 
153390351394304 986.263916 
153390451382404 986.263184 
153390551370637 986.259033 
153390651358870 986.262207 
153390751347070 986.266602 
153390851335270 986.257813 
153390951323503 986.268066 
153391051311736 986.261963 
153391151299936 986.271973 
153391251288136 986.274170 
153391351276236 986.265137 
153391451264336 986.262695 
153391551252569 986.259277 
153391651240802 986.267334 
153391751229002 986.263916 
153391851217202 986.262695 
153391951205435 986.265869 
153392051193668 986.266357 
153392151181868 986.276123 
153392251170068 986.272461 
153392351158168 986.274170 
153392451146034 986.268311 
153392551133900 986.273682 
153392651122100 986.280762 
153392751110300 986.268066 
153392851098466 986.267822 
153392951086632 986.273926 
153393051074832 986.275635 
153393151063032 986.280029 
153393251051198 986.275879 
153393351039364 986.274902 
153393451027364 986.277100 
153393551015230 986.271240 
153393651003130 986.259766 
153393750991130 986.260742 
153393850979130 986.257813 
153393950967096 986.259521 
153394050955062 986.262695 
153394150943062 986.267822 
153394250931062 986.276123 
153394350919028 986.273438 
153394450906994 986.266602 
153394550894860 986.250488 
153394650882726 986.260742 
153394750870826 986.262695 
153394850859059 986.267822 
153394950847259 986.270020 
153395050835459 986.263672 
153395150823692 986.266113 
153395250811925 986.277100 
153395350800125 986.274658 
153395450788325 986.272217 
153395550776558 986.260986 
153395650764458 986.269043 
153395750752358 986.268799 
153395850740491 986.264160 
153395950728724 986.268311 
153396050716924 986.272949 
153396150705124 986.262939 
153396250693324 986.256592 
153396350681557 986.261963 
153396450669757 986.273438 
153396550657957 986.268799 
153396650646123 986.261963 
153396750634223 986.260254 
153396850622323 986.255127 
153396950610556 986.261963 
153397050598789 986.256592 
153397150586989 986.259277 
153397250575189 986.255371 
153397350563422 986.251465 
153397450551655 986.251221 
153397550539855 986.254150 
153397650528055 986.250732 
153397750516055 986.246826 
153397850503921 986.246094 
153397950491921 986.252441 
153398050480121 986.263184 
153398150468287 986.262451 
153398250456453 986.266602 
153398350444619 986.252197 
153398450432819 986.239990 
153398550420985 986.242920 
153398650409218 986.250732 
153398750397384 986.253418 
153398850385350 986.258301 
153398950373216 986.253418 
153399050361149 986.259521 
153399150349215 986.264404 
153399250337215 986.271729 
153399350325181 986.275879 
153399450313181 986.277344 
153399550301181 986.261475 
153399650289247 986.261475 
153399750277213 986.253418 
153399850265179 986.251465 
153399950253045 986.250244 
153400050240911 986.249756 
153400150229111 986.244629 
153400250217344 986.249756 
153400350205544 986.263672 
153400450193744 986.277344 
153400550181977 986.267334 
153400650170277 986.257813 
153400750158477 986.254883 
153400850146677 986.256348 
153400950134777 986.252197 
153401050122677 986.253906 
153401150110643 986.249512 
153401250098876 986.256592 
153401350087109 986.261719 
153401450075309 986.263184 
153401550063509 986.270264 
153401650051742 986.248779 
153401750039975 986.248779 
153401850028175 986.247803 
153401950016375 986.251953 
153402050004541 986.251221 
153402149992674 986.253906 
153402249980774 986.261963 
153402349969007 986.264160 
153402449957207 986.271484 
153402549945407 986.281738 
153402649933607 986.279785 
153402749921840 986.278320 
153402849910073 986.279297 
153402949898273 986.273193 
153403049886473 986.264404 
153403149874439 986.264404 
153403249862305 986.262695 
153403349850371 986.263672 
153403449838571 986.247803 
153403549826737 986.248291 
153403649814903 986.234131 
153403749803069 986.238770 
153403849791269 986.239258 
153403949779435 986.241455 
153404049767601 986.243164 
153404149755767 986.246338 
153404249743633 986.250732 
153404349731499 986.246582 
153404449719499 986.237549 
153404549707499 986.238525 
153404649695465 986.239014 
153404749683431 986.235107 
153404849671431 986.237793 
153404949659431 986.235840 
153405049647397 986.245850 
153405149635330 986.256836 
153405249623330 986.249268 
153405349611196 986.246826 
153405449599096 986.250000 
153405549587329 986.247070 
153405649575562 986.243408 
153405749563762 986.247803 
153405849551962 986.260742 
153405949540195 986.261475 
153406049528428 986.262451 
153406149516628 986.265381 
153406249504828 986.266113 
153406349492861 986.272705 
153406449480761 986.276611 
153406549468694 986.273682 
153406649456927 986.266602 
153406749445160 986.257568 
153406849433360 986.260498 
153406949421560 986.258057 
153407049409793 986.255615 
153407149398026 986.263916 
153407249386226 986.259766 
153407349374426 986.263184 
153407449362526 986.266602 
153407549350626 986.270996 
153407649338759 986.275391 
153407749326992 986.262451 
153407849315192 986.259277 
153407949303392 986.259766 
153408049291625 986.263916 
153408149279858 986.267090 
153408249268058 986.266846 
153408349256258 986.276123 
153408449244458 986.274658 
153408549232324 986.276123 
153408649220190 986.287598 
153408749208323 986.287109 
153408849196523 986.272949 
153408949184689 986.276855 
153409049172855 986.283691 
153409149161021 986.273193 
153409249149221 986.265869 
153409349137387 986.273926 
153409449125553 986.268799 
153409549113686 986.280029 
153409649101552 986.295654 
153409749089418 986.285889 
153409849077418 986.277832 
153409949065418 986.279785 
153410049053384 986.280029 
153410149041350 986.282959 
153410249029350 986.284912 
153410349017350 986.283691 
153410449005316 986.277588 
153410548993282 986.286133 
153410648981248 986.293213 
153410748969114 986.296875 
153410848957114 986.286621 
153410948945347 986.279297 
153411048933547 986.280762 
153411148921747 986.278809 
153411248909947 986.278076 
153411348898180 986.284424 
153411448886380 986.276367 
153411548874580 986.277100 
153411648862780 986.284424 
153411748850746 986.292969 
153411848838646 986.280273 
153411948826746 986.277832 
153412048814979 986.279297 
153412148803212 986.285156 
153412248791412 986.285400 
153412348779612 986.279785 
153412448767845 986.277588 
153412548756078 986.279297 
153412648744278 986.277588 
153412748732478 986.270020 
153412848720578 986.274170 
153412948708678 986.267822 
153413048696911 986.264648 
153413148685144 986.266846 
153413248673344 986.265381 
153413348661544 986.270508 
153413448649777 986.282959 
153413548638010 986.286621 
153413648626210 986.276123 
153413748614410 986.280029 
153413848602510 986.273682 
153413948590376 986.276611 
153414048578242 986.276611 
153414148566442 986.277588 
153414248554642 986.276611 
153414348542808 986.275391 
153414448530974 986.274414 
153414548519174 986.277344 
153414648507374 986.276855 
153414748495540 986.286377 
153414848483706 986.283447 
153414948471706 986.285400 
153415048459572 986.288086 
153415148447438 986.289551 
153415248435438 986.285400 
153415348423438 986.274902 
153415448411404 986.274170 
153415548399370 986.277832 
153415648387370 986.276855 
153415748375370 986.282715 
153415848363336 986.281738 
153415948351302 986.283447 
153416048339168 986.284912 
153416148327034 986.280762 
153416248315134 986.281982 
153416348303367 986.278320 
153416448291567 986.281250 
153416548279767 986.278564 
153416648268000 986.270508 
153416748256233 986.260986 
153416848244433 986.260742 
153416948232633 986.269531 
153417048220866 986.276123 
153417148208766 986.273926 
153417248196666 986.267578 
153417348184799 986.269531 
153417448173032 986.263672 
153417548161232 986.267822 
153417648149432 986.278564 
153417748137632 986.273438 
153417848125865 986.275879 
153417948114065 986.277100 
153418048102265 986.275391 
153418148090465 986.278320 
153418248078565 986.269775 
153418348066665 986.258301 
153418448054898 986.258057 
153418548043131 986.262207 
153418648031331 986.260742 
153418748019531 986.254395 
153418848007764 986.242920 
153418947995997 986.238525 
153419047984197 986.238281 
153419147972397 986.235596 
153419247960397 986.234131 
153419347948263 986.221680 
153419447936263 986.211670 
153419547924463 986.207275 
153419647912629 986.205322 
153419747900795 986.210449 
153419847888961 986.208252 
153419947877161 986.211426 
153420047865327 986.214844 
153420147853493 986.216553 
153420247841659 986.213379 
153420347829625 986.220703 
153420447817491 986.218750 
153420547805424 986.227295 
153420647793424 986.228271 
153420747781424 986.229736 
153420847769390 986.223389 
153420947757390 986.227783 
153421047745390 986.239990 
153421147733390 986.244141 
153421247721356 986.241455 
153421347709322 986.231201 
153421447697188 986.239990 
153421547685054 986.243652 
153421647673187 986.241699 
153421747661420 986.240967 
153421847649620 986.237549 
153421947637820 986.233643 
153422047626053 986.239990 
153422147614286 986.242432 
153422247602486 986.242188 
153422347590686 986.247070 
153422447578786 986.243896 
153422547566686 986.230713 
153422647554586 986.237549 
153422747542819 986.239258 
153422847531052 986.238037 
153422947519252 986.239014 
153423047507452 986.242676 
153423147495685 986.243896 
153423247483918 986.243896 
153423347472118 986.239014 
153423447460318 986.233398 
153423547448484 986.239990 
153423647436584 986.235840 
153423747424684 986.231689 
153423847412917 986.239502 
153423947401117 986.240967 
153424047389317 986.236816 
153424147377517 986.229980 
153424247365750 986.233887 
153424347353983 986.230957 
