# Created at Fri Mar 14 11:41:45 GMT+01:00 2025 in Burnaby Canada 
156340479521350 9.000000 
156340939468350 10.000000 
156341419407350 11.000000 
156342139327350 12.000000 
156342579272350 13.000000 
156343279193350 14.000000 
156343699140350 15.000000 
156344359061350 16.000000 
156344819002350 17.000000 
156345438935350 18.000000 
156345878880350 19.000000 
156346517945440 20.000000 
156346977886440 21.000000 
156347617816440 22.000000 
156348077759440 23.000000 
156348777680440 24.000000 
156349157633440 25.000000 
156349877546440 26.000000 
156350277495440 27.000000 
156350917424440 28.000000 
156351397363440 29.000000 
156351997292440 30.000000 
156352517228440 31.000000 
156353577103440 33.000000 
156354277019440 34.000000 
156355436884440 36.000000 
156355896825440 37.000000 
156356536754440 38.000000 
156356996697440 39.000000 
156357656618440 40.000000 
156358116566440 41.000000 
156358796485440 42.000000 
156359236438440 43.000000 
156359836363440 44.000000 
156360296310440 45.000000 
156360936229440 46.000000 
156361436176440 47.000000 
156362076095440 48.000000 
156362476048440 49.000000 
156363155963440 50.000000 
156363595918440 51.000000 
156364235837440 52.000000 
156364715780440 53.000000 
156365315705440 54.000000 
156365775657440 55.000000 
156366395578440 56.000000 
156366855531440 57.000000 
156367475452440 58.000000 
156367955397440 59.000000 
156368555320440 60.000000 
156369055267440 61.000000 
156369695186440 62.000000 
156370155133440 63.000000 
156370775055440 64.000000 
156371275002440 65.000000 
156371934920440 66.000000 
156372374874440 67.000000 
156373014794440 68.000000 
156373454742440 69.000000 
156374094662440 70.000000 
156374554612440 71.000000 
156375194532440 72.000000 
156375654478440 73.000000 
156376294398440 74.000000 
156376754349440 75.000000 
156377354275440 76.000000 
156377834223440 77.000000 
156378414151440 78.000000 
156378934089440 79.000000 
156379554011440 80.000000 
156380013965440 81.000000 
156380633886440 82.000000 
156381113835440 83.000000 
156381733758440 84.000000 
156382233699440 85.000000 
156382873626440 86.000000 
156383333569440 87.000000 
156383953496440 88.000000 
156384373443440 89.000000 
156384993371440 90.000000 
156385473314440 91.000000 
156386093244440 92.000000 
156386553188440 93.000000 
156387173115440 94.000000 
156387653054440 95.000000 
156388272985440 96.000000 
156388752926440 97.000000 
156389412845440 98.000000 
156389832792440 99.000000 
156390472722440 100.000000 
156390932665440 101.000000 
156391552596440 102.000000 
156391992541440 103.000000 
156392592470440 104.000000 
156393092407440 105.000000 
156393712338440 106.000000 
156394192277440 107.000000 
156394792206440 108.000000 
156395232151440 109.000000 
156395872080440 110.000000 
156396312025440 111.000000 
156396931950440 112.000000 
156397371895440 113.000000 
156397991827440 114.000000 
156398451770440 115.000000 
156399091699440 116.000000 
156399531644440 117.000000 
156400331547440 118.000000 
156401251442440 120.000000 
156401751379440 121.000000 
156402391308440 122.000000 
156402791257440 123.000000 
156403631154440 124.000000 
156404611042440 125.000000 
