# Created at Fri Mar 14 11:03:15 GMT+01:00 2025 in Burnaby Canada 
154026513741945 986.339600 
154026613730111 986.334717 
154026713718277 986.333496 
154026813706443 986.325928 
154026913694643 986.332031 
154027013682809 986.332520 
154027113670975 986.330322 
154027213659108 986.328613 
154027313646974 986.324951 
154027413634840 986.329590 
154027513622840 986.328613 
154027613610840 986.333008 
154027713598806 986.328369 
154027813586772 986.326416 
154027913574772 986.330078 
154028013562772 986.331055 
154028113550738 986.336914 
154028213538704 986.328369 
154028313526637 986.328369 
154028413514503 986.322021 
154028513502503 986.328369 
154028613490736 986.328857 
154028713478936 986.336670 
154028813467202 986.337158 
154028913455402 986.343262 
154029013443635 986.343994 
154029113431835 986.338623 
154029213420035 986.334717 
154029313408301 986.333984 
154029413396267 986.330566 
154029513384167 986.331299 
154029613372267 986.321777 
154029713360500 986.327393 
154029813348800 986.337158 
154029913337000 986.337402 
154030013325200 986.340332 
154030113313433 986.342773 
154030213301666 986.346191 
154030313289932 986.349854 
154030413278132 986.355713 
154030513266232 986.354248 
154030613254332 986.352295 
154030713242565 986.352783 
154030813230865 986.357178 
154030913219065 986.345459 
154031013207265 986.339111 
154031113195498 986.343018 
154031213183731 986.339844 
154031313171997 986.341797 
154031413160197 986.333740 
154031513148297 986.342773 
154031613136163 986.339111 
154031713124029 986.346191 
154031813112229 986.342773 
154031913100429 986.347412 
154032013088595 986.347412 
154032113076761 986.346191 
154032213064961 986.348145 
154032313053161 986.339600 
154032413041327 986.338135 
154032513029493 986.344727 
154032613017493 986.336670 
154032713005359 986.343018 
154032812993225 986.342041 
154032912981225 986.340088 
154033012969225 986.336426 
154033112957191 986.339355 
154033212945157 986.331055 
154033312933157 986.332031 
154033412921157 986.342285 
154033512909123 986.341553 
154033612897089 986.350830 
154033712884955 986.367920 
154033812872821 986.376465 
154033912860921 986.375977 
154034012849154 986.367920 
154034112837354 986.365479 
154034212825554 986.359131 
154034312813787 986.347168 
154034412802020 986.358154 
154034512790220 986.364990 
154034612778420 986.367432 
154034712766653 986.366943 
154034812754553 986.357666 
154034912742453 986.356445 
154035012730586 986.355225 
154035112718819 986.350342 
154035212707019 986.359619 
154035312695219 986.357910 
154035412683419 986.362793 
154035512671652 986.364746 
154035612659852 986.367432 
154035712648052 986.368652 
154035812636252 986.361572 
154035912624352 986.364502 
154036012612452 986.356689 
154036112600685 986.358154 
154036212588918 986.354980 
154036312577118 986.351074 
154036412565318 986.357666 
154036512553551 986.366455 
154036612541784 986.361084 
154036712529984 986.362549 
154036812518184 986.368408 
154036912506184 986.361816 
154037012494050 986.357422 
154037112482050 986.355713 
154037212470250 986.354248 
154037312458416 986.357178 
154037412446582 986.356201 
154037512434748 986.346436 
154037612422948 986.350586 
154037712411114 986.353760 
154037812399280 986.350586 
154037912387446 986.348633 
154038012375412 986.350586 
154038112363278 986.339111 
154038212351211 986.340332 
154038312339211 986.343506 
154038412327211 986.352295 
154038512315177 986.354736 
154038612303177 986.353516 
154038712291177 986.357910 
154038812279177 986.354248 
154038912267143 986.342529 
154039012255109 986.350098 
154039112242975 986.348145 
154039212230841 986.340332 
154039312218974 986.337891 
154039412207207 986.344482 
154039512195407 986.343750 
154039612183607 986.343506 
154039712171840 986.345703 
154039812160073 986.346436 
154039912148273 986.345703 
154040012136473 986.335205 
154040112124573 986.331543 
154040212112473 986.330322 
154040312100373 986.343018 
154040412088606 986.351563 
154040512076839 986.352295 
154040612065039 986.354492 
154040712053239 986.351563 
154040812041472 986.357666 
154040912029705 986.339111 
154041012017905 986.336914 
154041112006105 986.335205 
154041211994271 986.335205 
154041311982371 986.335449 
154041411970471 986.333984 
154041511958704 986.348389 
154041611946904 986.356201 
154041711935104 986.347412 
154041811923304 986.342529 
154041911911537 986.339600 
154042011899770 986.333984 
154042111887970 986.333008 
154042211876170 986.334229 
154042311864136 986.329590 
154042411852002 986.328613 
154042511840068 986.337402 
154042611828268 986.343994 
154042711816434 986.340332 
154042811804600 986.338379 
154042911792766 986.337891 
154043011780966 986.333496 
154043111769132 986.329590 
154043211757298 986.332764 
154043311745464 986.330811 
154043411733330 986.325928 
154043511721196 986.328857 
154043611709196 986.326660 
154043711697196 986.326904 
154043811685162 986.320801 
154043911673128 986.326660 
154044011661128 986.327148 
154044111649128 986.328125 
154044211637094 986.333252 
154044311625060 986.347900 
154044411613060 986.354248 
154044511600926 986.360596 
154044611588826 986.357910 
154044711577059 986.344238 
154044811565292 986.333008 
154044911553492 986.325928 
154045011541692 986.330811 
154045111529925 986.331055 
154045211518158 986.334717 
154045311506358 986.347412 
154045411494558 986.346436 
154045511482591 986.343262 
154045611470491 986.335693 
154045711458424 986.331787 
154045811446657 986.331055 
154045911434890 986.321045 
154046011423090 986.322998 
154046111411290 986.321289 
154046211399523 986.322021 
154046311387756 986.339844 
154046411375956 986.354492 
154046511364156 986.348633 
154046611352256 986.343506 
154046711340356 986.337402 
154046811328489 986.342529 
154046911316722 986.337402 
154047011304922 986.325928 
154047111293122 986.330811 
154047211281355 986.333984 
154047311269588 986.339355 
154047411257788 986.348633 
154047511245988 986.347900 
154047611234188 986.345215 
154047711222054 986.337402 
154047811209920 986.332031 
154047911198053 986.331787 
154048011186253 986.326904 
154048111174419 986.324951 
154048211162585 986.331055 
154048311150751 986.343994 
154048411138951 986.353027 
154048511127117 986.354492 
154048611115283 986.351563 
154048711103416 986.353516 
154048811091282 986.353516 
154048911079148 986.345459 
154049011067148 986.348145 
154049111055148 986.347168 
154049211043114 986.343018 
154049311031080 986.350830 
154049411019080 986.363037 
154049511013149 986.356689 
154049611001115 986.355469 
154049710989081 986.352295 
154049810977047 986.346191 
154049910964913 986.340576 
154050010952913 986.342529 
154050110941146 986.346680 
154050210929346 986.336182 
154050310917546 986.339844 
154050410905746 986.350098 
154050510893979 986.344727 
154050610882179 986.333008 
154050710870379 986.330322 
154050810858579 986.332031 
154050910846545 986.337891 
154051010834445 986.342529 
154051110822545 986.337402 
154051210810778 986.344238 
154051310799011 986.352539 
154051410787211 986.359619 
154051510775411 986.355957 
154051610763644 986.342041 
154051710751877 986.342529 
154051810740077 986.330566 
154051910728277 986.331787 
154052010716377 986.331299 
154052110704477 986.328857 
154052210692710 986.333252 
154052310680943 986.344238 
154052410669143 986.353027 
154052510657343 986.356689 
154052610645576 986.357422 
154052710633809 986.350098 
154052810622009 986.329590 
154052910610209 986.329346 
154053010598309 986.326660 
154053110586175 986.332764 
154053210574041 986.345215 
154053310562241 986.363525 
154053410550441 986.367920 
154053510538607 986.365479 
154053610526773 986.367920 
154053710514973 986.367676 
154053810503173 986.364746 
154053910491339 986.357666 
154054010479505 986.349854 
154054110467505 986.351318 
154054210455371 986.353516 
154054310443237 986.360840 
154054410431237 986.356201 
154054510419237 986.349365 
154054610407203 986.350342 
154054710395169 986.345703 
154054810383169 986.344971 
154054910371169 986.342285 
154055010359135 986.342773 
154055110347168 986.338379 
154055210335034 986.347900 
154055310322900 986.359375 
154055410311000 986.352783 
154055510299233 986.349121 
154055610287499 986.344727 
154055710275699 986.337402 
154055810263932 986.334717 
154055910252165 986.332764 
154056010240365 986.343018 
154056110228631 986.346924 
154056210216864 986.359131 
154056310204764 986.369141 
154056410192664 986.362793 
154056510180797 986.363281 
154056610169097 986.359619 
154056710157297 986.353516 
154056810145497 986.354980 
154056910133730 986.350098 
154057010121963 986.356201 
154057110110229 986.356445 
154057210098429 986.361816 
154057310086629 986.367920 
154057410074729 986.359375 
154057510062829 986.351074 
154057610051129 986.337402 
154057710039362 986.343994 
154057810027562 986.347168 
154057910015762 986.349854 
154058010003995 986.354736 
154058109992228 986.366943 
154058209980428 986.369385 
154058309968628 986.364746 
154058409956628 986.356689 
154058509944494 986.355469 
154058609932394 986.355713 
154058709920594 986.343018 
154058809908760 986.342285 
154058909896926 986.342529 
154059009885092 986.352051 
154059109873292 986.354492 
154059209861458 986.355469 
154059309849624 986.351807 
154059409837790 986.348633 
154059509825756 986.351563 
154059609813622 986.348877 
154059709801555 986.349609 
154059809789555 986.346924 
154059909777521 986.355713 
154060009765487 986.354736 
154060109753487 986.348877 
154060209741487 986.341797 
154060309729487 986.336426 
154060409717453 986.336670 
154060509705419 986.339600 
154060609693285 986.347900 
154060709681151 986.350830 
154060809669284 986.352539 
154060909657517 986.360352 
154061009645717 986.354492 
154061109633917 986.352295 
154061209622150 986.358398 
154061309610383 986.354248 
154061409598583 986.346680 
154061509586783 986.335205 
154061609574983 986.336670 
154061709562883 986.339600 
154061809550783 986.338867 
154061909539016 986.341797 
154062009527249 986.349365 
154062109515449 986.345703 
154062209503649 986.346191 
154062309491882 986.349365 
154062409480115 986.343018 
154062509468315 986.341309 
154062609456515 986.334473 
154062709444681 986.333496 
154062809432781 986.345215 
154062909420881 986.357666 
154063009409114 986.364990 
154063109397314 986.365967 
154063209385514 986.364746 
154063309373714 986.363525 
154063409361947 986.357666 
154063509350180 986.358398 
154063609338380 986.353516 
154063709326580 986.352051 
154063809314546 986.360596 
154063909302412 986.357666 
154064009290478 986.356689 
154064109278678 986.359375 
154064209266844 986.355957 
154064309255010 986.346436 
154064409243176 986.348389 
154064509231376 986.350342 
154064609219542 986.354736 
154064709207708 986.363281 
154064809195874 986.380127 
154064909183740 986.383057 
154065009171606 986.382568 
154065109159606 986.374756 
154065209147606 986.374512 
154065309135572 986.364502 
154065409123538 986.362793 
154065509111538 986.356201 
154065609099538 986.361572 
154065709087504 986.362061 
154065809075470 986.372070 
154065909063470 986.366211 
154066009051336 986.362793 
154066109039202 986.361084 
154066209027435 986.341553 
154066309015668 986.341797 
154066409003868 986.341797 
154066508992068 986.349365 
154066608980301 986.347168 
154066708968534 986.370117 
154066808956734 986.381592 
154066908944934 986.375732 
154067008932967 986.372803 
154067108920867 986.357422 
154067208908800 986.353271 
154067308897033 986.347168 
154067408885266 986.347168 
154067508873466 986.346436 
154067608861666 986.348633 
154067708849899 986.373535 
154067808838132 986.384521 
154067908826332 986.385010 
154068008814532 986.374512 
154068108802632 986.366699 
154068208790732 986.356934 
154068308778865 986.357910 
154068408767098 986.347656 
154068508755298 986.356689 
154068608743498 986.358643 
154068708731731 986.361816 
154068808719964 986.367188 
154068908708164 986.370850 
154069008696364 986.364014 
154069108684564 986.353027 
154069208672430 986.349854 
154069308660296 986.335449 
154069408648429 986.325195 
154069508636629 986.330078 
154069608624795 986.345215 
154069708612961 986.347900 
154069808601127 986.359131 
154069908589327 986.365967 
154070008577493 986.365479 
154070108565659 986.364014 
154070208553792 986.364258 
154070308541658 986.372314 
154070408529524 986.374756 
154070508517524 986.385254 
154070608505524 986.389404 
154070708493490 986.396729 
154070808481456 986.384033 
154070908469456 986.368652 
154071008457456 986.345703 
154071108445422 986.342529 
154071208433388 986.351563 
154071308421354 986.355225 
154071408409220 986.372314 
154071508397220 986.371826 
154071608385453 986.362305 
154071708373653 986.350098 
154071808361853 986.339111 
154071908350053 986.336182 
154072008338286 986.324951 
154072108326519 986.325684 
154072208314719 986.329834 
154072308302919 986.349365 
154072408290885 986.364258 
154072508278785 986.364014 
154072608266818 986.361084 
154072708255051 986.360352 
154072808243284 986.355957 
154072908231484 986.352295 
154073008219684 986.351563 
154073108207917 986.345215 
154073208196150 986.349609 
154073308184350 986.357178 
154073408172550 986.372070 
154073508160650 986.374268 
154073608148750 986.369873 
154073708136983 986.365234 
154073808125216 986.354980 
154073908113416 986.353760 
154074008101616 986.351807 
154074108089849 986.352539 
154074208078082 986.360596 
154074308066282 986.369141 
154074408054482 986.373047 
154074508042582 986.368408 
154074608030448 986.358887 
154074708018314 986.344482 
154074808006514 986.349365 
154074907994714 986.345459 
154075007982880 986.343506 
154075107971046 986.343750 
154075207959246 986.338867 
154075307947446 986.350342 
154075407935612 986.348145 
154075507923778 986.338379 
154075607911811 986.322510 
154075707899677 986.309326 
154075807887543 986.304199 
154075907875543 986.302979 
154076007863543 986.313232 
154076107851509 986.313721 
154076207839475 986.321045 
154076307827475 986.320557 
154076407815475 986.311279 
154076507803441 986.304443 
154076607791407 986.298096 
154076707779273 986.306885 
154076807767139 986.302002 
154076907755239 986.309814 
154077007743472 986.311279 
154077107731672 986.308105 
154077207719872 986.315918 
154077307708105 986.312012 
154077407696338 986.302734 
154077507684538 986.298340 
154077607672738 986.289307 
154077707660971 986.273438 
154077807648871 986.276611 
154077907636771 986.273193 
154078007624904 986.270508 
154078107613137 986.278320 
154078207601337 986.278320 
154078307589537 986.284180 
154078407577737 986.291016 
154078507565970 986.295166 
154078607554203 986.296875 
154078707542403 986.289063 
154078807530603 986.294678 
154078907518703 986.299316 
154079007506803 986.302490 
154079107495036 986.310303 
154079207483269 986.308350 
154079307471469 986.300049 
154079407459669 986.297363 
154079507447902 986.290039 
154079607436135 986.292725 
154079707424335 986.297607 
154079807412535 986.298340 
154079907400535 986.294434 
154080007388401 986.301514 
154080107376301 986.313477 
154080207364501 986.316406 
154080307352667 986.302002 
154080407340833 986.289063 
154080507328999 986.288574 
154080607317199 986.289063 
154080707305365 986.296387 
154080807293531 986.298340 
154080907281697 986.294434 
154081007269663 986.296143 
154081107257529 986.318848 
154081207245462 986.331787 
154081307233462 986.329102 
154081407221528 986.328125 
154081507209494 986.336426 
154081607197460 986.340088 
154081707185460 986.341064 
154081807173460 986.348633 
154081907161493 986.354004 
154082007149459 986.365234 
154082107137325 986.357666 
154082207125191 986.343750 
154082307113324 986.330078 
154082407101624 986.327637 
154082507089824 986.330811 
154082607078024 986.332275 
154082707066257 986.332031 
154082807054490 986.336670 
154082907042756 986.329590 
154083007030956 986.347900 
154083107019156 986.342285 
154083207007056 986.330322 
154083306994956 986.329102 
154083406983189 986.329590 
154083506971422 986.327148 
154083606959622 986.325195 
154083706947822 986.322998 
154083806936055 986.321045 
154083906924355 986.322021 
154084006912555 986.316406 
154084106900755 986.320801 
154084206888921 986.323486 
154084306877021 986.325195 
154084406865121 986.319580 
154084506853354 986.315918 
154084606841587 986.316406 
154084706829787 986.318604 
154084806817987 986.328369 
154084906806220 986.339600 
154085006794453 986.331055 
154085106782653 986.332764 
154085206770853 986.329834 
154085306758819 986.332275 
154085406746685 986.322998 
154085506734751 986.325684 
154085606722951 986.334717 
154085706711117 986.343750 
154085806699283 986.350586 
154085906687449 986.347168 
154086006675649 986.344238 
154086106663815 986.338867 
154086206651981 986.329346 
154086306640147 986.326416 
154086406628080 986.327393 
154086506615946 986.331299 
154086606603946 986.331055 
154086706591946 986.334229 
154086806579912 986.340332 
154086906567878 986.347168 
154087006555878 986.350586 
154087106543878 986.351563 
154087206531844 986.351074 
154087306519810 986.347656 
154087406507810 986.344971 
154087506495676 986.349121 
154087606483542 986.345947 
154087706471775 986.343018 
154087806460008 986.337646 
154087906448208 986.340820 
154088006436408 986.337402 
154088106424641 986.336426 
154088206412874 986.329590 
154088306401074 986.322998 
154088406389274 986.326172 
154088506377307 986.326416 
154088606365207 986.318359 
154088706353140 986.323730 
154088806341373 986.323242 
154088906329606 986.322510 
154089006317806 986.326660 
154089106306006 986.324219 
154089206294239 986.309814 
154089306282472 986.304443 
154089406270672 986.303955 
154089506258872 986.317139 
154089606246972 986.329102 
154089706235072 986.329834 
154089806223205 986.337891 
154089906211438 986.338867 
154090006199638 986.336426 
154090106187838 986.340576 
154090206176071 986.340088 
154090306164304 986.339844 
154090406152504 986.334717 
154090506140704 986.331543 
154090606128937 986.334717 
154090706116803 986.327637 
154090806104669 986.335205 
154090906092769 986.328369 
154091006080969 986.327148 
154091106069135 986.325439 
