# Created at Thu Mar 27 09:40:27 GMT+01:00 2025 in Burnaby Canada 
1737648865964359 996.850830 
1737648905966181 996.836182 
1737648945965452 996.828125 
1737648985963109 996.830811 
1737649025965973 996.833252 
1737649065965973 996.837891 
1737649105966806 996.848877 
1737649145963890 996.854980 
1737649185963577 996.860107 
1737649225965036 996.860596 
1737649265965244 996.851563 
1737649305964098 996.852295 
1737649345964202 996.853027 
1737649385965921 996.856689 
1737649425963213 996.854492 
1737649465963473 996.856445 
1737649505963838 996.874512 
1737649545964411 996.880859 
1737649585967067 996.873535 
1737649625964775 996.872070 
1737649665967275 996.862305 
1737649705966234 996.850586 
1737649745963004 996.860840 
1737649785965088 996.852539 
1737649825963629 996.833496 
1737649865963890 996.811035 
1737649905966702 996.797363 
1737649945966859 996.792236 
1737649985963265 996.806885 
1737650025963577 996.815430 
1737650065962744 996.816406 
1737650105964619 996.815186 
1737650145964202 996.814209 
1737650185962900 996.821533 
1737650225962484 996.813721 
1737650265965661 996.812500 
1737650305964515 996.811035 
1737650345964098 996.819092 
1737650385962744 996.827881 
1737650425966702 996.827637 
1737650465963577 996.830322 
1737650505963473 996.828857 
1737650546049879 996.828857 
1737650585965661 996.834717 
1737650625965400 996.846191 
1737650665963213 996.845703 
1737650705964306 996.845459 
1737650745965452 996.837891 
1737650785963734 996.825928 
1737650825964775 996.823486 
1737650865963109 996.825684 
1737650905964046 996.822266 
1737650945963629 996.827148 
1737650985964150 996.834961 
1737651025966754 996.858643 
1737651065965765 996.882080 
1737651105964254 996.910156 
1737651145963734 996.927979 
1737651186037067 996.925537 
1737651225963213 996.927979 
1737651265963786 996.922852 
1737651305968473 996.960205 
1737651345964463 996.981689 
1737651385963525 997.005615 
1737651425964463 997.000977 
1737651465966598 996.947998 
1737651505964723 996.876221 
1737651545963265 996.805908 
1737651585964150 996.763184 
1737651625965765 996.728760 
1737651665964671 996.726318 
1737651705962409 996.709229 
1737651745965847 996.709473 
1737651785965430 996.723877 
1737651825965847 996.742188 
1737651865965639 996.750244 
1737651905961628 996.764404 
1737651945964805 996.786865 
1737651985962045 996.815674 
1737652025964857 996.828369 
1737652065962305 996.863770 
1737652105964441 996.894287 
1737652145964701 997.003662 
1737652185971576 997.038330 
1737652225963295 997.154785 
1737652265963555 997.431885 
1737652305964076 997.806885 
1737652345965222 997.924561 
1737652385965899 997.727539 
1737652425964493 997.627930 
1737652465962305 997.656250 
1737652505962305 997.733887 
1737652545963764 997.795654 
1737652585963295 997.787109 
1737652625963295 997.591064 
1737652665963503 997.394775 
1737652705963034 997.197510 
1737652745964389 997.169922 
1737652785962045 997.173096 
1737652825962774 997.057861 
1737652865964076 997.083740 
1737652905963295 997.003418 
1737652945963295 996.642578 
1737652985963034 996.501221 
1737653025963295 996.545654 
1737653065963972 996.683594 
1737653105961524 996.779785 
1737653145963243 996.782471 
1737653185963503 996.765869 
1737653225963034 996.751709 
1737653265963295 996.763672 
1737653305963243 996.811035 
1737653345962201 996.845215 
1737653385961264 996.875977 
1737653425963295 996.927979 
1737653465963086 996.968994 
1737653505963503 997.014160 
1737653545963034 996.994141 
1737653585963295 997.012207 
1737653625963295 997.029053 
1737653665961993 997.015625 
1737653705962305 997.138428 
1737653745962201 997.028320 
1737653785963816 996.957764 
1737653825963295 996.971191 
1737653865963243 997.001221 
1737653905963034 996.907715 
1737653945963711 996.819580 
1737653985963816 996.796143 
1737654025963295 996.803711 
1737654065963295 996.794678 
1737654105963295 996.809814 
1737654145963243 996.886963 
1737654185963295 996.910156 
1737654225962982 996.934814 
1737654265967461 996.946777 
1737654305961993 996.970947 
1737654345963555 997.002441 
1737654385948868 996.988770 
1737654425963295 996.964111 
1737654465963503 996.936279 
1737654505965118 996.893311 
1737654545963764 996.849854 
1737654585961524 996.787842 
1737654625962045 996.745117 
1737654665963243 996.722656 
1737654705963243 996.722656 
1737654745963555 996.742432 
1737654785962253 996.770996 
1737654825963555 996.803223 
1737654865961993 996.846191 
1737654905962045 996.891113 
1737654945961993 996.943115 
1737654985963295 996.986816 
1737655025962982 997.040039 
1737655065963243 997.070557 
1737655105963034 997.110107 
1737655145964545 997.115479 
1737655185963034 997.090820 
1737655225962045 997.013184 
1737655265963243 996.897461 
1737655305963503 996.809326 
1737655345963764 996.769775 
1737655385963034 996.765869 
1737655425963399 996.778320 
1737655465990066 996.819580 
1737655505961784 996.885742 
1737655545963295 996.945313 
1737655585963503 997.004639 
1737655625963034 997.068359 
1737655665962722 997.054932 
1737655705962722 997.011475 
1737655745965639 997.003418 
1737655785970170 996.952148 
1737655825962253 996.856689 
1737655865967409 996.789551 
1737655905963243 996.770020 
1737655945965066 996.757568 
1737655985963243 996.774170 
1737656025963034 996.797363 
1737656065967201 996.843750 
1737656105961993 996.891357 
1737656145964076 996.927734 
1737656185963034 997.023193 
1737656225965118 997.114502 
1737656265962982 997.188232 
1737656305963503 997.225098 
1737656345965951 997.242676 
1737656385962253 997.185547 
1737656425962253 997.054199 
1737656465963243 996.879639 
1737656505963243 996.742676 
1737656545963243 996.688232 
1737656585962461 996.678223 
1737656625963295 996.683105 
1737656665969128 996.730713 
1737656705961732 996.791016 
1737656745962722 996.840576 
1737656785962982 996.884277 
1737656825963816 996.917725 
1737656865963034 996.924561 
1737656905962982 996.906982 
1737656946090482 996.915283 
1737656985963243 996.905273 
1737657025961993 996.845459 
1737657065962982 996.813965 
1737657105963243 996.781250 
1737657145962722 996.778076 
1737657185962982 996.795898 
1737657225963243 996.829590 
1737657265972722 996.872559 
1737657305961993 996.920898 
1737657345961993 996.989258 
1737657385963711 997.083008 
1737657425963243 997.139404 
1737657465963243 997.189941 
1737657505963764 997.183105 
1737657545962982 997.203857 
1737657585961993 997.169922 
1737657625962253 997.060303 
1737657665963295 996.918701 
1737657705963243 996.739746 
1737657745963503 996.736328 
1737657785963451 996.761963 
1737657825963503 996.787109 
1737657865948711 996.832764 
1737657905967097 996.871826 
1737657945962982 996.912598 
1737657985962774 996.943848 
1737658025963243 996.941895 
1737658065963243 996.935303 
1737658105963295 996.927490 
1737658145963555 996.890869 
1737658185963451 996.830322 
1737658225961993 996.800293 
1737658265963295 996.775146 
1737658305963243 996.787109 
1737658345963034 996.816162 
1737658385963034 996.862793 
1737658425965066 996.918457 
1737658466137097 996.977539 
1737658505962982 997.052002 
1737658545962982 997.122314 
1737658585964284 997.163086 
1737658625963034 997.198486 
1737658665962514 997.202148 
1737658705963503 997.241211 
1737658745963243 997.198486 
1737658785964336 997.096436 
1737658825962045 996.960938 
1737658865963243 996.828125 
1737658905963295 996.742432 
1737658945962774 996.736572 
1737658985963503 996.763428 
1737659025962982 996.804443 
1737659065962461 996.866943 
1737659105962305 996.935791 
1737659145961993 996.986328 
1737659185963243 997.007080 
1737659225963503 996.989502 
1737659265962982 996.975342 
1737659305962722 996.968262 
1737659345963764 996.926025 
1737659385963243 996.872070 
1737659425961941 996.797363 
1737659465962982 996.770996 
1737659505962461 996.786377 
1737659545962722 996.839111 
1737659585964284 996.889648 
1737659625963243 996.951172 
1737659665964128 997.023682 
1737659705961993 997.102539 
1737659745963243 997.156250 
1737659785963243 997.197998 
1737659825962982 997.249023 
1737659865963451 997.265137 
1737659905963243 997.208740 
1737659945962982 997.112305 
1737659986023034 996.946533 
1737660025961732 996.793701 
1737660065963243 996.733154 
1737660105950066 996.730713 
1737660145963243 996.750000 
1737660185963243 996.790039 
1737660225963191 996.846924 
1737660265963191 996.915771 
1737660305961732 996.967285 
1737660345962253 996.998779 
1737660385963503 996.966064 
1737660425963243 996.949463 
1737660465963555 996.974609 
1737660505962774 996.958740 
1737660545963295 996.900146 
1737660585963295 996.849121 
1737660625962514 996.794189 
1737660665962722 996.797363 
1737660705963243 996.831787 
1737660745962982 996.892334 
1737660785963034 996.949951 
1737660825963503 997.026855 
1737660865964024 997.106201 
1737660905964389 997.190918 
1737660945962253 997.265869 
1737660985963295 997.348145 
1737661025962774 997.337402 
1737661065962149 997.271973 
1737661105963555 997.062012 
1737661145963243 996.868652 
1737661185972774 996.740967 
1737661225961993 996.693115 
1737661265963243 996.718018 
1737661305963191 996.852783 
1737661345962722 996.902588 
1737661385963243 996.938965 
1737661425962461 996.958984 
1737661465966055 996.958252 
1737661505961420 996.978271 
1737661545961993 996.990967 
1737661585963711 996.934570 
1737661625963243 996.882324 
1737661665962722 996.829590 
1737661705962982 996.802002 
1737661745962982 996.801270 
1737661785964024 996.838867 
1737661825961993 996.894775 
1737661865963191 996.959717 
1737661905963503 997.035400 
1737661945963243 997.113770 
1737661985963295 997.178467 
1737662025963034 997.198486 
1737662066027409 997.199951 
1737662105962253 997.238770 
1737662145962514 997.233643 
1737662185963503 997.154785 
1737662225963764 997.052002 
1737662265963243 996.905518 
1737662305963243 996.790283 
1737662345962982 996.757813 
1737662385963399 996.773438 
1737662425961993 996.816406 
1737662465963243 996.884766 
1737662505963764 996.959229 
1737662545963243 997.003174 
1737662585962461 997.020020 
1737662625963243 996.992188 
1737662665951003 996.966064 
1737662705975691 996.985596 
1737662745962253 996.952393 
1737662785963295 996.884521 
1737662825963243 996.823730 
1737662865963243 996.796875 
1737662905962722 996.805908 
1737662945963243 996.840332 
1737662985949128 996.897705 
1737663025961472 996.961670 
1737663065963034 997.025146 
1737663105963243 997.119385 
1737663145964024 997.188721 
1737663185963243 997.245605 
1737663225963243 997.282227 
1737663265962722 997.276367 
1737663305961472 997.207764 
1737663345961732 997.083008 
1737663385963243 996.917480 
1737663425965066 996.775879 
1737663465963243 996.739258 
1737663505962461 996.742676 
1737663545963503 996.769531 
1737663585993034 996.819824 
1737663625961732 996.885742 
1737663665961784 996.934814 
1737663705963243 996.973633 
1737663745963816 997.007324 
1737663785962461 996.986572 
1737663825963243 996.968994 
1737663865962670 996.978760 
1737663905966836 996.951416 
1737663945961993 996.924561 
1737663985962774 996.879395 
1737664025963555 996.816895 
1737664065963243 996.813965 
1737664105963243 996.848633 
1737664145962774 996.912354 
1737664185964128 996.976318 
1737664225963764 997.034424 
1737664265961524 997.098389 
1737664305963503 997.161621 
1737664345962982 997.230957 
1737664385963243 997.290771 
1737664425963243 997.310303 
1737664465962982 997.255371 
1737664505961472 997.165283 
1737664545962514 997.002197 
1737664585963764 996.827393 
1737664625963503 996.721436 
1737664665963503 996.703857 
1737664705963243 996.721436 
1737664745963295 996.759521 
1737664785962930 996.826416 
1737664825961732 996.882813 
1737664865961993 996.966797 
1737664905963243 996.949219 
1737664945963295 996.920898 
1737664985962774 996.920654 
1737665025963243 996.905029 
1737665065963243 996.887207 
1737665105961836 996.843994 
1737665145961472 996.794678 
1737665185963816 996.802979 
1737665225964441 996.847656 
1737665265963503 996.921875 
1737665305962722 996.983398 
1737665345963243 997.039307 
1737665385963816 997.087402 
1737665425961993 997.139160 
1737665465963295 997.182617 
1737665505963764 997.228516 
1737665545962982 997.244141 
1737665585963764 997.247559 
1737665625962982 997.161621 
1737665665962774 997.042969 
1737665705962722 996.876221 
1737665745961993 996.779053 
1737665785963243 996.748047 
1737665825963295 996.752930 
1737665865963243 996.794434 
1737665905962722 996.884521 
1737665945963503 996.949219 
1737665985964493 996.977051 
1737666025961472 996.980469 
1737666065961784 996.944336 
1737666105963503 996.949463 
1737666145963295 996.951904 
1737666185963503 996.908447 
1737666225963555 996.862061 
1737666265963243 996.801514 
1737666305985951 996.784912 
1737666345961993 996.819336 
1737666385963503 996.880371 
1737666425963503 996.948730 
1737666465963243 997.027100 
1737666505963555 997.104736 
1737666545963295 997.187012 
1737666585965586 997.222168 
1737666625953920 997.250244 
1737666665962253 997.264893 
1737666705963295 997.251709 
1737666745963243 997.163818 
1737666785963503 997.031982 
1737666825963243 996.876953 
1737666865963295 996.763428 
1737666905970639 996.735352 
1737666945962305 996.748535 
1737666985962722 996.781250 
1737667025963503 996.842041 
1737667065963555 996.914307 
1737667105963816 996.966797 
1737667145963816 996.979248 
1737667185965482 996.970947 
1737667226018034 996.955566 
1737667265962514 996.968750 
1737667305963243 996.957520 
1737667345962722 996.907227 
1737667385963243 996.863281 
1737667425963191 996.812744 
1737667465962670 996.806885 
1737667505951316 996.838135 
1737667545961993 996.901367 
1737667585962722 996.963135 
1737667625964076 997.024902 
1737667665963503 997.081055 
1737667705963243 997.143555 
1737667745963034 997.181641 
1737667786036107 997.230469 
1737667825961993 997.270264 
1737667865961732 997.209229 
1737667905963243 997.124023 
1737667945962670 996.967529 
1737667985962774 996.832275 
1737668025962461 996.770996 
1737668065963555 996.747070 
1737668105962618 996.763428 
1737668145961993 996.812500 
1737668185963503 996.880859 
1737668225962670 996.929443 
1737668265963503 996.976563 
1737668305962722 996.975342 
1737668345962982 996.988281 
1737668385962774 997.014893 
1737668425961993 997.004395 
1737668465961784 996.859863 
1737668505963555 996.817627 
1737668545962722 996.809082 
1737668585962461 996.839600 
1737668625963243 996.886719 
1737668665963295 996.961182 
1737668705963503 997.051025 
1737668745961524 997.135254 
1737668785961472 997.171387 
1737668825962722 997.214844 
1737668865962774 997.277832 
1737668905963243 997.286133 
1737668945962722 997.222900 
1737668985963295 997.089355 
1737669025962201 996.917969 
1737669065962201 996.783936 
1737669105963243 996.744873 
1737669145962201 996.746338 
1737669185963243 996.789063 
1737669225963243 996.873535 
1737669265962722 996.964111 
1737669305961941 997.017090 
1737669345969389 997.050537 
1737669385963503 997.005127 
1737669425964024 996.958984 
1737669465963503 996.934814 
1737669505963243 996.893555 
1737669545962774 996.872314 
1737669585963503 996.830566 
1737669625964076 996.796143 
1737669665961524 996.805908 
1737669705963555 996.849365 
1737669745963243 996.910645 
1737669785962722 996.979736 
1737669825963555 997.053955 
1737669865951628 997.150146 
1737669905965222 997.214355 
1737669946057982 997.255859 
1737669985963503 997.284912 
1737670025962982 997.300049 
1737670065962722 997.198730 
1737670105963555 997.104736 
1737670145963764 996.957031 
1737670185962982 996.803467 
1737670225951941 996.709473 
1737670265962045 996.719971 
1737670305963243 996.749512 
1737670345962670 996.791504 
1737670385963191 996.864258 
1737670425962982 996.934570 
1737670465963295 996.986084 
1737670505962357 997.005615 
1737670545962253 996.969482 
1737670585962514 996.955322 
1737670625963243 996.963867 
1737670665963243 996.925049 
1737670705963295 996.863281 
1737670745965066 996.826172 
1737670785963243 996.798340 
1737670825971264 996.815430 
1737670865961732 996.872559 
1737670905965586 996.943848 
1737670945948659 997.015381 
1737670985963503 997.081055 
1737671025963243 997.148682 
1737671065962982 997.186768 
1737671105962514 997.234375 
1737671145964076 997.285889 
1737671185961993 997.317871 
1737671225963503 997.229736 
1737671265963243 997.090820 
1737671305962982 996.937988 
1737671345962982 996.781982 
1737671385963295 996.720703 
1737671425962305 996.732910 
1737671465961993 996.749268 
1737671505963243 996.785889 
1737671545963295 996.845703 
1737671585963243 996.909424 
1737671625963243 996.946045 
1737671665962722 996.968994 
1737671705964597 996.949707 
1737671745968659 996.937500 
1737671785962045 996.940186 
1737671825963243 996.908447 
1737671865962722 996.899170 
1737671905963503 996.873779 
1737671945963503 996.836182 
1737671985963034 996.844482 
1737672026101889 996.891846 
1737672065961993 996.957275 
1737672105962982 997.093262 
1737672145963034 997.149414 
1737672185962722 997.229736 
1737672225962982 997.314941 
1737672265962722 997.424072 
1737672305966055 997.423340 
1737672345974389 997.287598 
1737672385963295 997.034912 
1737672425963243 996.832520 
1737672465962722 996.704834 
1737672505962722 996.650879 
1737672545963503 996.681641 
1737672585963243 996.753906 
1737672625988764 996.820801 
1737672665961993 996.868896 
1737672705962722 996.913574 
1737672745963555 996.930908 
1737672785962774 996.950195 
1737672825963243 996.988770 
1737672865962722 996.981689 
1737672905963972 996.906982 
1737672945963243 996.828857 
1737672985961784 996.776123 
1737673025963034 996.787598 
1737673065962722 996.836914 
1737673105962982 996.900391 
1737673145962982 996.983398 
1737673185962722 997.066650 
1737673225981628 997.163330 
1737673265961732 997.248047 
1737673305963295 997.313232 
1737673345963191 997.332031 
1737673385963243 997.375244 
1737673425963243 997.274414 
1737673465962722 997.142090 
1737673506013034 996.958252 
1737673545962305 996.780029 
1737673585961993 996.708740 
1737673625962982 996.718750 
1737673665963034 996.750000 
1737673705963034 996.805908 
1737673745963243 996.871582 
1737673785963816 996.931396 
1737673825964284 996.950195 
1737673865961993 996.957520 
1737673905963243 996.974365 
1737673945963555 996.982666 
1737673985963295 996.947754 
1737674025963243 996.873535 
1737674065963034 996.836914 
1737674105963295 996.833008 
1737674145965170 996.832520 
1737674185961732 996.848877 
1737674225963243 996.902344 
1737674265962722 996.975586 
1737674305962722 997.047852 
1737674345963451 997.115234 
1737674385964024 997.174805 
1737674425948659 997.212646 
1737674466072253 997.237549 
1737674505963243 997.282959 
1737674545963503 997.255371 
1737674585963243 997.159424 
1737674625963191 996.993408 
1737674665963191 996.829834 
1737674705962461 996.748779 
1737674745961941 996.735107 
1737674785962253 996.743164 
1737674825963503 996.785645 
1737674865963295 996.858643 
1737674905962722 996.928711 
1737674945962982 996.969238 
1737674985963243 996.985596 
1737675025962409 996.968994 
1737675065961732 996.955566 
1737675105961993 996.944336 
1737675145963503 996.894287 
1737675185963764 996.867188 
1737675225963503 996.853516 
1737675265962982 996.841553 
1737675305964545 996.860107 
1737675345962253 996.900879 
1737675385961993 996.976563 
1737675425962722 997.058350 
1737675465963243 997.135254 
1737675505963295 997.208984 
1737675545963243 997.270264 
1737675585963243 997.306152 
1737675625964545 997.327393 
1737675665998347 997.324951 
1737675705963243 997.050781 
1737675745963503 996.877930 
1737675785963243 996.797852 
1737675825963243 996.781006 
1737675865963243 996.778320 
1737675905963243 996.823975 
1737675945961993 996.894287 
1737675985962253 996.943848 
1737676025963243 996.965576 
1737676065962461 996.977783 
1737676105963295 996.958252 
1737676145963503 996.958008 
1737676185963243 996.957764 
1737676225964076 996.907715 
1737676265962253 996.871826 
1737676305963243 996.813232 
1737676345963243 996.791260 
1737676385963295 996.815674 
1737676425963243 996.876953 
1737676465962982 996.964600 
1737676505963243 997.049561 
1737676545962305 997.141602 
1737676585962305 997.219727 
1737676625964024 997.277344 
1737676665948607 997.320313 
1737676705963295 997.366943 
1737676745963243 997.319336 
1737676785963295 997.197510 
1737676825963295 997.012451 
1737676865970222 996.822021 
1737676905964076 996.720215 
1737676945963295 996.705078 
1737676985962982 996.726807 
1737677025963503 996.774414 
1737677065963243 996.823242 
1737677105963243 996.870117 
1737677145965586 996.896973 
1737677185961993 996.927734 
1737677225962514 996.929443 
1737677265963503 996.931641 
1737677305962930 996.914063 
1737677345963243 996.877686 
1737677385965066 996.832520 
1737677425963868 996.807129 
1737677465961941 996.806885 
1737677505961993 996.831299 
1737677545963191 996.893555 
1737677585962461 996.963867 
1737677625963503 997.019531 
1737677665963764 997.098633 
1737677705963764 997.180664 
1737677745962461 997.223389 
1737677785961472 997.273682 
1737677825963503 997.318115 
1737677865963503 997.308350 
1737677905964024 997.210205 
1737677945965326 997.079590 
1737677985963191 996.905762 
1737678025964961 996.776611 
1737678065962201 996.737061 
1737678105962045 996.749756 
1737678145963503 996.792480 
1737678185963503 996.858643 
1737678225963764 996.952637 
1737678265963243 997.010010 
1737678305963243 997.052734 
1737678345962045 997.017578 
1737678385962253 996.971191 
1737678425961993 996.949463 
1737678465963503 996.921631 
1737678505963243 996.895996 
1737678545964024 996.835449 
1737678585963555 996.808105 
1737678625964597 996.852051 
1737678665965691 996.910400 
1737678705961732 996.958008 
1737678745963243 997.010498 
1737678785962461 997.075928 
1737678825963243 997.154053 
1737678865963295 997.212402 
1737678905962982 997.309326 
1737678945962461 997.364990 
1737678985961420 997.354004 
1737679025963243 997.214355 
1737679065963243 997.020508 
1737679105963503 996.844727 
1737679145963243 996.752686 
1737679185963243 996.737305 
1737679226029597 996.758545 
1737679265963555 996.798828 
1737679305962045 996.918945 
1737679345962982 996.956299 
1737679385962514 996.965820 
1737679425963243 996.943848 
1737679465963243 996.948242 
1737679505956836 996.958984 
1737679545963243 996.936035 
1737679585962930 996.886475 
1737679625963503 996.823975 
1737679665962982 996.811035 
1737679705963243 996.850098 
1737679745963503 996.907227 
1737679785963191 996.977051 
1737679825951368 997.046875 
1737679865962253 997.132813 
1737679905961472 997.206543 
1737679945963503 997.250977 
1737679985963503 997.312744 
1737680025962982 997.334717 
1737680065963503 997.377197 
1737680105963764 997.269287 
1737680145964857 997.136475 
1737680185962305 996.937012 
1737680225963555 996.777344 
1737680265963243 996.731934 
1737680305963503 996.724121 
1737680345963816 996.738770 
1737680385963555 996.786133 
1737680425964493 996.835938 
1737680465962045 996.905273 
1737680505962826 996.945313 
1737680545963503 996.960449 
1737680585962982 996.941406 
1737680625963243 996.942139 
1737680665963243 996.946289 
1737680705962982 996.896729 
1737680745963399 996.857666 
1737680785965639 996.817383 
1737680825963243 996.787109 
1737680865963503 996.806885 
1737680905963243 996.868408 
1737680945962982 996.935547 
1737680985963295 997.008789 
1737681025963295 997.084961 
1737681065966941 997.159912 
1737681105962253 997.218018 
1737681145962982 997.261475 
1737681185963243 997.289063 
1737681225963243 997.331543 
1737681265963243 997.260986 
1737681305967670 997.132568 
1737681345963503 996.965820 
1737681386053555 996.813232 
1737681425962305 996.764160 
1737681465963243 996.770020 
1737681505962774 996.773682 
1737681545962670 996.807129 
1737681585951628 996.876709 
1737681625962982 996.928467 
1737681665949128 996.954102 
1737681705962618 996.968018 
1737681745962461 996.958008 
1737681785963191 996.963379 
1737681825962930 996.961182 
1737681865962982 996.914795 
1737681905964805 996.863281 
1737681945966524 996.838135 
1737681985963711 996.816162 
1737682025961993 996.827881 
1737682065962982 996.883789 
1737682105962982 996.952881 
1737682145963764 997.025879 
1737682185963295 997.101318 
1737682225963243 997.182129 
1737682265963659 997.230469 
1737682305962253 997.295166 
1737682345962774 997.308838 
1737682385963034 997.317871 
1737682425963555 997.226318 
1737682465962982 997.098633 
1737682505963243 996.922852 
1737682545963816 996.780273 
1737682585948659 996.750977 
1737682625961211 996.769531 
1737682665963503 996.793213 
1737682705963764 996.847900 
1737682745963243 996.914063 
1737682785963503 996.946777 
1737682825963295 996.971191 
1737682865963972 996.945313 
1737682905961993 996.961914 
1737682945961993 996.958008 
1737682985963764 996.917480 
1737683025962461 996.876221 
1737683065962722 996.834961 
1737683105963191 996.833008 
1737683145963191 996.877686 
1737683185961993 996.934814 
1737683225963451 997.001465 
1737683265963191 997.057617 
1737683305963243 997.112061 
1737683345963191 997.180420 
1737683385963191 997.231934 
1737683425963503 997.281738 
1737683465962930 997.347412 
1737683505961993 997.303223 
1737683545962722 997.189941 
1737683585963243 997.034424 
1737683625962722 996.855225 
1737683665962722 996.749268 
1737683705962930 996.722168 
1737683745964284 996.724365 
1737683785967097 996.757324 
1737683825961993 996.822510 
1737683865963243 996.898682 
1737683905963243 996.947510 
1737683945964284 996.986816 
1737683985963243 996.988037 
1737684025963191 996.983643 
1737684065968034 996.994629 
1737684105961732 996.965332 
1737684145962253 996.919189 
1737684185963139 996.877441 
1737684225963191 996.839844 
1737684265963295 996.845215 
1737684305962982 996.911377 
1737684345963607 996.980469 
1737684385961732 997.045654 
1737684425964128 997.108887 
1737684465961993 997.193115 
1737684505963034 997.248047 
1737684545963034 997.313965 
1737684585963034 997.362793 
1737684625962982 997.349121 
1737684665963451 997.240234 
1737684705961732 997.042725 
1737684745963920 996.859863 
1737684785962461 996.757568 
1737684825963034 996.734619 
1737684865963243 996.754639 
1737684905962201 996.802979 
1737684945972409 996.869385 
1737684985961472 996.935547 
1737685025961993 996.974365 
1737685065963243 996.996826 
1737685105962930 996.964111 
1737685145963243 996.952881 
1737685185963243 996.967285 
1737685225963243 996.927979 
1737685266054128 996.880859 
1737685305962253 996.842773 
1737685345961993 996.815430 
1737685385962982 996.827881 
1737685425963816 996.881592 
1737685465963034 996.953613 
1737685505962930 997.029297 
1737685545966055 997.107422 
1737685585961732 997.183105 
1737685625962045 997.241943 
1737685665962461 997.303955 
1737685705963243 997.358398 
1737685745962982 997.344971 
1737685785963243 997.227539 
1737685825962982 997.026123 
1737685865952461 996.852295 
1737685905961732 996.772217 
1737685945962722 996.757080 
1737685985963503 996.758789 
1737686025963243 996.795166 
1737686065963243 996.879395 
1737686105962670 996.955811 
1737686145963295 996.992188 
1737686185963399 997.014893 
1737686225962201 996.972168 
1737686265961472 996.946045 
1737686305962201 996.960693 
1737686345963243 996.950195 
1737686385963243 996.920898 
1737686425962722 996.865479 
1737686465962305 996.814941 
1737686505962566 996.895264 
1737686545963764 996.952148 
1737686585963243 997.005127 
1737686625964493 997.067139 
1737686665962461 997.130371 
1737686705963243 997.186035 
1737686745962982 997.250977 
1737686785962774 997.321533 
1737686825961993 997.368408 
1737686865963243 997.308594 
1737686905963243 997.190918 
1737686945962722 996.992920 
1737686985963503 996.828613 
1737687025962461 996.762207 
1737687066104336 996.754639 
1737687105962982 996.773193 
1737687145962409 996.827148 
1737687185963243 996.897461 
1737687225962722 996.956055 
1737687265963243 996.988037 
1737687305962722 996.977539 
1737687345963295 996.942627 
1737687385962618 996.942383 
1737687425962253 996.945801 
1737687465963555 996.885498 
1737687505962982 996.848389 
1737687545962982 996.811279 
1737687585963555 996.824219 
1737687625963034 996.861572 
1737687665966368 996.917480 
1737687705962201 996.979736 
1737687745961993 997.066895 
1737687785963243 997.156738 
1737687825963191 997.220703 
1737687865965586 997.266846 
1737687905963451 997.321533 
1737687945963243 997.343994 
1737687985963764 997.320557 
1737688025961732 997.221680 
1737688065963243 997.040283 
1737688105962982 996.864014 
1737688145963243 996.764648 
1737688185963243 996.755127 
1737688225962982 996.766113 
1737688265962097 996.795898 
1737688305962514 996.855469 
1737688345962253 996.909912 
1737688385963503 996.940430 
1737688425963243 996.960205 
1737688465963243 996.957520 
1737688505963191 996.931396 
1737688545963503 996.933350 
1737688585961264 996.936035 
1737688625961472 996.902100 
1737688665962982 996.893799 
1737688705950482 996.839111 
1737688745963191 996.806885 
1737688785963243 996.840820 
1737688825962722 996.913086 
1737688865963503 997.001465 
1737688905962774 997.064209 
1737688945962253 997.116211 
1737688985963243 997.183105 
1737689025963503 997.227539 
1737689065963191 997.276123 
1737689105963503 997.322266 
1737689145963243 997.342773 
1737689185961941 997.268555 
1737689225962201 997.123779 
1737689265963243 996.939453 
1737689305963920 996.788086 
1737689345963503 996.756348 
1737689385962722 996.770508 
1737689425963191 996.785400 
1737689465964024 996.842529 
1737689505948659 996.912354 
1737689545961472 996.945801 
1737689585963555 996.970703 
1737689625963243 996.976807 
1737689665963243 996.964844 
1737689705965066 996.978027 
1737689745963295 996.984375 
1737689785964441 996.952148 
1737689825962253 996.894531 
1737689865962722 996.830811 
1737689905963451 996.811035 
1737689945963555 996.842529 
1737689985963764 996.901855 
1737690025963243 996.972412 
1737690065965378 997.038574 
1737690105961524 997.163330 
1737690145962305 997.212891 
1737690185967670 997.283936 
1737690225962722 997.340088 
1737690265963503 997.374756 
1737690305963243 997.292480 
1737690345962982 997.140137 
1737690385967409 996.948730 
1737690425961993 996.785400 
1737690465963503 996.724609 
1737690505963764 996.722168 
1737690545963243 996.737793 
1737690585963191 996.795898 
1737690625963243 996.847412 
1737690665966784 996.901123 
1737690705962514 996.946045 
1737690745961993 996.970215 
1737690785963243 996.959473 
1737690825963555 996.983398 
1737690865963243 996.984619 
1737690905963295 996.921387 
1737690945964336 996.890869 
1737690985962722 996.848633 
1737691025961993 996.824951 
1737691065962982 996.863770 
1737691105963243 996.933105 
1737691145963243 997.003418 
1737691185963243 997.066162 
1737691225962982 997.143555 
1737691266097566 997.218994 
1737691305950326 997.263184 
1737691345961732 997.279053 
1737691385963295 997.314941 
1737691425963555 997.311279 
1737691465962982 997.188477 
1737691505963243 997.064453 
1737691545961732 996.890137 
1737691585961941 996.766602 
1737691625961784 996.753662 
1737691665963243 996.767822 
1737691705963243 996.808838 
1737691745962982 996.881348 
1737691785963243 996.955078 
1737691825962774 996.990479 
1737691865963295 997.008545 
1737691905961993 996.963867 
1737691945962305 996.932617 
1737691985962774 996.948730 
1737692025962461 996.917969 
1737692065963503 996.888672 
1737692105963243 996.826904 
1737692145963034 996.795166 
1737692186148503 996.801514 
1737692225962409 996.854248 
1737692265963503 996.926025 
1737692305963764 996.986816 
1737692345963503 997.054443 
1737692385963503 997.125244 
1737692425963295 997.178955 
1737692465963243 997.256104 
1737692505961784 997.309082 
1737692545961993 997.344238 
1737692585962982 997.278320 
1737692625963764 997.140137 
1737692665962982 996.944824 
1737692705963503 996.792480 
1737692745962461 996.750488 
1737692785963347 996.747803 
1737692825961472 996.775391 
1737692865962045 996.816162 
1737692905963764 996.875977 
1737692945962982 996.930176 
1737692985963503 996.964355 
1737693025963503 996.965820 
1737693065963503 996.931641 
1737693105959545 996.948975 
1737693145961993 996.943848 
1737693185963503 996.906006 
1737693225963243 996.863037 
1737693265963243 996.804199 
1737693305963503 996.809326 
1737693345963243 996.846924 
1737693385964493 996.906738 
1737693425962618 996.969482 
1737693465963295 997.043945 
1737693505963243 997.128418 
1737693545963816 997.210938 
1737693585963503 997.265869 
1737693625963503 997.285889 
1737693665963243 997.316650 
1737693705965951 997.168945 
1737693745962045 997.024170 
1737693785962514 996.843262 
1737693825962982 996.744141 
1737693865963243 996.738037 
1737693905963295 996.771484 
1737693945963034 996.816895 
1737693985962097 996.890137 
1737694025961264 996.958252 
1737694065961472 997.003662 
1737694105962722 997.001465 
1737694145962774 996.951904 
1737694185963243 996.946777 
1737694225962722 996.958008 
1737694265962982 996.918213 
1737694305964493 996.879639 
1737694345961472 996.821533 
1737694385963243 996.808350 
1737694425964180 996.836426 
1737694465962982 996.890381 
1737694505963243 996.953125 
1737694545962774 997.032959 
1737694585963764 997.117676 
1737694625962253 997.197754 
1737694665963243 997.250732 
1737694705963034 997.307861 
1737694745963243 997.356689 
1737694785963555 997.340088 
1737694825962982 997.218750 
1737694865962982 997.029541 
1737694905965691 996.829102 
1737694945961993 996.719971 
1737694985962514 996.701172 
1737695025963243 996.727783 
1737695065963243 996.768799 
1737695105962982 996.823975 
1737695145962982 996.893311 
1737695185965118 996.924316 
1737695225961993 996.933105 
1737695265961211 996.914551 
1737695305962722 996.943848 
1737695345963503 996.962646 
1737695385963243 996.914551 
1737695425963295 996.852783 
1737695465963451 996.810547 
1737695506021524 996.804443 
1737695545961993 996.824219 
1737695585963764 996.870117 
1737695625964024 996.946777 
1737695665963243 997.012695 
1737695705963034 997.094971 
1737695745962982 997.180176 
1737695785966159 997.248047 
1737695825964597 997.290283 
1737695865962305 997.316650 
1737695905963764 997.291016 
1737695945962982 997.161865 
1737695985963243 997.042236 
1737696025963816 996.889160 
1737696065963243 996.807129 
1737696105964180 996.775146 
1737696145961993 996.768311 
1737696185961941 996.789063 
1737696225963503 996.851318 
1737696265963816 996.913818 
1737696305963764 996.953613 
1737696345963243 996.987305 
1737696385963764 996.976074 
1737696425962045 996.953125 
1737696465961993 996.963135 
1737696505962982 996.968750 
1737696545963295 996.934326 
1737696585963764 996.894775 
1737696625963503 996.852051 
1737696665963243 996.817627 
1737696705963711 996.834473 
1737696745961993 996.889404 
1737696785962930 996.962158 
1737696825963764 997.035645 
1737696865963764 997.111328 
1737696905963451 997.198242 
1737696945963295 997.242920 
1737696986028243 997.264893 
1737697025962514 997.289063 
1737697065961993 997.353516 
1737697105963243 997.285156 
1737697145962982 997.126221 
1737697185963243 996.983154 
1737697225963243 996.811035 
1737697265963764 996.724609 
1737697305951159 996.733887 
1737697345961472 996.790039 
1737697385963764 996.847168 
1737697425963347 996.936768 
1737697465963243 996.978027 
1737697505963503 996.975830 
1737697545963243 996.972412 
1737697585951003 996.980713 
1737697625961993 996.951416 
1737697665961732 996.902588 
1737697705963243 996.861084 
1737697745963243 996.841797 
1737697785963503 996.849121 
1737697825963243 996.887695 
1737697865963503 996.950439 
1737697905965014 997.029053 
1737697945961993 997.096680 
1737697985963503 997.172119 
1737698025963503 997.222168 
1737698065963243 997.291504 
1737698105963191 997.337891 
1737698145963503 997.350830 
1737698185966107 997.283936 
1737698225961732 997.157471 
1737698265961993 997.005615 
1737698305963243 996.843018 
1737698345963243 996.748047 
1737698385963243 996.743164 
1737698425963503 996.763916 
1737698465963503 996.817383 
1737698505963347 996.897461 
1737698545961993 996.970215 
1737698585962982 997.021484 
1737698625962722 997.022461 
1737698665962982 996.962158 
1737698705963243 996.926514 
1737698745963243 996.902100 
1737698785963503 996.856201 
1737698825962253 996.846924 
1737698865966784 996.813477 
1737698905963503 996.816162 
1737698945963503 996.865479 
1737698985963503 996.932861 
1737699025963295 996.992676 
1737699065966836 997.057129 
1737699105963555 997.125244 
1737699145962774 997.180176 
1737699185963295 997.236572 
1737699225963555 997.277832 
1737699265963243 997.322021 
1737699305963503 997.292236 
1737699345962982 997.184326 
1737699385963191 997.020264 
1737699425969649 996.822021 
1737699465961993 996.732178 
1737699505963243 996.715576 
1737699545965326 996.728271 
1737699585963503 996.752197 
1737699625963243 996.808105 
1737699665963243 996.879883 
1737699705963034 996.928467 
1737699745961993 996.959717 
1737699785961784 996.943115 
1737699825962722 996.935059 
1737699865963243 996.943359 
1737699905963191 996.919434 
1737699945963243 996.890137 
1737699985962982 996.849609 
1737700025962253 996.829834 
1737700065961941 996.847168 
1737700105962461 996.920898 
1737700145962514 996.992432 
1737700185963451 997.064209 
1737700225963191 997.149170 
1737700265962722 997.223145 
1737700305962253 997.275879 
1737700345961993 997.325195 
1737700385961993 997.348389 
1737700425963243 997.299072 
1737700465963503 997.180176 
1737700505963243 997.000488 
1737700545963451 996.825195 
1737700585963191 996.751221 
1737700625961993 996.743408 
1737700665962253 996.753418 
1737700705963503 996.794922 
1737700745963503 996.856689 
1737700785963034 996.905518 
1737700825962982 996.922363 
1737700865963243 996.944092 
1737700905965118 996.935547 
1737700945962514 996.943604 
1737700985962253 996.918701 
1737701025963503 996.868164 
1737701065963503 996.801025 
1737701105964545 996.798828 
1737701145962982 996.837158 
1737701185963243 996.903076 
1737701225965066 996.970947 
1737701265961993 997.056885 
1737701305963034 997.122314 
1737701345963503 997.179199 
1737701385963243 997.258057 
1737701425963243 997.348877 
1737701465963191 997.387939 
1737701505965691 997.317383 
1737701545961993 997.187012 
1737701585965534 997.003906 
1737701625963503 996.847168 
1737701665963555 996.777344 
1737701705962982 996.773682 
1737701745964024 996.783447 
1737701785962722 996.825195 
1737701825995014 996.883789 
1737701865961941 996.950684 
1737701905963243 996.970459 
1737701945963503 996.967773 
1737701985963243 996.937988 
1737702025963243 996.944824 
1737702065962982 996.939697 
1737702105965014 996.888428 
1737702145962930 996.838623 
1737702185962045 996.778320 
1737702225963503 996.782471 
1737702265963243 996.812012 
1737702305963243 996.869385 
1737702345963243 996.945801 
1737702385963243 997.029297 
1737702425962566 997.106201 
1737702465962305 997.175049 
1737702505963295 997.247070 
1737702545963243 997.319580 
1737702585963191 997.375977 
1737702625963243 997.341797 
1737702665963503 997.210205 
1737702705967618 997.037109 
1737702745963191 996.865479 
1737702785961524 996.758545 
1737702825963243 996.740234 
1737702865963034 996.758545 
1737702905963243 996.802734 
1737702945962722 996.865234 
1737702985963243 996.924561 
1737703025962982 996.954346 
1737703065962253 996.967529 
1737703105963243 996.948486 
1737703145963191 996.955566 
1737703185963243 996.962891 
1737703225962982 996.916992 
1737703265963295 996.861816 
1737703305964961 996.825684 
1737703345961732 996.813477 
1737703385961472 996.822754 
1737703425962982 996.874756 
1737703465963243 996.935791 
1737703505963034 996.996094 
1737703545962982 997.075928 
1737703585963503 997.147217 
1737703625964076 997.196289 
1737703665962253 997.243896 
1737703705963243 997.308594 
1737703745963243 997.339111 
1737703785963816 997.247803 
1737703825963555 997.125977 
1737703865964024 996.950684 
1737703905963034 996.799805 
1737703945962305 996.756348 
1737703985961472 996.751709 
1737704025963503 996.770264 
1737704065963243 996.819580 
1737704105963555 996.893066 
1737704145963503 996.938477 
1737704185963503 996.967041 
1737704226057045 996.964600 
1737704265962253 996.931396 
1737704305963816 996.944824 
1737704345963816 996.958984 
1737704385963295 996.930420 
1737704425963295 996.894287 
1737704465963295 996.865479 
1737704505963555 996.837891 
1737704545964024 996.889648 
1737704585962305 996.935059 
1737704625962566 996.999023 
1737704665963243 997.065918 
1737704705963295 997.146973 
1737704745963034 997.199219 
1737704785963295 997.248779 
1737704825965118 997.320801 
1737704865961993 997.336670 
1737704905963295 997.254639 
1737704945963243 997.119873 
1737704985963295 996.952881 
1737705025963555 996.795898 
1737705065963764 996.756836 
1737705105963764 996.767578 
1737705145968347 996.781006 
1737705185962253 996.832520 
1737705225962670 996.887207 
1737705265963503 996.919922 
1737705305963243 996.936768 
1737705345963295 996.962158 
1737705385963243 996.944580 
1737705425963816 996.958008 
1737705465962305 996.954102 
1737705505961993 996.899902 
1737705545963034 996.864502 
1737705585963555 996.814941 
1737705625963243 996.812744 
1737705665963243 996.854492 
1737705705963243 996.918213 
1737705745970274 996.987793 
1737705785962305 997.045410 
1737705825963503 997.107178 
1737705865963503 997.158447 
1737705905963764 997.214111 
1737705945963243 997.287842 
1737705985963243 997.371826 
1737706025962618 997.345947 
1737706065962253 997.214844 
1737706105963034 997.031738 
1737706145962722 996.854004 
1737706185963555 996.754883 
1737706225963503 996.743652 
1737706265963503 996.759033 
1737706305963243 996.802246 
1737706345965066 996.853516 
1737706385963295 996.909912 
1737706425963243 996.944336 
1737706465949805 996.952393 
1737706505963243 996.931641 
1737706545963243 996.925293 
1737706585963503 996.947266 
1737706625962357 996.928467 
1737706665961993 996.872803 
1737706705962045 996.841309 
1737706745963191 996.810791 
1737706785962930 996.831543 
1737706825963243 996.879150 
1737706865962722 996.942383 
1737706905962982 997.000977 
1737706945970118 997.069092 
1737706985964753 997.134033 
1737707025963555 997.177490 
1737707065963295 997.239258 
1737707105963503 997.301025 
1737707145963243 997.402832 
1737707185963243 997.314697 
1737707225966316 997.175049 
1737707265964128 997.010254 
1737707305962253 996.828613 
1737707345964024 996.750977 
1737707385963555 996.736816 
1737707425962722 996.743652 
1737707465963555 996.784668 
1737707505963399 996.843506 
1737707545962305 996.902344 
1737707585962305 996.923340 
1737707625963503 996.942627 
1737707665962982 996.947021 
1737707705963243 996.957275 
1737707745963451 996.946533 
1737707785962722 996.885986 
1737707825964909 996.847168 
1737707865961993 996.808838 
1737707905968243 996.802490 
1737707945964284 996.838623 
1737707985962670 996.899170 
1737708025963243 996.970703 
1737708065963243 997.052979 
1737708105963243 997.128418 
1737708145961993 997.207764 
1737708185961993 997.312744 
1737708225962045 997.376221 
1737708265963243 997.332031 
1737708305962722 997.194092 
1737708345962930 997.040039 
1737708385963295 996.856201 
1737708425965951 996.739014 
1737708465964180 996.729736 
1737708505961993 996.737793 
1737708545963243 996.779297 
1737708585962982 996.846680 
1737708625963243 996.906738 
1737708665963555 996.939453 
1737708705962982 996.930664 
1737708746038191 996.903809 
1737708785963086 996.914063 
1737708825962722 996.927246 
1737708865963764 996.884277 
1737708905963295 996.867676 
1737708945963555 996.829834 
1737708985963503 996.796631 
1737709026060378 996.808105 
1737709065961993 996.863281 
1737709105961993 996.925781 
1737709145963191 996.995361 
1737709185962982 997.059570 
1737709225962982 997.130127 
1737709265963243 997.187988 
1737709305963503 997.259766 
1737709345961993 997.327637 
1737709385962045 997.359131 
1737709425962982 997.243652 
1737709465962982 997.096436 
1737709505963243 996.899414 
1737709545962774 996.760254 
1737709585962774 996.728027 
1737709625963243 996.733887 
1737709665961993 996.748047 
1737709705961732 996.799316 
1737709745963243 996.878174 
1737709785963295 996.926514 
1737709825962982 996.948486 
1737709865962982 996.935303 
1737709905963243 996.933838 
1737709945964753 996.943848 
1737709985961993 996.923340 
1737710025962201 996.868164 
1737710065963243 996.829590 
1737710105962982 996.812744 
1737710145962982 996.807617 
1737710185963764 996.838379 
1737710225963243 996.900879 
1737710265962514 996.960449 
1737710305964024 997.039307 
1737710345963503 997.109131 
1737710385962982 997.173096 
1737710425963451 997.250488 
1737710465962982 997.302490 
1737710505963555 997.369385 
1737710545964805 997.390137 
1737710585961993 997.270752 
1737710625961993 997.097900 
1737710665963503 996.896240 
1737710705963451 996.747070 
1737710745963503 996.702637 
1737710785963243 996.695313 
1737710825964284 996.716553 
1737710865965743 996.799805 
1737710905962566 996.872314 
1737710945963555 996.915039 
1737710985963243 996.945068 
1737711025963555 996.949463 
1737711065962982 996.936279 
1737711105963295 996.956543 
1737711145963868 996.965332 
1737711185963816 996.924561 
1737711225961993 996.859863 
1737711265963243 996.800293 
1737711305963503 996.790283 
1737711345963243 996.816895 
1737711385963243 996.867920 
1737711425963243 996.928955 
1737711465971941 997.000000 
1737711505961941 997.082764 
1737711545963555 997.161621 
1737711585963503 997.226318 
1737711625963295 997.280762 
1737711665963243 997.349609 
1737711705964417 997.365234 
1737711745962699 997.112305 
1737711785962751 996.908691 
1737711825962751 996.749512 
1737711865963793 996.714844 
1737711905963741 996.706055 
1737711945963793 996.728516 
1737711985963741 996.793701 
1737738411221814 997.043701 
1737738451223532 997.038574 
1737738491224209 996.980225 
1737738531223324 996.979004 
1737738571222282 996.961914 
1737738611221970 996.919434 
1737738651225043 996.904297 
1737738691222803 996.894531 
1737738731223793 996.890381 
1737738771220720 996.870850 
1737738811223741 996.872803 
1737738851223168 996.879639 
1737738891224001 996.878418 
1737738931221241 996.865723 
1737738971222959 996.874023 
1737739011222282 996.882080 
1737739051223480 996.887207 
1737739091224730 996.898682 
1737739131221762 996.902344 
1737739171222439 996.908936 
1737739211224001 996.910889 
1737739251228741 996.912109 
1737739291224105 996.909180 
1737739331226449 996.916260 
1737739371224574 996.918213 
1737739411227334 996.924805 
1737739451228376 996.927490 
1737739491227126 996.926025 
