# Created at Fri Jan 31 08:53:22 GMT+01:00 2025 in Burnaby Canada 
72372871730651 -0.738186 7.929814 6.742974 
72372890488776 -1.086342 7.731210 6.190232 
72372909246901 -0.909273 7.464410 6.916454 
72372928005026 -0.819542 7.375876 7.064809 
72372946763151 -0.756132 7.366304 6.859026 
72372965521172 -1.121037 7.269395 6.798009 
72372984279297 -1.155733 7.170093 6.533602 
72373003037422 -0.906880 7.166504 6.339784 
72373021795547 -0.556331 7.234699 6.147161 
72373040553672 -0.246461 7.502696 5.584848 
72373059311797 -0.128016 7.904690 5.225924 
72373078069870 -0.208176 7.755138 5.258228 
72373096827942 -0.321835 7.573284 5.606383 
72373115586067 -0.409173 7.473981 5.894719 
72373134344192 -0.351745 7.471589 5.974878 
72373153102317 -0.302692 7.412964 6.205786 
72373171860442 -0.387637 7.265806 6.210571 
72373190618463 -0.593420 7.221539 5.831309 
72373209376588 -0.565903 7.270592 5.667400 
72373228134713 -0.342174 7.418947 6.013163 
72373246892786 -0.081356 7.351948 6.679564 
72373265650963 -0.064606 7.353144 6.774081 
72373284409036 -0.324227 7.295716 6.300302 
72373303167109 -0.463011 7.471589 5.824131 
72373321925234 -0.595813 7.540980 5.706882 
72373340683359 -0.808774 7.518249 5.821737 
72373359441484 -0.549153 7.442875 5.844469 
72373378199557 -0.403191 7.584051 6.340980 
72373396957630 -0.331406 7.668997 6.327819 
72373415715755 -0.381655 7.637890 6.407979 
72373434473880 -0.442672 7.659425 6.388836 
72373453232005 -0.477368 7.607980 6.174679 
72373471990078 -0.478565 7.646265 6.479764 
72373490748151 -0.137587 7.537391 7.020542 
72373509506276 0.241675 7.731210 7.062416 
72373528264401 0.413958 7.788638 5.962914 
72373547022526 -0.123230 7.121040 5.272585 
72373565780599 -1.138984 6.406783 5.551349 
72373584538672 -1.679762 6.041877 6.331409 
72373603296797 -0.786042 4.762914 6.072984 
72373622054922 0.061017 4.792824 5.154140 
72373640813047 1.088734 5.344369 2.871387 
72373659571120 0.297906 5.216353 1.384248 
72373678329192 -3.140580 2.422733 4.053442 
72373697087317 -2.621337 -0.211765 3.141776 
72373715845442 -0.595813 0.197408 2.213361 
72373734603567 -1.258625 -0.019143 2.514857 
72373753361588 -0.654437 -1.339981 1.129412 
72373772119713 1.399801 -3.113062 1.399801 
72373790877838 3.065206 -4.262814 1.330409 
72373809635963 5.425725 -3.891926 -0.539581 
72373828394088 7.115058 -3.355934 -2.501696 
72373847152109 7.330412 -4.466204 -2.445465 
72373865910234 6.872187 -7.453642 -0.861416 
72373884668359 9.521041 -6.535995 -0.321835 
72373903426484 13.150953 -5.320441 -4.021139 
72373922184609 16.110874 -5.456832 -4.735396 
72373940942630 17.909081 -5.510671 -0.930808 
72373959700755 18.193827 -6.411568 3.590430 
72373978458880 18.971495 -6.940382 2.770889 
72373997217005 22.225733 -5.669793 0.350549 
72374015975130 27.256643 -3.273381 -0.417548 
72374034733151 31.244282 -0.847059 0.842274 
72374053491276 31.540991 1.134198 0.947558 
72374072249401 28.754549 1.951347 -0.559920 
72374091007474 28.363323 3.676572 -2.480161 
72374109765651 28.587051 5.386244 -2.344966 
72374128523724 26.535206 6.348158 -1.730011 
72374147281797 22.019951 5.876772 -2.583052 
72374166039922 17.737995 4.877769 -2.384448 
72374184798047 15.199209 4.543970 -2.248057 
72374203556172 12.248859 4.198207 -4.777270 
72374222314245 8.620144 2.709872 -7.366304 
72374241072317 3.276971 -0.772882 -6.476174 
72374259830442 -4.798806 -8.585447 -7.063612 
72374278588567 1.507478 -4.893322 -4.649254 
72374297346640 7.947761 -3.675375 -1.312463 
72374316104817 9.361918 -3.893122 -0.009571 
72374334862890 6.887740 -5.024928 1.275374 
72374353620963 7.411768 -5.021338 0.319442 
72374372379088 9.529416 -3.951747 -0.022732 
72374391137213 10.737792 -4.042674 -0.069392 
72374409895338 9.870394 -4.284349 -0.045464 
72374428653411 8.244471 -4.436293 0.678365 
72374447411484 8.038688 -3.873980 1.580459 
72374466169609 8.817552 -3.412165 1.785046 
72374484927734 9.142975 -2.883351 1.986043 
72374503685859 10.157532 -2.438286 2.400001 
72374522443984 11.837294 -1.448854 3.454040 
72374541202109 12.874582 -0.396012 2.219343 
72374559960130 11.715260 0.374477 -3.719643 
72374578718255 10.618151 0.547956 -3.619144 
72374597476380 10.194621 -0.055035 -3.633501 
72374616234505 10.025927 0.063410 -3.402594 
72374634992578 11.304891 1.027717 -2.709872 
72374653750755 11.075180 1.198804 -1.448854 
72374672508828 8.530413 0.665205 -0.580260 
72374691266901 9.029316 0.971486 1.680958 
72374710025026 8.455039 -0.278764 3.148955 
72374728783151 5.667400 -1.964507 -1.590031 
72374747541276 3.397808 -6.130412 0.356531 
72374766299349 0.873380 -4.929214 -2.697907 
72374785057474 7.958528 -6.443871 -3.265007 
72374803815651 4.904090 -7.085148 0.552742 
72374822573724 6.092126 -8.572288 -1.069592 
72374841331797 11.831311 -5.647061 -0.508475 
72374860089922 14.462220 -2.742175 -1.015753 
72374878848047 12.110075 -3.135794 -0.849452 
72374897606172 9.515059 -4.941179 -0.793221 
72374916364297 9.458828 -6.349355 -0.803988 
72374935122422 10.559526 -5.705686 0.912862 
72374953880547 9.430114 -5.855237 0.894916 
72374972638672 8.309076 -8.498110 -0.295514 
72374991396797 9.487542 -8.264810 -0.416351 
72375010154922 10.045070 -8.126026 -1.210768 
72375028912942 8.118847 -5.221139 -0.514457 
72375047671067 5.895915 -5.582455 -1.545763 
72375066429192 5.728417 -8.214561 -1.521835 
72375085187317 7.479964 -16.356138 -1.490728 
72375103945442 6.117251 -9.068798 -4.286742 
72375122703567 4.413561 -7.274181 -2.562713 
72375141461692 6.373283 -6.312266 -2.778067 
72375160219817 7.853244 -8.263613 -3.464807 
72375178977942 5.414958 -9.749556 -2.305485 
72375197736067 3.617948 -9.663414 -0.101695 
72375216494192 5.367101 -7.680961 -2.129612 
72375235252265 5.761917 -5.553741 -2.924029 
72375254010338 5.285745 -5.650651 -3.318845 
72375272768463 4.418347 -4.785645 -3.125026 
72375291526588 5.919843 -7.378269 -3.239882 
72375310284713 4.597809 -6.890133 -3.172883 
72375329042838 3.908676 -5.657829 -2.793620 
72375347800963 4.243671 -7.021738 -2.425126 
72375366559088 4.925625 -8.172686 -2.165504 
72375385317213 4.102494 -9.420543 -3.170490 
72375404075338 2.181058 -8.677571 -4.432704 
72375422833463 2.659622 -7.911868 -4.692325 
72375441591588 3.900301 -7.603194 -5.279763 
72375460349713 4.423132 -8.468200 -5.919843 
72375479107838 3.513860 -8.455039 -5.674579 
72375497865963 3.567698 -8.246863 -5.150551 
72375516624036 4.748557 -8.316256 -4.620541 
72375535382109 4.864608 -8.041080 -4.319045 
72375554140234 3.159722 -8.423932 -3.671786 
72375572898359 1.217947 -8.606983 -2.143969 
72375591656484 -0.083749 -7.994421 -0.504886 
72375610414609 -1.103091 -7.159325 -0.485743 
72375629172734 -1.873580 -5.834898 -2.086541 
72375647930859 -3.320041 -5.015356 -0.440279 
72375666688984 -0.716650 -8.531610 0.644866 
72375685447109 -0.001196 -4.417150 3.150151 
72375704205182 3.018546 -9.830912 2.813959 
72375722963307 5.971289 -6.582655 1.496711 
72375741721484 3.925426 -10.396814 2.831906 
72375760479609 0.997807 -11.048859 0.920040 
72375779237734 -2.502892 -20.604595 -1.081556 
72375797995859 2.338984 -17.216358 0.855434 
72375816753984 -1.190429 -12.403196 1.489532 
72375835512109 -2.985046 -11.826526 0.595813 
72375854270234 -3.133401 -11.955738 0.411565 
72375873028359 -2.706282 -11.797812 1.085145 
72375891786484 -3.655037 -11.375479 1.611566 
72375910544505 -3.580859 -10.476974 1.349552 
72375929302630 -1.024128 -10.090533 1.412962 
72375948060755 2.590230 -8.989835 -0.117248 
72375966818880 -0.923630 -8.193025 -0.046660 
72375985577005 -0.611366 -8.178668 0.409173 
72376004335130 -0.425922 -8.449057 0.996611 
72376023093255 -1.530210 -8.559127 1.542174 
72376041851380 -2.903690 -7.751549 1.605584 
72376060609505 -2.317449 -8.349754 1.500300 
72376079367630 -1.938186 -8.940782 1.268196 
72376098125755 -1.828117 -9.262616 0.597009 
72376116883880 -1.416551 -9.492328 0.192622 
72376135642005 0.485743 -10.083355 -0.585045 
72376154400130 1.994418 -10.989038 0.074178 
72376173158255 1.196411 -10.930414 0.498904 
72376191916380 0.266800 -11.431710 -0.001196 
72376210674505 -0.211765 -12.495320 -0.441476 
72376229432630 0.138784 -13.618750 -0.340977 
72376248190755 0.186640 -13.421342 -1.958525 
72376266948880 -0.425922 -12.722638 -3.243471 
72376285707005 -0.764507 -11.860025 -2.953939 
72376304465130 -1.503889 -10.478170 -2.305485 
72376323223255 -2.461018 -10.125229 -2.189433 
72376341981380 -2.885744 -11.435300 -1.738386 
72376360739505 -2.847459 -12.449856 -0.921237 
72376379497630 -2.817549 -12.415160 0.480957 
72376398255755 -2.091327 -11.563315 1.489532 
72376417013880 -1.105484 -11.355140 1.652244 
72376435771953 -0.999003 -12.336197 0.947558 
72376454530078 -1.249053 -12.391232 -0.384048 
72376473288151 -1.256232 -11.532208 -0.518046 
72376492046276 -1.746760 -10.566705 -0.102891 
72376510804401 -1.903490 -9.126225 0.735793 
72376529562526 -1.027717 -8.603394 1.229911 
72376548320651 -0.799203 -8.622537 0.693919 
72376567078776 -1.485943 -7.603194 0.532403 
72376585836901 -2.181058 -6.489335 1.156930 
72376604595026 -2.403590 -5.496314 1.166501 
72376623353151 -2.154737 -4.585845 1.000200 
72376642111276 -1.537389 -3.724428 0.636491 
72376660869401 -1.190429 -3.358327 -0.108873 
72376679627526 -1.174876 -3.651447 -1.203590 
72376698385651 -1.304088 -4.431508 -2.121237 
72376717143776 -1.544567 -5.983253 -3.456432 
72376735901901 -1.509871 -8.251649 -5.860023 
72376754660026 -1.889133 -12.770494 -9.304491 
72376773418151 -2.117648 -22.455444 -13.349558 
72376792176276 -2.428715 -23.310879 -11.619547 
72376810934401 -1.056431 -10.487741 -7.664211 
72376829692526 -2.855834 -0.340977 -3.961318 
72376848450651 -4.366901 -5.454439 -1.075574 
72376867208776 -0.528814 -16.984255 -2.986243 
72376885966901 6.321837 -16.758133 -6.535995 
72376904725026 6.131608 -3.013760 4.427918 
72376923483151 -6.605387 4.194618 4.065406 
72376942241276 -8.307880 -3.895515 1.232304 
72376960999401 -3.135794 -15.692131 -0.558724 
72376979757526 -0.254836 -19.470398 0.573081 
72376998515651 -2.409572 -10.101301 1.718047 
72377017273776 -2.767299 -6.075377 1.992025 
72377036031901 -1.201197 -8.342576 1.970490 
72377054790026 0.066999 -11.364711 1.554138 
72377073548151 0.189033 -13.328022 1.343570 
72377092306276 -0.228515 -12.636497 0.404387 
72377111064401 -0.930808 -10.573883 -0.009571 
72377129822526 -0.597009 -9.493524 -0.468993 
72377148580651 0.211765 -9.299706 -0.412762 
72377167338776 0.132802 -8.621340 0.160319 
72377186096901 0.291924 -8.190632 0.674776 
72377204855026 0.867398 -8.496913 0.726222 
72377223613151 0.183051 -8.432307 0.020339 
72377242371276 -1.234697 -8.372486 0.076570 
72377261129401 -1.914258 -8.403593 0.352941 
72377279887526 -0.920040 -8.524430 0.704686 
72377298645651 -0.162712 -8.931211 1.077967 
72377317403776 -0.632902 -9.389436 0.658026 
72377336161901 -1.213161 -9.597611 -0.413958 
72377354920026 -0.702293 -9.878768 -0.837488 
72377373678151 0.693919 -10.583454 -0.171087 
72377392436276 1.679762 -11.211571 -0.309871 
72377411194401 2.514857 -11.760723 -0.416351 
72377429952526 1.771885 -11.852847 -0.492921 
72377448710651 -1.489532 -11.624332 -2.861816 
72377467468724 -1.479961 -12.539587 -3.371487 
72377486226901 0.479761 -13.232309 -2.155933 
72377504985026 0.709472 -13.311273 -1.609173 
72377523743151 0.151944 -12.589836 -2.043471 
72377542501276 -1.281357 -11.477174 -1.584049 
72377561259401 -3.120241 -11.950953 -1.185644 
72377580017526 -3.515056 -12.841083 -0.780060 
72377598775651 -4.110869 -13.927424 -0.222533 
72377617533776 -4.157529 -13.596018 0.106481 
72377636291901 -2.903690 -12.011970 1.289731 
72377655050026 -1.789831 -11.152946 1.324427 
72377673808099 -0.830309 -10.850254 0.139980 
72377692566276 -0.275175 -9.798609 -0.254836 
72377711324401 -0.844666 -8.947960 -0.491725 
72377730082526 -0.884148 -8.861818 0.240479 
72377748840651 -0.455833 -8.757730 0.562313 
72377767598776 -0.284746 -8.386844 0.262014 
72377786356901 -0.873380 -7.505088 0.319442 
72377805115026 -1.777867 -6.552745 1.074377 
72377823873151 -2.784049 -5.394619 1.313660 
72377842631276 -2.775674 -4.594220 0.894916 
72377861389401 -2.516053 -4.304688 0.410369 
72377880147526 -2.094916 -3.919444 -0.260818 
72377898905651 -1.191626 -3.917051 -1.099502 
72377917663776 -0.382852 -4.552345 -1.842473 
72377936421901 -0.369691 -5.497510 -2.898905 
72377955180026 -1.402194 -6.978667 -5.136194 
72377973938151 -1.836491 -10.406385 -7.854440 
72377992696276 -2.626123 -20.360527 -13.768302 
72378011454401 -2.293520 -28.066614 -14.147564 
72378030212526 1.063610 -13.953745 -8.719446 
72378048970651 -0.532403 1.569692 -3.940979 
72378067728776 -4.922036 -0.350549 -0.757328 
72378086486901 -3.098705 -18.404396 -1.215554 
72378105245026 5.425725 -22.808386 -6.693922 
72378124003151 4.868197 -5.234300 4.045067 
72378142761276 -10.054641 5.790631 3.318845 
72378161519401 -7.990831 -1.597209 3.698107 
72378180277526 0.315853 -13.722837 2.882155 
72378199035651 3.948157 -21.762722 1.919044 
72378217793776 0.862613 -14.273187 0.001196 
72378236551901 -2.420340 -6.823134 0.910469 
72378255310026 -3.808177 -5.661418 1.759921 
72378274068099 -2.438286 -9.259027 1.574477 
72378292826224 -1.159323 -12.544373 1.205983 
72378311584297 -0.457029 -12.874582 1.302892 
72378330343255 -0.964308 -10.825130 0.971486 
72378349100547 -0.874577 -9.940982 -0.066999 
72378367858672 -0.368495 -9.543773 -0.558724 
72378386616797 -0.090927 -8.788837 -0.087338 
72378405374922 0.300299 -8.215756 0.796810 
72378424133047 0.525225 -8.316256 0.102891 
72378442891172 0.646062 -8.664411 -0.385244 
72378461649297 -0.009571 -8.338987 0.454636 
72378480407422 -1.036092 -8.440681 1.233500 
72378499165547 -1.448854 -9.024530 1.137787 
72378517923672 -1.397408 -9.543773 0.181855 
72378536681745 -0.873380 -9.087940 -0.684347 
72378555439922 0.216550 -9.188439 -0.555135 
72378574198047 1.776671 -10.470992 -0.156730 
72378592956172 2.209772 -11.224731 -0.512064 
72378611714245 2.031507 -11.314462 -0.624527 
72378630472422 1.456033 -11.761920 -0.445065 
72378649230547 -1.008575 -11.748759 -1.897508 
72378667988672 -1.539781 -11.746367 -2.868994 
72378686746797 -0.022732 -12.299109 -2.863012 
72378705504922 1.647458 -13.356736 -3.288935 
72378724263047 1.895115 -13.575679 -3.584448 
72378743021172 0.558724 -12.613765 -1.185644 
72378761779297 -2.199004 -10.829915 -0.787239 
72378780537422 -4.097709 -11.296515 -1.374677 
72378799295442 -3.990032 -14.121243 0.173480 
72378818053567 -3.723232 -15.466009 1.325624 
72378836811692 -2.615355 -13.716856 0.643669 
72378855569817 -0.979861 -11.978470 0.137587 
72378874327942 -0.836291 -11.793026 0.386441 
72378893086067 -0.641276 -10.899307 -0.114855 
72378911844192 -0.602991 -9.069994 -0.051446 
72378930602317 -1.091127 -8.662018 -0.051446 
72378949360442 -0.049053 -9.134601 -0.195015 
72378968118567 0.786042 -9.378669 0.270389 
72378986876692 -0.299103 -8.218149 0.632902 
72379005634765 -1.639084 -6.754938 1.178465 
72379024392942 -2.420340 -5.763113 2.279164 
72379043151067 -2.699104 -4.707879 2.293520 
72379061909192 -2.586641 -3.907479 1.384248 
72379080667317 -2.286342 -3.314059 0.314656 
72379099425442 -2.181058 -2.574677 -0.725025 
72379118183567 -1.488336 -3.225525 -1.658226 
72379136941692 -1.167697 -4.736592 -2.417947 
72379155699713 -1.588834 -6.504889 -3.718446 
72379174457838 -2.319842 -9.146564 -7.012167 
72379193215963 -3.230311 -15.221941 -11.521441 
72379211974088 -3.014956 -24.251257 -15.859629 
72379230732213 -2.023132 -22.878973 -10.292727 
72379249490338 -0.558724 -11.081161 -6.908079 
72379268248463 -1.850848 1.483550 -4.759324 
72379287006588 -1.337588 2.457429 -4.323831 
72379305764713 -1.758725 -9.605987 -4.085745 
72379324522838 -0.129212 -18.575481 -4.260421 
72379343280963 2.032703 -15.438492 -3.597609 
72379362039088 -1.648655 -3.031706 2.337788 
72379380797213 -6.477371 1.018146 1.331606 
72379399555338 -4.231707 -7.085148 1.780260 
72379418313411 0.095713 -14.926428 1.854438 
72379437071484 1.028914 -15.765112 0.547956 
72379455829609 -0.565903 -11.052447 0.815953 
72379474587734 -1.274178 -8.536395 0.697508 
72379493345859 -1.858027 -8.657232 0.623330 
72379512103984 -1.556531 -10.393225 -0.064606 
72379530862109 -0.691526 -11.739188 0.003589 
72379549620182 -0.533599 -11.408978 0.608973 
72379568378359 -1.329213 -10.013963 0.008375 
72379587136484 -0.753739 -9.376275 -0.643669 
72379605894609 0.369691 -9.605987 -0.367298 
72379624652734 0.289532 -8.855837 0.495314 
72379643410807 -0.666401 -7.396215 0.433101 
72379662168880 -0.096909 -7.741978 0.394816 
72379680927005 -0.519243 -8.182257 0.382852 
72379699685130 -1.799403 -7.805387 0.367298 
72379718443255 -1.731207 -8.005188 1.328017 
72379737201380 -1.422533 -8.675179 1.339981 
72379755959505 -0.923630 -9.738789 0.303888 
72379774717630 -0.340977 -10.063016 -0.954736 
72379793475755 -0.013161 -10.100104 -0.833899 
72379812233880 1.546960 -10.423136 -0.656830 
72379830991953 4.220939 -10.747363 -0.833899 
72379849750026 4.261617 -12.113665 -0.558724 
72379868508151 0.419940 -14.237295 -1.758725 
72379887266276 -0.847059 -13.767105 -3.967300 
72379906024401 0.575474 -13.933406 -3.784249 
72379924782526 2.267200 -14.033905 -3.303292 
72379943540651 1.728814 -13.518251 -2.849852 
72379962298776 -2.344966 -11.450852 -2.664408 
72379981056901 -6.589834 -9.834501 -2.734996 
72379999814974 -5.936593 -10.902896 -0.882952 
72380018573047 -4.494917 -15.080765 1.105484 
72380037331172 -3.914658 -16.516459 1.191626 
72380056089297 -2.577070 -13.568501 0.229711 
72380074847422 -1.692922 -11.891132 0.174676 
72380093605547 -0.524028 -11.625529 0.527617 
72380112363672 1.267000 -11.102697 -0.162712 
72380131121797 0.595813 -10.223334 -0.245264 
72380149879870 -0.314656 -9.506684 0.070588 
72380168637942 -0.985843 -9.085547 0.589831 
72380187396067 -1.241875 -8.392825 0.745364 
72380206154192 -1.379462 -6.850651 0.991825 
72380224912317 -2.055435 -5.260621 1.403391 
72380243670442 -2.441875 -4.013960 1.371087 
72380262428567 -1.907080 -3.266203 0.971486 
72380281186692 -1.328017 -2.331806 0.498904 
72380299944765 -1.112663 -2.025524 -0.510868 
72380318702838 -0.777667 -2.164308 -1.987239 
72380337460963 -0.526421 -2.569891 -3.385844 
72380356219088 -1.338784 -3.924229 -4.237689 
72380374977213 -3.671786 -7.393822 -5.581259 
72380393735338 -5.510671 -16.557137 -9.214760 
72380412493463 -5.715257 -35.641094 -17.140985 
72380431251588 -0.198604 -25.338795 -11.554940 
72380450009609 -2.056631 -0.381655 -5.103891 
72380468767734 -3.562913 9.157332 -1.140180 
72380487525859 -0.228515 -9.317652 0.070588 
72380506283984 1.611566 -26.117659 -5.842076 
72380525042057 11.071590 -16.985451 -0.777667 
72380543800234 -6.129215 1.391426 2.868994 
72380562558359 -14.897714 4.886144 1.373480 
72380581316380 -3.619144 -6.964310 6.391229 
72380600074505 4.418347 -19.082760 3.230311 
72380618832630 5.178068 -20.096121 1.101895 
72380637590755 0.808774 -9.652647 -0.373280 
72380656348880 -2.898905 -6.068198 0.169890 
72380675107005 -2.384448 -7.840084 0.781257 
72380693865078 -0.606581 -11.291730 0.473779 
72380712623151 0.276371 -12.196217 0.334995 
72380731381276 -0.754936 -10.878968 0.685544 
72380750139401 -1.226322 -10.088140 0.400798 
72380768897474 -0.973879 -9.615558 -0.234497 
72380787655651 -0.429512 -8.761320 0.345763 
72380806413724 -0.119641 -8.230113 1.412962 
72380825171797 -0.299103 -8.166703 0.746561 
72380843929922 -0.394816 -8.105687 0.106481 
72380862688047 -0.771685 -8.262417 1.009771 
72380881446120 -1.654637 -8.545966 1.284946 
72380900204297 -2.060220 -9.101101 0.698704 
72380918962370 -1.829313 -9.568898 -0.305085 
72380937720442 -0.917647 -9.035298 -1.133002 
72380956478567 -0.014357 -8.951550 -0.491725 
72380975236692 0.260818 -10.175478 -0.302692 
72380993994765 0.289532 -10.517652 -0.604188 
72381012752942 2.382055 -11.087144 -0.362513 
72381031510963 3.644269 -11.647064 -0.472582 
72381050269088 0.507278 -12.136396 -1.916651 
72381069027213 -1.048056 -12.319448 -3.200400 
72381087785338 0.673580 -12.772887 -3.492325 
72381106543463 3.294917 -13.600804 -3.710072 
72381125301484 4.162315 -13.488341 -3.378666 
72381144059609 1.524228 -12.811172 -1.223929 
72381162817734 -3.724428 -11.534601 -2.187040 
72381181575859 -6.165108 -11.775081 -2.356930 
72381200333984 -6.373283 -15.396617 -0.290728 
72381219092057 -5.000999 -16.009180 2.264807 
72381237850130 -2.449054 -13.609179 1.372284 
72381256608255 -0.329013 -12.396018 0.451047 
72381275366380 -0.975075 -11.944971 -0.677169 
72381294124505 0.000000 -10.352547 -0.861416 
72381312882526 0.888934 -9.164511 -0.165105 
72381331640651 0.798006 -8.767303 0.276371 
72381350398776 0.345763 -8.483752 0.562313 
72381369156901 0.279960 -7.682157 0.632902 
72381387915026 -0.327817 -6.778867 0.618545 
72381406673047 -1.357927 -5.755935 1.735993 
72381425431172 -2.786442 -4.523631 2.370091 
72381444189297 -3.098705 -3.827320 2.362912 
72381462947422 -3.238685 -2.947958 1.737189 
72381481705495 -3.083152 -2.370091 0.624527 
72381500463567 -2.286342 -2.721836 -0.666401 
72381519221692 -1.493121 -3.942175 -1.797010 
72381537979817 -1.652244 -5.577670 -3.483950 
72381556737942 -2.705086 -8.586644 -6.886544 
72381575496015 -4.573881 -16.238892 -11.125429 
72381594254088 -3.763910 -29.840891 -15.397814 
72381613012213 0.021535 -24.035904 -11.258230 
72381631770338 0.709472 -7.840084 -6.117251 
72381650528411 -0.500100 4.273581 -2.879762 
72381669286484 -0.680758 -1.398605 -2.965904 
72381688044609 0.228515 -14.883357 -0.586242 
72381706802734 0.385244 -20.788843 -7.256235 
72381725560859 -1.969293 -11.558530 -2.885744 
72381744318880 -7.109076 2.137987 3.553342 
72381763077005 -5.087141 -0.457029 4.316652 
72381781835130 -1.137787 -10.177871 3.961318 
72381800593255 2.758924 -16.378872 1.799403 
72381819351276 2.065006 -15.623936 -0.352941 
72381838109401 -0.472582 -10.528419 -0.151944 
72381856867526 -1.974079 -8.082955 1.060020 
72381875625651 -2.825923 -8.204988 1.148555 
72381894383724 -2.130809 -10.082158 0.693919 
72381913141797 -1.418944 -11.441281 0.620937 
72381931899870 -1.246661 -10.429117 0.887737 
72381950658047 -0.547956 -8.723035 0.847059 
72381969416120 0.244068 -8.829515 0.727418 
72381988174192 0.275175 -9.511470 0.668794 
72382006932317 -0.388834 -8.815159 1.009771 
72382025690442 -0.303888 -8.922835 0.894916 
72382044448515 -0.252443 -9.262616 -0.101695 
72382063206588 -0.801596 -8.534002 -0.808774 
72382081964713 -1.518246 -8.347362 -0.739382 
72382100722838 -1.046860 -10.101301 -0.058624 
72382119480859 -0.908076 -10.236495 0.299103 
72382138238984 -1.384248 -9.695718 -0.742971 
72382156997109 -0.055035 -9.801002 -1.581656 
72382175755182 2.037488 -10.518848 -0.251246 
72382194513255 2.258825 -11.022537 -0.398405 
72382213271380 2.605784 -11.764313 -0.768096 
72382232029453 1.960918 -11.965310 -0.043071 
72382250787578 -1.184447 -12.373286 -1.164108 
72382269545651 -1.679762 -13.229917 -2.373680 
72382288303776 0.021535 -13.232309 -3.270988 
72382307061901 1.228714 -13.063615 -3.384648 
72382325819922 -0.099302 -13.369897 -1.637887 
72382344578047 -2.952743 -11.345569 0.124427 
72382363336172 -5.825327 -10.774880 -1.294517 
72382382094245 -5.746364 -12.655639 -1.022932 
72382400852317 -4.372883 -13.767105 1.436890 
72382419610442 -1.726422 -13.000205 1.586441 
72382438368567 0.994218 -12.820744 1.314856 
72382457126588 -0.088534 -13.086347 0.279960 
72382475884713 -0.802792 -12.252448 -0.599402 
72382494642838 -0.558724 -11.263016 0.242871 
72382513400911 -1.276571 -9.801002 0.464208 
72382532158984 -1.104288 -8.695518 0.544367 
72382550917109 -0.957129 -8.573483 0.949951 
72382569675234 -0.524028 -8.100901 1.304088 
72382588433255 -0.942772 -6.756135 1.680958 
72382607191380 -1.534996 -4.756931 2.120041 
72382625949505 -2.288735 -3.229114 2.082952 
72382644707578 -2.427519 -2.365305 1.517050 
72382663465651 -2.177469 -1.879562 0.604188 
72382682223776 -1.709672 -2.346163 -0.769292 
72382700981901 -0.933201 -3.192025 -1.960918 
72382719739922 -0.965504 -4.583452 -2.786442 
72382738498047 -1.271785 -6.926025 -4.721039 
72382757256172 -3.148955 -11.745170 -8.518449 
72382776014245 -5.076373 -22.966312 -13.864015 
72382794772317 -3.139383 -28.323841 -14.033905 
72382813530442 1.775474 -14.376079 -7.682157 
72382832288515 2.114059 0.346959 -5.030910 
72382851046588 2.279164 6.172286 -2.919244 
72382869804713 1.674976 -5.351548 -0.929612 
72382888562838 -0.272782 -19.879570 -2.203790 
72382907320859 1.887937 -29.243881 -12.130414 
72382926078984 1.999203 -10.898110 0.050249 
72382944837057 -10.399207 6.646065 4.067799 
72382963595182 -10.616954 4.144369 3.598805 
72382982353255 0.443869 -8.944371 4.774878 
72383001111380 5.933004 -21.382263 3.537788 
72383019869453 2.776871 -19.006189 0.352941 
72383038627526 -2.554338 -9.838090 0.281157 
72383057385651 -4.335794 -6.527620 1.572084 
72383076143724 -3.598805 -8.321041 1.360320 
72383094901797 -2.072184 -11.648261 1.034896 
72383113659922 -0.781257 -11.516655 0.942772 
72383132418047 -0.203390 -10.060623 1.066002 
72383151176067 0.714258 -9.897911 0.739382 
72383169934192 1.073181 -9.974482 0.294317 
72383188692265 0.468993 -8.877372 -0.125623 
72383207450338 -0.206979 -8.453842 0.028714 
72383226208463 -0.479761 -8.283952 0.324227 
72383244966588 -0.464208 -7.947761 -0.028714 
72383263724609 -0.111266 -8.200203 -0.384048 
72383282482734 -0.406780 -8.447861 0.458226 
72383301240807 -1.599602 -8.791230 1.046860 
72383319998880 -1.715654 -9.558130 -0.064606 
72383338757005 -0.254836 -9.202796 -1.316052 
72383357515130 0.891326 -9.090333 -0.401994 
72383376273151 1.399801 -10.547563 0.326620 
72383395031276 1.933401 -11.101501 -0.686740 
72383413789349 3.097509 -11.913864 0.552742 
72383432547422 0.769292 -12.233306 -0.403191 
72383451305547 -1.914258 -11.844472 -2.300699 
72383470063620 -1.251446 -11.751152 -2.778067 
72383488821692 0.836291 -11.599208 -2.569891 
72383507579817 2.962314 -12.659228 -3.162115 
72383526337890 2.855834 -12.890136 -3.826123 
72383545095963 0.361316 -12.697514 -1.837688 
72383563854088 -2.974278 -10.797612 -0.780060 
72383582612161 -5.335995 -10.497313 -1.987239 
72383601370234 -5.471189 -13.700106 -0.358923 
72383620128359 -4.740181 -15.704095 2.134398 
72383638886380 -3.114259 -14.299508 0.758525 
72383657644505 -0.016750 -12.751352 -0.175872 
72383676402630 -0.047856 -12.214163 -0.327817 
72383695160651 -0.465404 -11.318051 -0.971486 
72383713918776 -0.686740 -9.481560 -0.698704 
72383732676849 -0.849452 -8.785249 -0.142373 
72383751434922 -0.234497 -8.618947 0.285942 
72383770193047 0.301496 -8.135597 0.278764 
72383788951120 -0.123230 -7.040881 0.683151 
72383807709192 -1.049253 -6.247660 1.586441 
72383826467265 -2.105684 -5.714060 1.875973 
72383845225390 -2.322234 -4.847859 1.712065 
72383863983463 -2.141576 -4.064209 0.990629 
72383882741588 -1.730011 -3.231507 0.122034 
72383901499609 -1.165305 -2.658426 -1.160519 
72383920257734 -0.696311 -3.297310 -2.758924 
72383939015859 -0.704686 -5.011767 -4.537988 
72383957773880 -1.852045 -7.721639 -7.462018 
72383976532005 -3.038885 -13.422539 -10.657632 
72383995290078 -4.619344 -27.801010 -16.347765 
72384014048151 -3.129812 -28.153952 -11.071590 
72384032806276 -0.964308 -8.796016 -5.621937 
72384051564297 -3.594020 6.332605 -1.356730 
72384070322422 -3.214757 3.206382 -2.082952 
72384089080547 -0.943969 -14.455042 0.372084 
72384107838567 2.355734 -19.440487 -3.474379 
72384126596692 -1.465604 -12.777673 -3.908676 
72384145354765 -4.109673 -2.715854 -0.333799 
72384164112838 -3.952943 -1.698904 1.847259 
72384182870963 -0.815953 -7.192825 1.782653 
72384201628984 3.225525 -13.334004 0.824327 
72384220387109 4.360919 -15.391831 0.518046 
72384239145182 1.811367 -10.420743 0.479761 
72384257903255 -1.137787 -7.479964 0.477368 
72384276661380 -2.715854 -8.315059 -0.105284 
72384295419453 -2.624926 -10.642078 0.126820 
72384314177526 -2.426322 -10.948360 0.557528 
72384332935651 -2.598605 -10.133604 0.659223 
72384351693672 -1.714457 -9.555737 0.550349 
72384370451797 -0.189033 -10.047462 0.236889 
72384389209870 0.300299 -11.120644 -0.223729 
72384407967942 0.055035 -10.463814 -0.021535 
72384426726067 0.078963 -8.606983 0.050249 
72384445484088 0.305085 -8.370093 0.154337 
72384464242213 -0.021535 -8.788837 0.453440 
72384483000286 -0.731007 -8.799605 0.446261 
72384501758359 -0.710668 -9.036494 0.537189 
72384520516484 -0.989432 -9.404989 0.381655 
72384539274505 -0.819542 -9.457631 -0.771685 
72384558032630 -0.696311 -9.487542 -1.127020 
72384576790703 -0.786042 -9.736395 -0.629312 
72384595548776 0.095713 -10.354940 0.031107 
72384614306901 1.250250 -10.725827 -0.113659 
72384633064922 2.708675 -11.150554 -0.172283 
72384651823047 2.033899 -11.181661 -0.553938 
72384670581067 -0.589831 -11.468799 -2.003989 
72384689339192 -0.386441 -12.233306 -2.924029 
72384708097265 1.421337 -13.075580 -2.993421 
72384726855338 2.481357 -13.275380 -3.023331 
72384745613463 1.872384 -13.203595 -2.153540 
72384764371484 -1.043271 -12.155539 -1.990828 
72384783129609 -4.839484 -10.957932 -2.069792 
72384801887682 -6.038288 -10.761720 -0.466600 
72384820645755 -5.861219 -12.576675 1.733600 
72384839403880 -5.014160 -13.861622 1.203590 
72384858161901 -3.300899 -12.978670 -0.118445 
72384876920026 -0.920040 -11.515459 -0.075374 
72384895678099 -0.841077 -11.858829 0.411565 
72384914436172 0.217747 -11.578869 -0.070588 
72384933194245 0.352941 -10.599008 -0.486939 
72384951952317 -0.401994 -9.576077 -0.290728 
72384970710442 -0.760918 -9.125030 0.376870 
72384989468463 -1.111466 -9.043674 0.522832 
72385008226588 -1.335195 -7.976474 0.739382 
72385026984661 -1.781456 -6.530013 1.617548 
72385045742734 -2.538785 -5.315656 1.782653 
72385064500807 -2.526821 -4.633701 1.514657 
72385083258880 -2.171487 -3.610769 0.850648 
72385102017005 -2.006382 -3.062813 0.175872 
72385120775026 -1.715654 -3.189633 -0.644866 
72385139533151 -1.173679 -3.805784 -1.747957 
72385158291224 -0.882952 -5.588437 -2.662015 
72385177049297 -0.836291 -8.012366 -3.594020 
72385195807370 -1.812563 -11.546566 -6.159125 
72385214565442 -3.461218 -19.462023 -12.093326 
72385233323567 -2.565106 -28.966314 -16.077375 
72385252081588 -0.659223 -19.228724 -8.916854 
72385270839713 -0.662812 -5.572884 -5.179265 
72385289597786 -1.221536 3.716053 -2.651248 
72385308355859 -0.226122 2.794817 -3.382255 
72385327113984 -0.100499 -7.814959 -2.740978 
72385345872005 0.687936 -17.387445 -3.241078 
72385364630130 0.946361 -21.399014 -9.349955 
72385383388151 1.817349 -11.239088 -1.503889 
72385402146276 -6.183053 0.470190 3.577270 
72385420904297 -8.255239 0.495314 -0.119641 
72385439662422 -1.832902 -7.383054 2.569891 
72385458420495 4.011567 -14.779269 1.030110 
72385477178567 3.504289 -16.090536 -0.378066 
72385495936588 1.519442 -10.169497 -0.345763 
72385514694713 0.023928 -7.635497 0.528814 
72385533452838 -2.091327 -7.384251 0.476172 
72385552210859 -2.634498 -9.396614 0.224925 
72385570968984 -2.782853 -10.700703 -0.198604 
72385589727005 -2.328216 -10.001999 0.510868 
72385608485130 -1.698904 -9.714860 0.732204 
72385627243203 -0.407976 -10.011570 0.404387 
72385646001276 1.356730 -10.320244 0.423530 
72385664759349 1.642673 -10.220942 0.842274 
72385683517422 0.368495 -9.467203 0.941576 
72385702275547 -1.106681 -8.924032 0.390030 
72385721033567 -1.974079 -8.464610 -0.228515 
72385739791692 -2.520839 -8.580662 -0.043071 
72385758549713 -2.222932 -9.321240 0.289532 
72385777307838 -0.896112 -9.674182 0.245264 
72385796065859 0.717847 -9.756734 0.033500 
72385814823984 0.898505 -9.810573 -0.397209 
72385833582057 0.690329 -10.255638 -0.753739 
72385852340078 0.853041 -10.857432 0.411565 
72385871098203 -0.023928 -10.844273 0.094516 
72385889856276 0.248854 -11.162518 0.174676 
72385908614349 0.618545 -11.665010 -0.306281 
72385927372422 0.053839 -12.100504 -1.119841 
72385946130495 0.654437 -13.520644 -2.087738 
72385964888567 1.507478 -14.115261 -1.971686 
72385983646640 -0.549153 -13.415360 -1.336391 
72386002404713 -2.309074 -11.997613 -1.636691 
72386021162786 -2.361716 -10.821541 -1.339981 
72386039920859 -3.184847 -10.040284 -1.512264 
72386058678984 -4.721039 -9.214760 -1.619941 
72386077437005 -5.501099 -9.144172 -0.756132 
72386096195130 -5.123033 -10.034302 -0.061017 
72386114953151 -3.997210 -11.456835 -0.189033 
72386133711276 -2.506482 -11.812169 0.720240 
72386152469297 -1.264607 -10.523634 0.958325 
72386171227422 -0.995414 -9.638289 -0.648455 
72386189985442 0.221336 -9.442079 -1.460818 
72386208743515 -0.290728 -9.116654 -1.161715 
72386227501588 -1.530210 -8.061419 -0.886541 
72386246259713 -2.082952 -7.781459 -1.028914 
72386265017734 -2.067399 -8.051848 -1.045663 
72386283775859 -2.273181 -7.586444 -0.695115 
72386302533932 -2.813959 -6.111269 -0.374477 
72386321292005 -3.248257 -5.358727 -0.354138 
72386340050078 -3.028117 -5.399405 -0.562313 
72386358808151 -2.189433 -5.954539 -0.899701 
72386377566172 -1.483550 -6.479764 -1.590031 
72386396324297 -0.750150 -7.122237 -2.809174 
72386415082370 0.047856 -8.251649 -3.675375 
72386433840442 -0.068195 -9.717253 -4.072584 
72386452598515 -0.677169 -11.296515 -4.403990 
72386471356588 -1.298106 -12.063416 -5.820541 
72386490114661 -2.391626 -11.934203 -8.024331 
72386508872734 -2.750550 -12.026326 -7.811369 
72386527630807 -2.941975 -12.358929 -6.897311 
72386546388880 -2.792424 -10.120443 -5.485546 
72386565146953 -1.384248 -5.874380 -3.785445 
72386583905026 -0.927219 -3.546163 -2.830709 
72386602663099 -0.783649 -6.776474 -1.203590 
72386621421172 1.390230 -13.016955 -0.618545 
72386640179245 0.707079 -15.243477 -3.686143 
72386658937317 -0.195015 -14.026727 -4.220939 
72386677695390 -1.556531 -8.547162 -0.805185 
72386696453463 -4.685147 -4.419543 1.257428 
72386715211536 -6.256035 -5.813363 0.732204 
72386733969609 -3.408576 -9.438489 0.153141 
72386752727682 0.644866 -11.730813 1.758725 
72386771485755 1.775474 -11.052447 2.069792 
72386790243828 1.050449 -10.064212 1.546960 
72386809001901 0.594616 -9.798609 0.824327 
72386827759974 -0.321835 -10.479366 0.212961 
72386846518047 -1.071985 -10.578669 0.312263 
72386865276120 -2.476571 -9.696914 0.488136 
72386884034192 -3.279363 -9.248260 0.455833 
72386902792265 -2.711068 -9.706485 0.294317 
72386921550338 -1.042074 -9.894321 0.417548 
72386940308411 -0.419940 -10.162318 0.489332 
72386959066484 -0.543171 -9.817751 0.346959 
72386977824505 -0.591027 -9.471989 0.336192 
72386996582630 -0.859023 -9.468399 -0.011964 
72387015340651 -1.044467 -9.829716 -0.443869 
72387034098776 -0.771685 -10.017552 -1.025324 
72387052856797 0.072981 -10.079765 -1.137787 
72387071614922 -0.052642 -10.248460 -0.478565 
72387090372942 -1.124627 -9.998409 -0.108873 
72387109131067 -1.617548 -9.939785 -0.398405 
72387127889088 -0.484547 -10.054641 -0.157926 
72387146647161 0.686740 -9.990034 0.748953 
72387165405234 0.275175 -9.604790 1.240679 
72387184163307 -2.050649 -9.400204 0.885344 
72387202921380 -3.382255 -9.577272 -0.053839 
72387221679453 -1.797010 -9.695718 0.732204 
72387240437526 -0.394816 -9.407382 1.574477 
72387259195599 -0.299103 -9.267402 1.601995 
72387277953672 -0.668794 -9.789038 1.069592 
72387296711745 -1.348356 -9.817751 0.492921 
72387315469817 -2.045863 -9.635897 0.331406 
72387334227838 -2.231307 -9.500702 0.332602 
72387352985963 -2.085345 -9.639486 0.278764 
72387371743984 -1.435694 -9.833304 0.209372 
72387390502109 -0.818345 -10.037891 0.413958 
72387409260130 -0.520439 -10.082158 0.717847 
72387428018255 -0.756132 -9.890733 0.570688 
72387446776276 -1.208375 -9.708878 0.463011 
72387465534349 -1.624727 -9.651450 0.349352 
72387484292422 -1.549353 -9.653843 0.267996 
72387503050495 -1.412962 -9.583255 0.204586 
72387521808567 -1.549353 -9.480363 0.193819 
72387540566640 -1.540978 -9.561719 0.228515 
72387559324713 -1.197608 -9.686146 0.052642 
72387578082734 -0.849452 -9.672985 0.046660 
72387596840859 -0.829113 -9.723235 0.177069 
72387615598880 -0.989432 -9.805787 0.046660 
72387634357005 -1.159323 -9.762716 0.153141 
72387653115026 -1.487139 -9.571291 0.250050 
72387671873099 -1.539781 -9.533006 0.385244 
72387690631172 -1.586441 -9.576077 0.317049 
72387709389245 -1.542174 -9.531809 0.287139 
72387728147317 -1.651048 -9.560523 0.406780 
72387746905338 -1.698904 -9.798609 0.323031 
72387765663463 -1.483550 -9.839287 0.234497 
72387784421484 -1.534996 -9.702896 0.218943 
72387803179609 -1.524228 -9.613165 0.086142 
72387821937630 -1.338784 -9.668200 0.084945 
72387840695703 -1.109073 -9.695718 0.135194 
72387859453776 -1.070788 -9.641879 0.190229 
72387878211849 -1.310070 -9.655040 0.269193 
72387896969870 -1.594816 -9.667004 0.200997 
72387915727942 -1.543371 -9.597611 0.206979 
72387934486067 -1.447658 -9.510274 0.474975 
72387953244088 -1.629512 -9.585648 0.374477 
72387972002213 -1.592423 -9.662218 0.166301 
72387990760234 -1.253839 -9.639486 0.190229 
72388009518307 -1.208375 -9.670592 0.309871 
72388028276380 -1.265803 -9.768699 0.293121 
72388047034453 -1.239482 -9.862019 0.216550 
72388065792526 -1.305285 -9.726824 0.277567 
72388084550547 -1.458425 -9.658628 0.283549 
72388103308672 -1.471586 -9.602397 0.301496 
72388122066692 -1.292124 -9.565309 0.257228 
72388140824765 -1.121037 -9.653843 0.416351 
72388159582838 -1.333999 -9.707682 0.339781 
72388178340911 -1.359123 -9.713663 0.229711 
72388197098984 -1.213161 -9.644272 0.279960 
72388215857005 -1.184447 -9.623933 0.346959 
72388234615130 -1.326820 -9.732806 0.317049 
72388253373151 -1.298106 -9.817751 0.278764 
72388272131224 -1.269392 -9.671789 0.461815 
72388290889297 -1.284946 -9.623933 0.559920 
72388309647370 -1.371087 -9.717253 0.336192 
72388328405442 -1.337588 -9.670592 0.311067 
72388347163463 -1.324427 -9.644272 0.381655 
72388365921536 -1.359123 -9.692128 0.305085 
72388384679609 -1.290928 -9.716056 0.172283 
72388403437682 -1.216750 -9.695718 0.143569 
72388422195755 -1.191626 -9.702896 0.235693 
72388440953776 -1.272982 -9.708878 0.089731 
72388459711901 -1.073181 -9.751948 0.221336 
72388478469922 -1.152144 -9.688539 0.275175 
72388497227995 -1.177269 -9.650253 0.227318 
72388515986067 -1.170090 -9.649057 0.229711 
72388534744140 -1.276571 -9.671789 0.251246 
72388553502213 -1.286142 -9.661021 0.259621 
72388572260234 -1.311267 -9.706485 0.315853 
72388591018307 -1.313660 -9.699306 0.318245 
72388609776380 -1.286142 -9.661021 0.238086 
72388628534453 -1.301695 -9.631111 0.224925 
72388647292526 -1.270589 -9.631111 0.256032 
72388666050547 -1.216750 -9.597611 0.367298 
72388684808672 -1.283749 -9.560523 0.415155 
72388703566692 -1.408176 -9.572487 0.204586 
72388722324765 -1.222732 -9.501899 0.241675 
72388741082838 -0.894916 -9.531809 0.480957 
72388759840859 -0.952343 -9.707682 0.661615 
72388778598932 -1.605584 -9.731609 0.329013 
72388797357005 -1.875973 -9.730413 -0.149551 
72388816115078 -1.006182 -9.560523 0.297906 
72388834873151 -0.453440 -9.598808 0.266800 
72388853631172 0.306281 -9.905089 0.168694 
72388872389245 0.855434 -10.101301 0.309871 
72388891147317 -0.439083 -9.558130 -0.159123 
72388909905390 -0.930808 -9.684950 -0.637687 
72388928663463 0.029910 -10.041480 -0.489332 
72388947421484 0.514457 -10.237692 -0.558724 
72388966179505 0.223729 -10.116854 -0.926022 
72388984937630 0.021535 -10.193424 -1.661815 
72389003695651 1.508675 -10.573883 -1.477568 
72389022453776 2.026721 -10.608580 -1.057628 
72389041211797 1.064806 -10.359726 -0.892523 
72389059969870 0.400798 -9.927821 -0.507278 
72389078727942 -0.129212 -9.774680 0.135194 
72389097485963 -0.903291 -10.072587 0.330210 
72389116244036 -1.951347 -10.639686 -0.072981 
72389135002109 -2.644069 -11.127822 -0.833899 
72389153760182 -1.628316 -11.075180 -1.365105 
72389172518203 0.026321 -10.800005 -1.820938 
72389191276276 0.574277 -10.922039 -2.312663 
72389210034349 0.778864 -10.747363 -2.244468 
72389228792422 0.625723 -10.113265 -1.497907 
72389247550442 -0.015553 -9.814162 -0.859023 
72389266308567 -0.080160 -9.592826 -0.510868 
72389285066588 0.477368 -9.763913 -0.358923 
72389303824661 1.006182 -9.901500 -0.386441 
72389322582734 1.240679 -9.579665 -0.119641 
72389341340755 1.124627 -9.448060 0.312263 
72389360098828 0.642473 -9.203992 0.405583 
72389378856901 0.233300 -9.397811 0.254836 
72389397614974 0.118445 -9.929018 0.068195 
72389416373047 0.267996 -10.183853 0.332602 
72389435131067 0.151944 -10.180264 0.936790 
72389453889140 -0.544367 -10.019945 1.501496 
72389472647213 -1.359123 -9.848858 1.575674 
72389491405234 -1.970490 -9.894321 1.168894 
72389510163359 -2.145165 -9.687343 0.849452 
72389528921328 -2.321038 -9.790234 0.533599 
72389547679453 -1.615155 -10.202995 0.795614 
72389566437526 -1.142573 -10.252048 0.780060 
72389585195547 -1.579263 -9.464810 0.064606 
72389603953620 -2.328216 -8.462217 0.306281 
72389622711692 -2.639283 -8.372486 0.685544 
72389641469765 -2.886940 -8.691928 1.261018 
72389660227838 -4.207778 -10.670793 0.116052 
72389678985859 -6.824330 -10.292727 -0.005982 
72389697743932 -7.731210 -6.752545 3.620341 
72389716502005 -4.871787 -8.803194 0.821935 
72389735260026 2.452643 -15.310475 1.259821 
72389754018099 5.566902 -15.738791 0.137587 
72389772776172 -1.599602 -8.549556 -0.463011 
72389791534192 -1.837688 -6.660422 -1.395016 
72389810292265 0.594616 -8.173882 -0.717847 
72389829050338 0.055035 -9.729217 -0.928415 
72389847808359 0.544367 -10.240085 -1.048056 
72389866566484 0.874577 -10.025927 -0.927219 
72389885324505 1.362713 -9.822537 -1.097109 
72389904082578 0.599402 -9.588040 -1.503889 
72389922840651 0.296710 -8.901300 -1.292124 
72389941598672 0.550349 -10.156336 -0.534796 
72389960356745 -0.343370 -11.038091 0.119641 
72389979114817 -2.140380 -10.332209 -0.089731 
72389997872838 -2.852245 -9.495916 -0.206979 
72390016630911 -1.628316 -9.103494 0.337388 
72390035388984 -0.199801 -9.610772 0.531207 
72390054147005 0.788435 -10.049855 1.081556 
72390072905078 -0.126820 -9.755538 1.357927 
72390091663151 -1.855634 -9.565309 0.859023 
72390110421172 -3.037688 -9.639486 0.284746 
72390129179245 -3.166901 -9.631111 -0.099302 
72390147937317 -2.139184 -9.605987 0.325424 
72390166695338 -1.131805 -9.827323 0.684347 
72390185453411 -0.571885 -10.106087 0.991825 
72390204211484 -0.735793 -10.090533 0.993021 
72390222969505 -1.621137 -10.309476 0.808774 
72390241727578 -2.752943 -10.740185 0.543171 
72390260485651 -2.919244 -10.649257 0.043071 
72390279243672 -1.762314 -9.956535 0.211765 
72390298001745 -1.708475 -9.762716 0.602991 
72390316759817 -2.671587 -10.079765 0.244068 
72390335517838 -2.630908 -10.402797 -1.019342 
72390354275911 -2.088934 -10.447063 -1.864009 
72390373033984 -1.445265 -10.201799 -2.129612 
72390391792005 -1.469193 -9.978070 -2.031507 
72390410550078 -1.655833 -9.591630 -1.916651 
72390429308151 -1.295713 -9.467203 -1.976472 
72390448066172 -1.574477 -9.884750 -1.749153 
72390466824245 -2.673979 -10.454242 -1.544567 
72390485582317 -3.412165 -10.399207 -0.776471 
72390504340338 -2.998207 -9.975677 -0.490529 
72390523098411 -2.803192 -9.434899 -0.423530 
72390541856484 -1.663012 -8.958728 -0.254836 
72390560614505 -0.433101 -8.464610 -0.593420 
72390579372578 -0.108873 -7.432107 -1.239482 
72390598130651 -0.378066 -6.812366 -1.668994 
72390616888672 -0.191426 -7.232306 -1.648655 
72390635646745 0.246461 -8.003992 -1.377069 
72390654404817 0.343370 -8.492127 -0.419940 
72390673162838 -1.202393 -7.862815 0.362513 
72390691920911 -2.702693 -7.052845 -0.386441 
72390710678984 -4.437490 -8.638090 -1.274178 
72390729437005 -6.083752 -11.437693 -2.096113 
72390748195078 -6.881758 -12.582658 -4.613362 
72390766953151 -6.142376 -11.284552 -3.760321 
72390785711172 -6.360123 -8.584251 -1.268196 
72390804469245 -5.034499 -9.846465 -0.421137 
72390823227317 -1.085145 -12.483356 2.100898 
72390841985338 2.154737 -11.985648 0.544367 
72390860743411 3.066402 -9.919446 -1.282553 
72390879501484 1.791028 -9.513863 -2.105684 
72390898259505 0.021535 -9.284152 -0.664008 
72390917017578 -2.090131 -8.812766 0.391227 
72390935775651 -3.257828 -8.520842 -0.086142 
72390954533672 -2.712265 -8.791230 0.204586 
72390973291745 -2.403590 -9.236296 -0.059821 
72390992049817 -2.191826 -9.720842 -0.431904 
72391010807838 -1.342373 -10.437492 -0.136391 
72391029565911 -0.865005 -10.512866 -0.324227 
72391048323984 -1.003789 -10.039087 -0.491725 
72391067082005 -1.488336 -9.769895 -0.435494 
72391085840078 -1.663012 -9.714860 -0.329013 
72391104598151 -1.697708 -9.815358 -0.317049 
72391123356172 -1.628316 -9.756734 -0.502493 
72391142114192 -1.275374 -9.623933 -0.288335 
72391160872317 -1.296910 -9.390633 0.254836 
72391179630338 -1.487139 -9.203992 0.540778 
72391198388359 -0.981057 -8.997013 1.133002 
72391217146432 -1.299303 -9.064013 1.070788 
72391235904505 -1.773082 -9.815358 0.277567 
72391254662526 -1.881955 -10.846665 -0.267996 
72391273420599 -1.713261 -10.987842 -0.742971 
72391292178672 -1.512264 -10.313066 -0.853041 
72391310936692 -1.964507 -9.576077 -0.857827 
72391329694765 -1.908276 -9.233903 -0.726222 
72391348452838 -1.247857 -9.427721 -0.448654 
72391367210807 -0.731007 -9.613165 -0.108873 
72391385968932 -0.556331 -9.616755 -0.009571 
72391404727005 -0.485743 -9.457631 -0.238086 
72391423485026 -0.388834 -9.389436 -0.102891 
72391442243099 -0.617348 -9.564112 -0.027517 
72391461001120 -1.038485 -9.875179 -0.010768 
72391479759192 -1.587638 -9.969695 -0.172283 
72391498517213 -1.774278 -9.714860 -0.234497 
72391517275286 -1.666601 -9.475577 -0.245264 
72391536033359 -1.555335 -9.445667 -0.208176 
72391554791380 -1.466800 -9.513863 -0.227318 
72391573549453 -1.395016 -9.572487 -0.026321 
72391592307526 -1.508675 -9.661021 0.190229 
72391611065547 -1.572084 -9.695718 0.332602 
72391629823620 -1.739582 -9.622736 0.071785 
72391648581640 -1.779064 -9.681360 0.209372 
72391667339713 -1.668994 -9.842875 0.421137 
72391686097734 -1.623530 -9.827323 0.366102 
72391704855755 -1.529014 -9.633504 0.510868 
72391723613880 -1.759921 -9.531809 0.468993 
72391742371901 -1.934597 -9.626326 0.339781 
72391761129974 -1.911865 -9.791430 0.116052 
72391779888047 -1.818545 -9.772287 0.044267 
72391798646067 -1.700101 -9.683753 0.195015 
72391817404088 -1.624727 -9.554541 0.327817 
72391836162161 -1.706083 -9.501899 0.288335 
72391854920234 -1.836491 -9.531809 0.216550 
72391873678255 -1.767099 -9.616755 0.202194 
72391892436328 -1.802992 -9.702896 0.269193 
72391911194401 -1.884348 -9.645468 0.148355 
72391929952422 -1.645066 -9.597611 0.130409 
72391948710495 -1.586441 -9.577272 0.290728 
72391967468515 -1.854438 -9.560523 0.223729 
72391986226588 -1.812563 -9.652647 0.035892 
72392004984609 -1.500300 -9.680164 0.053839 
72392023742682 -1.445265 -9.629914 0.023928 
72392042500755 -1.452443 -9.562916 0.041874 
72392061258776 -1.387837 -9.585648 0.046660 
72392080016849 -1.420140 -9.751948 -0.070588 
72392098774870 -1.369891 -9.858429 -0.138784 
72392117532942 -1.328017 -9.736395 -0.156730 
72392136290963 -1.259821 -9.564112 -0.114855 
72392155049036 -1.207179 -9.553345 -0.081356 
72392173807109 -1.293321 -9.578469 -0.149551 
72392192565130 -1.414158 -9.621540 -0.291924 
72392211323203 -1.503889 -9.681360 -0.326620 
72392230081224 -1.722832 -9.696914 -0.251246 
72392248839297 -1.850848 -9.688539 -0.204586 
72392267597317 -1.929811 -9.741181 0.058624 
72392286355390 -2.118845 -9.775877 0.151944 
72392305113411 -2.084148 -9.600004 0.251246 
72392323871484 -1.914258 -9.370294 0.342174 
72392342629505 -1.660619 -9.439685 0.251246 
72392361387578 -1.426122 -9.707682 0.142373 
72392380145651 -1.479961 -9.625129 0.017946 
72392398903672 -1.603191 -9.525827 -0.148355 
72392417661745 -1.499103 -9.424132 -0.071785 
72392436419765 -1.657030 -9.385847 -0.184247 
72392455177838 -1.721636 -9.653843 -0.273978 
72392473935859 -1.720439 -9.804591 -0.250050 
72392492693932 -1.849652 -9.698111 -0.209372 
72392511452005 -1.920240 -9.614362 -0.028714 
72392530210026 -1.890330 -9.632308 0.088534 
72392548968099 -1.875973 -9.605987 0.151944 
72392567726120 -1.811367 -9.611969 0.192622 
72392586484192 -1.873580 -9.567701 0.236889 
72392605242213 -1.925026 -9.528220 0.166301 
72392624000286 -1.914258 -9.482756 0.106481 
72392642758359 -1.866402 -9.418150 0.167498 
72392661516380 -1.718047 -9.464810 0.214158 
72392680274401 -1.707279 -9.510274 0.151944 
72392699032474 -1.684547 -9.536594 0.234497 
72392717790547 -1.907080 -9.430114 0.319442 
72392736548567 -2.018346 -9.343972 0.271585 
72392755306640 -1.875973 -9.174082 0.385244 
72392774064661 -1.545763 -8.530413 1.512264 
72392792822734 -1.093520 -8.019546 1.791028 
72392811580755 -0.750150 -9.194421 1.645066 
72392830338828 -0.291924 -11.174481 1.083949 
72392849096901 -2.377269 -11.801401 0.123230 
72392867854922 -3.468396 -10.654043 -0.513260 
72392886612942 -2.742175 -9.516255 -1.006182 
72392905371015 -0.796810 -9.786645 -1.149751 
72392924129088 0.455833 -10.470992 -0.762114 
72392942887109 0.086142 -10.475778 -0.859023 
72392961645182 -0.202194 -10.578669 -0.857827 
72392980403151 -0.610170 -10.497313 -1.247857 
72392999161276 -0.794417 -10.415956 -1.792224 
72393017919297 -0.739382 -10.664810 -2.175076 
72393036677370 -0.932004 -11.072786 -2.598605 
72393055435390 -1.170090 -11.423335 -2.950350 
72393074193463 -0.994218 -11.661421 -2.959922 
72393092951484 -0.439083 -12.178271 -3.205186 
72393111709557 0.509671 -12.339787 -3.647858 
72393130467578 -0.279960 -11.669796 -3.298506 
72393149225651 -2.718246 -10.567902 -1.685744 
72393167983672 -0.454636 -7.752745 -0.324227 
72393186741692 0.882952 -8.426325 -2.234896 
72393205499817 -2.148755 -9.848858 -2.901298 
72393224257838 -4.109673 -9.020942 -1.976472 
72393243015859 -2.614159 -7.576873 -1.056431 
72393261773932 -1.314856 -7.319644 -1.217947 
72393280532005 -0.885344 -7.366304 -2.270789 
72393299290026 -0.781257 -7.519445 -2.641676 
72393318048099 -0.748953 -7.365108 -2.419144 
72393336806120 -0.758525 -6.829116 -2.538785 
72393355564192 -1.111466 -6.638886 -3.156133 
72393374322213 -1.471586 -7.085148 -3.984050 
72393393080286 -1.831706 -7.616354 -4.662415 
72393411838359 -1.978864 -7.598408 -5.201996 
72393430596380 -1.409373 -7.806584 -6.326623 
72393449354401 -1.312463 -8.467003 -6.796813 
72393468112474 -1.299303 -9.559326 -6.321837 
72393486870547 -0.768096 -10.185050 -5.912665 
72393505628567 -0.533599 -9.862019 -6.100502 
72393524386588 -0.622134 -8.921639 -6.076573 
72393543144661 -0.802792 -7.934600 -5.769095 
72393561902682 -0.707079 -7.189236 -5.273781 
72393580660755 -0.697508 -6.646065 -4.919643 
72393599418776 -0.929612 -6.145965 -4.895715 
72393618176849 -1.237089 -5.691329 -5.126623 
72393636934922 -1.500300 -5.558527 -5.071588 
72393655692942 -1.569692 -5.424529 -4.689932 
72393674450963 -2.499303 -6.257231 -4.876573 
72393693209036 -6.029913 -10.683953 -5.201996 
72393711967109 -7.672586 -19.914267 -4.872983 
72393730725130 0.987039 -19.221544 -8.992228 
72393749483151 4.567898 -13.802998 -7.320841 
72393768241224 1.332802 -0.008375 4.125226 
72393786999297 -7.980063 5.328816 -0.131605 
72393805757317 2.903690 -4.947161 1.214357 
72393824515390 7.828119 -22.051058 1.639084 
72393843273411 2.060220 -17.590836 -1.356730 
72393862031484 -4.839484 -6.108876 -2.361716 
72393880789505 -4.890930 -3.976871 -0.990629 
72393899547578 -2.364109 -7.842476 0.613759 
72393918305599 -0.592224 -12.041880 0.914058 
72393937063672 -0.972682 -10.554741 0.342174 
72393955821692 -1.277767 -8.001599 0.175872 
72393974579765 -0.490529 -8.512466 0.381655 
72393993337786 -0.345763 -10.637293 0.441476 
72394012095859 -0.151944 -11.434103 0.581456 
72394030853880 -0.553938 -10.764112 0.238086 
72394049611953 -1.280160 -9.652647 -0.156730 
72394068369974 -0.454636 -8.816355 -0.005982 
72394087128047 1.408176 -9.572487 0.620937 
72394105886067 1.234697 -10.503295 0.900898 
72394124644088 -0.167498 -10.195817 0.052642 
72394143402161 -0.731007 -9.803394 -0.412762 
72394162160234 -0.735793 -9.646665 -0.159123 
72394180918255 -0.801596 -9.625129 0.220140 
72394199676328 -0.607777 -9.890733 0.673580 
72394218434349 -0.849452 -9.841680 0.495314 
72394237192422 -1.343570 -9.085547 0.015553 
72394255950442 -0.914058 -9.566504 -0.464208 
72394274708463 0.774078 -10.115658 -0.123230 
72394293466536 2.293520 -10.712667 0.607777 
72394312224609 2.336591 -11.588440 0.534796 
72394330982630 0.884148 -11.714064 -0.679562 
72394349740651 -0.184247 -12.642478 -1.410569 
72394368498724 -0.037089 -13.325629 -2.358127 
72394387256745 1.074377 -13.342379 -3.372684 
72394406014817 1.465604 -13.438092 -4.461418 
72394424772838 1.332802 -11.893525 -3.568895 
72394443530911 -0.788435 -10.157532 -2.187040 
72394462288932 -4.313063 -10.013963 -2.854637 
72394481047005 -4.643272 -11.417354 -1.926222 
72394499805026 -4.328616 -13.548162 -0.072981 
72394518563099 -3.503092 -13.550554 0.500100 
72394537321120 -1.061217 -12.173485 0.936790 
72394556079140 -0.095713 -11.693725 0.812363 
72394574837213 -0.946361 -12.057433 -0.637687 
72394593595286 -0.307478 -11.542976 -1.529014 
72394612353307 -0.646062 -10.595419 -0.741775 
72394631111380 -1.339981 -9.611969 -0.172283 
72394649869401 -0.855434 -9.518648 -0.236889 
72394668627422 -0.199801 -9.059227 0.405583 
72394687385495 -0.863809 -7.733603 0.626920 
72394706143567 -1.923829 -5.958128 1.143769 
72394724901588 -2.501696 -4.540381 1.050449 
72394743659609 -2.291128 -4.218546 0.705883 
72394762417682 -1.846063 -3.806981 0.357727 
72394781175755 -1.574477 -3.431308 -0.123230 
72394799933776 -1.350748 -3.132205 -0.798006 
72394818691797 -1.161715 -3.726821 -1.731207 
72394837449870 -0.948754 -5.149354 -2.818745 
72394856207942 -1.000200 -7.173682 -5.222335 
72394874965963 -1.383052 -10.785648 -8.721839 
72394893723984 -1.712065 -18.319450 -12.379268 
72394912482057 -1.356730 -22.637299 -14.518452 
72394931240130 -0.541974 -15.378671 -9.129815 
72394949998151 -0.442672 -4.961518 -6.315856 
72394968756172 -1.652244 1.012164 -4.158726 
72394987514245 -2.736193 -5.039285 -4.018745 
72395006272317 -0.882952 -18.086149 -4.345366 
72395025030338 5.424529 -21.548565 -5.918647 
72395043788359 2.298306 -6.991828 2.366502 
72395062546432 -11.527423 4.066602 0.614955 
72395081304453 -6.726224 -1.006182 4.311866 
72395100062526 1.422533 -11.145768 4.406383 
72395118820547 3.194418 -18.128025 1.086342 
72395137578620 1.412962 -14.988641 -0.851845 
72395156336640 -2.249253 -8.970692 0.120838 
72395175094713 -4.928018 -6.628119 0.534796 
72395193852734 -2.975475 -9.006584 1.451247 
72395212610807 -0.908076 -11.729616 1.566102 
72395231368828 -0.691526 -12.055040 1.318445 
72395250126901 -0.452243 -11.276176 1.333999 
72395268884922 0.277567 -10.759327 1.094716 
72395287642995 -0.007178 -10.086944 0.032303 
72395306401015 -1.375873 -8.684750 -0.782453 
72395325159036 -1.076770 -8.353344 0.013161 
72395343917109 -0.410369 -8.376076 0.313460 
72395362675130 0.082552 -8.793623 -0.061017 
72395381433203 0.370888 -8.500503 0.206979 
72395400191276 -0.788435 -8.347362 0.937986 
72395418949297 -1.758725 -8.962317 1.103091 
72395437707317 -1.234697 -9.583255 0.099302 
72395456465390 -0.050249 -9.120243 -0.934397 
72395475223463 0.884148 -9.217153 -0.870987 
72395493981484 1.664208 -10.049855 -0.726222 
72395512739453 2.124826 -11.089537 -1.590031 
72395531497578 2.915654 -12.468999 -1.080359 
72395550255599 0.904487 -12.370893 -1.222732 
72395569013672 -2.025524 -11.922238 -2.836691 
72395587771692 -1.850848 -12.324233 -3.546163 
72395606529765 0.537189 -13.799408 -2.537588 
72395625287786 1.490728 -13.974084 -3.079563 
72395644045859 0.937986 -12.571890 -1.889133 
72395662803880 -2.659622 -11.119447 -0.872184 
72395681561901 -6.183053 -10.809576 -1.044467 
72395700319974 -6.279963 -13.935799 -0.010768 
72395719078047 -3.923033 -15.985251 0.617348 
72395737836067 -1.420140 -14.315062 0.855434 
72395756594088 -0.126820 -12.373286 0.668794 
72395775352161 -0.238086 -12.214163 -0.235693 
72395794110182 1.192822 -11.340783 -0.203390 
72395812868255 1.258625 -10.725827 0.033500 
72395831626276 0.314656 -10.342976 0.614955 
72395850384401 -0.653241 -10.266405 1.150948 
72395869142422 -0.763310 -10.004392 1.080359 
72395887900442 -0.774078 -8.215756 1.287339 
72395906658463 -1.301695 -6.358926 2.134398 
72395925416536 -2.358127 -4.456632 2.080559 
72395944174557 -2.670390 -2.878566 1.840081 
72395962932630 -2.743371 -2.099702 1.232304 
72395981690651 -2.770889 -1.721636 0.745364 
72396000448724 -2.023132 -1.859223 -0.021535 
72396019206745 -1.910669 -2.787638 -1.177269 
72396037964817 -1.948954 -4.603791 -2.163112 
72396056722838 -1.990828 -6.641279 -4.039084 
72396075480911 -1.484746 -10.455439 -7.999206 
72396094238932 -1.201197 -19.536200 -12.910475 
72396112997005 -1.603191 -26.803204 -14.733806 
72396131755026 -0.770489 -18.125631 -9.645468 
72396150513099 0.262014 -5.802595 -6.697511 
72396169271120 -1.284946 4.187439 -4.802395 
72396188029192 -1.570888 -1.527817 -3.452843 
72396206787213 -0.135194 -12.230913 0.433101 
72396225545234 0.671187 -21.576082 -4.371687 
72396244303307 3.104687 -20.359331 -9.394221 
72396263061380 -0.580260 -2.821138 1.042074 
72396281819401 -8.427522 6.323034 3.119044 
72396300577422 -5.850451 -1.434497 3.741178 
72396319335495 2.336591 -16.700706 2.934797 
72396338093567 3.566502 -21.747169 2.715854 
72396356851588 -2.206182 -12.379268 1.051646 
72396375609609 -5.569295 -7.099505 -0.065803 
72396394367682 -3.267399 -8.295917 1.324427 
72396413125703 -1.165305 -11.340783 1.584049 
72396431883776 -0.324227 -12.550355 1.166501 
72396450641797 -0.650848 -10.883754 1.367498 
72396469399870 -1.386641 -8.717052 0.107677 
72396488157890 -0.524028 -9.151350 0.053839 
72396506915963 0.264407 -9.276974 0.270389 
72396525673984 -0.478565 -8.215756 0.817149 
72396544432057 -0.647259 -7.911868 0.759721 
72396563190078 -0.356531 -8.178668 0.040678 
72396581948151 -0.829113 -8.066205 -0.477368 
72396600706172 -1.475175 -8.147561 -0.017946 
72396619464245 -1.019342 -8.482556 0.721436 
72396638222265 -0.440279 -8.792427 0.555135 
72396656980338 0.022732 -8.968299 -0.881755 
72396675738359 0.214158 -9.437292 -1.351945 
72396694496328 0.658026 -10.011570 -0.880559 
72396713254453 1.868794 -11.048859 -0.458226 
72396732012526 3.482753 -12.329019 -0.168694 
72396750770547 1.408176 -11.911471 -1.545763 
72396769528567 -0.370888 -12.058630 -2.672783 
72396788286640 0.443869 -12.709477 -4.118048 
72396807044661 1.661815 -13.462020 -3.920640 
72396825802734 2.664408 -14.749359 -3.406183 
72396844560703 0.362513 -14.164313 -1.789831 
72396863318776 -3.573681 -10.845469 -1.030110 
72396882076849 -6.916454 -10.871790 -0.894916 
72396900834922 -5.977271 -14.987445 0.702293 
72396919592942 -3.422933 -16.506887 1.598405 
72396938350963 -1.907080 -14.677574 0.323031 
72396957109036 -1.046860 -11.935399 -0.032303 
72396975867057 -1.551746 -12.248859 0.630509 
72396994625130 -0.900898 -11.754742 0.080160 
72397013383203 -0.660419 -10.486546 0.107677 
72397032141224 -0.946361 -9.920643 0.285942 
72397050899297 -0.580260 -10.033105 0.790828 
72397069657317 -0.368495 -9.905089 0.564706 
72397088415390 -0.531207 -8.100901 0.798006 
72397107173411 -1.066002 -6.399604 1.769492 
72397125931484 -2.230111 -4.682754 2.091327 
72397144689505 -2.319842 -3.674179 1.610370 
72397163447526 -2.014757 -3.287738 0.665205 
72397182205599 -2.208575 -2.575874 -0.148355 
72397200963672 -1.914258 -2.084148 -0.733400 
72397219721692 -1.318445 -2.529213 -1.393819 
72397238479713 -0.902094 -4.124030 -2.641676 
72397257237786 -0.672383 -5.936593 -4.929214 
72397275995859 -0.624527 -9.592826 -8.641679 
72397294753880 -1.301695 -17.508284 -12.507284 
72397313511901 -2.992225 -26.090141 -15.957734 
72397332269974 1.944168 -17.133806 -7.540980 
72397351028047 0.629312 -2.927619 -4.144369 
72397369786067 -4.711468 5.771488 -1.012164 
72397388544088 -4.660022 -5.146962 0.180658 
72397407302161 -3.639483 -23.111078 -2.809174 
72397426060234 2.532803 -26.490940 -9.688539 
72397444818255 -0.669990 -6.805188 1.580459 
72397463576276 -8.492127 5.363512 1.829313 
72397482334349 -3.306881 1.245464 4.212564 
72397501092422 3.617948 -11.751152 4.454239 
72397519850442 6.378069 -21.549761 2.038685 
72397538608515 1.545763 -14.603396 1.136591 
72397557366536 -4.771288 -7.156932 0.994218 
72397576124609 -6.442675 -5.881558 0.442672 
72397594882630 -3.372684 -9.294920 1.179662 
72397613640651 -0.648455 -12.178271 1.432104 
72397632398724 0.835095 -11.929418 2.074577 
72397651156797 1.074377 -10.340583 1.523032 
72397669914817 0.576670 -9.762716 0.168694 
72397688672838 0.019143 -9.083155 -0.348156 
72397707430911 -0.625723 -8.617751 0.323031 
72397726188984 -0.704686 -8.581859 1.237089 
72397744947005 -0.699901 -8.206185 0.527617 
72397763705026 -0.690329 -8.212168 -0.479761 
72397782463099 -0.437887 -8.770891 -0.086142 
72397801221172 -1.317249 -9.020942 0.780060 
72397819979192 -2.390430 -10.060623 -0.171087 
72397838737213 -1.485943 -10.457831 -2.151148 
72397857495286 -0.216550 -9.865608 -1.782653 
72397876253359 1.229911 -10.195817 -0.823131 
72397895011380 2.991028 -10.421939 -1.173679 
72397913769401 4.442275 -11.151750 -0.053839 
72397932527474 1.887937 -12.224931 -0.601795 
72397951285495 -0.887737 -12.410375 -2.993421 
72397970043567 0.996611 -13.468002 -3.314059 
72397988801588 3.968496 -14.252848 -3.711268 
72398007559661 4.004389 -13.489537 -3.530610 
72398026317682 0.325424 -12.162718 -1.663012 
72398045075755 -5.131408 -10.695917 -1.557728 
72398063833776 -7.678568 -11.877972 -0.039482 
72398082591849 -6.733403 -14.574683 0.440279 
72398101349870 -5.766703 -17.568104 0.123230 
72398120107942 -4.064209 -15.443277 2.374876 
72398138865963 -2.130809 -13.080365 1.292124 
72398157624036 -1.911865 -12.908082 -0.400798 
72398176382057 -0.473779 -11.990435 -0.911665 
72398195140130 -0.525225 -10.835897 -0.583849 
72398213898151 -0.946361 -9.561719 0.380459 
72398232656224 -0.455833 -8.919247 0.665205 
72398251414245 -0.002393 -9.054440 0.860220 
72398270172317 -0.649651 -7.896315 0.942772 
72398288930338 -1.312463 -5.411368 2.063810 
72398307688411 -1.987239 -3.396612 2.539981 
72398326446432 -2.036292 -2.161915 2.445465 
72398345204505 -1.570888 -1.593620 1.551746 
72398363962526 -2.044667 -0.855434 0.756132 
72398382720599 -2.149951 -0.923630 -0.553938 
72398401478620 -1.569692 -1.805385 -1.560120 
72398420236692 -1.584049 -4.088138 -2.737389 
72398438994713 -2.537588 -8.304291 -7.021738 
72398457752786 -4.664808 -18.585054 -14.403596 
72398476510807 -3.214757 -33.548569 -17.831314 
72398495268880 0.107677 -21.326033 -9.584451 
72398514026901 0.254836 -4.073781 -5.136194 
72398532784974 0.709472 8.798409 -3.226721 
72398551543047 2.751746 0.607777 -2.423929 
72398570301067 1.129412 -15.765112 -0.528814 
72398589059088 1.284946 -29.225935 -7.714460 
72398607817161 2.191826 -17.269001 -4.804788 
72398626575234 -8.043473 5.917450 2.754139 
72398645333255 -9.032906 7.459625 3.129812 
72398664091276 -1.849652 -8.428718 4.923233 
72398682849349 2.999403 -23.913870 3.966104 
72398701607422 1.347159 -20.216959 0.175872 
72398720365442 -5.022535 -8.618947 1.201197 
72398739123463 -5.874380 -5.504688 1.523032 
72398757881536 -1.898705 -9.704092 2.376073 
72398776639609 0.501296 -12.711870 1.172483 
72398795397630 1.191626 -12.179467 1.089931 
72398814155651 0.647259 -9.927821 0.476172 
72398832913724 0.683151 -9.570094 0.063410 
72398851671797 -0.349352 -9.152547 -0.315853 
72398870429817 -1.133002 -8.057830 0.061017 
72398889187838 -1.152144 -7.713264 -0.361316 
72398907945911 -0.979861 -7.416554 -0.586242 
72398926703984 -0.218943 -7.484749 -0.525225 
72398945462005 0.178265 -7.829316 0.307478 
72398964220026 -0.769292 -8.768498 1.168894 
72398982978099 -1.039681 -9.584451 0.429512 
72399001736172 -0.658026 -9.276974 -1.002593 
72399020494140 0.466600 -8.981460 -0.876970 
72399039252213 1.966900 -10.700703 -0.129212 
72399058010286 2.617748 -11.724831 -1.135394 
72399076768359 3.552145 -12.179467 -0.122034 
72399095526380 0.691526 -12.431911 -0.970290 
72399114284401 -1.400998 -12.600604 -3.005385 
72399133042474 0.502493 -12.966706 -3.584448 
72399151800547 2.653640 -13.393825 -4.316652 
72399170558567 3.562913 -13.685749 -4.303492 
72399189316588 0.869791 -12.464213 -1.874776 
72399208074661 -3.783053 -10.551151 -1.536192 
72399226832734 -5.557331 -11.656635 -1.336391 
72399245590755 -5.030910 -16.113268 0.902094 
72399264348776 -4.777270 -17.740387 1.456033 
72399283106849 -2.378466 -14.524433 0.643669 
72399301864922 -0.195015 -12.425928 0.714258 
72399320622942 -0.506082 -12.509677 0.470190 
72399339381015 -0.116052 -11.716456 -0.244068 
72399358139036 -0.692722 -10.046266 -0.128016 
72399376897109 -1.333999 -8.961121 0.010768 
72399395655130 -0.796810 -9.139386 0.634098 
72399414413203 0.080160 -9.194421 1.171287 
72399433171224 0.290728 -7.990831 1.670190 
72399451929297 -1.027717 -5.989235 2.126023 
72399470687317 -2.433501 -3.906283 2.447858 
72399489445338 -2.415555 -2.714657 2.116452 
72399508203411 -2.461018 -2.134398 1.453640 
72399526961484 -2.626123 -1.692922 0.507278 
72399545719505 -2.140380 -2.013560 -0.518046 
72399564477578 -1.318445 -2.677568 -1.473979 
72399583235651 -1.034896 -4.435097 -3.031706 
72399601993672 -1.217947 -7.911868 -6.880561 
72399620751692 -1.980061 -15.136996 -13.282558 
72399639509765 -2.902494 -28.517660 -17.944973 
72399658267838 0.413958 -25.124638 -11.990435 
72399677025859 0.502493 -8.215756 -8.098508 
72399695783880 -2.516053 5.298906 -3.194418 
72399714541953 -1.195215 0.205783 -2.213361 
72399733300026 0.762114 -14.633307 -0.637687 
72399752058047 3.523431 -24.090939 -7.348358 
72399770816120 3.255435 -11.959328 -1.294517 
72399789574140 -10.555937 5.590830 2.333002 
72399808332213 -7.889136 3.579663 2.561517 
72399827090234 0.398405 -12.166306 3.702893 
72399845848255 4.855037 -23.018953 2.394019 
72399864606380 1.971686 -15.541383 -0.084945 
72399883364401 -3.778267 -7.958528 0.698704 
72399902122422 -4.997410 -6.910472 1.886741 
72399920880495 -2.756532 -10.310673 2.367698 
72399939638567 -1.386641 -13.147364 1.255036 
72399958396588 -1.238286 -12.855439 0.319442 
72399977154661 -1.194018 -10.581061 -0.047856 
72399995912682 0.020339 -9.540184 -0.151944 
72400014670755 0.937986 -9.661021 -0.014357 
72400033428776 0.005982 -7.974082 -0.118445 
72400052186849 -0.263211 -7.320841 0.282353 
72400070944922 -0.202194 -7.629515 0.279960 
72400089702942 -0.809970 -7.357930 0.033500 
72400108460963 -1.377069 -7.586444 0.128016 
72400127219036 -1.319642 -8.989835 0.369691 
72400145977109 -0.576670 -9.633504 -0.704686 
72400164735130 0.124427 -9.223135 -2.173879 
72400183493203 0.748953 -9.464810 -1.525424 
72400202251224 2.385644 -10.173085 -1.122234 
72400221009297 4.345366 -11.091929 -1.086342 
72400239767317 3.707679 -11.940185 -0.720240 
72400258525390 -0.190229 -12.709477 -2.557927 
72400277283463 -0.892523 -13.235898 -4.664808 
72400296041484 2.447858 -14.463416 -4.603791 
72400314799505 4.472186 -14.322240 -3.699304 
72400333557578 1.645066 -12.675978 -1.802992 
72400352315599 -4.746164 -11.986845 -2.626123 
72400371073672 -6.551548 -13.389039 0.038285 
72400389831745 -7.481160 -15.580865 0.886541 
72400408589817 -7.355537 -16.610975 -0.122034 
72400427347838 -3.364309 -14.133207 0.738186 
72400446105859 -1.308874 -12.440285 -0.530010 
72400464863932 -0.540778 -12.355340 -0.419940 
72400483622005 0.588634 -10.697114 -0.257228 
72400502380026 0.323031 -9.412168 -0.180658 
72400521138099 -0.404387 -8.906086 0.078963 
72400539896172 -0.439083 -9.012567 0.293121 
72400558654192 -0.355334 -8.300702 0.714258 
72400577412265 -0.721436 -6.923632 1.077967 
72400596170286 -1.970490 -5.107480 1.823331 
72400614928359 -2.805584 -3.407379 2.208575 
72400633686380 -2.511267 -2.974278 2.014757 
72400652444453 -1.983650 -3.174079 1.196411 
72400671202526 -2.443072 -2.507678 0.264407 
72400689960547 -2.288735 -2.039881 -0.920040 
72400708718620 -1.507478 -3.269792 -2.293520 
72400727476692 -1.121037 -5.229514 -4.134798 
72400746234713 -1.637887 -8.383254 -7.454839 
72400764992786 -2.437090 -15.418153 -12.080165 
72400783750807 -2.297110 -27.885956 -17.206787 
72400802508880 0.195015 -24.574289 -11.163714 
72400821266901 -0.029910 -7.914261 -6.795616 
72400840024974 -4.264010 4.825127 -2.362912 
72400858782995 -5.333601 -3.499503 -1.940579 
72400877541015 -1.064806 -19.428524 -3.349952 
72400896299140 6.758528 -18.454645 -3.607180 
72400915057213 -1.335195 -5.088337 -0.171087 
72400933815234 -7.456035 2.027917 2.824727 
72400952573307 -4.547559 -3.999603 3.602395 
72400971331380 0.227318 -13.330415 2.251646 
72400990089349 3.382255 -17.935402 2.114059 
72401008847422 0.004786 -13.247863 0.825524 
72401027605495 -3.001796 -8.952746 0.860220 
72401046363567 -4.140779 -7.969296 0.544367 
72401065121588 -2.646462 -9.689735 0.013161 
72401083879661 -0.911665 -11.918650 0.381655 
72401102637734 0.133998 -11.745170 0.672383 
72401121395755 0.295514 -10.041480 0.525225 
72401140153828 0.132802 -9.075976 -0.313460 
72401158911901 0.226122 -8.976674 -0.665205 
72401177669922 -0.259621 -8.772088 -0.443869 
72401196427995 -0.918844 -8.092526 0.035892 
72401215186067 -0.337388 -7.829316 0.345763 
72401233944088 0.116052 -8.140383 0.291924 
72401252702161 -0.301496 -8.374879 0.385244 
72401271460234 -0.910469 -8.566305 0.569492 
72401290218255 -1.325624 -8.918050 -0.016750 
72401308976328 -1.509871 -9.211171 -1.507478 
72401327734349 -0.882952 -9.598808 -1.325624 
72401346492422 0.171087 -10.140782 -0.096909 
72401365251930 2.146362 -10.975878 -0.096909 
72401384009950 4.902894 -12.215360 0.568295 
72401402768023 2.353341 -11.973684 -0.203390 
72401421526044 -1.869991 -12.110075 -2.452643 
72401440284117 -1.336391 -12.399607 -3.570091 
72401459042190 0.849452 -12.669996 -3.609573 
72401477800211 2.391626 -13.724034 -3.425326 
72401496558284 1.811367 -13.782659 -3.281756 
72401515316357 -0.870987 -12.218948 -2.025524 
72401534074377 -3.848855 -10.438689 -1.660619 
72401552832450 -4.850252 -11.473584 -0.711865 
72401571590523 -4.810770 -14.388042 1.369891 
72401590348544 -3.565306 -15.899110 1.310070 
72401609106617 -1.349552 -14.043476 -0.179462 
72401627864690 -0.624527 -12.815958 -0.217747 
72401646622711 -1.085145 -11.529816 -0.093320 
72401665380784 -0.733400 -9.891929 0.020339 
72401684138857 -1.362713 -8.287541 -0.222533 
72401702896877 -0.949951 -8.163115 -0.544367 
72401721654950 0.198604 -8.743374 0.167498 
72401740413023 -0.108873 -8.110473 0.238086 
72401759171096 -0.753739 -6.602994 0.681954 
72401777929117 -1.332802 -5.393422 1.368695 
72401796687190 -2.248057 -4.219743 1.950150 
72401815445263 -2.536392 -3.414558 2.005185 
72401834203336 -2.568695 -2.774478 1.411765 
72401852961357 -2.724229 -2.563910 -0.183051 
72401871719430 -2.202593 -2.909672 -1.902294 
72401890477502 -1.601995 -4.945964 -3.324827 
72401909235523 -1.282553 -8.349754 -4.853841 
72401927993596 -2.504089 -14.372489 -8.303095 
72401946751669 -3.823730 -24.751358 -14.439488 
72401965509690 -2.392823 -25.171297 -12.792029 
72401984267763 0.238086 -11.545369 -7.353144 
72402003025836 -1.213161 0.364905 -3.498307 
72402021783857 -1.478764 3.116652 -1.844866 
72402040541930 1.324427 -11.499906 -0.543171 
72402059299950 3.097509 -21.287746 -3.314059 
72402078058075 -0.394816 -16.010376 -3.915854 
72402096816148 -5.012963 -1.658226 1.758725 
72402115574169 -6.430711 0.221336 4.035495 
72402134332242 -3.680161 -6.873383 2.967100 
72402153090315 2.026721 -14.538791 2.462214 
72402171848336 3.933800 -16.096518 0.819542 
72402190606409 0.994218 -10.760524 0.955933 
72402209364482 -2.341377 -8.065009 1.278964 
72402228122502 -3.493521 -8.721839 0.130409 
72402246880575 -2.532803 -10.310673 -0.520439 
72402265638648 -1.597209 -10.671989 0.108873 
72402284396721 -1.488336 -10.238888 0.522832 
72402303154794 -0.991825 -9.865608 0.391227 
72402321912815 0.318245 -10.009177 -0.391227 
72402340670888 0.669990 -9.566504 -0.457029 
72402359428909 0.094516 -8.641679 0.008375 
72402378186982 0.157926 -8.151151 0.375673 
72402396945055 0.263211 -8.550752 0.118445 
72402415703127 -0.914058 -8.833105 -0.046660 
72402434461148 -1.871187 -9.157332 0.406780 
72402453219273 -1.649851 -9.771091 0.391227 
72402471977294 -0.869791 -9.945767 -0.479761 
72402490735367 -0.558724 -9.010174 -1.299303 
72402509493440 -0.238086 -8.994620 -0.947558 
72402528251461 1.361516 -10.459028 -0.474975 
72402547009534 2.434697 -11.432906 -0.583849 
72402565767607 2.750550 -12.015559 -0.228515 
72402584525627 1.333999 -12.022738 -0.150748 
72402603283752 -1.485943 -12.291930 -1.843670 
72402622041773 -1.373480 -12.814762 -3.211168 
72402640799846 0.514457 -12.770494 -3.677768 
72402659557919 0.690329 -12.722638 -1.308874 
72402678315940 -1.628316 -12.210574 -0.600598 
72402697074013 -3.914658 -10.768898 -1.441676 
72402715832086 -4.721039 -9.736395 -1.710868 
72402734590107 -4.481757 -10.561919 -0.933201 
72402753348232 -4.258028 -12.080165 -0.284746 
72402772106252 -4.621737 -12.704692 -0.346959 
72402790864325 -2.309074 -12.378072 0.789631 
72402809622398 0.387637 -11.535798 1.154537 
72402828380419 0.742971 -11.723635 -0.867398 
72402847138492 0.183051 -10.627722 -2.027917 
72402865896565 -1.306481 -9.326026 -0.713061 
72402884654638 -2.433501 -8.601001 0.175872 
72402903412711 -1.811367 -8.321041 0.309871 
72402922170732 -1.323231 -8.146365 -0.126820 
72402940928805 -1.018146 -7.079166 0.151944 
72402959686877 -1.440479 -5.755935 0.552742 
72402978444950 -2.304288 -4.543970 0.879362 
72402997203023 -2.723032 -3.621537 0.508475 
72403015961044 -2.622534 -3.859623 -0.143569 
72403034719117 -1.995614 -4.289135 -0.988236 
72403053477190 -1.155733 -4.900501 -1.886741 
72403072235263 -0.527617 -6.287141 -2.665604 
72403090993336 -1.275374 -8.488539 -3.333202 
72403109751357 -2.377269 -12.451053 -5.324030 
72403128509430 -3.306881 -18.340986 -10.433903 
72403147267502 -4.560720 -21.166908 -12.654443 
72403166025575 -1.282553 -15.486348 -6.851848 
72403184783648 1.292124 -6.592227 -6.440282 
72403203541669 0.306281 0.486939 -3.224329 
72403222299794 -0.583849 -0.077767 -1.188036 
72403241057815 1.465604 -9.148957 -0.799203 
72403259815888 1.935794 -18.132811 -2.995814 
72403278573961 -1.184447 -20.610579 -8.067402 
72403297331982 -0.427119 -14.573486 -4.703093 
72403316090107 -3.499503 -4.677969 3.244668 
72403334848127 -9.126225 -0.037089 3.461218 
72403353606200 -7.586444 -4.030710 1.817349 
72403372364273 -0.301496 -10.518848 2.279164 
72403391122346 4.974678 -15.925431 1.996811 
72403409880419 3.845266 -14.224134 1.231107 
72403428638440 0.547956 -10.139585 0.303888 
72403447396513 -1.270589 -8.269595 0.744168 
72403466154586 -3.159722 -7.992028 -0.113659 
72403484912659 -3.951747 -9.131011 -0.830309 
72403503670732 -3.469593 -10.256834 -0.655633 
72403522428752 -2.248057 -10.213763 0.084945 
72403541186877 -0.971486 -9.504292 0.019143 
72403559944846 -0.241675 -9.463614 -0.218943 
72403578702971 0.545564 -9.631111 -0.168694 
72403597461044 0.710668 -9.860822 0.106481 
72403616219065 0.240479 -9.879965 -0.095713 
72403634977190 -0.041874 -9.950553 -0.521635 
72403653735211 -0.364905 -9.975677 -0.959522 
72403672493284 -1.055235 -9.769895 -1.398605 
72403691251357 -1.786242 -9.791430 -1.307678 
72403710009430 -1.905883 -10.283155 -0.673580 
72403728767502 -1.140180 -10.216156 -0.470190 
72403747525523 -0.177069 -9.993624 -0.531207 
72403766283596 0.193819 -9.883554 -0.230907 
72403785041669 -0.113659 -9.915857 -0.212961 
72403803799742 -0.376870 -10.128819 0.100499 
72403822557815 -1.004985 -10.485349 0.680758 
72403841315836 -1.599602 -10.023534 0.417548 
72403860073961 -2.348555 -9.802198 0.044267 
72403878831982 -2.729014 -10.037891 0.313460 
72403897590055 -2.232503 -10.510473 0.259621 
72403916348127 -2.188236 -10.969895 0.289532 
72403935106200 -2.319842 -10.749756 0.114855 
72403953864273 -2.072184 -10.102497 0.008375 
72403972622294 -2.106880 -9.907482 0.108873 
72403991380419 -1.660619 -9.163314 -0.510868 
72404010138440 -1.469193 -8.658429 -0.409173 
72404028896513 -2.042274 -8.690732 -0.531207 
72404047654586 -2.286342 -9.260223 -0.586242 
72404066412607 -2.551945 -9.690931 -0.171087 
72404085170732 -3.339184 -9.327223 -0.617348 
72404103928752 -3.550949 -9.111869 -0.463011 
72404122686877 -2.477768 -9.022138 0.044267 
72404141444898 -1.473979 -9.237492 0.088534 
72404160202971 0.372084 -9.960124 -0.510868 
72404178961044 0.489332 -9.276974 -1.095913 
72404197719117 -0.885344 -8.151151 -1.288535 
72404216477190 -1.272982 -7.642675 -1.529014 
72404235235211 -1.085145 -7.928618 -1.290928 
72404253993284 -1.178465 -8.134400 -1.184447 
72404272751357 -2.377269 -7.957332 -1.390230 
72404291509430 -3.448057 -8.794820 -2.204986 
72404310267502 -2.662015 -10.543973 -3.321238 
72404329025575 -0.470190 -11.289337 -3.205186 
72404347783648 -0.270389 -10.593026 -1.323231 
72404366541669 -2.245664 -10.520044 -1.395016 
72404385299742 -3.095116 -11.252249 -1.543371 
72404404057815 1.305285 -10.802398 -0.829113 
72404422815888 0.729811 -9.682557 -1.263410 
72404441573961 -3.125026 -8.623733 -0.811167 
72404460331982 -2.086541 -9.080762 0.333799 
72404479090107 -0.751346 -9.657433 -0.637687 
72404497848127 -1.369891 -9.699306 -0.632902 
72404516606200 -1.534996 -9.775877 -0.228515 
72404535364273 -1.124627 -9.889536 -0.758525 
72404554122346 -1.262214 -9.572487 -0.622134 
72404572880419 -1.939383 -9.367901 -0.066999 
72404591638492 -1.762314 -9.355937 0.043071 
72404610396565 -1.457229 -9.869197 -0.154337 
72404629154586 -1.489532 -9.888340 -0.211765 
72404647912659 -1.558924 -9.961321 -0.050249 
72404666670732 -2.102095 -9.942178 -0.208176 
72404685428805 -1.928615 -9.681360 0.047856 
72404704186877 -2.382055 -9.395418 0.287139 
72404722944950 -1.385444 -9.523434 0.619741 
72404741703023 -1.406980 -9.854840 0.340977 
72404760461044 -1.733600 -9.759128 0.132802 
72404779219169 -1.546960 -9.468399 0.196211 
72404797977190 -1.726422 -9.578469 0.174676 
72404816735263 -1.980061 -9.765109 0.319442 
72404835493336 -2.471786 -9.902697 0.181855 
72404854251409 -3.026921 -10.011570 -0.033500 
72404873009482 -2.244468 -9.491131 0.009571 
72404891767502 -1.959722 -9.244670 0.276371 
72404910525627 -1.910669 -9.461221 0.384048 
72404929283648 -1.272982 -9.757931 0.172283 
72404948041721 -1.249053 -9.675379 -0.031107 
72404966799794 -1.499103 -9.475577 -0.143569 
72404985557867 -1.665405 -9.287741 -0.148355 
72405004315940 -1.832902 -9.515059 -0.241675 
72405023073961 -1.545763 -9.737592 -0.088534 
72405041832086 -1.715654 -9.589237 -0.202194 
72405060590107 -1.854438 -9.670592 -0.124427 
72405079348232 -1.695315 -9.662218 -0.141177 
72405098106252 -1.860420 -9.126225 -0.229711 
72405116864325 -1.856830 -9.582058 0.015553 
72405135622346 -1.880759 -9.987641 0.206979 
72405154380471 -2.033899 -9.809377 0.110070 
72405173138544 -2.030310 -9.349955 -0.173480 
72405191896565 -1.763510 -9.363115 -0.070588 
72405210654690 -1.873580 -9.530613 -0.027517 
72405229412711 -2.134398 -9.976874 -0.154337 
72405248170784 -2.133201 -9.974482 -0.285942 
72405266928857 -1.663012 -9.667004 -0.222533 
72405285686930 -1.366302 -9.579665 -0.062213 
72405304445002 -1.488336 -9.432507 -0.094516 
72405323203075 -1.554138 -9.280562 0.039482 
72405341961148 -3.140580 -10.286744 -0.296710 
72405360719169 -4.211368 -10.661222 -1.427319 
72405379477294 -1.849652 -6.405586 1.525424 
72405398235315 -2.499303 -10.539187 -0.229711 
72405416993440 -0.037089 -9.236296 0.489332 
72405435751461 -0.976272 -8.907282 -0.604188 
72405454509534 -2.177469 -9.700503 -2.245664 
72405473267607 3.458825 -6.985846 -0.111266 
72405492025680 1.750350 -11.038091 -0.589831 
72405510783752 -3.550949 -12.778870 -1.182054 
72405529541825 -3.739982 -10.876575 -1.147358 
72405548299898 -3.159722 -9.370294 -0.184247 
72405567057919 -3.912265 -10.727024 1.097109 
72405585816044 -2.459822 -10.211370 1.080359 
72405604574065 -1.066002 -9.439685 1.316052 
72405623332190 -3.041278 -9.017352 0.368495 
72405642090211 -2.275574 -9.245867 -0.384048 
72405660848284 0.206979 -9.577272 0.381655 
72405679606357 0.181855 -9.207582 -0.162712 
72405698364430 -0.180658 -9.122637 -0.887737 
72405717122502 2.204986 -11.694921 -0.702293 
72405735880575 2.743371 -10.750952 -0.707079 
72405754638648 2.021935 -9.742377 -1.066002 
72405773396721 2.042274 -10.825130 -0.937986 
72405792154794 1.495514 -12.869797 -0.606581 
72405810912815 1.185644 -12.423535 -0.981057 
72405829670888 1.245464 -12.435499 -0.912862 
72405848428961 0.492921 -12.057433 0.050249 
72405867187086 1.225125 -9.330812 -0.867398 
72405885945107 3.181258 -9.866804 -0.453440 
72405904703232 3.485146 -9.600004 -1.337588 
72405923461252 3.278167 -12.078969 -1.202393 
72405942219325 4.085745 -12.685549 -1.030110 
72405960977398 3.739982 -13.204792 -0.349352 
72405979735471 3.104687 -11.612369 -0.829113 
72405998493544 3.089134 -10.021141 0.305085 
72406017251617 3.495914 -11.688938 -0.665205 
72406035015575 3.357130 -15.012569 1.569692 
72406053773648 2.268396 -13.004992 0.244068 
72406072531721 4.804788 -12.215360 9.439685 
72406091289794 11.205588 -10.638490 4.331009 
72406110047867 11.507084 -9.504292 -2.469393 
72406128805888 8.106883 -7.123433 -0.736989 
72406147563961 9.351151 -1.055235 4.723432 
72406166322034 11.964113 3.215954 4.010371 
72406185080107 11.456835 3.479164 11.667403 
72406203838180 7.661818 -1.500300 11.105090 
72406222596252 6.087341 -1.107877 11.148161 
72406241354325 5.422136 1.679762 11.944971 
72406260112398 4.156333 1.718047 10.703095 
72406278870471 2.366502 -0.057428 9.772287 
72406297628544 2.088934 -0.964308 9.616755 
72406316386617 3.586841 -1.651048 9.765109 
72406335144690 5.044070 -0.641276 12.090933 
72406353902763 4.436293 0.363709 12.665211 
72406372660836 2.155933 -0.598206 10.336994 
72406391418909 0.471386 -0.830309 6.405586 
72406410176982 -1.607977 -2.471786 3.914658 
72406428935055 -3.907479 -2.624926 1.718047 
72406447693127 -6.211768 -0.796810 1.914258 
72406466451148 -7.752745 -2.524428 4.398008 
72406485209273 -7.657032 -6.290731 7.063612 
72406503967346 -5.670990 -6.599405 8.477771 
72406522725419 -3.416951 -3.462414 8.140383 
72406541483440 -1.411765 -0.066999 6.833901 
72406560241513 0.890130 1.292124 9.023335 
72406578999638 7.891529 1.277767 13.282558 
72406597757711 23.112274 2.120041 3.177669 
72406616515784 6.898508 -4.534399 14.670396 
72406635273857 1.476372 -1.366302 6.372087 
72406654031930 -0.196211 2.763710 7.259824 
72406672790002 2.354537 3.120241 6.793223 
72406691548075 2.665604 2.208575 5.754738 
72406710306148 3.208775 3.656233 6.297909 
72406729064221 2.079363 4.134798 7.319644 
72406747822294 -0.004786 3.591627 7.274181 
72406766580367 0.588634 3.613162 8.374879 
72406785338440 2.854637 3.546163 8.056634 
72406804096513 3.165704 3.577270 7.975278 
72406822854586 2.074577 2.299503 9.358330 
72406841612659 1.808974 1.500300 10.650454 
72406860370732 1.423729 1.641476 10.681561 
72406879128805 0.564706 2.962314 10.581061 
72406897886877 -1.816152 3.029314 10.772488 
72406916644950 -1.177269 2.904887 11.325230 
72406935403023 2.620141 4.266403 10.851451 
72406954161096 3.675375 3.763910 8.336594 
72406972919169 3.677768 4.055834 6.673583 
72406991677242 3.017349 4.472186 6.037092 
72407010435315 2.720639 4.749753 6.149554 
72407029193388 2.438286 4.752146 7.798209 
72407058324638 2.343770 4.473382 9.517452 
72407077082763 2.676372 4.266403 9.615558 
72407095840784 3.454040 3.848855 8.998210 
72407114598909 4.019942 3.509074 8.422736 
72407133356930 1.286142 3.269792 7.759924 
72407152115055 -1.686940 4.906483 7.987242 
72407170873180 -1.861616 5.076373 7.381858 
72407189631200 -1.168894 4.849055 7.695318 
72407208389325 -0.800399 3.645465 8.019546 
72407227147346 -1.304088 2.933601 9.376275 
72407245905471 -1.740778 2.718246 10.054641 
72407264663492 -1.779064 3.681358 10.083355 
72407283421617 -2.462214 3.134598 9.505488 
72407302179742 -1.226322 2.600998 10.025927 
72407320937763 -0.923630 2.944368 9.908679 
72407339695888 -1.056431 2.634498 10.529616 
72407358453909 -0.941576 2.388037 10.110872 
72407377212034 -0.275175 2.852245 9.474381 
72407395970159 -0.222533 2.373680 10.547563 
72407414728180 -0.192622 1.745564 8.731410 
72407433486305 2.849852 2.606980 8.017152 
72407452244325 1.355534 3.696911 6.126822 
72407471002450 -0.636491 4.869394 8.133204 
72407489760575 -1.806581 4.683950 9.020942 
72407508518596 -1.154537 4.265206 9.357133 
72407527276721 0.527617 3.339184 9.355937 
72407546034742 2.029114 3.135794 9.701699 
72407564792867 2.084148 2.621337 9.736395 
72407583550992 -0.800399 3.582056 9.096315 
72407602309013 -2.286342 5.539384 7.672586 
72407621067138 -1.998007 5.379066 6.854240 
72407639825263 -0.538385 5.453243 5.627919 
72407658583284 -2.060220 6.067002 5.967700 
72407677341409 -2.055435 6.418747 7.727621 
72407696099534 -2.542374 5.292923 8.723035 
72407714857555 -2.394019 6.028717 9.391829 
72407733615680 -2.132005 6.418747 7.069594 
72407752373805 -1.241875 6.206982 6.555138 
72407771131825 -0.607777 5.569295 7.256235 
72407789889950 -1.338784 5.201996 7.396215 
72407808648075 -0.811167 5.078766 8.784052 
72407827406096 -0.839881 4.907679 7.525427 
72407846164221 -0.885344 5.242674 6.595816 
72407864922242 -1.294517 5.176872 6.634101 
72407883680367 -1.308874 5.236692 7.519445 
72407902438492 -0.855434 5.290531 7.957332 
72407921196617 -1.177269 5.093123 8.072187 
72407939954742 -1.354338 5.298906 8.884550 
72407958712763 -1.146162 5.453243 8.921639 
72407977470888 -0.765703 5.357530 7.704889 
72407996229013 -0.698704 5.217550 6.632905 
72408014987034 -0.839881 5.188836 7.548159 
72408033745159 -1.294517 5.286942 8.496913 
72408052503284 -1.223929 5.259424 9.194421 
72408071261409 -0.470190 4.689932 9.627522 
72408090019430 0.199801 4.277171 9.738789 
72408108777555 0.166301 4.107280 9.101101 
72408127535680 -0.105284 4.591826 8.254042 
72408146293805 -0.693919 4.723432 8.252846 
72408165051930 -1.004985 4.386044 8.662018 
72408183809950 -0.916451 4.197011 8.980264 
72408202568075 -0.637687 4.207778 8.968299 
72408221326200 -0.132802 5.003392 8.286345 
72408240084325 -0.798006 4.850252 7.441679 
72408258842346 -0.725025 5.067998 8.093722 
