# Created at Fri Jan 31 08:53:22 GMT+01:00 2025 in Burnaby Canada 
72372870636640 0.197841 0.715375 1.057780 
72372889394765 -0.278306 0.557938 0.573554 
72372908152890 -0.626559 0.344710 0.035827 
72372926911015 -0.420717 0.082533 0.754264 
72372945669140 -0.295585 0.005759 0.886843 
72372964427161 -0.206617 -0.008708 0.685644 
72372983185286 -0.588358 -0.136874 0.657943 
72373001943411 -0.669996 -0.286853 0.450488 
72373020701536 -0.471687 -0.341483 0.316291 
72373039459661 -0.158024 -0.306337 0.163594 
72373058217786 0.138086 -0.050539 -0.381931 
72373076975859 0.254720 0.353469 -0.741954 
72373095733932 0.174082 0.212712 -0.718473 
72373114492057 0.053993 0.039343 -0.379741 
72373133250182 -0.040954 -0.050704 -0.102685 
72373152008307 0.016853 -0.038471 -0.040359 
72373170766432 0.080656 -0.080575 0.170571 
72373189524453 0.007289 -0.212514 0.157781 
72373208282578 -0.205022 -0.243978 -0.235064 
72373227040703 -0.199685 -0.179292 -0.416401 
72373245798776 0.006477 -0.013715 -0.092145 
72373264556953 0.262155 -0.071977 0.561038 
72373283315026 0.280348 -0.077305 0.660792 
72373302073099 0.021127 -0.146764 0.201583 
72373320831224 -0.119473 0.017938 -0.259873 
72373339589349 -0.264754 0.076696 -0.363482 
72373358347474 -0.501148 0.045399 -0.238523 
72373377105547 -0.270531 -0.034156 -0.210829 
72373395863620 -0.143168 0.095835 0.296574 
72373414621745 -0.087205 0.159976 0.291565 
72373433379870 -0.146841 0.107709 0.379824 
72373452137995 -0.215482 0.114868 0.360708 
72373470896067 -0.262290 0.057878 0.145226 
72373489654140 -0.279754 0.086939 0.442005 
72373508412265 0.042837 -0.040752 0.974065 
72373527170390 0.401258 0.115752 1.022477 
72373545928515 0.525970 0.145220 -0.047060 
72373564686588 -0.060888 -0.514018 -0.701997 
72373583444661 -1.169273 -1.246071 -0.390615 
72373602202786 -1.897916 -1.678954 0.491084 
72373620960911 -1.244138 -3.055430 0.397734 
72373639719036 -0.528187 -3.128919 -0.338806 
72373658477109 0.425228 -2.687337 -2.418421 
72373677235182 -0.466896 -2.907446 -3.706762 
72373695993307 -4.131110 -5.747766 -0.866312 
72373714751432 -3.989480 -8.397179 -1.574879 
72373733509557 -2.441619 -7.985963 -2.252065 
72373752267578 -3.658693 -8.129346 -1.722191 
72373771025703 -3.672682 -9.283545 -2.908528 
72373789783828 -2.348573 -10.823657 -2.340910 
72373808541953 -1.510321 -11.664736 -1.950971 
72373827300078 0.040573 -10.882746 -3.325462 
72373846058099 1.001482 -9.847149 -4.830617 
72373864816224 0.505216 -10.334616 -4.250690 
72373883574349 -0.666568 -12.507067 -1.956475 
72373902332474 1.427977 -10.707529 -0.895238 
72373921090599 4.610299 -8.521368 -4.397417 
72373939848620 7.230667 -7.650402 -5.076407 
72373958606745 8.795888 -6.700407 -1.131978 
72373977364870 8.959453 -6.584805 3.711118 
72373996122995 9.738772 -6.050725 3.242535 
72374014881120 13.096053 -3.748181 1.040128 
72374033639140 18.272770 -0.467460 0.349244 
72374052397265 22.395674 2.634846 1.631694 
72374071155390 22.803669 5.125678 1.684134 
72374089913463 20.105049 6.325390 0.012307 
72374108671640 19.740959 8.269984 -2.087092 
72374127429713 19.902828 10.009634 -2.075589 
72374146187786 17.716660 10.835792 -1.551799 
72374164945911 13.042112 10.126691 -2.464102 
72374183704036 8.600020 8.828671 -2.345494 
72374202462161 5.900564 8.135886 -2.283723 
72374221220234 2.811567 7.411990 -4.805603 
72374239978307 -0.909447 5.595501 -7.290345 
72374258736432 -6.252085 1.993818 -6.263382 
72374277494557 -14.249777 -5.779772 -6.692876 
72374296252630 -7.900282 -2.086975 -4.119835 
72374315010807 -1.476681 -0.960658 -0.710330 
72374333768880 -0.091043 -1.267443 0.557204 
72374352526953 -2.568002 -2.426938 1.748607 
72374371285078 -2.039182 -2.417772 0.709407 
72374390043203 0.070465 -1.361248 0.308477 
72374408801328 1.258294 -1.491374 0.212638 
72374427559401 0.374790 -1.771060 0.170135 
72374446317474 -1.252162 -1.934769 0.796598 
72374465075599 -1.453908 -1.375411 1.606265 
72374483833724 -0.673184 -0.914683 1.764195 
72374502591849 -0.345705 -0.382653 1.977255 
72374521349974 0.662958 0.052349 2.406937 
72374540108099 2.319772 0.993135 3.404771 
72374558866120 3.317152 1.943633 2.152567 
72374577624245 2.121514 2.594373 -3.664205 
72374596382370 0.994808 2.639453 -3.433260 
72374615140495 0.545339 1.906575 -3.340536 
72374633898567 0.346961 1.868376 -3.067959 
72374652656745 1.586340 2.619455 -2.272743 
72374671414817 1.326958 2.570384 -0.844443 
72374690172890 -1.219695 1.855757 0.225144 
72374708931015 -0.715038 2.035450 2.644566 
72374727689140 -1.271950 0.742466 4.233922 
72374746447265 -4.030126 -0.859333 -0.497909 
72374765205338 -6.230597 -4.718845 1.453732 
72374783963463 -8.610464 -3.047215 -1.405478 
72374802721640 -1.398062 -4.037340 -1.919641 
72374821479713 -4.239159 -3.939909 1.722988 
72374840237786 -2.745663 -4.602407 -0.102878 
72374858995911 3.300259 -0.980180 0.245961 
72374877754036 6.223456 2.485893 -0.464372 
72374896512161 4.195863 2.605892 -0.538580 
72374915270286 1.946526 1.262317 -0.750167 
72374934028411 2.196187 0.218173 -0.986959 
72374952786536 3.512933 1.096851 0.514885 
72374971544661 2.505440 1.071196 0.382721 
72374990302786 1.399206 -1.541506 -0.794627 
72375009060911 2.478981 -1.378030 -0.747100 
72375027818932 2.930563 -1.318682 -1.184363 
72375046577057 1.053782 1.618003 -0.033304 
72375065335182 -0.854489 1.494312 -0.490873 
72375084093307 -0.686124 -0.855195 -0.306301 
72375102851432 1.138365 -8.874773 -0.333542 
72375121609557 -0.228682 -1.604766 -2.987633 
72375140367682 -1.879993 0.186899 -1.053836 
72375159125807 0.163197 1.163293 -1.033092 
72375177883932 1.732943 -0.761864 -1.476549 
72375196642057 -0.502987 -2.149760 -0.059593 
72375215400182 -2.052524 -1.930634 2.316837 
72375234158255 -0.167235 0.088916 0.472491 
72375252916328 0.189798 2.127187 -0.171449 
72375271674453 -0.269733 1.975606 -0.412953 
72375290432578 -1.036673 2.868127 -0.149015 
72375309190703 0.607830 0.370046 -0.248008 
72375327948828 -0.513389 0.980118 -0.166046 
72375346706953 -0.971733 2.337217 0.227071 
72375365465078 -0.427268 1.100151 0.567199 
72375384223203 0.419489 0.078167 0.723509 
72375402981328 -0.209613 -1.023285 -0.394116 
72375421739453 -1.876944 -0.131078 -1.733055 
72375440497578 -1.135218 0.759487 -2.018481 
72375459255703 0.326461 1.157778 -2.597359 
72375478013828 1.047261 0.378013 -3.244184 
72375496771953 0.334738 0.473994 -3.024083 
72375515530026 0.542906 0.745529 -2.530882 
72375534288099 1.807179 0.717115 -2.039325 
72375553046224 1.944536 1.014451 -1.789866 
72375571804349 0.258429 0.657048 -1.217799 
72375590562474 -1.627483 0.522996 0.169518 
72375609320599 -2.820865 1.212346 1.574984 
72375628078724 -3.661970 2.133026 1.349417 
72375646836849 -4.161016 3.554222 -0.520688 
72375665594974 -5.210503 4.481771 0.797732 
72375684353099 -2.124955 1.070877 1.625280 
72375703111172 -0.900977 5.245154 3.812411 
72375721869297 2.597469 -0.117677 3.124455 
72375740627474 5.922590 3.128731 1.429099 
72375759385599 4.243719 -0.697121 2.388061 
72375778143724 1.732774 -1.387078 0.135798 
72375796901849 -1.211739 -10.970057 -2.114327 
72375815659974 4.000576 -7.625053 -0.355356 
72375834418099 0.717868 -2.850128 0.232585 
72375853176224 -0.990357 -2.282851 -0.689428 
72375871934349 -1.180599 -2.399803 -0.938881 
72375890692474 -0.864569 -2.215976 -0.319940 
72375909450495 -1.936022 -1.760264 0.205624 
72375928208620 -1.957979 -0.831127 0.000351 
72375946966745 0.610004 -0.454236 -0.001868 
72375965724870 4.242925 0.630987 -1.560875 
72375984482995 0.739052 1.400784 -1.595083 
72376003241120 1.039457 1.387286 -1.263736 
72376021999245 1.222976 1.088217 -0.796110 
72376040757370 0.138807 0.947793 -0.361857 
72376059515495 -1.186387 1.717337 -0.402483 
72376078273620 -0.536628 1.081732 -0.600025 
72376097031745 -0.089711 0.452454 -0.928236 
72376115789870 0.074003 0.098536 -1.678005 
72376134547995 0.533409 -0.160362 -2.150626 
72376153306120 2.475154 -0.772679 -2.969068 
72376172064245 4.012844 -1.691203 -2.339425 
72376190822370 3.234796 -1.637753 -1.925975 
72376209580495 2.317776 -2.131505 -2.405609 
72376228338620 1.832596 -3.169083 -2.790179 
72376247096745 2.146492 -4.245334 -2.594819 
72376265854870 2.136060 -3.987143 -4.060137 
72376284612995 1.478230 -3.216469 -5.090535 
72376303371120 1.100482 -2.277107 -4.445768 
72376322129245 0.313230 -0.822396 -3.325224 
72376340887370 -0.708201 -0.412802 -2.650348 
72376359645495 -1.224884 -1.686616 -1.650382 
72376378403620 -1.309422 -2.683903 -0.330459 
72376397161745 -1.413393 -2.654560 1.535106 
72376415919870 -0.825668 -1.832832 2.977119 
72376434677942 0.016809 -1.663966 3.500270 
72376453436067 -0.006402 -2.688902 3.122441 
72376472194140 -0.397900 -2.797767 2.115219 
72376490952265 -0.561073 -2.014207 2.320953 
72376509710390 -1.150271 -1.141460 3.053427 
72376528468515 -1.323927 0.181675 4.203387 
72376547226640 -0.431789 0.571219 5.001928 
72376565984765 -0.176916 0.429118 4.719787 
72376584742890 -0.809712 1.344429 4.738789 
72376603501015 -1.436169 2.378893 5.466411 
72376622259140 -1.612516 3.325032 5.503214 
72376641017265 -1.358656 4.221405 5.296122 
72376659775390 -0.760982 5.104187 4.814851 
72376678533515 -0.435895 5.532891 3.858090 
72376697291640 -0.442077 5.339828 2.458270 
72376716049765 -0.582474 4.673814 1.180039 
72376734807890 -0.794312 3.231942 -0.529781 
72376753566015 -0.707420 1.051267 -3.242344 
72376772324140 -0.983738 -3.422833 -6.786016 
72376791082265 -1.165644 -13.107327 -10.560467 
72376809840390 -1.587319 -13.985858 -8.458097 
72376828598515 -0.333368 -1.220882 -4.269728 
72376847356640 -2.174061 8.872548 -0.529757 
72376866114765 -3.650209 3.772534 2.252950 
72376884872890 0.143354 -7.747223 0.428024 
72376903631015 6.684901 -7.505080 -3.006349 
72376922389140 6.234242 6.298542 7.688041 
72376941147265 -6.517374 13.544804 6.971696 
72376959905390 -8.164407 5.524805 3.783018 
72376978663515 -2.877572 -6.170169 1.698027 
72376997421640 0.097195 -9.859974 2.631744 
72377016179765 -1.977661 -0.451191 3.561152 
72377034937890 -2.268567 3.604480 3.529959 
72377053696015 -0.643610 1.376921 3.139253 
72377072454140 0.686377 -1.605226 2.359253 
72377091212265 0.872421 -3.536814 1.869262 
72377109970390 0.533626 -2.828184 0.719794 
72377128728515 -0.091058 -0.763613 0.103024 
72377147486640 0.293570 0.310616 -0.574462 
72377166244765 1.138062 0.493384 -0.730911 
72377185002890 1.101941 1.153279 -0.345247 
72377203761015 1.296496 1.561423 -0.003476 
72377222519140 1.904157 1.232512 -0.106728 
72377241277265 1.268372 1.271291 -0.952001 
72377260035390 -0.076353 1.300594 -1.035070 
72377278793515 -0.673568 1.235394 -0.901599 
72377297551640 0.397522 1.078053 -0.695485 
72377316309765 1.232588 0.632421 -0.474039 
72377335067890 0.848364 0.132594 -1.048444 
72377353826015 0.361297 -0.119649 -2.265430 
72377372584140 0.963438 -0.441242 -2.804001 
72377391342265 2.435920 -1.174917 -2.214677 
72377410100390 3.475371 -1.818670 -2.392886 
72377428858515 4.351071 -2.371110 -2.500458 
72377447616640 3.637451 -2.456281 -2.545933 
72377466374713 0.389909 -2.209594 -4.843125 
72377485132890 0.402847 -3.086728 -5.210529 
72377503891015 2.341827 -3.721490 -3.771610 
72377522649140 2.516099 -3.727569 -2.911726 
72377541407265 1.862263 -2.929576 -2.931056 
72377560165390 0.321550 -1.756902 -1.957645 
72377578923515 -1.614223 -2.197371 -1.002404 
72377597681640 -2.111773 -3.081465 -0.040696 
72377616439765 -2.839947 -4.173653 0.980617 
72377635197890 -3.030910 -3.856969 1.676588 
72377653956015 -1.939738 -2.305453 3.192384 
72377672714088 -0.964652 -1.496652 3.541345 
72377691472265 -0.126412 -1.262368 2.683669 
72377710230390 0.331920 -0.307389 2.642023 
72377728988515 -0.283956 0.428973 2.744639 
72377747746640 -0.357519 0.396642 3.782910 
72377766504765 0.053118 0.382582 4.375103 
72377785262890 0.248296 0.644395 4.294384 
72377804021015 -0.286538 1.429924 4.515965 
72377822779140 -1.149143 2.313290 5.358914 
72377841537265 -2.129894 3.431833 5.613741 
72377860295390 -2.109751 4.218493 5.153580 
72377879053515 -1.848917 4.520602 4.573504 
72377897811640 -1.437412 4.950109 3.736475 
72377916569765 -0.555494 5.035265 2.639676 
72377935327890 0.231903 4.512927 1.549717 
72377954086015 0.253983 3.684381 0.104898 
72377972844140 -0.724923 2.303398 -2.498110 
72377991602265 -1.067260 -1.067703 -5.402297 
72378010360390 -1.786210 -11.035789 -11.028545 
72378029118515 -1.561564 -18.759798 -10.967208 
72378047876640 1.651213 -4.696932 -5.278258 
72378066634765 -0.042104 10.759188 -0.447021 
72378085392890 -4.401466 8.835423 2.612850 
72378104151015 -2.557802 -9.206614 2.234724 
72378122909140 5.676358 -13.605204 -3.035390 
72378141667265 4.930354 4.007655 7.521851 
72378160425390 -9.957501 15.054853 6.490929 
72378179183515 -7.834967 7.753647 6.443339 
72378197941640 0.513942 -4.244270 5.205344 
72378216699765 4.130130 -12.161702 3.955566 
72378235457890 1.027391 -4.605937 1.814849 
72378254216015 -2.195550 2.877385 2.429832 
72378272974088 -3.488692 4.068061 2.888599 
72378291732213 -2.035964 0.503013 2.296592 
72378310490286 -0.685688 -2.752926 1.595385 
72378329249245 0.079617 -3.064382 1.443384 
72378348006536 -0.359983 -1.012828 0.909203 
72378366764661 -0.213666 -0.134933 -0.329371 
72378385522786 0.333663 0.250823 -1.011905 
72378404280911 0.649107 0.987613 -0.719309 
72378423039036 1.088884 1.535577 -0.013348 
72378441797161 1.375534 1.407147 -0.867306 
72378460555286 1.559439 1.030552 -1.503524 
72378479313411 0.978215 1.323107 -0.809010 
72378498071536 0.045422 1.184566 -0.179233 
72378516829661 -0.257237 0.561259 -0.426143 
72378535587734 -0.088716 -0.000939 -1.535564 
72378554345911 0.547964 0.407152 -2.543522 
72378573104036 1.737834 0.263929 -2.522418 
72378591862161 3.373252 -1.045506 -2.192055 
72378610620234 3.858593 -1.815331 -2.592650 
72378629378411 3.729906 -1.912914 -2.714991 
72378648136536 3.192158 -2.357934 -2.520794 
72378666894661 0.754959 -2.331357 -3.919215 
72378685652786 0.238608 -2.301258 -4.775315 
72378704410911 1.731111 -2.805586 -4.583758 
72378723169036 3.328557 -3.792198 -4.736546 
72378741927161 3.485024 -3.931231 -4.648979 
72378760685286 2.049090 -2.900090 -1.769941 
72378779443411 -0.801430 -1.078936 -0.769010 
72378798201432 -2.803713 -1.541026 -0.755734 
72378816959557 -2.804589 -4.374152 1.297128 
72378835717682 -2.698414 -5.728354 2.856856 
72378854475807 -1.801448 -3.996512 2.495000 
72378873233932 -0.369123 -2.300943 2.310772 
72378891992057 -0.378130 -2.187130 2.917338 
72378910750182 -0.276677 -1.395721 2.798843 
72378929508307 -0.262209 0.303361 3.239405 
72378948266432 -0.734499 0.565155 3.603038 
72378967024557 0.347777 -0.052014 3.782931 
72378985782682 1.232929 -0.428443 4.514043 
72379004540755 0.236303 0.613087 5.077481 
72379023298932 -0.979076 1.972391 5.760718 
72379042057057 -1.667318 2.892584 6.921082 
72379060815182 -1.900750 3.911816 6.925083 
72379079573307 -1.785849 4.710452 5.946056 
72379098331432 -1.503766 5.335611 4.744811 
72379117089557 -1.415028 6.142797 3.493695 
72379135847682 -0.734683 5.595881 2.267663 
72379154605703 -0.402569 4.205727 1.163954 
72379173363828 -0.773365 2.550607 -0.477602 
72379192121953 -1.430602 -0.018383 -3.980516 
72379210880078 -2.213320 -6.085050 -8.418318 
72379229638203 -1.946022 -15.146045 -12.406137 
72379248396328 -1.013404 -13.827084 -6.481111 
72379267154453 0.375858 -2.115028 -2.843276 
72379285912578 -0.981498 10.375115 -0.626936 
72379304670703 -0.469278 11.350122 -0.316643 
72379323428828 -0.864389 -0.641385 -0.238363 
72379342186953 0.637701 -9.551407 -0.410861 
72379360945078 2.614050 -6.354852 0.216333 
72379379703203 -1.186823 6.110409 5.920259 
72379398461328 -5.999511 10.220102 4.595063 
72379417219401 -3.649227 2.212832 4.685345 
72379435977474 0.757734 -5.518641 4.440282 
72379454735599 1.704528 -6.256282 2.844995 
72379473493724 0.119703 -1.469709 2.799987 
72379492251849 -0.534130 1.092957 2.377144 
72379511009974 -1.039916 1.010816 1.978336 
72379529768099 -0.678005 -0.687049 0.963902 
72379548526172 0.216991 -1.998826 0.729986 
72379567284349 0.412664 -1.647834 1.061888 
72379586042474 -0.326004 -0.249011 0.225163 
72379604800599 0.277733 0.386048 -0.648387 
72379623558724 1.398325 0.152153 -0.605303 
72379642316797 1.327846 0.887933 0.030425 
72379661074870 0.421497 2.318569 -0.231763 
72379679832995 1.050624 1.940716 -0.457339 
72379698591120 0.692847 1.466260 -0.654936 
72379717349245 -0.505127 1.800888 -0.860037 
72379736107370 -0.346717 1.553971 -0.093896 
72379754865495 0.057874 0.835325 -0.269306 
72379773623620 0.650890 -0.272825 -1.467271 
72379792381745 1.322667 -0.638760 -2.857299 
72379811139870 1.725271 -0.707589 -2.819502 
72379829897942 3.330605 -1.049212 -2.685675 
72379848656015 6.021523 -1.382877 -2.881587 
72379867414140 6.047946 -2.742043 -2.609353 
72379886172265 2.181660 -4.832995 -3.763740 
72379904930390 0.880817 -4.312280 -5.829910 
72379923688515 2.235237 -4.404833 -5.395419 
72379942446640 3.812922 -4.416300 -4.554605 
72379961204765 3.141162 -3.816334 -3.642929 
72379979962890 -1.025384 -1.697482 -2.897408 
72379998720963 -5.347246 -0.071569 -2.351673 
72380017479036 -4.793555 -1.162188 0.109527 
72380036237161 -3.455426 -5.377355 2.671831 
72380054995286 -3.040652 -6.845436 3.197498 
72380073753411 -1.868374 -3.951184 2.607385 
72380092511536 -1.101526 -2.364688 2.948816 
72380111269661 -0.036163 -2.210683 3.691932 
72380130027786 1.669091 -1.816256 3.377443 
72380148785859 0.946327 -1.084539 3.659126 
72380167543932 0.020030 -0.515931 4.289972 
72380186302057 -0.614337 -0.245583 5.090828 
72380205060182 -0.774108 0.301468 5.483284 
72380223818307 -0.770484 1.717641 5.894512 
72380242576432 -1.319744 3.225166 6.372111 
72380261334557 -1.651028 4.444250 6.309893 
72380280092682 -1.118665 5.214190 5.798646 
72380298850755 -0.581131 6.212706 5.136085 
72380317608828 -0.427503 6.625937 3.849112 
72380336366953 -0.151866 6.632061 1.999268 
72380355125078 0.088669 6.392028 0.133190 
72380373883203 -0.659040 5.194167 -1.231741 
72380392641328 -2.855329 1.829269 -2.965494 
72380411399453 -4.459198 -7.311395 -6.591360 
72380430157578 -4.637568 -26.393614 -14.024304 
72380448915599 0.761647 -16.133423 -8.020535 
72380467673724 -1.154771 8.721216 -1.397141 
72380486431849 -2.711095 18.203602 2.482542 
72380505189974 0.609865 -0.202514 3.503987 
72380523948047 2.215569 -16.962864 -2.233400 
72380542706224 11.268661 -7.787337 2.847572 
72380561464349 -5.905009 10.627376 6.222480 
72380580222370 -14.564535 14.199338 4.260945 
72380598980495 -3.222038 2.468765 8.760059 
72380617738620 4.849514 -9.534692 5.275390 
72380636496745 5.585400 -10.462871 2.972409 
72380655254870 1.241863 0.019473 1.269431 
72380674012995 -2.374144 3.626965 1.512491 
72380692771067 -1.783309 1.883119 1.771693 
72380711529140 0.032552 -1.533152 1.096558 
72380730287265 0.942795 -2.412603 0.637969 
72380749045390 -0.038691 -1.088850 0.736510 
72380767803463 -0.443009 -0.302712 0.235091 
72380786561640 -0.125253 0.157721 -0.611006 
72380805319713 0.473865 0.992262 -0.226544 
72380824077786 0.838699 1.498221 0.659698 
72380842835911 0.730331 1.531708 -0.174782 
72380861594036 0.717947 1.556750 -0.987455 
72380880352109 0.436585 1.360666 -0.252694 
72380899110286 -0.335247 1.036031 -0.130952 
72380917868359 -0.622870 0.439404 -0.858994 
72380936626432 -0.282676 -0.069794 -1.997881 
72380955384557 0.716808 0.417043 -2.967686 
72380974142682 1.704600 0.456024 -2.442705 
72380992900755 2.065412 -0.800293 -2.328331 
72381011658932 2.177277 -1.164563 -2.659160 
72381030416953 4.343001 -1.741937 -2.391572 
72381049175078 5.631578 -2.293272 -2.448915 
72381067933203 2.492011 -2.758169 -3.812771 
72381086691328 0.915611 -2.901758 -4.962384 
72381105449453 2.574741 -3.295313 -5.041427 
72381124207474 5.087391 -4.044316 -4.948093 
72381142965599 5.816360 -3.851177 -4.215624 
72381161723724 3.034995 -3.106819 -1.549118 
72381180481849 -2.332429 -1.800959 -1.877975 
72381199239974 -4.878385 -2.049465 -1.457193 
72381217998047 -5.155122 -5.696127 1.147905 
72381236756120 -3.915297 -6.348495 4.193913 
72381255514245 -1.548325 -4.006595 3.721777 
72381274272370 0.404708 -2.869143 3.176052 
72381293030495 -0.346502 -2.515928 2.419342 
72381311788515 0.537882 -1.046710 2.603626 
72381330546640 1.376087 0.000999 3.643290 
72381349304765 1.265321 0.250737 4.398614 
72381368062890 0.837612 0.386901 4.960872 
72381386821015 0.840312 1.056821 5.242975 
72381405579036 0.344323 1.856176 5.362058 
72381424337161 -0.586254 2.821630 6.510320 
72381443095286 -1.963734 4.043276 7.084560 
72381461853411 -2.285972 4.767508 6.950701 
72381480611484 -2.474324 5.700621 6.146995 
72381499369557 -2.384758 6.358306 4.797284 
72381518127682 -1.661581 6.118617 3.191375 
72381536885807 -0.910957 5.037581 1.658968 
72381555643932 -1.046086 3.541340 -0.468881 
72381574402005 -2.008859 0.628307 -4.187800 
72381593160078 -3.690606 -6.994671 -8.413221 
72381611918203 -2.823732 -20.629066 -12.209827 
72381630676328 0.848087 -14.897948 -7.604078 
72381649434401 1.429908 1.212410 -2.239367 
72381668192474 0.110457 13.263782 1.001672 
72381686950599 -0.105137 7.651402 0.681867 
72381705708724 0.814571 -5.754341 2.917636 
72381724466849 0.906532 -11.644500 -3.614430 
72381743224870 -1.439075 -2.368990 0.667727 
72381761982995 -6.570042 11.377415 6.786210 
72381780741120 -4.492874 8.876717 7.079062 
72381799499245 -0.415483 -0.748335 6.325138 
72381818257265 3.535384 -6.857221 3.874662 
72381837015390 2.830078 -6.024461 1.482036 
72381855773515 0.293893 -0.877421 1.408128 
72381874531640 -1.176041 1.605730 2.276814 
72381893289713 -1.963008 1.510282 1.990839 
72381912047786 -1.203702 -0.347536 1.200994 
72381930805859 -0.438426 -1.692314 0.830864 
72381949564036 -0.219988 -0.679312 0.821240 
72381968322109 0.523165 1.011344 0.517172 
72381987080182 1.339225 0.884628 0.135824 
72382005838307 1.396023 0.180167 -0.164940 
72382024596432 0.783877 0.846520 -0.021857 
72382043354505 0.938383 0.706664 -0.302275 
72382062112578 1.063100 0.332531 -1.458219 
72382080870703 0.600668 1.015213 -2.339057 
72382099628828 -0.012490 1.148934 -2.441519 
72382118386849 0.569783 -0.653011 -1.923322 
72382137144974 0.819488 -0.836968 -1.714659 
72382155903099 0.446548 -0.345034 -2.879764 
72382174661172 1.865712 -0.491594 -3.800535 
72382193419245 4.018023 -1.233963 -2.514761 
72382212177370 4.275985 -1.752236 -2.692198 
72382230935442 4.658123 -2.496945 -3.056751 
72382249693567 4.028320 -2.683619 -2.284647 
72382268451640 0.862363 -3.052401 -3.303481 
72382287209765 0.304862 -3.843460 -4.341102 
72382305967890 1.911680 -3.763078 -4.977285 
72382324725911 3.014113 -3.500399 -4.698753 
72382343484036 1.568502 -3.715549 -2.471308 
72382362242161 -1.412225 -1.628654 -0.142792 
72382381000234 -4.418184 -1.031774 -0.946508 
72382399758307 -4.468441 -2.907842 -0.174580 
72382418516432 -3.223640 -4.032721 2.736311 
72382437274557 -0.745358 -3.302982 3.329780 
72382456032578 1.829312 -3.179581 3.460991 
72382474790703 0.659775 -3.516695 2.805553 
72382493548828 -0.147331 -2.772228 2.300656 
72382512306901 -0.008015 -1.889427 3.500196 
72382531064974 -0.794644 -0.545549 4.040646 
72382549823099 -0.655225 0.436025 4.403314 
72382568581224 -0.505155 0.423679 5.082409 
72382587339245 -0.055480 0.765614 5.671932 
72382606097370 -0.442108 2.005426 6.201999 
72382624855495 -1.013577 3.941876 6.688014 
72382643613567 -1.779075 5.445210 6.614517 
72382662371640 -1.957034 6.314912 5.951273 
72382681129765 -1.747384 6.839084 4.873544 
72382699887890 -1.300144 6.451644 3.250688 
72382718645911 -0.530286 5.723783 1.713380 
72382737404036 -0.523649 4.472594 0.458096 
72382756162161 -0.749299 2.256119 -1.892827 
72382774920234 -2.474944 -2.494785 -5.879681 
72382793678307 -4.263779 -13.712126 -10.981878 
72382812436432 -2.418102 -19.088299 -10.728617 
72382831194505 2.346138 -5.199838 -4.101124 
72382849952578 2.549049 9.449520 -1.359518 
72382868710703 2.620553 15.265098 0.587667 
72382887468828 1.985235 3.838513 2.249617 
72382906226849 0.018024 -10.640267 0.984508 
72382924984974 1.997879 -19.990768 -8.647623 
72382943743047 1.928741 -1.615546 3.459666 
72382962501172 -10.409884 15.918791 7.243522 
72382981259245 -10.539905 13.461853 6.392897 
72383000017370 0.580675 0.481680 7.129199 
72383018775442 6.066340 -11.831674 5.584220 
72383037533515 2.875026 -9.373065 2.216599 
72383056291640 -2.413721 -0.160395 1.890693 
72383075049713 -4.081056 3.179651 2.850709 
72383093807786 -3.221261 1.414255 2.290037 
72383112565911 -1.608762 -1.880937 1.626279 
72383131324036 -0.247496 -1.730821 1.235085 
72383150082057 0.396198 -0.273059 1.098684 
72383168840182 1.353165 -0.114509 0.546051 
72383187598255 1.745437 -0.199057 -0.101889 
72383206356328 1.180049 0.881862 -0.691879 
72383225114453 0.550680 1.283986 -0.702362 
72383243872578 0.335589 1.426908 -0.581784 
72383262630599 0.423325 1.730651 -1.097859 
72383281388724 0.861281 1.442467 -1.611761 
72383300146797 0.671174 1.153852 -0.937296 
72383318904870 -0.391998 0.766292 -0.509084 
72383337662995 -0.380479 -0.042924 -1.762468 
72383356421120 1.177583 0.267351 -3.151333 
72383375179140 2.402920 0.340220 -2.343321 
72383393937265 2.971222 -1.141887 -1.693092 
72383412695338 3.562236 -1.711831 -2.746376 
72383431453411 4.776634 -2.526758 -1.508718 
72383450211536 2.475340 -2.838602 -2.450248 
72383468969609 -0.184405 -2.435246 -4.296273 
72383487727682 0.481948 -2.311458 -4.653759 
72383506485807 2.520080 -2.109500 -4.251255 
72383525243880 4.532926 -3.096632 -4.564620 
72383544001953 4.286789 -3.247910 -4.854964 
72383562760078 1.653974 -2.984901 -2.410749 
72383581518151 -1.786941 -1.048337 -0.774123 
72383600276224 -4.239135 -0.749834 -1.379112 
72383619034349 -4.465073 -3.966743 0.763269 
72383637792370 -3.850116 -5.987924 3.675288 
72383656550495 -2.394059 -4.610840 2.654948 
72383675308620 0.494249 -3.112960 2.077411 
72383694066640 0.292872 -2.646338 2.274354 
72383712824765 -0.256016 -1.841339 1.977394 
72383731582838 -0.547419 -0.120206 2.590626 
72383750340911 -0.740705 0.444723 3.477373 
72383769099036 -0.133000 0.471519 4.216579 
72383787857109 0.446022 0.815291 4.485114 
72383806615182 0.119015 1.779067 5.109939 
72383825373255 -0.699511 2.468234 6.153730 
72383844131380 -1.665531 2.942307 6.488143 
72383862889453 -1.834646 3.793287 6.281640 
72383881647578 -1.650016 4.601082 5.442797 
72383900405599 -1.259351 5.496373 4.375132 
72383919163724 -0.716647 6.168844 2.802740 
72383937921849 -0.241404 5.656970 0.833352 
72383956679870 -0.168962 4.075846 -1.361446 
72383975437995 -1.145899 1.466492 -4.625522 
72383994196067 -2.096343 -4.215200 -7.841184 
72384012954140 -3.580754 -18.616514 -13.133918 
72384031712265 -2.171003 -18.986746 -7.489036 
72384050470286 -0.088779 0.286672 -1.804393 
72384069228411 -2.778151 15.326577 2.492031 
72384087986536 -2.361629 12.190319 1.629996 
72384106744557 -0.120946 -5.398395 3.960002 
72384125502682 3.029041 -10.333819 0.145801 
72384144260755 -0.868571 -3.605154 -0.394418 
72384163018828 -3.545828 6.506853 2.949998 
72384181776953 -3.341160 7.583054 4.813382 
72384200534974 -0.089868 2.155074 4.446301 
72384219293099 3.986952 -3.901802 3.216035 
72384238051172 5.072873 -5.868381 2.646553 
72384256809245 2.461551 -0.829652 2.308138 
72384275567370 -0.486139 2.154110 1.986989 
72384294325442 -1.991523 1.349009 1.107132 
72384313083515 -1.806862 -0.950100 1.066143 
72384331841640 -1.528495 -1.235714 1.243182 
72384350599661 -1.636949 -0.410675 1.109124 
72384369357786 -0.698384 0.168687 0.783735 
72384388115859 0.853912 -0.321967 0.264300 
72384406873932 1.354899 -1.391578 -0.390408 
72384425632057 1.140176 -0.739648 -0.362565 
72384444390078 1.225410 1.096710 -0.453508 
72384463148203 1.529522 1.306373 -0.514308 
72384481906276 1.295530 0.856457 -0.389446 
72384500664349 0.682431 0.810386 -0.570230 
72384519422474 0.790837 0.536306 -0.653839 
72384538180495 0.598635 0.129977 -0.974339 
72384556938620 0.845530 0.039591 -2.273074 
72384575696692 1.040916 -0.027065 -2.753210 
72384594454765 1.024412 -0.307278 -2.345968 
72384613212890 1.967140 -0.946216 -1.737501 
72384631970911 3.168420 -1.329716 -1.907461 
72384650729036 4.663316 -1.758798 -1.960231 
72384669487057 4.010208 -1.786033 -2.310762 
72384688245182 1.395127 -2.057129 -3.693362 
72384707003255 1.576813 -2.787258 -4.490370 
72384725761328 3.319457 -3.574776 -4.366068 
72384744519453 4.276779 -3.705812 -4.111977 
72384763277474 3.539251 -3.561372 -2.860011 
72384782035599 0.509599 -2.459350 -2.212256 
72384800793672 -3.382490 -1.240678 -1.746279 
72384819551745 -4.684812 -1.056746 0.425827 
72384838309870 -4.642477 -2.903161 3.163731 
72384857067890 -3.977247 -4.218900 3.058953 
72384875826015 -2.465531 -3.379814 2.109281 
72384894584088 -0.260628 -1.987057 2.513013 
72384913342161 -0.317510 -2.412112 3.334357 
72384932100234 0.606477 -2.216528 3.147601 
72384950858307 0.627999 -1.338849 3.027423 
72384969616432 -0.168583 -0.428924 3.498515 
72384988374453 -0.542211 -0.090116 4.406287 
72385007132578 -0.877917 -0.111244 4.751353 
72385025890651 -1.045441 0.859256 5.129017 
72385044648724 -1.418595 2.222671 6.113560 
72385063406797 -2.111219 3.382862 6.313946 
72385082164870 -2.063080 4.045658 6.010982 
72385100922995 -1.695442 5.083062 5.242134 
72385119681015 -1.530945 5.685308 4.378254 
72385138439140 -1.248821 5.652445 3.277964 
72385157197213 -0.696473 5.155472 1.819956 
72385175955286 -0.345597 3.500381 0.505355 
72385194713359 -0.201497 1.184565 -0.791325 
72385213471432 -1.045641 -2.288564 -3.540624 
72385232229557 -2.556137 -10.208148 -9.276907 
72385250987578 -1.672613 -19.745789 -12.787313 
72385269745703 0.100169 -10.082292 -5.239660 
72385288503776 -0.026905 3.485578 -1.302572 
72385307261849 -0.667286 12.703758 1.248236 
72385326019974 0.346140 11.782396 0.373282 
72385344777995 0.556473 1.261047 0.760040 
72385363536120 1.393979 -8.237665 0.162731 
72385382294140 1.558256 -12.208034 -5.846580 
72385401052265 2.269075 -1.981421 1.861298 
72385419810286 -5.744072 9.776917 6.631446 
72385438568411 -7.762718 9.846197 2.617376 
72385457326484 -1.257412 2.038720 4.971003 
72385476084557 4.657466 -5.288601 3.216072 
72385494842578 4.148571 -6.538323 1.664878 
72385513600703 2.138808 -0.575974 1.505781 
72385532358828 0.650116 1.989062 2.138752 
72385551116849 -1.410014 2.259624 1.858999 
72385569874974 -1.899043 0.274103 1.360175 
72385588632995 -1.968036 -1.005673 0.697279 
72385607391120 -1.421304 -0.296473 1.199250 
72385626149192 -0.719813 -0.004828 1.233757 
72385644907265 0.611237 -0.297035 0.727260 
72385663665338 2.380056 -0.599925 0.552745 
72385682423411 2.665785 -0.498879 0.772175 
72385701181536 1.428371 0.246241 0.700287 
72385719939557 0.022248 0.772960 0.001676 
72385738697682 -0.758656 1.209421 -0.758016 
72385757455703 -1.212398 1.068326 -0.704210 
72385776213828 -0.826403 0.304604 -0.499799 
72385794971849 0.571941 -0.070672 -0.671136 
72385813729974 2.234852 -0.174612 -1.003868 
72385832488047 2.453894 -0.249781 -1.552160 
72385851246067 2.291143 -0.716063 -2.019308 
72385870004192 2.510663 -1.334937 -0.935707 
72385888762265 1.703540 -1.336053 -1.294828 
72385907520338 2.036057 -1.660613 -1.219982 
72385926278411 2.435230 -2.155332 -1.658930 
72385945036484 1.856982 -2.565451 -2.375707 
72385963794557 2.410193 -3.943406 -3.201293 
72385982552630 3.196954 -4.487485 -2.893620 
72386001310703 1.086524 -3.740571 -2.009538 
72386020068776 -0.711738 -2.286692 -1.960162 
72386038826849 -0.813484 -1.091797 -1.221759 
72386057584974 -1.683590 -0.317969 -0.909287 
72386076342995 -3.254211 0.469184 -0.516235 
72386095101120 -4.082201 0.475036 0.857572 
72386113859140 -3.780873 -0.489226 2.010747 
72386132617265 -2.737779 -1.978181 2.247899 
72386151375286 -1.304379 -2.405989 3.476114 
72386170133411 -0.108344 -1.191915 3.973352 
72386188891432 0.098459 -0.388628 2.623262 
72386207649505 1.232858 -0.272845 2.046212 
72386226407578 0.642482 -0.020814 2.538739 
72386245165703 -0.655295 0.964274 2.969992 
72386263923724 -1.248903 1.186944 2.940901 
72386282681849 -1.267906 0.879640 2.989969 
72386301439922 -1.498532 1.330742 3.346759 
72386320197995 -2.041375 2.806724 3.618521 
72386338956067 -2.463364 3.571890 3.552030 
72386357714140 -2.221304 3.557029 3.223963 
72386376472161 -1.351538 3.044458 2.727509 
72386395230286 -0.603082 2.579213 1.831614 
72386413988359 0.184104 2.009184 0.367979 
72386432746432 1.033340 0.958880 -0.765348 
72386451504505 0.954371 -0.429359 -1.421029 
72386470262578 0.341309 -1.937146 -1.968224 
72386489020651 -0.311815 -2.650290 -3.513343 
72386507778724 -1.411903 -2.491433 -5.753270 
72386526536797 -1.776674 -2.593781 -5.412429 
72386545294870 -1.996363 -2.955414 -4.296191 
72386564052942 -1.877325 -0.740938 -2.758645 
72386582811015 -0.459722 3.482748 -1.038990 
72386601569088 0.081974 5.796754 -0.165469 
72386620327161 0.333571 2.584310 1.298387 
72386639085234 2.515408 -3.615387 1.778656 
72386657843307 1.756263 -5.801612 -1.295617 
72386676601380 0.748921 -4.542064 -1.857946 
72386695359453 -0.694550 0.969653 1.431285 
72386714117526 -3.785183 5.105055 3.321888 
72386732875599 -5.220505 3.712048 2.637821 
72386751633672 -2.278577 0.106447 1.895751 
72386770391745 1.799824 -2.146156 3.293128 
72386789149817 2.922006 -1.433410 3.401108 
72386807907890 2.185451 -0.423472 2.715138 
72386826665963 1.728974 -0.144606 1.865866 
72386845424036 0.805791 -0.810140 1.142861 
72386864182109 0.017295 -0.890370 1.123340 
72386882940182 -1.411806 0.003294 1.185380 
72386901698255 -2.205345 0.455194 1.069059 
72386920456328 -1.624639 -0.000056 0.846064 
72386939214401 0.033144 -0.182346 0.901277 
72386957972474 0.635062 -0.443143 0.901607 
72386976730495 0.499036 -0.094119 0.681302 
72386995488620 0.449962 0.252622 0.589927 
72387014246640 0.193669 0.255219 0.166590 
72387033004765 0.024884 -0.106388 -0.331134 
72387051762786 0.307488 -0.293466 -0.973625 
72387070520911 1.146497 -0.353778 -1.140028 
72387089278932 1.012672 -0.519615 -0.519650 
72387108037057 -0.056507 -0.268621 -0.172894 
72387126795078 -0.540215 -0.209768 -0.474823 
72387145553151 0.590370 -0.323250 -0.254267 
72387164311224 1.743664 -0.256649 0.622013 
72387183069297 1.311258 0.129038 1.077820 
72387201827370 -1.008653 0.331323 0.689086 
72387220585442 -2.311779 0.150788 -0.288527 
72387239343515 -0.704067 0.028925 0.450821 
72387258101588 0.720612 0.311555 1.248973 
72387276859661 0.842761 0.444503 1.235438 
72387295617734 0.497905 -0.081442 0.662738 
72387314375807 -0.155368 -0.114242 0.050185 
72387333133828 -0.822012 0.062707 -0.137588 
72387351891953 -0.972394 0.192593 -0.145596 
72387370649974 -0.790174 0.049421 -0.196218 
72387389408099 -0.111830 -0.147210 -0.259176 
72387408166120 0.523795 -0.352844 -0.053107 
72387426924245 0.831540 -0.396999 0.250984 
72387445682265 0.602550 -0.205803 0.105389 
72387464440338 0.159809 -0.025148 0.000307 
72387483198411 -0.244592 0.030552 -0.113897 
72387501956484 -0.158834 0.026480 -0.197879 
72387520714557 -0.011678 0.094995 -0.261039 
72387539472630 -0.134967 0.195333 -0.265587 
72387558230703 -0.115821 0.112320 -0.221222 
72387576988724 0.231560 -0.012297 -0.384004 
72387595746849 0.578151 0.001326 -0.373079 
72387614504870 0.595149 -0.048037 -0.227630 
72387633262995 0.434080 -0.129727 -0.346124 
72387652021015 0.267722 -0.086555 -0.228903 
72387670779088 -0.052626 0.103541 -0.124841 
72387689537161 -0.097432 0.140035 0.010405 
72387708295234 -0.137984 0.095553 -0.060596 
72387727053307 -0.089725 0.138483 -0.092883 
72387745811328 -0.189579 0.105725 0.025269 
72387764569453 -0.228649 -0.128251 -0.060838 
72387783327474 -0.012130 -0.163577 -0.148618 
72387802085599 -0.059405 -0.026630 -0.159669 
72387820843620 -0.044305 0.060516 -0.284450 
72387839601692 0.138700 0.004806 -0.279920 
72387858359765 0.356426 -0.022224 -0.227913 
72387877117838 0.380487 0.030416 -0.175184 
72387895875859 0.135080 0.016498 -0.103325 
72387914633932 -0.144886 0.003965 -0.177245 
72387933392057 -0.090028 0.070399 -0.177338 
72387952150078 0.005207 0.152102 0.077211 
72387970908203 -0.170666 0.073675 -0.034008 
72387989666224 -0.129633 -0.003160 -0.244314 
72388008424297 0.199113 0.019041 -0.220365 
72388027182370 0.232620 -0.011344 -0.103222 
72388045940442 0.163918 -0.105187 -0.120502 
72388064698515 0.177407 -0.191074 -0.193800 
72388083456536 0.101861 -0.053148 -0.128631 
72388102214661 -0.055224 0.015418 -0.117370 
72388120972682 -0.072118 0.070151 -0.095636 
72388139730755 0.097140 0.104571 -0.136470 
72388158488828 0.252662 0.016431 0.021383 
72388177246901 0.033427 -0.035484 -0.053981 
72388196004974 0.004066 -0.039490 -0.157707 
72388214762995 0.140731 0.029622 -0.101063 
72388233521120 0.159191 0.049130 -0.028039 
72388252279140 0.010904 -0.056876 -0.052550 
72388271037213 0.032124 -0.136168 -0.085886 
72388289795286 0.054164 0.010150 0.095169 
72388308553359 0.035308 0.056419 0.188683 
72388327311432 -0.049387 -0.035685 -0.035113 
72388346069453 -0.015194 0.010505 -0.060363 
72388364827526 -0.001556 0.035460 0.007788 
72388383585599 -0.034607 -0.012147 -0.069181 
72388402343672 0.031852 -0.034825 -0.196185 
72388421101745 0.101045 -0.013755 -0.216058 
72388439859765 0.120991 -0.019985 -0.116616 
72388458617890 0.036567 -0.024766 -0.251071 
72388477375911 0.225053 -0.065058 -0.113926 
72388496133984 0.138230 -0.001159 -0.057096 
72388514892057 0.107015 0.036201 -0.101388 
72388533650130 0.107967 0.036476 -0.095510 
72388552408203 -0.001479 0.013679 -0.071262 
72388571166224 -0.012877 0.023937 -0.060242 
72388589924297 -0.038054 -0.020618 -0.003419 
72388608682370 -0.039359 -0.012946 -0.000643 
72388627440442 -0.011105 0.024467 -0.077603 
72388646198515 -0.025006 0.052520 -0.086023 
72388664956536 0.006562 0.050648 -0.054166 
72388683714661 0.060697 0.080947 0.052395 
72388702472682 0.001210 0.113102 0.095945 
72388721230755 -0.106967 0.096078 -0.112855 
72388739988828 0.091772 0.158746 -0.079570 
72388758746849 0.425187 0.121611 0.147128 
72388777504922 0.385430 -0.056674 0.314606 
72388796262995 -0.213945 -0.083918 -0.007919 
72388815021067 -0.420108 -0.086889 -0.466329 
72388833779140 0.484614 0.072559 -0.018301 
72388852537161 1.051950 0.024934 -0.061292 
72388871295234 1.791755 -0.279275 -0.179030 
72388890053307 2.363558 -0.479983 -0.077181 
72388908811380 1.102719 0.054596 -0.591959 
72388927569453 0.644307 -0.080285 -1.117828 
72388946327474 1.618686 -0.440381 -1.006170 
72388965085495 2.103983 -0.636155 -1.086155 
72388983843620 1.826527 -0.515540 -1.429070 
72389002601640 1.649716 -0.592265 -2.103025 
72389021359765 3.139925 -0.968063 -1.838285 
72389040117786 3.637739 -0.994816 -1.333569 
72389058875859 2.648490 -0.737929 -1.081923 
72389077633932 1.949623 -0.298988 -0.594237 
72389096391953 1.379453 -0.139560 0.176450 
72389115150026 0.570950 -0.432340 0.525042 
72389133908099 -0.477742 -0.999138 0.296824 
72389152666172 -1.117750 -1.497416 -0.252937 
72389171424192 -0.021530 -1.470249 -0.515363 
72389190182265 1.693525 -1.232911 -0.660157 
72389208940338 2.274804 -1.401129 -0.821338 
72389227698411 2.483769 -1.282699 -0.410399 
72389246456432 2.307256 -0.710924 0.654461 
72389265214557 1.629337 -0.473382 1.567402 
72389283972578 1.530409 -0.306627 2.127916 
72389302730651 2.051596 -0.515234 2.419913 
72389321488724 2.525558 -0.675513 2.488050 
72389340246745 2.681320 -0.363125 2.809803 
72389359004817 2.449468 -0.229128 3.270095 
72389377762890 1.821493 0.029401 3.359005 
72389396520963 1.250068 -0.134531 3.158871 
72389415279036 0.962656 -0.623929 2.887125 
72389434037057 0.939873 -0.831296 3.036493 
72389452795130 0.664871 -0.778693 3.498020 
72389471553203 -0.163753 -0.571617 3.900908 
72389490311224 -1.067277 -0.357950 3.803268 
72389509069349 -1.718647 -0.364722 3.223246 
72389527827317 -1.897408 -0.125297 2.738230 
72389546585442 -2.067988 -0.202850 2.284029 
72389565343515 -1.362316 -0.592647 2.421695 
72389584101536 -0.875628 -0.623021 2.298239 
72389602859609 -1.259565 0.175755 1.484935 
72389621617682 -1.948694 1.182113 1.638037 
72389640375755 -2.205626 1.270390 1.957862 
72389659133828 -2.388044 0.943755 2.519976 
72389677891849 -3.602954 -1.045730 1.448665 
72389696649922 -6.072281 -0.668541 1.292364 
72389715407995 -6.778136 2.860932 4.752346 
72389734166015 -3.708786 0.800685 1.806516 
72389752924088 3.682173 -5.678162 2.124533 
72389771682161 6.824823 -6.076612 0.909268 
72389790440182 -0.260521 1.103157 0.217089 
72389809198255 -0.422189 2.973412 -0.812995 
72389827956328 2.092580 1.443329 -0.219451 
72389846714349 1.649849 -0.124991 -0.496939 
72389865472474 2.237734 -0.649453 -0.660761 
72389884230495 2.655385 -0.450228 -0.566559 
72389902988567 3.186448 -0.255829 -0.756603 
72389921746640 2.416283 -0.020771 -1.201414 
72389940504661 2.080710 0.668661 -1.048882 
72389959262734 2.300132 -0.578095 -0.341770 
72389978020807 1.399946 -1.452061 0.279016 
72389996778828 -0.366272 -0.747443 0.050879 
72390015536901 -1.035635 0.081895 -0.099769 
72390034294974 0.212634 0.467590 0.384299 
72390053052995 1.650058 -0.042710 0.505936 
72390071811067 2.640894 -0.482924 0.978021 
72390090569140 1.734639 -0.191977 1.185560 
72390109327161 0.029829 -0.007558 0.629944 
72390128085234 -1.114300 -0.088912 0.010520 
72390146843307 -1.198126 -0.089182 -0.406839 
72390165601328 -0.126655 -0.073318 -0.001105 
72390184359401 0.918672 -0.302122 0.358955 
72390203117474 1.501482 -0.583838 0.684735 
72390221875495 1.341444 -0.566895 0.710124 
72390240633567 0.452314 -0.780524 0.561448 
72390259391640 -0.673776 -1.204200 0.360205 
72390278149661 -0.818316 -1.110305 -0.054563 
72390296907734 0.367380 -0.421758 0.214675 
72390315665807 0.455071 -0.235489 0.705352 
72390334423828 -0.464534 -0.561477 0.475310 
72390353181901 -0.386768 -0.893298 -0.629252 
72390371939974 0.179808 -0.947666 -1.292274 
72390390697995 0.832386 -0.716624 -1.344652 
72390409456067 0.806382 -0.514016 -0.998756 
72390428214140 0.611027 -0.160850 -0.595997 
72390446972161 0.955993 -0.085107 -0.327151 
72390465730234 0.651919 -0.565481 0.261223 
72390484488307 -0.474565 -1.209814 0.833099 
72390503246328 -1.234583 -1.242514 1.953157 
72390522004401 -0.834481 -0.913241 2.551090 
72390540762474 -0.638970 -0.453357 2.842995 
72390559520495 0.462084 -0.028720 3.157675 
72390578278567 1.580135 0.457325 2.881971 
72390597036640 1.739920 1.517880 2.219673 
72390615794661 1.277568 2.193814 1.700872 
72390634552734 1.255268 1.855180 1.559912 
72390653310807 1.467575 1.190303 1.584141 
72390672068828 1.352321 0.832411 2.164976 
72390690826901 -0.314938 1.583031 2.468523 
72390709584974 -1.825149 2.472172 1.259511 
72390728342995 -3.480480 0.928598 0.033946 
72390747101067 -5.025492 -1.851625 -0.922244 
72390765859140 -5.729925 -2.988950 -3.422248 
72390784617161 -4.913085 -1.683109 -2.603441 
72390803375234 -4.980667 1.002500 -0.171723 
72390822133307 -3.483196 -0.279737 0.653993 
72390840891328 0.550524 -2.910585 3.106138 
72390859649401 3.806213 -2.399586 1.470458 
72390878407474 4.688344 -0.324009 -0.426743 
72390897165495 3.362819 0.094012 -1.330061 
72390915923567 1.547640 0.336250 0.003744 
72390934681640 -0.582555 0.813272 0.955407 
72390953439661 -1.736049 1.102702 0.404865 
72390972197734 -1.159991 0.825864 0.659205 
72390990955807 -0.813412 0.374002 0.379924 
72391009713828 -0.574545 -0.112882 -0.017567 
72391028471901 0.277805 -0.824623 0.240647 
72391047229974 0.745541 -0.893342 0.021405 
72391065987995 0.597674 -0.415694 -0.167238 
72391084746067 0.109670 -0.144692 -0.128674 
72391103504140 -0.064410 -0.088795 -0.036812 
72391122262161 -0.096714 -0.188313 -0.036450 
72391141020182 -0.023071 -0.129348 -0.234052 
72391159778307 0.333488 0.003034 -0.037488 
72391178536328 0.317318 0.234694 0.474534 
72391197294349 0.132810 0.419197 0.705191 
72391216052422 0.640091 0.623178 1.227535 
72391234810495 0.328241 0.552456 1.096486 
72391253568515 -0.130881 -0.200270 0.248128 
72391272326588 -0.226293 -1.227744 -0.338166 
72391291084661 -0.052792 -1.362986 -0.825112 
72391309842682 0.144818 -0.684239 -0.921287 
72391328600755 -0.311865 0.053648 -0.898571 
72391347358828 -0.260795 0.395023 -0.736245 
72391366116797 0.392296 0.201102 -0.431774 
72391384874922 0.902506 0.015869 -0.069007 
72391403632995 1.074865 0.011621 0.045687 
72391422391015 1.146236 0.168760 -0.178011 
72391441149088 1.243415 0.234720 -0.051311 
72391459907109 1.014071 0.059097 0.007667 
72391478665182 0.592372 -0.251068 0.005944 
72391497423203 0.046529 -0.344442 -0.172720 
72391516181276 -0.131935 -0.090445 -0.250455 
72391534939349 -0.013435 0.146225 -0.274591 
72391553697370 0.108464 0.173277 -0.252113 
72391572455442 0.205745 0.102769 -0.287590 
72391591213515 0.283646 0.042508 -0.101492 
72391609971536 0.175255 -0.046987 0.100399 
72391628729609 0.115981 -0.082185 0.232626 
72391647487630 -0.046854 -0.009979 -0.032481 
72391666245703 -0.080386 -0.069289 0.099497 
72391685003724 0.035828 -0.230832 0.303984 
72391703761745 0.088372 -0.215590 0.243243 
72391722519870 0.189841 -0.023091 0.384131 
72391741277890 -0.033034 0.076815 0.341114 
72391760035963 -0.201854 -0.018456 0.212637 
72391778794036 -0.177419 -0.182774 -0.009924 
72391797552057 -0.083829 -0.162819 -0.083807 
72391816310078 0.035179 -0.072117 0.064828 
72391835068151 0.109690 0.054716 0.193586 
72391853826224 0.030772 0.103179 0.149750 
72391872584245 -0.093562 0.070345 0.076534 
72391891342317 -0.022174 -0.014260 0.064947 
72391910100390 -0.056111 -0.096969 0.134053 
72391928858411 -0.133120 -0.038111 0.017842 
72391947616484 0.101445 0.009702 0.004811 
72391966374505 0.153687 0.029316 0.166371 
72391985132578 -0.109170 0.044399 0.104933 
72392003890599 -0.062317 -0.046533 -0.071916 
72392022648672 0.243991 -0.071951 -0.046283 
72392041406745 0.291118 -0.021313 -0.069709 
72392060164765 0.277664 0.043598 -0.048931 
72392078922838 0.335223 0.019378 -0.043352 
72392097680859 0.298156 -0.142983 -0.155189 
72392116438932 0.341698 -0.242030 -0.216268 
72392135196953 0.374996 -0.116739 -0.225516 
72392153955026 0.432518 0.052977 -0.175858 
72392172713099 0.472487 0.061008 -0.136586 
72392191471120 0.375607 0.034322 -0.196500 
72392210229192 0.246615 -0.008504 -0.324686 
72392228987213 0.150814 -0.065885 -0.341865 
72392247745286 -0.066988 -0.078520 -0.250771 
72392266503307 -0.189237 -0.067684 -0.190170 
72392285261380 -0.259088 -0.116359 0.077947 
72392304019401 -0.431741 -0.146282 0.170700 
72392322777474 -0.379593 0.027864 0.261247 
72392341535495 -0.195079 0.247636 0.338063 
72392360293567 0.064498 0.170885 0.232813 
72392379051640 0.294670 -0.094913 0.110277 
72392397809661 0.238054 -0.012925 -0.022983 
72392416567734 0.116878 0.082398 -0.192620 
72392435325755 0.219647 0.176840 -0.118859 
72392454083828 0.066114 0.206765 -0.229586 
72392472841849 0.005730 -0.059985 -0.313957 
72392491599922 0.008698 -0.204082 -0.283257 
72392510357995 -0.115010 -0.094620 -0.235239 
72392529116015 -0.177589 -0.010834 -0.051847 
72392547874088 -0.140978 -0.028142 0.063760 
72392566632109 -0.120718 -0.002067 0.122657 
72392585390182 -0.052288 -0.008151 0.154093 
72392604148203 -0.108564 0.034495 0.185202 
72392622906276 -0.154122 0.071369 0.103766 
72392641664349 -0.138841 0.112935 0.034928 
72392660422370 -0.087984 0.171572 0.085532 
72392679180390 0.057725 0.120801 0.120510 
72392697938463 0.064242 0.073098 0.047526 
72392716696536 0.080433 0.045741 0.112849 
72392735454557 -0.139147 0.147146 0.167674 
72392754212630 -0.241821 0.224654 0.071304 
72392772970651 -0.092000 0.378510 0.095593 
72392791728724 0.244277 0.981485 1.071831 
72392810486745 0.720177 1.473413 1.223705 
72392829244817 1.081787 0.283789 0.941621 
72392848002890 1.550651 -1.701288 0.255664 
72392866760911 -0.504086 -2.329790 -0.785733 
72392885518932 -1.552999 -1.187265 -1.454946 
72392904277005 -0.787183 -0.056089 -1.934254 
72392923035078 1.175543 -0.325789 -2.027125 
72392941793099 2.428581 -1.000624 -1.551234 
72392960551172 2.058471 -0.993220 -1.520018 
72392979309140 1.771539 -1.083410 -1.359410 
72392998067265 1.370849 -0.991923 -1.552568 
72393016825286 1.195945 -0.904671 -1.861119 
72393035583359 1.254484 -1.151488 -1.972985 
72393054341380 1.056728 -1.562860 -2.084104 
72393073099453 0.782170 -1.922570 -2.073492 
72393091857474 0.862679 -2.174986 -1.688362 
72393110615547 1.254803 -2.708516 -1.539714 
72393129373567 1.968669 -2.892875 -1.592428 
72393148131640 0.974139 -2.284378 -0.816139 
72393166889661 -1.567276 -1.287866 1.226196 
72393185647682 0.645443 1.422534 2.884457 
72393204405807 1.982495 0.647701 1.232175 
72393223163828 -1.020569 -0.864696 0.791904 
72393241921849 -2.946766 -0.116655 1.891359 
72393260679922 -1.435398 1.254601 2.943736 
72393279437995 -0.138989 1.454313 2.877837 
72393298196015 0.278966 1.368284 1.887261 
72393316954088 0.362124 1.191770 1.550166 
72393335712109 0.357267 1.340497 1.770948 
72393354470182 0.299375 1.888722 1.609992 
72393373228203 -0.100095 2.106181 0.919554 
72393391986276 -0.496266 1.695738 0.004692 
72393410744349 -0.872957 1.197119 -0.750822 
72393429502370 -1.023801 1.233977 -1.338570 
72393448260390 -0.444438 1.037972 -2.492581 
72393467018463 -0.296565 0.388293 -2.990049 
72393485776536 -0.213965 -0.699409 -2.523887 
72393504534557 0.368063 -1.338570 -2.072860 
72393523292578 0.624064 -1.048340 -2.170460 
72393542050651 0.534154 -0.151968 -2.037757 
72393560808672 0.341085 0.789986 -1.630995 
72393579566745 0.420448 1.496074 -1.060201 
72393598324765 0.416707 2.010091 -0.660738 
72393617082838 0.176189 2.500106 -0.636689 
72393635840911 -0.145578 2.977179 -0.935723 
72393654598932 -0.428224 3.169933 -1.030451 
72393673356953 -0.525678 3.390949 -0.868721 
72393692115026 -1.483314 2.658615 -1.312393 
72393710873099 -4.995152 -1.655402 -1.899444 
72393729631120 -6.687287 -10.766510 -1.719182 
72393748389140 1.855665 -10.033728 -5.748387 
72393767147213 5.224052 -4.597004 -3.998955 
72393785905286 1.927610 9.204938 7.268442 
72393804663307 -7.276101 14.554108 2.720479 
72393823421380 3.536222 4.359699 3.703169 
72393842179401 8.310369 -12.623876 3.912368 
72393860937474 2.390469 -8.092083 0.807053 
72393879695495 -4.540533 3.418086 -0.397445 
72393898453567 -4.571136 5.570578 0.718518 
72393917211588 -1.997581 1.734274 2.076076 
72393935969661 -0.231249 -2.425314 2.173298 
72393954727682 -0.636989 -0.908109 1.390775 
72393973485755 -0.923297 1.659238 0.979935 
72393992243776 -0.084179 1.156474 0.958499 
72394011001849 0.120766 -0.957312 0.836186 
72394029759870 0.380415 -1.743431 0.802487 
72394048517942 0.058119 -1.070355 0.278583 
72394067275963 -0.562915 0.033168 -0.283980 
72394086034036 0.361410 0.853261 -0.308307 
72394104792057 2.296757 0.081580 0.130740 
72394123550078 2.188501 -0.862344 0.239666 
72394142308151 0.862586 -0.572639 -0.764910 
72394161066224 0.384763 -0.203166 -1.375894 
72394179824245 0.468443 -0.072616 -1.259910 
72394198582317 0.489409 -0.080577 -1.023928 
72394217340338 0.771650 -0.378000 -0.716876 
72394236098411 0.624700 -0.362558 -1.024881 
72394254856432 0.228989 0.357852 -1.604113 
72394273614453 0.750424 -0.152473 -2.150878 
72394292372526 2.505835 -0.723495 -1.860915 
72394311130599 4.066906 -1.332893 -1.163706 
72394329888620 4.144557 -2.211334 -1.246922 
72394348646640 2.719384 -2.330749 -2.435934 
72394367404713 1.654305 -3.235497 -3.098813 
72394386162734 1.765386 -3.876011 -3.923717 
72394404920807 2.800882 -3.832429 -4.724591 
72394423678828 3.090628 -3.856620 -5.493346 
72394442436901 2.833880 -2.249703 -4.202463 
72394461194922 0.608579 -0.476235 -2.304100 
72394479952995 -3.011580 -0.325619 -2.388920 
72394498711015 -3.472918 -1.741746 -0.922835 
72394517469088 -3.308025 -3.894395 1.392494 
72394536227109 -2.638131 -3.932389 2.366958 
72394554985130 -0.354694 -2.615326 3.187581 
72394573743203 0.480218 -2.214936 3.431895 
72394592501276 -0.459670 -2.674349 2.353183 
72394611259297 0.105063 -2.268733 1.816495 
72394630017370 -0.273167 -1.441455 2.927760 
72394648775390 -0.976449 -0.590645 3.801138 
72394667533411 -0.432801 -0.635520 4.017787 
72394686291484 0.308329 -0.310888 4.900360 
72394705049557 -0.246191 0.896295 5.297302 
72394723807578 -1.194793 2.584997 5.903586 
72394742565599 -1.684798 3.954007 5.819768 
72394761323672 -1.430224 4.256946 5.436972 
72394780081745 -0.993160 4.680686 5.001541 
72394798839765 -0.760044 5.111153 4.356291 
72394817597786 -0.581236 5.511513 3.418252 
72394836355859 -0.426871 5.046753 2.147061 
72394855113932 -0.220685 3.753390 0.703772 
72394873871953 -0.248341 1.835798 -2.003433 
72394892629974 -0.583177 -1.714229 -5.639349 
72394911388047 -0.860407 -9.251822 -9.118903 
72394930146120 -0.543408 -13.616127 -10.890429 
72394948904140 0.196086 -6.417665 -5.238686 
72394967662161 0.232788 3.935987 -2.303104 
72394986420234 -1.006957 9.877884 -0.179068 
72395005178307 -2.057477 3.862867 -0.168994 
72395023936328 -0.237461 -9.136224 -0.491537 
72395042694349 5.780653 -12.547378 -1.993123 
72395061452422 2.556514 2.055577 6.135919 
72395080210442 -11.205513 13.135452 4.145820 
72395098968515 -6.384465 8.166636 7.408900 
72395117726536 1.754809 -1.848744 7.103937 
72395136484609 3.465385 -8.711712 3.496584 
72395155242630 1.616227 -5.476141 1.272504 
72395174000703 -1.992697 0.602599 1.920932 
72395192758724 -4.521040 2.983124 1.988383 
72395211516797 -2.449632 0.645363 2.519377 
72395230274817 -0.294928 -2.037503 2.236540 
72395249032890 -0.002792 -2.339300 1.657707 
72395267790911 0.299681 -1.551802 1.401399 
72395286548984 1.063472 -1.034238 0.913940 
72395305307005 0.818241 -0.370333 -0.369792 
72395324065026 -0.489923 1.012681 -1.355379 
72395342823099 -0.131877 1.319366 -0.739496 
72395361581120 0.595754 1.267897 -0.617887 
72395380339192 1.156875 0.822024 -1.141135 
72395399097265 1.521033 1.081683 -1.020180 
72395417855286 0.459047 1.195423 -0.440246 
72395436613307 -0.392560 0.540067 -0.415539 
72395455371380 0.253419 -0.124240 -1.562731 
72395474129453 1.541263 0.289977 -2.740656 
72395492887474 2.558503 0.150077 -2.791356 
72395511645442 3.406232 -0.713626 -2.723379 
72395530403567 3.931755 -1.771696 -3.620100 
72395549161588 4.779026 -3.151677 -3.096658 
72395567919661 2.808342 -3.041140 -3.184629 
72395586677682 -0.095575 -2.566079 -4.683594 
72395605435755 0.083684 -2.920966 -5.188571 
72395624193776 2.422250 -4.320953 -3.871612 
72395642951849 3.276695 -4.410738 -4.003524 
72395661709870 2.601240 -2.937847 -2.278107 
72395680467890 -1.123602 -1.450751 -0.650506 
72395699225963 -4.789946 -1.139298 -0.259375 
72395717984036 -5.032016 -4.276928 1.285624 
72395736742057 -2.871051 -6.342994 2.364949 
72395755500078 -0.588139 -4.707742 2.985200 
72395774258151 0.539297 -2.831282 3.163445 
72395793016172 0.308558 -2.759883 2.631185 
72395811774245 1.615096 -1.996479 3.035179 
72395830532265 1.601748 -1.504508 3.616161 
72395849290390 0.590491 -1.250305 4.509659 
72395868048411 -0.424948 -1.293397 5.304248 
72395886806432 -0.547138 -1.147972 5.461692 
72395905564453 -0.511108 0.525545 5.857322 
72395924322526 -0.973655 2.282530 6.831531 
72395943080547 -1.964548 4.119414 6.820608 
72395961838620 -2.236689 5.668931 6.544866 
72395980596640 -2.296202 6.452554 5.839368 
72395999354713 -2.324407 6.871008 5.185730 
72396018112734 -1.586327 6.810811 4.176678 
72396036870807 -1.467893 5.985862 2.719649 
72396055628828 -1.443466 4.292778 1.376076 
72396074386901 -1.374802 2.370676 -0.852181 
72396093144922 -0.744204 -1.378548 -4.983500 
72396111902995 -0.337019 -10.446049 -9.761477 
72396130661015 -0.788846 -17.737644 -11.204614 
72396149419088 -0.074800 -9.112265 -5.821238 
72396168177109 0.869380 3.143533 -2.726640 
72396186935182 -0.713465 13.089766 -0.871121 
72396205693203 -0.941851 7.442657 0.220467 
72396224451224 0.496376 -3.143304 3.828312 
72396243209297 1.204034 -12.438290 -0.923254 
72396261967370 3.389786 -11.180087 -5.850098 
72396280725390 -0.433742 6.395219 4.388277 
72396299483411 -8.205223 15.559490 6.148275 
72396318241484 -5.508540 7.878066 6.350536 
72396336999557 2.747284 -7.271874 5.200865 
72396355757578 3.993999 -12.212215 4.755315 
72396374515599 -1.749399 -2.787415 2.859824 
72396393273672 -5.018971 2.528315 1.432443 
72396412031692 -2.617255 1.368493 2.453571 
72396430789765 -0.432273 -1.640417 2.364059 
72396449547786 0.461455 -2.821443 1.654010 
72396468305859 0.209239 -1.145820 1.582810 
72396487063880 -0.446436 1.010917 0.069209 
72396505821953 0.465861 0.564519 -0.229780 
72396524579974 1.288898 0.423080 -0.241469 
72396543338047 0.599638 1.458678 0.111574 
72396562096067 0.494060 1.731713 -0.122941 
72396580854140 0.856195 1.431050 -1.009818 
72396599612161 0.477551 1.504073 -1.682316 
72396618370234 -0.053708 1.378236 -1.373724 
72396637128255 0.521620 0.995167 -0.789455 
72396655886328 1.216552 0.634327 -1.111234 
72396674644349 1.783191 0.405656 -2.697261 
72396693402317 2.070926 -0.110793 -3.286527 
72396712160442 2.599212 -0.719541 -2.885978 
72396730918515 3.878197 -1.776197 -2.494717 
72396749676536 5.534552 -3.059359 -2.207145 
72396768434557 3.481889 -2.632412 -3.543642 
72396787192630 1.698529 -2.751520 -4.575853 
72396805950651 2.467210 -3.348751 -5.841907 
72396824708724 3.592613 -4.022556 -5.366261 
72396843466692 4.463668 -5.214270 -4.471729 
72396862224765 2.013243 -4.540693 -2.375251 
72396880982838 -2.079015 -1.171146 -1.035034 
72396899740911 -5.596193 -1.177693 -0.348943 
72396918498932 -4.814692 -5.285126 1.742552 
72396937256953 -2.470820 -6.804172 3.068022 
72396956015026 -1.183774 -4.989643 2.135369 
72396974773047 -0.494875 -2.304522 2.154807 
72396993531120 -1.122877 -2.698288 3.204434 
72397012289192 -0.612163 -2.299120 3.023074 
72397031047213 -0.471645 -1.143898 3.398238 
72397049805286 -0.814675 -0.710677 3.923341 
72397068563307 -0.477835 -0.956752 4.737981 
72397087321380 -0.219537 -0.966050 4.798428 
72397106079401 -0.274146 0.698241 5.277150 
72397124837474 -0.697596 2.287652 6.401260 
72397143595495 -1.775247 3.936015 6.772592 
72397162353515 -1.819843 4.914865 6.265759 
72397181111588 -1.511272 5.307997 5.232654 
72397199869661 -1.704426 6.059909 4.263340 
72397218627682 -1.392640 6.626842 3.440552 
72397237385703 -0.758094 6.286076 2.466553 
72397256143776 -0.262756 4.810238 0.856177 
72397274901849 0.078778 3.107399 -1.785986 
72397293659870 0.256807 -0.472836 -5.727074 
72397312417890 -0.317165 -8.378734 -9.476694 
72397331175963 -2.054265 -16.958141 -12.608397 
72397349934036 2.764460 -8.026532 -3.973347 
72397368692057 1.361691 6.128210 -0.504504 
72397387450078 -4.020349 14.799353 2.509662 
72397406208151 -3.948167 3.947665 3.454332 
72397424966224 -2.996841 -13.946592 0.479907 
72397443724245 2.936236 -17.256193 -6.286867 
72397462482265 -0.374674 2.465877 4.834281 
72397481240338 -8.131388 14.637300 4.830277 
72397499998411 -2.847156 10.573952 6.810040 
72397518756432 4.138912 -2.319654 6.646147 
72397537514505 6.867033 -12.001632 3.951770 
72397556272526 2.010684 -4.985249 2.799604 
72397575030599 -4.188481 2.487441 2.367876 
72397593788620 -5.689271 3.774239 1.490713 
72397612546640 -2.491520 0.379193 1.891629 
72397631304713 0.318897 -2.483017 1.843305 
72397650062786 1.864495 -2.223156 2.233608 
72397668820807 2.154897 -0.636857 1.443462 
72397687578828 1.707205 -0.070124 -0.145314 
72397706336901 1.207901 0.590079 -0.860206 
72397725094974 0.636882 1.028279 -0.381409 
72397743852995 0.641283 1.028703 0.311563 
72397762611015 0.745083 1.358421 -0.618177 
72397781369088 0.871120 1.297895 -1.836295 
72397800127161 1.251980 0.680514 -1.642791 
72397818885182 0.506956 0.372310 -0.947950 
72397837643203 -0.438936 -0.718880 -2.044033 
72397856401276 0.573678 -1.161398 -4.134200 
72397875159349 1.946486 -0.608070 -3.820549 
72397893917370 3.469481 -0.966086 -2.892189 
72397912675390 5.269612 -1.210445 -3.262444 
72397931433463 6.744983 -1.943409 -2.124741 
72397950191484 4.195062 -2.998368 -2.616572 
72397968949557 1.384360 -3.145781 -4.912306 
72397987707578 3.185548 -4.135548 -5.051688 
72398006465651 6.022214 -4.824197 -5.141335 
72398025223672 5.873017 -3.957980 -4.550588 
72398043981745 2.012706 -2.550562 -2.246907 
72398062739765 -3.557202 -1.038795 -1.547507 
72398081497838 -6.228825 -2.205060 0.570250 
72398100255859 -5.422688 -4.903427 1.587415 
72398119013932 -4.584428 -7.906651 1.741052 
72398137771953 -3.051889 -5.816654 4.415412 
72398156530026 -1.304002 -3.513847 3.724304 
72398175288047 -1.285073 -3.421089 2.425225 
72398194046120 -0.075463 -2.592326 2.261965 
72398212804140 -0.300239 -1.547024 2.918060 
72398231562213 -0.822038 -0.410112 4.215249 
72398250320234 -0.349748 0.080248 4.819972 
72398269078307 0.121783 -0.205814 5.302215 
72398287836328 -0.461391 0.815840 5.608974 
72398306594401 -1.047328 3.195073 6.855900 
72398325352422 -1.661772 5.155663 7.342455 
72398344110495 -1.692804 6.384434 7.164394 
72398362868515 -1.252213 6.993190 6.102641 
72398381626588 -1.760819 7.813319 5.048212 
72398400384609 -1.884630 7.863398 3.388390 
72398419142682 -1.288010 7.121002 1.955384 
72398437900703 -1.214444 4.972510 0.332999 
72398456658776 -2.001528 0.833000 -4.204906 
72398475416797 -3.864602 -9.456166 -11.408388 
72398494174870 -2.399822 -24.454405 -14.321364 
72398512932890 0.816829 -12.306553 -5.690667 
72398531690963 0.869583 4.847066 -1.054683 
72398550449036 1.226837 17.658318 0.802344 
72398569207057 3.236639 9.538429 1.328763 
72398587965078 1.565707 -6.748276 3.086673 
72398606723151 1.473836 -20.199127 -3.839550 
72398625481224 2.199540 -8.177440 -0.975934 
72398644239245 -8.075997 15.024485 6.326841 
72398662997265 -9.068760 16.632576 6.262723 
72398681755338 -1.782757 0.877475 7.581200 
72398700513411 3.135790 -14.454831 6.289669 
72398719271432 1.493893 -10.647620 2.242136 
72398738029453 -4.759757 1.013566 2.896221 
72398756787526 -5.449158 4.167538 2.778591 
72398775545599 -1.331864 0.007031 3.189995 
72398794303620 1.166895 -2.968520 1.607599 
72398813061640 1.931515 -2.421018 1.199286 
72398831819713 1.445642 -0.174487 0.309654 
72398850577786 1.527272 0.170242 -0.354675 
72398869335807 0.549419 0.567426 -0.955587 
72398888093828 -0.161922 1.634688 -0.741018 
72398906851901 -0.100717 1.944360 -1.338582 
72398925609974 0.153876 2.200823 -1.733532 
72398944367995 1.010283 2.090134 -1.817026 
72398963126015 1.515980 1.698205 -1.140034 
72398981884088 0.696540 0.709088 -0.443580 
72399000642161 0.565868 -0.158461 -1.339197 
72399019400130 1.083248 0.092448 -2.913989 
72399038158203 2.324016 0.335888 -2.895550 
72399056916276 3.895825 -1.414999 -2.227208 
72399075674349 4.607437 -2.454905 -3.261927 
72399094432370 5.598293 -2.911010 -2.226625 
72399113190390 2.758856 -3.147926 -3.026334 
72399131948463 0.654053 -3.279737 -4.951588 
72399150706536 2.497283 -3.585240 -5.342513 
72399169464557 4.544177 -3.928541 -5.771766 
72399188222578 5.321948 -4.127639 -5.340934 
72399206980651 2.504225 -2.832295 -2.424231 
72399225738724 -2.256126 -0.879948 -1.470017 
72399244496745 -4.153359 -1.976611 -0.666397 
72399263254765 -3.739992 -6.434698 2.097689 
72399282012838 -3.641097 -8.066041 3.086921 
72399300770911 -1.440476 -4.874088 2.635504 
72399319528932 0.550307 -2.837550 3.097235 
72399338287005 0.089197 -3.004849 3.239807 
72399357045026 0.338036 -2.304482 2.870687 
72399375803099 -0.345401 -0.747416 3.315808 
72399394561120 -1.054592 0.203232 3.782528 
72399413319192 -0.547577 -0.110673 4.699643 
72399432077213 0.357142 -0.307572 5.511893 
72399450835286 0.649189 0.759733 6.234902 
72399469593307 -0.564161 2.657173 6.817622 
72399488351328 -1.884952 4.683239 7.156473 
72399507109401 -1.836749 5.863688 6.755090 
72399525867474 -1.897235 6.476110 5.943778 
72399544625495 -2.089669 6.986793 4.772264 
72399563383567 -1.625620 6.767159 3.447010 
72399582141640 -0.803282 6.220860 2.132910 
72399600899661 -0.449784 4.581887 0.191552 
72399619657682 -0.487601 1.192492 -3.943660 
72399638415755 -1.055702 -6.028955 -10.264820 
72399657173828 -1.939713 -19.442276 -14.494193 
72399675931849 1.271702 -16.087349 -8.176716 
72399694689870 1.285776 0.737502 -4.065366 
72399713447942 -1.778760 14.156036 0.899375 
72399732206015 -0.467810 9.084379 1.725579 
72399750964036 1.406406 -5.691411 3.219468 
72399769722109 3.807969 -15.118958 -3.329237 
72399788480130 3.356897 -2.930572 2.624724 
72399807238203 -10.401789 14.627443 6.028901 
72399825996224 -7.707122 12.689663 5.873449 
72399844754245 0.640974 -2.913685 6.601176 
72399863512370 5.083706 -13.617799 4.996749 
72399882270390 2.175683 -6.032867 2.211696 
72399901028411 -3.474658 1.620431 2.617818 
72399919786484 -4.535103 2.722160 3.382078 
72399938544557 -2.144256 -0.627555 3.433893 
72399957302578 -0.650554 -3.422272 1.948245 
72399976060651 -0.383104 -3.107670 0.712021 
72399994818672 -0.228875 -0.832145 0.075500 
72400013576745 1.034251 0.201885 -0.298252 
72400032334765 1.981072 0.069795 -0.403241 
72400051092838 1.103601 1.730109 -0.723854 
72400069850911 0.901995 2.346626 -0.543309 
72400088608932 1.044302 1.996363 -0.756297 
72400107366953 0.552345 2.218498 -1.185286 
72400126125026 0.121516 1.936028 -1.258101 
72400144883099 0.311251 0.484452 -1.164377 
72400163641120 1.175066 -0.205468 -2.371339 
72400182399192 1.984409 0.159087 -3.941905 
72400201157213 2.698057 -0.118212 -3.355647 
72400219915286 4.385783 -0.848614 -2.991906 
72400238673307 6.378832 -1.776003 -2.957051 
72400257431380 5.763447 -2.617943 -2.555582 
72400276189453 1.868796 -3.358012 -4.293046 
72400294947474 1.134354 -3.829473 -6.198769 
72400313705495 4.369390 -4.971879 -5.819258 
72400332463567 6.218186 -4.737528 -4.506963 
72400351221588 3.207299 -3.018804 -2.121091 
72400369979661 -3.314856 -2.294362 -2.330345 
72400388737734 -5.255003 -3.695459 0.961521 
72400407495807 -6.314168 -5.911213 2.385009 
72400426253828 -6.362621 -6.967175 1.832739 
72400445011849 -2.621462 -4.530495 3.068415 
72400463769922 -0.789709 -2.902242 2.148464 
72400482527995 -0.236021 -2.903131 2.609511 
72400501286015 0.702102 -1.355058 3.111538 
72400520044088 0.332904 -0.203362 3.523470 
72400538802161 -0.418744 0.151584 4.116273 
72400557560182 -0.434495 -0.117647 4.655199 
72400576318255 -0.294992 0.434368 5.356847 
72400595076276 -0.558496 1.678447 5.915698 
72400613834349 -1.664799 3.409915 6.739145 
72400632592370 -2.373466 5.069720 7.105853 
72400651350442 -2.009378 5.502656 6.824165 
72400670108515 -1.472439 5.343753 5.854766 
72400688866536 -1.954327 6.093626 4.687823 
72400707624609 -1.826512 6.683766 3.174183 
72400726382682 -1.033370 5.602777 1.392120 
72400745140703 -0.567307 3.789866 -0.884646 
72400763898776 -0.949457 0.735099 -4.509818 
72400782656797 -1.569752 -6.275482 -9.112051 
72400801414870 -1.393018 -18.758974 -13.857560 
72400820172890 0.979588 -15.475001 -7.475765 
72400838930963 0.652513 1.110151 -2.907686 
72400857688984 -3.626622 13.790222 1.504846 
72400876447005 -4.639079 5.489692 1.790196 
72400895205130 -0.453356 -10.403223 0.432111 
72400913963203 7.108918 -9.396725 0.237674 
72400932721224 -1.053035 4.006869 3.524086 
72400951479297 -7.156982 11.177299 6.206065 
72400970237370 -4.143627 5.240779 6.604867 
72400988995338 0.721937 -3.975552 4.905486 
72401007753411 3.875896 -8.460766 4.452372 
72401026511484 0.501622 -3.690321 2.869815 
72401045269557 -2.422734 0.655233 2.600630 
72401064027578 -3.417043 1.674857 1.950992 
72401082785651 -1.782233 -0.013212 1.078608 
72401101543724 0.049451 -2.211027 1.131353 
72401120301745 1.164342 -2.018651 1.158598 
72401139059817 1.391597 -0.312386 0.769658 
72401157817890 1.264166 0.648148 -0.301671 
72401176575911 1.375317 0.738807 -0.859406 
72401195333984 0.930435 0.927350 -0.829625 
72401214092057 0.338483 1.580597 -0.540977 
72401232850078 0.995456 1.810634 -0.419576 
72401251608151 1.526825 1.463763 -0.652374 
72401270366224 1.195804 1.190677 -0.727933 
72401289124245 0.680220 0.957042 -0.712997 
72401307882317 0.358169 0.560139 -1.471733 
72401326640338 0.266195 0.219474 -3.126144 
72401345398411 0.984041 -0.210142 -3.065263 
72401364157919 2.110665 -0.779548 -1.902958 
72401382915940 4.132736 -1.627992 -1.930514 
72401401674013 6.910630 -2.864902 -1.257619 
72401420432034 4.360588 -2.612070 -2.005575 
72401439190107 0.135558 -2.725854 -4.188030 
72401457948180 0.650991 -2.977312 -5.167932 
72401476706200 2.786599 -3.191273 -4.974894 
72401495464273 4.235631 -4.171268 -4.465064 
72401514222346 3.515704 -4.151688 -3.908085 
72401532980367 0.700994 -2.533567 -2.116272 
72401551738440 -2.413017 -0.739386 -1.150215 
72401570496513 -3.558084 -1.793800 0.404583 
72401589254534 -3.676607 -4.740005 3.011271 
72401608012607 -2.621032 -6.273609 3.331410 
72401626770680 -0.650824 -4.446626 2.149163 
72401645528700 -0.155869 -3.270845 2.415054 
72401664286773 -0.794029 -2.065661 2.859494 
72401683044846 -0.563917 -0.538031 3.305464 
72401701802867 -1.229155 0.929147 3.402691 
72401720560940 -0.800043 0.914279 3.388746 
72401739319013 0.360547 0.207725 4.355511 
72401758077086 0.101061 0.726377 4.629476 
72401776835107 -0.450181 2.136278 5.212608 
72401795593180 -0.925455 3.289886 5.937171 
72401814351252 -1.764508 4.455662 6.452020 
72401833109325 -2.019594 5.289440 6.364514 
72401851867346 -2.045220 5.987459 5.563204 
72401870625419 -2.192743 6.288225 3.682821 
72401889383492 -1.634991 6.062629 1.586164 
72401908141513 -0.941392 4.164966 -0.294704 
72401926899586 -0.493249 0.879424 -2.244736 
72401945657659 -1.580221 -5.082136 -5.838099 
72401964415680 -2.826510 -15.471439 -11.625331 
72401983173752 -1.527855 -15.923972 -9.541522 
72402001931825 0.971969 -2.352903 -3.870025 
72402020689846 -0.584634 9.503417 0.021987 
72402039447919 -0.894830 12.254193 1.515063 
72402058205940 1.901375 -2.297758 2.654974 
72402076964065 3.546918 -12.054175 -0.015750 
72402095722138 0.020282 -6.725258 -0.659803 
72402114480159 -4.612798 7.668945 4.756245 
72402133238232 -5.904868 9.596104 6.667041 
72402151996305 -2.969814 2.554821 5.279561 
72402170754325 2.813344 -5.036260 4.509367 
72402189512398 4.698688 -6.511677 2.607269 
72402208270471 1.743211 -1.121990 2.454671 
72402227028492 -1.529870 1.598330 2.502100 
72402245786565 -2.589055 0.956456 1.113546 
72402264544638 -1.555889 -0.613589 0.214142 
72402283302711 -0.553717 -0.961376 0.597959 
72402302060784 -0.368911 -0.525563 0.797645 
72402320818805 0.196601 -0.156392 0.483653 
72402339576877 1.541818 -0.303654 -0.466391 
72402358334898 1.908688 0.132417 -0.697996 
72402377092971 1.355118 1.042741 -0.396669 
72402395851044 1.455249 1.511456 -0.194574 
72402414609117 1.615382 1.086963 -0.608538 
72402433367138 0.518568 0.775994 -0.921108 
72402452125263 -0.343169 0.420553 -0.612836 
72402470883284 -0.032193 -0.223764 -0.772825 
72402489641357 0.823288 -0.428962 -1.780088 
72402508399430 1.204133 0.474194 -2.699759 
72402527157450 1.591077 0.462828 -2.405054 
72402545915523 3.231981 -1.014778 -1.967168 
72402564673596 4.325541 -1.990870 -2.089241 
72402583431617 4.653705 -2.565701 -1.711793 
72402602189742 3.229806 -2.553817 -1.574097 
72402620947763 0.379267 -2.789754 -3.157917 
72402639705836 0.435082 -3.266481 -4.356459 
72402658463909 2.258359 -3.172537 -4.580135 
72402677221930 2.367865 -3.074957 -1.884416 
72402695980002 -0.030529 -2.520602 -0.739913 
72402714738075 -2.401068 -1.064522 -1.059275 
72402733496096 -3.297120 -0.054321 -0.761431 
72402752254221 -3.180234 -0.929561 0.589129 
72402771012242 -3.114218 -2.503286 1.717892 
72402789770315 -3.607899 -3.187639 2.045761 
72402808528388 -1.425100 -2.932979 3.533559 
72402827286409 1.151515 -2.173553 4.212441 
72402846044482 1.424173 -2.450411 2.488724 
72402864802555 0.796286 -1.451131 1.605883 
72402883560627 -0.744519 -0.249762 3.159886 
72402902318700 -1.889480 0.370255 4.264379 
72402921076721 -1.259589 0.555624 4.570941 
72402939834794 -0.725922 0.644314 4.275606 
72402958592867 -0.365606 1.645868 4.636432 
72402977350940 -0.739856 2.946378 5.020706 
72402996109013 -1.578029 4.178273 5.237517 
72403014867034 -1.980490 5.149158 4.689923 
72403033625107 -1.855186 4.981229 3.810006 
72403052383180 -1.191184 4.642447 2.679645 
72403071141252 -0.293656 4.137775 1.432653 
72403089899325 0.418301 2.861485 0.264372 
72403108657346 -0.222531 0.752003 -0.757759 
72403127415419 -1.249527 -3.147145 -2.942258 
72403146173492 -2.145819 -9.025945 -7.892805 
72403164931565 -3.460321 -11.870726 -9.761312 
72403183689638 -0.335263 -6.240104 -3.641087 
72403202447659 2.115025 2.593758 -3.051130 
72403221205784 1.077007 9.637218 0.140556 
72403239963805 0.206138 9.084227 2.001542 
72403258721877 2.281375 0.077210 2.177489 
72403277479950 2.746429 -8.836368 -0.102469 
72403296237971 -0.416458 -11.266911 -5.106353 
72403314996096 0.224929 -5.195001 -1.733286 
72403333754117 -2.904391 4.725794 6.040264 
72403352512190 -8.375703 9.370530 6.020733 
72403371270263 -6.578812 5.388330 4.128722 
72403390028336 0.859857 -1.059260 4.339221 
72403408786409 6.166848 -6.408244 3.878723 
72403427544430 4.992526 -4.658097 2.977823 
72403446302502 1.647800 -0.545632 1.924250 
72403465060575 -0.206108 1.343060 2.221408 
72403483818648 -2.107227 1.636942 1.205957 
72403502576721 -2.871840 0.511162 0.355303 
72403521334742 -2.346273 -0.602210 0.416768 
72403540092867 -1.088938 -0.549224 1.050630 
72403558850836 0.209326 0.166815 0.872730 
72403577608961 0.947897 0.215064 0.505888 
72403596367034 1.734700 0.055054 0.425195 
72403615125055 1.899306 -0.168324 0.577649 
72403633883180 1.437406 -0.183595 0.260362 
72403652641200 1.163183 -0.251388 -0.268394 
72403671399273 0.839967 -0.273648 -0.795789 
72403690157346 0.149987 -0.066582 -1.316134 
72403708915419 -0.566683 -0.088756 -1.306136 
72403727673492 -0.669233 -0.579557 -0.739970 
72403746431513 0.112833 -0.512525 -0.574977 
72403765189586 1.092376 -0.291574 -0.649052 
72403783947659 1.478186 -0.183607 -0.352976 
72403802705732 1.184137 -0.217528 -0.342862 
72403821463805 0.916521 -0.428827 -0.060286 
72403840221825 0.278713 -0.780976 0.482551 
72403858979950 -0.321100 -0.317305 0.189368 
72403877737971 -1.057731 -0.096405 -0.182780 
72403896496044 -1.413132 -0.331931 0.128391 
72403915254117 -0.895204 -0.801752 0.140367 
72403934012190 -0.829641 -1.256573 0.251552 
72403952770263 -0.936946 -1.034154 0.181211 
72403971528284 -0.660842 -0.390350 0.206012 
72403990286409 -0.663437 -0.203022 0.461625 
72404009044430 -0.185658 0.525092 0.032469 
72404027802502 0.023502 1.006186 0.366744 
72404046560575 -0.539696 0.943073 0.507308 
72404065318596 -0.777556 0.335800 0.738864 
72404084076721 -1.036759 -0.142492 1.457738 
72404102834742 -1.812210 0.164896 1.300062 
72404121592867 -2.010096 0.325130 1.691230 
72404140350888 -0.920969 0.367705 2.368778 
72404159108961 0.104915 0.126807 2.484272 
72404177867034 1.934438 -0.588862 1.864305 
72404196625107 2.027677 0.115145 1.196383 
72404215383180 0.641413 1.265484 0.874870 
72404234141200 0.248085 1.803010 0.462319 
72404252899273 0.428015 1.550923 0.493867 
72404271657346 0.328859 1.378286 0.374682 
72404290415419 -0.843230 1.577056 -0.049046 
72404309173492 -1.864040 0.750871 -1.023060 
72404327931565 -1.056575 -0.984314 -2.226843 
72404346689638 1.102659 -1.707848 -2.179183 
72404365447659 1.268963 -0.990359 -0.412018 
72404384205732 -0.663252 -0.906680 -0.624810 
72404402963805 -1.478534 -1.627819 -0.866416 
72404421721877 2.902606 -1.165958 -0.232197 
72404440479950 2.323700 -0.043031 -0.735694 
72404459237971 -1.496365 1.010002 -0.356975 
72404477996096 -0.439548 0.550785 0.707508 
72404496754117 0.904811 -0.025102 -0.350211 
72404515512190 0.304417 -0.067899 -0.427207 
72404534270263 0.161318 -0.146396 -0.099002 
72404553028336 0.593986 -0.262544 -0.694365 
72404571786409 0.478969 0.049972 -0.610026 
72404590544482 -0.174869 0.249175 -0.096833 
72404609302555 0.023458 0.255656 -0.032381 
72404628060575 0.344813 -0.260200 -0.279812 
72404646818648 0.322870 -0.280779 -0.374548 
72404665576721 0.247386 -0.351624 -0.241288 
72404684334794 -0.297601 -0.330740 -0.422634 
72404703092867 -0.132448 -0.068352 -0.185237 
72404721850940 -0.572762 0.214611 0.054587 
72404740609013 0.447089 0.081523 0.392374 
72404759367034 0.447184 -0.253323 0.107792 
72404778125159 0.140314 -0.160895 -0.104800 
72404796883180 0.339026 0.126706 -0.032627 
72404815641252 0.171890 0.014415 -0.034126 
72404834399325 -0.072938 -0.172281 0.147935 
72404853157398 -0.577374 -0.304875 0.032416 
72404871915471 -1.154544 -0.406253 -0.181890 
72404890673492 -0.391177 0.117564 -0.145118 
72404909431617 -0.127462 0.366119 0.108048 
72404928189638 -0.083860 0.149876 0.211375 
72404946947711 0.557055 -0.147138 0.005551 
72404965705784 0.594437 -0.067316 -0.192459 
72404984463857 0.363106 0.127840 -0.305629 
72405003221930 0.211129 0.311055 -0.312588 
72405021979950 0.055653 0.078270 -0.394168 
72405040738075 0.345675 -0.142098 -0.220894 
72405059496096 0.183426 0.003617 -0.304549 
72405078254221 0.048284 -0.076033 -0.206030 
72405097012242 0.202827 -0.065786 -0.205293 
72405115770315 0.035928 0.454643 -0.283396 
72405134528336 0.035514 -0.000567 -0.026799 
72405153286461 0.009417 -0.392231 0.166692 
72405172044534 -0.133036 -0.207976 0.072624 
72405190802555 -0.103928 0.238866 -0.196856 
72405209560680 0.179497 0.213747 -0.076505 
72405228318700 0.075025 0.043100 -0.023202 
72405247076773 -0.186431 -0.388333 -0.146778 
72405265834846 -0.187547 -0.371356 -0.270782 
72405284592919 0.278623 -0.062881 -0.184803 
72405303350992 0.577570 0.019078 0.012042 
72405322109065 0.473300 0.153295 0.041065 
72405340867138 0.416541 0.289103 0.241376 
72405359625159 -1.307588 -0.656881 -0.202022 
72405378383284 -2.376089 -1.024885 -1.283820 
72405397141305 -0.046719 3.220252 1.688811 
72405415899430 -0.708797 -0.907651 0.019579 
72405434657450 1.724373 0.393975 0.832938 
72405453415523 0.710547 0.732849 -0.282799 
72405472173596 -0.453290 -0.064320 -1.978729 
72405490931669 5.245898 2.622468 0.084370 
72405509689742 3.616414 -1.440535 -0.423241 
72405528447815 -1.656363 -3.169716 -0.989766 
72405547205888 -1.916164 -1.245178 -0.976161 
72405565963909 -1.460509 0.284156 -0.039093 
72405584722034 -2.371735 -1.038530 1.210784 
72405603480055 -1.140058 -0.487053 1.182226 
72405622238180 -0.016872 0.315795 1.425666 
72405640996200 -2.248965 0.759242 0.491386 
72405659754273 -1.779548 0.546695 -0.184802 
72405678512346 0.332754 0.223710 0.665484 
72405697270419 -0.058839 0.586441 0.178364 
72405716028492 -0.730767 0.653378 -0.490559 
72405734786565 1.369301 -1.931181 -0.250801 
72405753544638 1.633765 -1.010345 -0.216894 
72405772302711 0.656149 -0.036154 -0.527342 
72405791060784 0.452365 -1.152557 -0.304765 
72405809818805 -0.285343 -3.222907 0.141448 
72405828576877 -0.773598 -2.805837 -0.137449 
72405847334950 -0.882332 -2.846910 0.002062 
72405866093075 -1.770238 -2.493206 0.998372 
72405884851096 -1.196202 0.193546 0.065733 
72405903609221 0.532933 -0.398310 0.456948 
72405922367242 0.585685 -0.203461 -0.424852 
72405941125315 0.129844 -2.750428 -0.271962 
72405959883388 0.673036 -3.429580 -0.123075 
72405978641461 0.046841 -4.026991 0.450697 
72405997399534 -0.860569 -2.521632 -0.242595 
72406016157607 -1.141975 -1.030646 0.451086 
72406070089742 -1.372210 -4.281094 -2.858035 
72406088847815 1.900664 -3.804859 4.921674 
72406107605888 8.939082 -2.777368 -1.412494 
72406126363909 9.560534 -2.302987 -9.103877 
72406145121982 6.551352 -0.476588 -7.990476 
72406163880055 8.165590 5.112912 -2.977801 
72406182638127 10.725766 8.941092 -3.973659 
72406201396200 10.108709 8.762276 3.404452 
72406220154273 6.150751 3.335375 2.591008 
72406238912346 4.363033 3.212453 2.392366 
72406257670419 3.583534 5.395911 2.931582 
72406276428492 2.244719 4.804809 1.468452 
72406295186565 0.372364 2.417022 0.373141 
72406313944638 0.039859 0.935406 0.096881 
72406332702711 1.542460 -0.320467 0.145563 
72406351460784 3.187069 -0.000948 2.348440 
72406370218857 3.071695 0.191848 2.806050 
72406388976930 1.587940 -1.555665 0.442885 
72406407735002 0.699988 -2.445612 -3.397209 
72406426493075 -0.770427 -4.532101 -5.737522 
72406445251148 -2.772081 -4.843051 -7.825148 
72406464009169 -5.125822 -2.972436 -7.605724 
72406482767294 -6.951356 -4.586698 -5.147265 
72406501525367 -7.148334 -8.257835 -2.502405 
72406520283440 -5.347619 -8.536463 -1.089053 
72406539041461 -3.310378 -5.401653 -1.418372 
72406557799534 -1.746610 -1.973161 -2.710322 
72406576557659 0.443190 -0.669993 -0.501834 
72406595315732 7.052442 -0.902586 3.810428 
72406614073805 21.026379 -0.457142 -5.990284 
72406632831877 4.353422 -7.493684 5.714421 
72406651589950 -1.191238 -4.546758 -2.449349 
72406670348023 -2.767673 -0.510990 -1.542903 
72406689106096 0.002477 -0.192375 -2.045909 
72406707864169 0.599555 -1.067170 -3.152094 
72406726622242 1.446030 0.472218 -2.695555 
72406745380315 0.598663 1.104010 -1.770468 
72406764138388 -1.334312 0.748685 -1.890296 
72406782896461 -0.702488 0.949506 -0.845393 
72406801654534 1.591481 1.070769 -1.216214 
72406820412607 1.952363 1.288670 -1.348128 
72406839170680 0.909984 0.148670 -0.004727 
72406857928752 0.664586 -0.603088 1.268038 
72406876686825 0.268041 -0.495795 1.302051 
72406895444898 -0.644475 0.705496 1.229746 
72406914202971 -3.127902 0.550050 1.485624 
72406932961044 -2.672213 0.099279 2.150937 
72406951719117 0.973197 1.094811 1.811651 
72406970477190 1.990966 0.305986 -0.590120 
72406989235263 2.037186 0.424932 -2.184190 
72407007993336 1.452107 0.775398 -2.795919 
72407026751409 1.228886 1.070660 -2.693276 
72407075988752 1.220115 0.753366 0.631852 
72407094746773 1.746267 0.513356 0.715885 
72407113504898 2.803698 0.096614 0.071813 
72407132262919 3.695836 -0.196760 -0.538317 
72407151021044 1.234888 -0.334430 -1.241287 
72407169779169 -1.527757 1.422304 -1.057425 
72407188537190 -1.514920 1.773688 -1.720309 
72407207295315 -0.595684 1.794052 -1.477356 
72407226053336 -0.009970 0.846441 -1.213626 
72407244811461 -0.346036 0.336476 0.098929 
72407263569482 -0.767087 0.262227 0.736118 
72407282327607 -0.893386 1.279449 0.736201 
72407301085732 -1.663413 0.731406 0.148439 
72407319843752 -0.468327 0.176353 0.667246 
72407338601877 -0.195303 0.475710 0.555653 
72407357359898 -0.352771 0.069912 1.194312 
72407376118023 -0.283766 -0.326566 0.811028 
72407394876148 0.227204 -0.071486 0.227427 
72407413634169 0.041107 -0.839978 1.381886 
72407432392294 -0.080948 -1.675102 -0.357214 
72407451150315 2.958725 -0.850741 -1.050375 
72407469908440 1.470689 0.282365 -2.942623 
72407488666565 -0.516179 1.460387 -0.936340 
72407507424586 -1.666744 1.217674 -0.028913 
72407526182711 -0.968603 0.717520 0.336507 
72407544940732 0.822333 -0.298065 0.372828 
72407563698857 2.498693 -0.712813 0.812748 
72407582456982 2.694289 -1.525752 0.991004 
72407601215002 -0.020691 -0.867308 0.514159 
72407619973127 -1.404550 0.800053 -0.742109 
72407638731252 -0.981869 0.437679 -1.422800 
72407657489273 0.638883 0.456637 -2.582398 
72407676247398 -0.747808 1.077219 -2.219004 
72407695005523 -0.671828 1.407485 -0.436916 
72407713763544 -1.162002 0.232763 0.583514 
72407732521669 -1.059424 0.879872 1.290259 
72407751279794 -0.873814 1.241181 -1.025407 
72407770037815 -0.012209 1.075832 -1.569266 
72407788795940 0.609029 0.486823 -0.897195 
72407807554065 -0.153229 0.120584 -0.759152 
72407826312086 0.353107 -0.033492 0.642046 
72407845070211 0.299859 -0.207245 -0.614421 
72407863828232 0.237962 0.171162 -1.565928 
72407882586357 -0.190581 0.166284 -1.560614 
72407901344482 -0.214538 0.276844 -0.704801 
72407920102607 0.232086 0.367618 -0.289473 
72407938860732 -0.117512 0.191278 -0.190454 
72407957618752 -0.333481 0.411393 0.604071 
72407976376877 -0.158785 0.586448 0.619975 
72407995135002 0.193518 0.537119 -0.625391 
72408013893023 0.219087 0.500608 -1.753512 
72408032651148 0.026443 0.622565 -0.923687 
72408051409273 -0.508593 0.882400 -0.070050 
72408070167398 -0.516984 1.000447 0.541939 
72408088925419 0.187830 0.524767 0.919840 
72408107683544 0.849260 0.154785 1.005033 
72408126441669 0.832949 0.007190 0.356660 
72408145199794 0.569066 0.523444 -0.503078 
72408163957919 -0.017827 0.700207 -0.523964 
72408182715940 -0.333028 0.396757 -0.130960 
72408201474065 -0.246333 0.210922 0.184194 
72408220232190 0.054575 0.162534 0.199639 
72408238990315 0.568801 0.934849 -0.470375 
72408257748336 -0.064111 0.865880 -1.346255 
