# Created at Thu Mar 27 09:01:45 GMT+01:00 2025 in Burnaby Canada 
825741405892 1.000000 
826261338892 2.000000 
826921259892 3.000000 
827501186892 4.000000 
828141115892 5.000000 
828721043892 6.000000 
829320970892 7.000000 
829880901892 8.000000 
830520831892 9.000000 
831040770892 10.000000 
831660697892 11.000000 
832239863569 12.000000 
832819788569 13.000000 
833419723569 14.000000 
834019648569 15.000000 
834539585569 16.000000 
835199503569 17.000000 
835799439569 18.000000 
836379366569 19.000000 
836959303569 20.000000 
837559230569 21.000000 
838159155569 22.000000 
838739092569 23.000000 
839319017569 24.000000 
839938944569 25.000000 
840478876569 26.000000 
841098809569 27.000000 
841698733569 28.000000 
842298668569 29.000000 
842838599569 30.000000 
843478522569 31.000000 
844058459569 32.000000 
844698378569 33.000000 
845278309569 34.000000 
845838239569 35.000000 
846438174569 36.000000 
847038098569 37.000000 
847538044569 38.000000 
848177966569 39.000000 
848757895569 40.000000 
849337830569 41.000000 
850417700569 43.000000 
850957633569 44.000000 
851577565569 45.000000 
852117496569 46.000000 
852737429569 47.000000 
853297358569 48.000000 
853877289569 49.000000 
854437219569 50.000000 
855057149569 51.000000 
855577085569 52.000000 
856217008569 53.000000 
856736943569 54.000000 
857416867569 55.000000 
857956808569 56.000000 
858556733569 57.000000 
859056674569 58.000000 
859736589569 59.000000 
860276530569 60.000000 
860896453569 61.000000 
862016316569 63.000000 
862596254569 64.000000 
863196177569 65.000000 
863756118569 66.000000 
864316047569 67.000000 
864855982569 68.000000 
865475913569 69.000000 
865995848569 70.000000 
866635771569 71.000000 
867175704569 72.000000 
867815634569 73.000000 
868375564569 74.000000 
868975496569 75.000000 
869635414569 76.000000 
870235343569 77.000000 
871515191569 78.000000 
872095122569 79.000000 
872675049569 80.000000 
873234989569 81.000000 
873874909569 82.000000 
874434847569 83.000000 
875074767569 84.000000 
875654698569 85.000000 
876274629569 86.000000 
876874554569 87.000000 
877454485569 88.000000 
878054408569 89.000000 
878674342569 90.000000 
879234272569 91.000000 
879834206569 92.000000 
880394136569 93.000000 
881014061569 94.000000 
882213919569 95.000000 
883373777569 97.000000 
884353664569 98.000000 
884953599569 99.000000 
885553522569 100.000000 
886153451569 101.000000 
886713381569 102.000000 
887313315569 103.000000 
887893243569 104.000000 
888433178569 105.000000 
889033103569 106.000000 
889593043569 107.000000 
890212974569 108.000000 
890772903569 109.000000 
891412826569 110.000000 
891992753569 111.000000 
892592688569 112.000000 
893172616569 113.000000 
893792541569 114.000000 
894432464569 115.000000 
895032396569 116.000000 
895552337569 117.000000 
896112270569 118.000000 
896672203569 119.000000 
897252130569 120.000000 
897812069569 121.000000 
898411994569 122.000000 
898971927569 123.000000 
899551854569 124.000000 
900051802569 125.000000 
900691722569 126.000000 
901251660569 127.000000 
901851584569 128.000000 
902351524569 129.000000 
903031441569 130.000000 
903551385569 131.000000 
904151312569 132.000000 
904671247569 133.000000 
905310462365 134.000000 
905850393365 135.000000 
906450328365 136.000000 
906970263365 137.000000 
907610186365 138.000000 
908090125365 139.000000 
908730054365 140.000000 
909289984365 141.000000 
909929907365 142.000000 
910989784365 144.000000 
912029656365 146.000000 
912589586365 147.000000 
913169524365 148.000000 
914289392365 149.000000 
914809327365 150.000000 
915389258365 151.000000 
915929193365 152.000000 
916549123365 153.000000 
917089064365 154.000000 
917648993365 155.000000 
918348910365 156.000000 
919348794365 157.000000 
919908723365 158.000000 
920448658365 159.000000 
921008587365 160.000000 
921548531365 161.000000 
922168453365 162.000000 
922728391365 163.000000 
923288321365 164.000000 
923848255365 165.000000 
924428181365 166.000000 
925048114365 167.000000 
925688037365 168.000000 
926347954365 169.000000 
926947888365 170.000000 
