# Created at Fri Mar 14 11:06:48 GMT+01:00 2025 in Burnaby Canada 
154239586688138 986.348633 
154239686676204 986.348633 
154239786664204 986.352783 
154239886652170 986.353516 
154239986640136 986.348145 
154240086628069 986.348877 
154240186616002 986.342041 
154240286604068 986.343750 
154240386592301 986.348633 
154240486580501 986.344238 
154240586568701 986.343506 
154240686556967 986.343262 
154240786545200 986.341064 
154240886533400 986.338623 
154240986521600 986.347656 
154241086509800 986.358887 
154241186497766 986.360352 
154241286485666 986.357178 
154241386473766 986.360352 
154241486461999 986.366455 
154241586450232 986.368164 
154241686438498 986.376221 
154241786426698 986.370605 
154241886414931 986.364014 
154241986403164 986.369141 
154242086391364 986.370117 
154242186379564 986.375000 
154242286367664 986.381104 
154242386355764 986.378174 
154242486343997 986.366699 
154242586332230 986.378418 
154242686320430 986.376465 
154242786308630 986.367432 
154242886296863 986.362549 
154242986285096 986.360840 
154243086273296 986.368652 
154243186261496 986.363037 
154243286249529 986.368652 
154243386237395 986.372559 
154243486225295 986.375000 
154243586213495 986.367920 
154243686201695 986.366455 
154243786189861 986.377930 
154243886178027 986.376465 
154243986166227 986.382813 
154244086154427 986.387939 
154244186142593 986.396240 
154244286130759 986.404541 
154244386118759 986.406250 
154244486106625 986.406494 
154244586094525 986.400879 
154244686082525 986.393555 
154244786070525 986.386719 
154244886058491 986.384277 
154244986046457 986.379395 
154245086034457 986.394775 
154245186022457 986.396729 
154245286010423 986.402588 
154245385998389 986.398193 
154245485986255 986.385742 
154245585974121 986.381592 
154245685962221 986.387207 
154245785950454 986.389404 
154245885938654 986.383301 
154245985926854 986.378662 
154246085915087 986.377686 
154246185903320 986.379395 
154246285891520 986.379883 
154246385879720 986.379639 
154246485867920 986.379150 
154246585855820 986.382813 
154246685843720 986.385498 
154246785831886 986.389893 
154246885820119 986.389648 
154246985808319 986.390625 
154247085796519 986.398682 
154247185784719 986.399414 
154247285772952 986.399658 
154247385761152 986.394287 
154247485749352 986.395264 
154247585737518 986.391113 
154247685725618 986.393555 
154247785713718 986.391357 
154247885701951 986.389893 
154247985690184 986.382568 
154248085678384 986.389404 
154248185666584 986.383057 
154248285654817 986.376465 
154248385643050 986.375732 
154248485631250 986.373535 
154248585619450 986.375244 
154248685607450 986.381348 
154248785595316 986.387207 
154248885583316 986.385010 
154248985571549 986.382080 
154249085559749 986.384277 
154249185547949 986.380127 
154249285536149 986.375977 
154249385524382 986.377686 
154249485512582 986.374756 
154249585500782 986.371094 
154249685488982 986.365723 
154249785476948 986.365723 
154249885464848 986.368164 
154249985452948 986.378418 
154250085441181 986.395264 
154250185429414 986.399170 
154250285417614 986.398926 
154250385405814 986.383057 
154250485394047 986.373291 
154250585382280 986.378662 
154250685370480 986.376709 
154250785358680 986.367920 
154250885346780 986.366699 
154250985334880 986.371338 
154251085323113 986.381836 
154251185311346 986.371094 
154251285299546 986.371582 
154251385287746 986.369385 
154251485275979 986.372070 
154251585264212 986.369141 
154251685252412 986.375000 
154251785240612 986.366211 
154251885228712 986.366943 
154251985216578 986.370605 
154252085204444 986.376953 
154252185192644 986.371094 
154252285180844 986.373047 
154252385169010 986.368652 
154252485157176 986.369141 
154252585145376 986.370361 
154252685133576 986.366943 
154252785121742 986.364258 
154252885109908 986.379639 
154252985097908 986.380615 
154253085085774 986.387207 
154253185073640 986.389404 
154253285061640 986.383545 
154253385049640 986.379395 
154253485037606 986.377686 
154253585025572 986.373779 
154253685013572 986.368896 
154253785001572 986.365479 
154253884989538 986.367920 
154253984977504 986.375488 
154254084965370 986.378174 
154254184953236 986.381348 
154254284941336 986.367188 
154254384929569 986.364502 
154254484917769 986.362305 
154254584905969 986.356689 
154254684894202 986.363770 
154254784882435 986.371094 
154254884870635 986.378906 
154254984858835 986.395508 
154255084847068 986.395996 
154255184834968 986.385498 
154255284822868 986.373291 
154255384811001 986.363281 
154255484799234 986.360596 
154255584787434 986.367676 
154255684775634 986.368408 
154255784763834 986.368652 
154255884752067 986.376221 
154255984740267 986.376221 
154256084728467 986.374023 
154256184716667 986.363281 
154256284704767 986.362061 
154256384692867 986.361572 
154256484681100 986.357178 
154256584669333 986.367676 
154256684657533 986.368164 
154256784645733 986.371338 
154256884633966 986.377930 
154256984622199 986.377930 
154257084610399 986.371582 
154257184598599 986.372314 
154257284586599 986.367676 
154257384574465 986.363037 
154257484562465 986.358398 
154257584550665 986.361572 
154257684538831 986.368652 
154257784526997 986.370605 
154257884515163 986.374756 
154257984503363 986.380127 
154258084491529 986.385742 
154258184479695 986.394287 
154258284467861 986.392090 
154258384455827 986.385254 
154258484443693 986.383789 
154258584431626 986.382080 
154258684419626 986.380127 
154258784407626 986.384521 
154258884395592 986.390625 
154258984383592 986.401123 
154259084371592 986.400391 
154259184359592 986.392334 
154259284347558 986.388672 
154259384335524 986.383301 
154259484323390 986.385498 
154259584311256 986.374756 
154259684299389 986.373779 
154259784287622 986.371338 
154259884275822 986.375732 
154259984264022 986.388672 
154260084252255 986.393066 
154260184240488 986.392578 
154260284228688 986.383545 
154260384216888 986.384033 
154260484204988 986.377930 
154260584192888 986.386230 
154260684180788 986.388916 
154260784169021 986.383789 
154260884157254 986.392822 
154260984145454 986.392578 
154261084133654 986.387451 
154261184121887 986.383789 
154261284110120 986.372803 
154261384098320 986.366943 
154261484086520 986.369873 
154261584074686 986.370850 
154261684062786 986.366699 
154261784050886 986.364990 
154261884039119 986.365479 
154261984027319 986.366211 
154262084015519 986.354736 
154262184003719 986.359619 
154262283991952 986.356445 
154262383980185 986.357910 
154262483968385 986.353760 
154262583956585 986.360107 
154262683944551 986.364502 
154262783932417 986.367676 
154262883920483 986.371338 
154262983908683 986.372070 
154263083896849 986.375977 
154263183885015 986.374023 
154263283873181 986.372559 
154263383861381 986.375977 
154263483849547 986.365723 
154263583837713 986.375488 
154263683825879 986.379150 
154263783813745 986.388672 
154263883801611 986.383789 
154263983789611 986.382813 
154264083777611 986.372314 
154264183765577 986.365479 
154264283753543 986.364502 
154264383741543 986.366699 
154264483729543 986.361084 
154264583717509 986.362549 
154264683705475 986.374512 
154264783693475 986.375000 
154264883681341 986.375977 
154264983669241 986.377197 
154265083657441 986.364258 
154265183645641 986.361816 
154265283633807 986.365234 
154265383621973 986.363037 
154265483610206 986.364990 
154265583598406 986.372070 
154265683586572 986.376953 
154265783574738 986.373291 
154265883562704 986.374023 
154265983550637 986.372803 
154266083538537 986.367432 
154266183526537 986.359375 
154266283514537 986.356934 
154266383502503 986.360596 
154266483490536 986.363525 
154266583478536 986.374268 
154266683466536 986.373047 
154266783454502 986.371338 
154266883442468 986.378662 
154266983430401 986.375000 
154267083418267 986.368408 
154267183406367 986.356689 
154267283394600 986.359619 
154267383382800 986.361816 
154267483371066 986.366455 
154267583359299 986.375000 
154267683347532 986.378174 
154267783335732 986.370117 
154267883323932 986.364014 
154267983312165 986.364990 
154268083300065 986.357910 
154268183287965 986.351807 
154268283276131 986.354004 
154268383264364 986.352539 
154268483252597 986.365967 
154268583240797 986.372803 
154268683228997 986.376221 
154268783217230 986.375000 
154268883205463 986.374268 
154268983193663 986.360107 
154269083181829 986.354980 
154269183169929 986.360840 
154269283158029 986.367188 
154269383146262 986.363525 
154269482469913 986.374756 
154269582458113 986.374512 
154269682446313 986.373047 
154269782434546 986.374756 
154269882422779 986.372559 
154269982410979 986.359863 
154270082399179 986.360107 
154270182387179 986.369629 
154270282375045 986.366699 
154270382363045 986.366455 
154270482351278 986.370117 
154270582339478 986.370605 
154270682327678 986.367676 
154270782315878 986.374512 
154270882304111 986.369385 
154270982292344 986.368408 
154271082280544 986.367188 
154271182268744 986.372559 
154271282256710 986.363525 
154271382244610 986.367188 
154271482232643 986.370117 
154271582220876 986.360596 
154271682209109 986.365234 
154271782197309 986.368896 
154271882185509 986.363525 
154271982173742 986.366943 
154272082161975 986.364746 
154272182150175 986.359863 
154272282138375 986.351074 
154272382126475 986.348145 
154272482114575 986.358887 
154272582102808 986.362793 
154272682091041 986.356445 
154272782079241 986.357666 
154272882067441 986.352783 
154272982055674 986.349609 
154273082043907 986.361084 
154273182032107 986.370361 
154273282020307 986.369629 
154273382008407 986.381592 
154273481996273 986.379395 
154273581984139 986.381104 
154273681972339 986.377930 
154273781960539 986.374268 
154273881948705 986.369385 
154273981936871 986.364014 
154274081925071 986.365234 
154274181913271 986.367432 
154274281901437 986.380371 
154274381889603 986.386230 
154274481877636 986.376953 
154274581865502 986.379883 
154274681853368 986.371826 
154274781841368 986.375244 
154274881829368 986.375000 
154274981817334 986.373291 
154275081805300 986.382080 
154275181793300 986.378174 
154275281781300 986.389404 
154275381769266 986.380371 
154275481757232 986.381104 
154275581745098 986.383789 
154275681732964 986.387207 
154275781721064 986.385254 
154275881709297 986.383301 
154275981697497 986.377930 
154276081685697 986.383789 
154276181673930 986.390381 
154276281662163 986.394531 
154276381650363 986.394531 
154276481638563 986.399170 
154276581626796 986.393799 
154276681614696 986.383545 
154276781602596 986.386963 
154276881590729 986.382080 
154276981578962 986.384766 
154277081567162 986.385742 
154277181555362 986.379639 
154277281543562 986.391602 
154277381531795 986.381592 
154277481520028 986.376953 
154277581508228 986.372559 
154277681496428 986.368408 
154277781484528 986.373535 
154277881472628 986.364258 
154277981460861 986.378662 
154278081449094 986.378174 
154278181437294 986.384521 
154278281425494 986.379395 
154278381413727 986.379395 
154278481401960 986.371582 
154278581390160 986.376221 
154278681378360 986.374512 
154278781366360 986.382324 
154278881354226 986.381592 
154278981342126 986.375732 
154279081330326 986.372803 
154279181318492 986.385254 
154279281306658 986.388428 
154279381294824 986.388672 
154279481283024 986.385010 
154279581271190 986.379395 
154279681259356 986.370850 
154279781247522 986.364502 
154279881235488 986.373535 
154279981223354 986.382813 
154280081211287 986.387695 
154280181199287 986.393311 
154280281187287 986.387207 
154280381175253 986.387207 
154280481163219 986.377930 
154280581151219 986.372559 
154280681139219 986.375977 
154280781127185 986.369629 
154280881115151 986.377197 
154280981103017 986.377441 
154281081090883 986.389160 
154281181079016 986.397461 
154281281067249 986.390381 
154281381055449 986.393311 
154281481043649 986.398926 
154281581031882 986.389648 
154281681020115 986.379395 
154281781008315 986.365723 
154281880996515 986.363770 
154281980984715 986.367432 
154282080972615 986.380859 
154282180960515 986.380859 
154282280948748 986.381104 
154282380936981 986.374023 
154282480925181 986.365723 
154282580913381 986.356934 
154282680901614 986.355713 
154282780889847 986.355225 
154282880878047 986.368408 
154282980866247 986.372803 
154283080854413 986.375732 
154283180842513 986.371338 
154283280830613 986.374268 
154283380818846 986.367432 
154283480807079 986.360107 
154283580795279 986.355225 
154283680783479 986.355713 
154283780771712 986.365967 
154283880759945 986.365479 
154283980748145 986.372314 
154284080736345 986.377197 
154284180724311 986.381104 
154284280712177 986.376221 
154284380700243 986.376465 
154284480688443 986.371582 
154284580676609 986.366943 
154284680664775 986.368408 
154284780652941 986.365723 
154284880641141 986.364746 
154284980629307 986.367676 
154285080617473 986.367676 
154285180605639 986.359619 
154285280593505 986.362061 
154285380581371 986.363525 
154285480569371 986.364258 
154285580557371 986.351074 
154285680545337 986.359619 
154285780533303 986.363770 
154285880521303 986.360352 
154285980509303 986.366943 
154286080497269 986.369385 
154286180485235 986.360596 
154286280473235 986.355225 
154286380461101 986.360840 
154286480448967 986.357666 
154286580437200 986.347656 
154286680425433 986.343750 
154286780413633 986.340576 
154286880401833 986.352539 
154286980390066 986.355225 
154287080378299 986.357422 
154287180366499 986.358154 
154287280354699 986.359863 
154287380342732 986.357666 
154287480330632 986.355469 
154287580318565 986.356201 
154287680306798 986.355957 
154287780295031 986.362549 
154287880283231 986.364258 
154287980271431 986.364502 
154288080259664 986.359131 
154288180247897 986.365723 
154288280236097 986.354004 
154288380224297 986.354736 
154288480212397 986.355469 
154288580200497 986.356201 
154288680188630 986.357178 
154288780176863 986.370605 
154288880165063 986.376465 
154288980153263 986.379639 
154289080141496 986.375000 
154289180129729 986.370605 
154289280117929 986.354248 
154289380106129 986.356445 
154289480094329 986.345703 
154289580082195 986.352051 
154289680070061 986.358887 
154289780058194 986.366455 
154289880046394 986.362061 
154289980034560 986.361328 
154290080022726 986.368896 
154290180010892 986.365967 
154290279999092 986.364502 
154290379987258 986.365479 
154290479975424 986.370361 
154290579963557 986.374756 
154290679951423 986.379883 
154290779939289 986.378174 
154290879927289 986.378174 
154290979915289 986.376709 
154291079903255 986.379150 
154291179891221 986.360352 
154291279879221 986.353516 
154291379867221 986.359375 
154291479855187 986.354980 
154291579843153 986.352783 
154291679831119 986.354736 
154291779819052 986.354736 
154291879807052 986.366699 
154291979795285 986.359619 
154292079783485 986.357422 
154292179771685 986.354004 
154292279759951 986.354248 
154292379748184 986.354492 
154292479736417 986.357422 
154292579724617 986.365479 
154292679712817 986.368164 
154292779700850 986.374023 
154292879688750 986.375732 
154292979676783 986.377686 
154293079665016 986.366455 
154293179653249 986.370117 
154293279641515 986.364990 
154293379629715 986.360107 
154293479617948 986.355469 
154293579606181 986.361572 
154293679594381 986.365723 
154293779582647 986.376953 
154293879570747 986.376953 
154293979558847 986.372803 
154294079547080 986.357178 
154294179535313 986.358398 
154294279523579 986.359375 
154294379511779 986.358398 
154294479500012 986.360840 
154294579488245 986.367920 
154294679476445 986.379395 
154294779464645 986.372559 
154294879452745 986.362061 
154294979440611 986.353027 
154295079428477 986.349121 
154295179416677 986.342285 
154295279404877 986.341797 
154295379393043 986.348145 
154295479381209 986.346680 
154295579369409 986.357422 
154295679357609 986.359863 
154295779345775 986.364502 
154295879333941 986.366455 
154295979321974 986.360107 
154296079309840 986.358398 
154296179297706 986.356445 
154296279285706 986.354492 
154296379273706 986.356934 
154296479261672 986.348389 
154296579249638 986.352295 
154296679237638 986.352783 
154296779225638 986.356689 
154296879213604 986.350586 
154296979201570 986.345947 
154297079189436 986.351318 
154297179177302 986.359619 
154297279165368 986.360596 
154297379153601 986.360107 
154297479141801 986.362061 
154297579130001 986.365479 
154297679118234 986.364258 
154297779106467 986.360107 
154297879094667 986.359131 
154297979082867 986.350098 
154298079071100 986.351563 
154298179059000 986.345215 
154298279046900 986.340576 
154298379035033 986.343018 
154298479023266 986.351807 
154298579011466 986.355713 
154298678999666 986.355225 
154298778987866 986.351807 
154298878976099 986.350830 
154298978964332 986.346191 
154299078952532 986.353271 
154299178940732 986.345459 
154299278928832 986.342041 
154299378916932 986.347168 
154299478905165 986.358887 
154299578893398 986.368164 
154299678881598 986.362061 
154299778869798 986.368408 
154299878858031 986.366211 
154299978846264 986.357178 
154300078834464 986.358398 
154300178822664 986.353516 
154300278810697 986.346924 
154300378798563 986.354004 
154300478786463 986.351563 
154300578774663 986.348633 
154300678762829 986.348877 
154300778750995 986.345459 
154300878739161 986.347656 
154300978727361 986.342285 
154301078715527 986.342041 
154301178703693 986.337891 
154301278691859 986.337646 
154301378679825 986.329834 
154301478667691 986.334473 
154301578655624 986.329102 
154301678643624 986.325928 
154301778631624 986.325928 
154301878619590 986.319580 
154301978607556 986.315430 
154302078595556 986.316406 
154302178583556 986.318115 
154302278571522 986.325684 
154302378559488 986.318604 
154302478547354 986.320557 
154302578535220 986.311768 
154302678523353 986.312012 
154302778511586 986.315674 
154302878499786 986.309082 
154302978487986 986.309326 
154303078476219 986.310059 
154303178464452 986.305664 
154303278452652 986.305176 
154303378440852 986.311279 
154303478429052 986.320068 
154303578416952 986.317383 
154303678404852 986.318604 
154303778393018 986.316895 
154303878381251 986.311523 
154303978369451 986.310791 
154304078357651 986.304443 
154304178345884 986.308105 
154304278334117 986.313232 
154304378322317 986.316650 
154304478310517 986.313721 
154304578298683 986.310547 
154304678286783 986.317383 
154304778274883 986.321777 
154304878263116 986.319580 
154304978251349 986.315674 
154305078239549 986.321045 
154305178227749 986.315186 
154305278215982 986.309570 
154305378204215 986.311523 
154305478192415 986.314453 
154305578180615 986.322021 
154305678168581 986.320068 
154305778156447 986.324219 
154305878144513 986.322998 
154305978132713 986.322754 
154306078120879 986.324707 
154306178109045 986.327393 
154306278097211 986.324463 
154306378085411 986.322266 
154306478073577 986.328857 
154306578061743 986.328857 
154306678049909 986.322266 
154306778037842 986.321045 
154306878025708 986.325684 
154306978013708 986.327393 
154307078001708 986.334473 
154307177989674 986.334229 
