# Created at Fri Mar 14 11:06:48 GMT+01:00 2025 in Burnaby Canada 
154245865949854 1.000000 
154246485871854 2.000000 
154247385766854 3.000000 
154248345650854 5.000000 
154249365533854 7.000000 
154250305424854 9.000000 
154251245308854 11.000000 
154252245192854 13.000000 
154253245070854 15.000000 
154254224948854 17.000000 
154254644905854 18.000000 
154255224833854 19.000000 
154255584797854 20.000000 
154256164724854 21.000000 
154256564677854 22.000000 
154257164602854 23.000000 
154257564561854 24.000000 
154258164486854 25.000000 
154258564435854 26.000000 
154259184360854 27.000000 
154260144251854 29.000000 
154260504206854 30.000000 
154261124136854 31.000000 
154261484091854 32.000000 
154262104016854 33.000000 
154262463971854 34.000000 
154263043908854 35.000000 
154263443859854 36.000000 
154264023790854 37.000000 
154264963670854 39.000000 
154265943558854 41.000000 
154266883443854 43.000000 
154267823334854 45.000000 
154268803222854 47.000000 
154269802430913 49.000000 
154270742322913 51.000000 
154271702210913 53.000000 
154272722086913 55.000000 
154273641976913 57.000000 
154274621856913 59.000000 
154275501749913 61.000000 
154276421644913 63.000000 
154276801597913 64.000000 
154277401530913 65.000000 
154277761485913 66.000000 
154278381412913 67.000000 
154278741366913 68.000000 
154279381295913 69.000000 
154280301183913 71.000000 
154280701132913 72.000000 
154281341062913 73.000000 
154282280952913 75.000000 
154282660906913 76.000000 
154283260830913 77.000000 
154283600792913 78.000000 
154284120726913 79.000000 
154284520686913 80.000000 
154285220597913 81.000000 
154286180480913 83.000000 
154286540441913 84.000000 
154287160368913 85.000000 
154287540319913 86.000000 
154288220244913 87.000000 
154289100138913 89.000000 
154290080023913 91.000000 
154291039905913 93.000000 
154292039792913 95.000000 
154292999676913 97.000000 
154293919564913 99.000000 
154294919442913 101.000000 
154295879331913 103.000000 
154296279284913 104.000000 
154296859211913 105.000000 
154297819102913 107.000000 
154298798987913 109.000000 
154299158942913 110.000000 
154299778867913 111.000000 
154300218812913 112.000000 
154300798749913 113.000000 
