# Created at Fri Mar 14 11:43:44 GMT+01:00 2025 in Burnaby Canada 
156468102754916 1.000000 
156468702680916 2.000000 
156469242620916 3.000000 
156469922538916 4.000000 
156470382481916 5.000000 
156470982412916 6.000000 
156471462356916 7.000000 
156472062285916 8.000000 
156472582224916 9.000000 
156473222147916 10.000000 
156473702088916 11.000000 
156474362015916 12.000000 
156474801958916 13.000000 
156475441881916 14.000000 
156475881826916 15.000000 
156476521756916 16.000000 
156476981699916 17.000000 
156477641626916 18.000000 
156478121565916 19.000000 
156478681498916 20.000000 
156479181435916 21.000000 
156479801366916 22.000000 
156480261309916 23.000000 
156480921230916 24.000000 
156481381171916 25.000000 
156482001104916 26.000000 
156482461045916 27.000000 
156483080972916 28.000000 
156483520915916 29.000000 
156484120851916 30.000000 
156484600790916 31.000000 
156485220723916 32.000000 
156485680664916 33.000000 
156486320587916 34.000000 
156486800526916 35.000000 
156487420460916 36.000000 
156487900399916 37.000000 
156488540328916 38.000000 
156488960275916 39.000000 
156489580202916 40.000000 
156490020145916 41.000000 
156490600082916 42.000000 
156491080023916 43.000000 
156491699948916 44.000000 
156492179887916 45.000000 
156492779823916 46.000000 
156493259762916 47.000000 
156493859697916 48.000000 
156494239648916 49.000000 
156494919567916 50.000000 
156495379508916 51.000000 
156495979443916 52.000000 
156496439386916 53.000000 
156497059311916 54.000000 
156497479258916 55.000000 
156498159183916 56.000000 
156499139063916 58.000000 
156499599004916 59.000000 
156500198940916 60.000000 
156500658883916 61.000000 
156501258816916 62.000000 
156501698761916 63.000000 
156502338684916 64.000000 
156503318570916 66.000000 
156503798511916 67.000000 
156504378440916 68.000000 
156504838383916 69.000000 
156505438319916 70.000000 
156505898260916 71.000000 
156506518193916 72.000000 
156506918142916 73.000000 
156507558065916 74.000000 
156507958014916 75.000000 
156508597939916 76.000000 
156509057886916 77.000000 
156509737803916 78.000000 
156510157752916 79.000000 
156510817678916 80.000000 
156511177633916 81.000000 
156511837556916 82.000000 
156512257506916 83.000000 
156512897427916 84.000000 
156513377371916 85.000000 
156514017298916 86.000000 
156514437248916 87.000000 
156515037172916 88.000000 
156515477125916 89.000000 
156516177041916 90.000000 
156517216917916 92.000000 
156517636867916 93.000000 
156518296787916 94.000000 
156518696738916 95.000000 
156519376660916 96.000000 
156519756615916 97.000000 
156520396534916 98.000000 
156520856486916 99.000000 
156521455460892 100.000000 
156521935405892 101.000000 
156522555327892 102.000000 
156523015278892 103.000000 
156523655199892 104.000000 
156524095147892 105.000000 
156524735072892 106.000000 
156525155024892 107.000000 
156525794944892 108.000000 
156526234897892 109.000000 
156527394754892 111.000000 
156527894691892 112.000000 
