# Created at Thu Mar 27 09:15:23 GMT+01:00 2025 in Burnaby Canada 
1630817544660 999.140137 
1630917532893 999.144775 
1631017521093 999.134521 
1631117509293 999.133789 
1631217497526 999.134766 
1631317485759 999.140625 
1631417473959 999.138428 
1631517462159 999.141602 
1631617450392 999.148438 
1631717438292 999.150879 
1631817426192 999.150391 
1631917414325 999.142822 
1632017402558 999.143066 
1632117390758 999.137451 
1632217378958 999.134766 
1632317367191 999.138184 
1632417355424 999.142334 
1632517343657 999.140381 
1632617331857 999.146973 
1632717320057 999.147949 
1632817308157 999.151855 
1632917296257 999.156006 
1633017284490 999.154785 
1633117272723 999.160889 
1633217260923 999.162354 
1633317249123 999.160645 
1633417237356 999.155762 
1633517225589 999.154297 
1633617213789 999.162109 
1633717201989 999.163330 
1633817189989 999.169922 
1633917177855 999.173828 
1634017165755 999.168457 
1634117153955 999.167969 
1634217142121 999.172607 
1634317130287 999.163818 
1634417118453 999.159668 
1634517106653 999.154785 
1634617094819 999.155518 
1634717082985 999.167725 
1634817071218 999.172363 
1634917059184 999.171387 
1635017047050 999.167725 
1635117034983 999.159424 
1635217022983 999.157959 
1635317011016 999.157959 
1635416998982 999.160645 
1635516986948 999.166504 
1635616974948 999.158447 
1635716962948 999.164551 
1635816950981 999.161377 
1635916938947 999.167969 
1636016926813 999.164063 
1636116914679 999.163574 
1636216902812 999.161377 
1636316891112 999.162109 
1636416879312 999.160889 
1636516867512 999.154297 
1636616855745 999.160156 
1636716843978 999.159180 
1636816832244 999.158691 
1636916820444 999.158936 
1637016808644 999.159180 
1637116796544 999.155762 
1637216784444 999.155029 
1637316772677 999.158447 
1637416760910 999.158936 
1637516749110 999.169678 
1637616737310 999.167480 
1637716725543 999.171631 
1637816713776 999.171631 
1637916701976 999.177246 
1638016690176 999.169434 
1638116678342 999.159668 
1638216666442 999.159668 
1638316007299 999.155762 
1638415995532 999.163574 
1638515983765 999.169434 
1638615971965 999.167969 
1638715960165 999.169189 
1638815948398 999.172363 
1638915936631 999.172852 
1639015924831 999.162109 
1639115913031 999.160889 
1639215900997 999.163086 
1639315888863 999.158691 
1639415876929 999.161133 
1639515865129 999.154785 
1639615853295 999.154297 
1639715841461 999.158691 
1639815829627 999.153564 
1639915817827 999.156982 
1640015805993 999.159424 
1640115794159 999.159912 
1640215782325 999.165771 
1640315770258 999.165527 
1640415758124 999.155762 
1640515746124 999.163330 
1640615734124 999.169922 
1640715722090 999.170654 
1640815710056 999.167236 
1640915698056 999.157715 
1641015686056 999.156006 
1641115674022 999.151855 
1641215661988 999.151123 
1641315649988 999.153564 
1641415637854 999.154785 
1641515625720 999.160645 
1641615613953 999.159912 
1641715602186 999.158447 
1641815590386 999.164551 
1641915578586 999.164795 
1642015566819 999.160645 
1642115555052 999.161621 
1642215543252 999.165771 
1642315531452 999.163330 
1642415519485 999.169189 
1642515507385 999.169434 
1642615495318 999.175293 
1642715483551 999.173340 
1642815471784 999.170898 
1642915459984 999.168457 
1643015448184 999.173096 
1643115436417 999.172119 
1643215424650 999.169189 
1643315412850 999.163574 
1643415401050 999.161377 
1643515389150 999.168945 
1643615377250 999.160645 
1643715365383 999.163818 
1643815353616 999.155273 
1643915341816 999.157227 
1644015330016 999.155518 
1644115318249 999.152344 
1644215306482 999.149170 
1644315294682 999.145020 
1644415282882 999.145264 
1644515271082 999.145996 
1644615258948 999.151855 
1644715246814 999.165039 
1644815234914 999.163086 
1644915223114 999.164551 
1645015211280 999.164307 
1645115199446 999.160400 
1645215187612 999.161377 
1645315175812 999.165039 
1645415163978 999.162598 
1645515152144 999.165283 
1645615140277 999.165527 
1645715128143 999.160645 
1645815116009 999.166016 
1645915104009 999.162354 
1646015092009 999.162598 
1646115079975 999.158447 
1646215067941 999.158691 
1646315055941 999.156982 
1646415043941 999.157959 
1646515031907 999.158691 
1646615019873 999.157959 
1646715007839 999.156494 
1646814995705 999.151855 
1646914983705 999.149170 
1647014971938 999.149170 
1647114960138 999.153320 
1647214948338 999.149902 
1647314936538 999.155273 
1647414924771 999.163574 
1647514913004 999.160156 
1647614901204 999.158936 
1647714889404 999.166504 
1647814877404 999.166992 
1647914865304 999.179199 
1648014853337 999.185791 
1648114841570 999.195068 
1648214829803 999.196045 
1648314818003 999.198975 
1648414806203 999.196289 
1648514794436 999.195068 
1648614782669 999.187988 
1648714770869 999.186768 
1648814759069 999.187988 
1648914747169 999.194336 
1649014735269 999.191650 
1649114723502 999.187744 
1649214711735 999.190430 
1649314699935 999.181152 
1649414688135 999.183838 
1649514676368 999.189209 
1649614664601 999.186523 
1649714652801 999.177979 
1649814641001 999.179199 
1649914629101 999.183105 
1650014616967 999.179932 
1650114604833 999.185059 
1650214593033 999.184082 
1650314581233 999.185791 
1650414569399 999.180420 
1650514557565 999.183105 
1650614545765 999.184814 
1650714533965 999.183105 
1650814522131 999.182617 
1650914510297 999.187500 
1651014498330 999.199951 
1651114486196 999.189697 
1651214474062 999.194336 
1651314462062 999.194824 
1651414450062 999.178711 
1651514438028 999.177246 
1651614425994 999.178223 
1651714413994 999.177490 
1651814401994 999.188477 
1651914389960 999.184570 
1652014377926 999.187744 
1652114365792 999.183105 
1652214353658 999.185303 
1652314341724 999.178223 
1652414329957 999.180908 
1652514318157 999.179443 
1652614306357 999.178223 
1652714294590 999.177734 
1652814282823 999.176270 
1652914271023 999.185791 
1653014259223 999.182373 
1653114247456 999.175537 
1653214235356 999.171387 
1653314223256 999.177246 
1653414211389 999.183838 
1653514199622 999.188232 
1653614187822 999.185791 
1653714176022 999.184082 
1653814164222 999.197998 
1653914152455 999.200195 
1654014140688 999.205566 
1654114128888 999.206055 
1654214117088 999.204346 
1654314105188 999.201172 
1654414093288 999.199463 
1654514081521 999.202148 
1654614069754 999.193359 
1654714057954 999.183838 
1654814046154 999.195801 
1654914034387 999.192383 
1655014022620 999.191162 
1655114010820 999.194580 
1655213999020 999.188477 
1655313987053 999.190674 
1655413974919 999.189697 
1655513962819 999.193604 
1655613951019 999.193848 
1655713939185 999.188232 
1655813927351 999.180176 
1655913915517 999.176514 
1656013903717 999.183350 
1656113891883 999.190186 
1656213880049 999.194824 
1656313868215 999.199219 
1656413856181 999.194092 
1656513844047 999.187744 
1656613831980 999.185791 
1656713819980 999.189697 
1656813807980 999.187988 
1656913795946 999.186523 
1657013783912 999.184570 
1657113771912 999.186035 
1657213759912 999.182617 
1657313747878 999.176758 
1657413735844 999.179443 
1657513723710 999.186279 
1657613711576 999.190186 
1657713699709 999.204834 
1657813687942 999.199951 
1657913676142 999.200195 
1658013664342 999.197266 
1658113652575 999.191650 
1658213640808 999.187744 
1658313629008 999.194092 
1658413617208 999.186279 
1658513605408 999.187012 
1658613593308 999.185547 
1658713581208 999.175049 
1658813569374 999.177490 
1658913557607 999.173828 
1659013545807 999.177246 
1659113534007 999.179199 
1659213522240 999.187256 
1659313510473 999.195068 
1659413498673 999.197754 
1659513486873 999.204590 
1659613475039 999.199951 
1659713463139 999.203613 
1659813451239 999.207520 
1659913439472 999.200684 
1660013427705 999.200684 
1660113415905 999.191162 
1660213404105 999.190918 
1660313392338 999.195313 
1660413380571 999.187256 
1660513368771 999.182129 
1660613356971 999.182861 
1660713344937 999.182861 
1660813332803 999.185059 
1660913320869 999.178223 
1661013309069 999.183105 
1661113297302 999.177979 
1661213285468 999.181152 
1661313273634 999.181396 
1661413261834 999.187988 
1661513250000 999.183594 
1661613238233 999.180664 
1661713226399 999.177979 
1661813214332 999.173828 
1661913202198 999.181396 
1662013190198 999.185791 
1662113178264 999.184082 
1662213166230 999.186523 
1662313154196 999.190186 
1662413142196 999.193115 
1662513130196 999.189209 
1662613118229 999.186279 
1662713106195 999.185791 
1662813094195 999.187744 
1662913082061 999.188721 
1663013069927 999.184814 
1663113058160 999.183594 
1663213046393 999.192383 
1663313034593 999.199707 
1663413022793 999.195068 
1663513011026 999.193359 
1663612999326 999.190186 
1663712987526 999.186523 
1663812975726 999.181641 
1663912963759 999.186523 
1664012951659 999.190186 
1664112939559 999.187988 
1664212927792 999.185303 
1664312916025 999.184082 
1664412904225 999.188232 
1664512892425 999.178223 
1664612880658 999.190674 
1664712868891 999.196289 
1664812857091 999.198730 
1664912845291 999.201904 
1665012833391 999.196533 
1665112821491 999.194336 
1665212809624 999.187500 
1665312797857 999.191406 
1665412786057 999.187988 
1665512774257 999.193848 
1665612762457 999.196289 
1665712750690 999.193848 
1665812738890 999.190918 
1665912727090 999.193359 
1666012715290 999.192383 
1666112703223 999.194336 
1666212691089 999.204590 
1666312679189 999.208496 
1666412667389 999.199463 
1666512655555 999.188477 
1666612643721 999.185303 
1666712631887 999.190674 
1666812620087 999.181396 
1666912608253 999.181152 
1667012596419 999.178955 
1667112584585 999.178711 
1667212572451 999.185791 
1667312560317 999.195801 
1667412548317 999.186768 
1667512536317 999.192383 
1667612524283 999.188721 
1667712512249 999.186768 
1667812500249 999.191406 
1667912488249 999.196289 
1668012476215 999.194092 
1668112464181 999.191650 
1668212452147 999.192627 
1668312440013 999.196289 
1668412428013 999.196777 
1668512416246 999.203125 
1668612404479 999.205811 
1668712392679 999.202881 
1668812380879 999.199463 
1668912369112 999.204102 
1669012357345 999.196533 
1669112345545 999.199951 
1669212333745 999.198975 
1669312321745 999.195313 
1669412309645 999.199463 
1669512297678 999.198486 
1669612285911 999.198486 
1669712274144 999.196045 
1669812262344 999.191895 
1669912250544 999.191895 
1670012238777 999.189453 
1670112227010 999.187744 
1670212215210 999.185547 
1670312203410 999.182861 
1670412191510 999.185059 
1670512179610 999.185547 
1670612167776 999.192139 
1670712156009 999.185547 
1670812144209 999.194336 
1670912132409 999.193604 
1671012120642 999.189209 
1671112108875 999.186279 
1671212097075 999.181641 
1671312085275 999.178955 
1671412073375 999.174561 
1671512061241 999.180664 
1671612049107 999.184814 
1671712037307 999.185791 
1671812025507 999.190430 
1671912013673 999.190186 
1672012001839 999.190186 
1672111990005 999.183594 
1672211978205 999.179199 
1672311966371 999.182617 
1672411954537 999.183350 
1672511942570 999.187012 
1672611930436 999.190186 
1672711918302 999.190430 
1672811906302 999.191650 
1672911894302 999.195313 
1673011882268 999.193604 
1673111870234 999.187988 
1673211858234 999.189697 
1673311846234 999.192627 
1673411834200 999.190186 
1673511822166 999.189697 
1673611810099 999.190674 
1673711797965 999.197998 
1673811786031 999.185547 
1673911774264 999.191406 
1674011762464 999.201172 
1674111750664 999.197998 
1674211738897 999.194580 
1674311727130 999.193848 
1674411715330 999.194580 
1674511703530 999.188721 
1674611691730 999.191162 
1674711679630 999.192383 
1674811667530 999.202148 
1674911655663 999.199707 
1675011643896 999.205566 
1675111632129 999.211914 
1675211620329 999.203857 
1675311608529 999.203613 
1675411596762 999.197754 
1675511584995 999.204590 
1675611573195 999.200928 
1675711561395 999.190186 
1675811549495 999.186523 
1675911537595 999.187744 
1676011525828 999.186523 
1676111514061 999.185059 
1676211502261 999.183350 
1676311490461 999.181641 
1676411478694 999.185059 
1676511466927 999.185547 
1676611455127 999.185547 
1676711443327 999.183594 
1676811431360 999.186035 
1676911419226 999.184326 
1677011407126 999.188232 
1677111395326 999.193604 
1677211383492 999.187988 
1677311371658 999.191406 
1677411359824 999.192627 
1677511348024 999.189941 
1677611336224 999.188721 
1677711324390 999.191162 
1677811312556 999.191162 
1677911300522 999.191406 
1678011288388 999.188721 
1678111276288 999.194336 
1678211264321 999.201172 
1678311252321 999.196777 
1678411240287 999.190186 
1678511228253 999.189697 
1678611216253 999.185303 
1678711204253 999.190430 
1678811192219 999.198242 
1678911180185 999.192383 
1679011168051 999.201172 
1679111155917 999.204834 
1679211144050 999.202881 
1679311132283 999.196289 
1679411120483 999.192871 
1679511108683 999.197021 
1679611096916 999.201172 
1679711085149 999.201904 
1679811073349 999.192383 
1679911061549 999.187988 
1680011049749 999.189941 
1680111037649 999.185547 
1680211025549 999.185791 
1680311013715 999.177979 
1680411001948 999.189453 
1680510990148 999.187500 
1680610978348 999.199951 
1680710966581 999.195557 
1680810954814 999.197998 
1680910943014 999.192139 
1681010931214 999.196533 
1681110919380 999.188477 
1681210907446 999.187744 
1681310895546 999.192871 
1681410883779 999.186035 
1681510872012 999.191650 
1681610860212 999.196533 
1681710848412 999.195801 
1681810836645 999.205322 
1681910824878 999.197510 
1682010813078 999.200684 
1682110801278 999.196533 
1682210789244 999.192383 
1682310777110 999.180908 
1682410765176 999.182373 
1682510753376 999.180908 
1682610741542 999.184326 
1682710729708 999.182861 
1682810717874 999.182373 
1682910706074 999.190186 
1683010694240 999.190186 
1683110682406 999.187500 
1683210670572 999.190430 
1683310658505 999.187012 
1683410646371 999.186035 
1683510634371 999.181641 
1683610622371 999.188721 
1683710610337 999.189941 
1683810598303 999.200928 
1683910586303 999.195801 
1684010574303 999.187988 
1684110562303 999.184814 
1684210550269 999.180664 
1684310538269 999.182617 
1684410526135 999.174072 
1684510514001 999.177734 
1684610502167 999.179199 
1684710490400 999.178467 
1684810478600 999.185791 
1684910466800 999.181152 
1685010455033 999.194092 
1685110443266 999.188232 
1685210431466 999.187500 
1685310419666 999.186035 
1685410407699 999.188477 
1685510395599 999.187012 
1685610383499 999.187988 
1685710371732 999.192871 
1685810359965 999.198486 
1685910348165 999.200195 
1686010336365 999.202637 
1686110324598 999.201416 
1686210312831 999.203857 
1686310301031 999.194336 
1686410289231 999.189941 
1686510277331 999.187988 
1686610265431 999.177734 
1686710253564 999.184570 
1686810241797 999.190186 
1686910229997 999.186523 
1687010218197 999.190674 
1687110206397 999.191162 
1687210194630 999.181885 
1687310182830 999.185791 
1687410171096 999.189941 
1687510159296 999.191650 
1687610147229 999.188965 
1687710135095 999.180908 
1687810123195 999.179688 
1687910111461 999.181152 
1688010099627 999.181641 
1688110087793 999.180176 
1688210075959 999.181885 
1688310064159 999.187500 
1688410052392 999.197510 
1688510040558 999.186523 
1688610028724 999.187988 
1688710016590 999.181152 
1688810004456 999.174805 
1688909992522 999.181152 
1689009980522 999.184326 
1689109968488 999.187256 
1689209956454 999.186035 
1689309944454 999.187988 
1689409932520 999.181152 
1689509920486 999.179443 
1689609908452 999.182861 
1689709896418 999.180176 
1689809884284 999.180176 
1689909872250 999.172607 
1690009860483 999.171143 
1690109848716 999.174805 
1690209836916 999.173584 
1690309825116 999.178223 
1690409813349 999.170654 
1690509801582 999.171631 
1690609789782 999.177734 
1690709777982 999.175537 
1690809765982 999.169678 
1690909753882 999.186768 
1691009741915 999.191895 
1691109730148 999.191406 
1691209718381 999.201172 
1691309706581 999.193115 
1691409694781 999.192139 
1691509683014 999.184326 
1691609671247 999.178955 
1691709659447 999.176758 
1691809647647 999.182129 
1691909635747 999.180908 
1692009623847 999.180664 
1692109612013 999.181396 
1692209600246 999.189697 
1692309588446 999.187988 
1692409576646 999.185791 
1692509564879 999.187256 
1692609553112 999.182373 
1692709541312 999.176758 
1692809529512 999.172119 
1692909517712 999.173096 
1693009505578 999.177246 
1693109493444 999.171631 
1693209481644 999.180664 
1693309469844 999.185547 
1693409458010 999.193359 
1693509446176 999.190674 
1693609434342 999.189697 
1693709422542 999.191895 
1693809410708 999.186035 
1693909398874 999.183350 
1694009386907 999.186523 
1694109374773 999.190918 
1694209362639 999.182373 
1694309350639 999.183105 
1694409338639 999.188232 
1694509326605 999.187988 
1694609314571 999.191406 
1694709302571 999.186768 
1694809290571 999.191162 
1694909278537 999.189941 
1695009266503 999.184814 
1695109254436 999.185059 
1695209242302 999.184326 
1695309230368 999.178955 
1695409218601 999.176758 
1695509206801 999.172852 
1695609195001 999.177734 
1695709183234 999.172607 
1695809171467 999.170166 
1695909159667 999.175537 
1696009147867 999.182129 
1696109136067 999.180664 
1696209123967 999.178467 
1696309111867 999.172852 
1696409099967 999.173584 
1696509088200 999.168457 
1696609076433 999.178223 
1696709064633 999.175049 
1696809052833 999.180176 
1696909041066 999.177734 
1697009029299 999.185303 
1697109017499 999.177979 
1697209005699 999.181641 
1697308993799 999.184326 
1697408981899 999.190430 
1697508970132 999.187012 
1697608958365 999.191162 
1697708946565 999.188965 
1697808934765 999.183350 
1697908922998 999.187256 
1698008911231 999.185059 
1698108899431 999.178223 
1698208887631 999.187012 
1698308875664 999.189453 
1698408863530 999.194092 
1698508851430 999.188721 
1698608839630 999.190186 
1698708827796 999.184326 
1698808815962 999.184082 
1698908804128 999.179688 
1699008792328 999.184570 
1699108780528 999.185791 
1699208768694 999.190918 
1699308756860 999.190674 
1699408744860 999.195557 
1699508732726 999.190186 
1699608720626 999.187500 
1699708708626 999.185791 
1699808696626 999.182373 
1699908684592 999.182617 
1700008672558 999.182129 
1700108660558 999.175537 
1700208648558 999.182861 
1700308636524 999.187988 
1700408624490 999.189453 
1700508612356 999.192139 
1700608600222 999.179443 
1700708588355 999.183350 
1700808576588 999.185547 
1700908564788 999.182617 
1701008552988 999.184082 
1701108541221 999.183105 
1701208529454 999.180664 
1701308517654 999.171387 
1701408505854 999.176270 
1701508494054 999.171631 
1701608481954 999.178711 
1701708469854 999.177734 
1701808458020 999.169678 
1701908446253 999.176270 
1702008434453 999.176025 
1702108422653 999.182129 
1702208410886 999.190674 
1702308399119 999.195801 
1702408387319 999.203125 
1702508375519 999.191162 
1702608363685 999.199707 
1702708351785 999.195068 
1702808339885 999.185791 
1702908328118 999.183594 
1703008316351 999.188721 
1703108304551 999.187988 
1703208292751 999.189453 
1703308280984 999.195801 
1703408269217 999.190918 
1703508257417 999.191162 
1703608245617 999.191650 
1703708233583 999.186768 
1703808221449 999.189697 
1703908209449 999.195313 
1704008197649 999.193848 
1704108185815 999.188232 
1704208173981 999.183594 
1704308162147 999.184082 
1704408150347 999.182617 
1704508138513 999.182861 
1704608126679 999.173340 
1704708114845 999.172119 
1704808102778 999.177979 
1704908090644 999.179443 
1705008078644 999.183838 
1705108066644 999.191406 
1705208054610 999.197510 
1705308042576 999.208252 
1705408030576 999.205811 
1705508018576 999.200928 
1705608006576 999.195313 
1705707994542 999.192139 
1705807982542 999.197998 
1705907970408 999.193359 
1706007958274 999.190186 
1706107946440 999.193115 
1706207934673 999.197998 
1706307922873 999.196777 
1706407911073 999.196777 
1706507899306 999.199219 
1706607887539 999.190430 
1706707875739 999.191162 
1706807863939 999.191162 
1706907852039 999.193604 
1707007839939 999.197754 
1707107827839 999.195557 
1707207816072 999.198486 
1707307804305 999.189209 
1707407792505 999.190674 
1707507780705 999.200684 
1707607768938 999.197754 
1707707757171 999.195068 
1707807745371 999.188965 
1707907733571 999.189209 
1708007721671 999.193359 
1708107709771 999.198975 
1708207697904 999.196777 
1708307686137 999.200195 
1708407674337 999.195313 
1708507662537 999.201416 
1708607650737 999.200195 
1708707638970 999.199463 
1708807627170 999.204590 
1708907615370 999.205566 
1709007603570 999.203857 
1709107591503 999.194824 
1709207579369 999.201904 
1709307567469 999.200195 
1709407555669 999.206543 
1709507543835 999.206055 
1709607532001 999.206543 
1709707520167 999.208252 
1709807508367 999.207520 
1709907496533 999.207031 
1710007484699 999.205566 
1710107472865 999.207764 
1710207460731 999.207520 
1710307448597 999.208496 
1710407436597 999.204346 
1710507424597 999.202148 
1710607412563 999.195068 
1710707400529 999.204346 
1710807388529 999.208008 
1710907376529 999.210205 
1711007364495 999.193115 
1711107352461 999.194092 
1711207340427 999.192627 
1711307328293 999.182373 
1711407316193 999.190674 
1711507304426 999.193848 
1711606591939 999.197510 
1711706580139 999.197754 
1711806568339 999.195801 
1711906556572 999.204590 
1712006544805 999.206543 
1712106533005 999.203857 
1712206521205 999.205566 
1712306509205 999.214111 
1712406497105 999.210938 
1712506485138 999.216553 
1712606473371 999.211182 
1712706461604 999.204102 
1712806449804 999.206543 
1712906438004 999.203125 
1713006426237 999.207275 
1713106414470 999.211670 
1713206402670 999.202637 
1713306390870 999.196533 
1713406378970 999.200684 
1713506367070 999.203857 
1713606355236 999.199707 
1713706343536 999.194336 
1713806331736 999.209229 
1713906319936 999.207764 
1714006308169 999.207031 
1714106296402 999.212158 
1714206284668 999.213623 
1714306272868 999.213623 
1714406261068 999.211914 
1714506248934 999.211182 
1714606236800 999.214844 
1714706225000 999.206299 
1714806213200 999.215332 
1714906201366 999.209717 
1715006189532 999.208252 
1715106177732 999.202393 
1715206165998 999.218506 
1715306154164 999.217041 
1715406142330 999.224121 
1715506130363 999.223633 
1715606118229 999.222412 
1715706106162 999.215820 
1715806094162 999.213867 
1715906082162 999.223145 
1716006070128 999.224365 
1716106058094 999.221191 
1716206046160 999.219482 
1716306034160 999.220947 
1716406022126 999.220947 
1716506010092 999.217041 
1716605998025 999.197266 
1716705985891 999.196045 
1716805973957 999.204102 
1716905962190 999.207764 
1717005950390 999.212402 
1717105938590 999.213135 
1717205926790 999.199707 
1717305915056 999.210205 
1717405903256 999.210938 
1717505891456 999.218750 
1717605879656 999.216309 
1717705867622 999.214355 
1717805855522 999.218506 
1717905843622 999.215576 
1718005831855 999.211914 
1718105820055 999.213867 
1718205808255 999.213379 
1718305796455 999.214111 
1718405784688 999.214844 
1718505772921 999.228760 
1718605761121 999.225830 
1718705749321 999.226074 
1718805737421 999.229736 
1718905725521 999.233887 
1719005713754 999.234375 
1719105701987 999.225342 
1719205690187 999.217773 
1719305678387 999.213623 
1719405666620 999.211914 
1719505654853 999.216309 
1719605643053 999.213379 
1719705631253 999.215576 
1719805619286 999.226318 
1719905607186 999.230713 
1720005595086 999.229736 
1720105583286 999.229736 
1720205571486 999.227783 
1720305559619 999.237061 
1720405547785 999.229248 
1720505535985 999.224121 
1720605524185 999.221680 
1720705512351 999.228027 
1720805500517 999.231445 
1720905488517 999.233398 
1721005476383 999.234619 
1721105464283 999.228027 
1721205452283 999.218506 
1721305440283 999.207520 
1721405428249 999.194824 
1721505416215 999.196777 
1721605404215 999.193604 
1721705392215 999.188232 
1721805380181 999.177002 
1721905368147 999.170654 
1722005356013 999.167725 
1722105343879 999.162109 
1722205331979 999.159424 
1722305320212 999.153076 
1722405308412 999.154541 
1722505296612 999.162354 
1722605284845 999.167725 
1722705273078 999.170898 
1722805261278 999.168213 
1722905249444 999.168457 
1723005237644 999.164063 
1723105225544 999.163574 
1723205213444 999.157471 
1723305201610 999.153809 
1723405189843 999.154053 
1723505178043 999.149414 
