# Created at Thu Mar 27 09:42:37 GMT+01:00 2025 in Burnaby Canada 
3264306647738 999.180176 
3264406635938 999.186523 
3264506624138 999.194580 
3264606612071 999.199707 
3264706600004 999.187500 
3264806588104 999.182617 
3264906576304 999.182373 
3265006564470 999.178467 
3265106552636 999.186523 
3265206540869 999.197021 
3265306529069 999.203369 
3265406517235 999.212158 
3265506505401 999.224121 
3265606493567 999.232910 
3265706481500 999.239746 
3265806469366 999.232910 
3265906457366 999.236572 
3266006445366 999.236572 
3266106433332 999.237793 
3266206421365 999.227295 
3266306409365 999.233154 
3266406397365 999.232910 
3266506385331 999.241455 
3266606373297 999.235596 
3266706361330 999.236816 
3266806349196 999.237793 
3266906337096 999.233154 
3267006325329 999.239258 
3267106313562 999.237061 
3267206301828 999.244385 
3267306290028 999.244629 
3267406278261 999.239502 
3267506266494 999.230957 
3267606254694 999.229492 
3267706242894 999.230713 
3267806230894 999.228271 
3267906218794 999.228271 
3268006206827 999.220459 
3268106195060 999.217041 
3268206183293 999.217041 
3268306171493 999.225098 
3268406159693 999.224365 
3268506147926 999.224854 
3268606136159 999.239258 
3268706124359 999.245117 
3268806112559 999.241943 
3268906100659 999.237549 
3269006088759 999.224365 
3269106076925 999.217041 
3269206065158 999.223633 
3269306053358 999.212891 
3269406041558 999.224121 
3269506029791 999.222168 
3269606018024 999.219971 
3269706006224 999.235352 
3269805994424 999.236084 
3269905982624 999.219727 
3270005970490 999.225586 
3270105958356 999.221924 
3270205946489 999.226563 
3270305934722 999.237549 
3270405922922 999.237061 
3270505911122 999.238525 
3270605899355 999.238281 
3270705887588 999.242676 
3270805875788 999.241211 
3270905863988 999.237549 
3271005852088 999.229736 
3271105839988 999.226074 
3271205827888 999.229248 
3271305816121 999.229736 
3271405804354 999.223145 
3271505792554 999.219727 
3271605780754 999.225830 
3271705768987 999.227539 
3271805757220 999.223145 
3271905745420 999.222900 
3272005733620 999.230713 
3272105721786 999.240967 
3272205709886 999.240479 
3272305697986 999.242676 
3272405686219 999.233154 
3272505674419 999.231445 
3272605662619 999.225830 
3272705650819 999.222900 
3272805639052 999.230469 
3272905627252 999.227539 
3273005615452 999.228271 
3273105603652 999.223633 
3273205591618 999.225342 
3273305579484 999.222168 
3273405567550 999.217285 
3273505555750 999.225586 
3273605543916 999.232178 
3273705532082 999.232422 
3273805520248 999.234131 
3273905508448 999.239990 
3274005496614 999.248291 
3274105484780 999.249268 
3274205472946 999.250488 
3274305460812 999.252441 
3274405448678 999.242676 
3274505436678 999.230469 
3274605424678 999.223633 
3274705412644 999.223145 
3274805400610 999.230469 
3274905388610 999.229004 
3275005376610 999.235352 
3275105364576 999.236328 
3275205352542 999.239746 
3275305340542 999.242920 
3275405328408 999.243652 
3275505316308 999.234375 
3275605304541 999.235107 
3275705292774 999.240723 
3275805280974 999.232178 
3275905269174 999.235352 
3276005257407 999.228027 
3276105245640 999.226807 
3276205233840 999.224854 
3276305222040 999.224365 
3276405210073 999.229004 
3276505197973 999.230713 
3276605185906 999.240967 
3276705174139 999.243164 
3276805162372 999.233643 
3276905150572 999.219482 
3277005138772 999.216553 
3277105127005 999.218994 
3277205115238 999.224365 
3277305103438 999.235107 
3277405091638 999.233154 
3277505079738 999.233643 
3277605067838 999.236328 
3277705055971 999.236572 
3277805044204 999.215088 
3277905032404 999.211670 
3278005020604 999.218262 
3278105008837 999.223633 
3278204997070 999.229004 
3278304985270 999.230225 
3278404973470 999.231445 
3278504961670 999.231445 
3278604949536 999.233398 
3278704937402 999.241943 
3278804925535 999.243652 
3278904913735 999.234131 
3279004901901 999.235596 
3279104890067 999.234619 
3279204878233 999.230225 
3279304866433 999.229248 
3279404854599 999.228516 
3279504842765 999.234619 
3279604830898 999.238281 
3279704818764 999.237549 
3279804806630 999.234375 
3279904794630 999.230957 
3280004782630 999.230225 
3280104770596 999.229492 
3280204758562 999.228760 
3280304746562 999.231689 
3280404734562 999.229492 
3280504722528 999.228027 
3280604710494 999.234131 
3280704698460 999.238281 
3280804686326 999.230469 
3280904674326 999.225098 
3281004662526 999.227783 
3281104650692 999.223877 
3281204638858 999.215820 
3281304627024 999.221436 
3281404615224 999.220215 
3281504603390 999.213135 
3281604591556 999.207275 
3281704579722 999.213135 
3281804567655 999.218506 
3281904555521 999.231689 
3282004543521 999.225342 
3282104531521 999.218994 
3282204519521 999.226807 
3282304507487 999.206055 
3282404495453 999.211914 
3282504483453 999.215088 
3282604471453 999.208740 
3282704459419 999.215332 
3282804447385 999.217041 
3282904435251 999.212891 
3283004423117 999.211914 
3283104411283 999.212402 
3283204399516 999.204834 
3283304387716 999.207275 
3283404375916 999.204590 
3283504364149 999.206055 
3283604352382 999.207275 
3283704340582 999.213867 
3283804328782 999.214600 
3283904316882 999.217285 
3284004304782 999.228027 
3284104292682 999.225830 
3284204280915 999.221924 
3284304269148 999.227783 
3284404257348 999.222168 
3284504245548 999.214111 
3284604233781 999.217041 
3284704222014 999.219482 
3284804210214 999.218262 
3284904198414 999.222412 
3285004186514 999.225586 
3285104174614 999.237061 
3285204162714 999.231201 
3285304150947 999.224121 
3285404139180 999.224365 
3285504127380 999.224609 
3285604115580 999.203369 
3285704103813 999.202637 
3285804092046 999.203369 
3285904080246 999.204834 
3286004068446 999.201416 
3286104056379 999.209961 
3286204044245 999.217041 
3286304032345 999.225830 
3286404020545 999.230469 
3286504008711 999.226074 
3286603996877 999.217529 
3286703985043 999.202881 
3286803973243 999.201416 
3286903961409 999.214355 
3287003949575 999.207520 
3287103937741 999.202148 
3287203925607 999.205811 
3287303913473 999.214844 
3287403901473 999.214111 
3287503889473 999.215332 
3287603877439 999.217773 
3287703865405 999.211182 
3287803853405 999.211182 
3287903841405 999.218506 
3288003829371 999.214844 
3288103817337 999.210693 
3288203805337 999.206055 
3288303793203 999.203369 
3288403781103 999.201172 
3288503769336 999.212891 
3288603757569 999.212402 
3288703745769 999.207764 
3288803733969 999.216309 
3288903722202 999.214600 
3289003710435 999.214844 
3289103698635 999.208496 
3289203686835 999.214355 
3289303674835 999.215332 
3289403662735 999.213379 
3289503650768 999.219727 
3289603639001 999.218262 
3289703627234 999.212402 
3289803615434 999.209717 
3289903603634 999.213623 
3290003591867 999.204346 
3290103580100 999.194824 
3290203568300 999.198730 
3290303556500 999.202881 
3290403544600 999.196533 
3290503532700 999.202148 
3290603520866 999.204346 
3290703509099 999.213135 
3290803497299 999.207764 
3290903485499 999.207031 
3291003473765 999.208740 
3291103461998 999.209717 
3291203450198 999.211914 
3291303438398 999.219971 
3291403426598 999.223145 
3291503414531 999.220215 
3291603402397 999.221436 
3291703390530 999.219727 
3291803378730 999.222656 
3291903366896 999.221436 
3292003355129 999.219238 
3292103343295 999.222900 
3292203331495 999.221191 
3292303319661 999.221191 
3292403307827 999.224854 
3292503295927 999.225098 
3292603283793 999.224121 
3292703271659 999.229248 
3292803259659 999.223389 
3292903247659 999.235352 
3293003235692 999.242676 
3293103223658 999.236328 
3293203211658 999.234619 
3293303199658 999.218994 
3293403187624 999.221436 
3293503175657 999.227539 
3293603163590 999.224365 
3293703151456 999.226807 
3293803139522 999.224609 
3293903127755 999.218506 
3294003115988 999.216064 
3294103104188 999.225342 
3294203092388 999.237549 
3294303080621 999.239746 
3294403068821 999.237549 
3294503057021 999.232910 
3294603045221 999.229492 
3294703033187 999.228760 
3294803021087 999.224854 
3294903009187 999.218506 
3295002997420 999.218994 
3295102985653 999.218994 
3295202973853 999.220459 
3295302962053 999.221191 
3295402950286 999.218018 
3295502938519 999.222656 
3295602926719 999.226807 
3295702914919 999.232422 
3295802903019 999.237061 
3295902891119 999.225586 
3296002879352 999.224854 
3296102867585 999.221436 
3296202855785 999.221436 
3296302843985 999.223877 
3296402832218 999.226563 
3296502820451 999.227539 
3296602808651 999.224121 
3296702796851 999.221191 
3296802784884 999.221191 
3296902772750 999.220703 
3297002760616 999.220947 
3297102748849 999.231201 
3297202737082 999.238037 
3297302725282 999.240723 
3297402713482 999.237549 
3297502701715 999.240234 
3297602689948 999.241211 
3297702678148 999.233398 
3297802666348 999.232910 
3297902654381 999.232178 
3298002642281 999.230957 
3298102630214 999.228027 
3298202618447 999.226074 
3298302606680 999.236572 
3298402594880 999.232666 
3298502583080 999.239502 
3298602571313 999.236816 
3298702559546 999.233643 
3298802547746 999.233643 
3298902535946 999.238281 
3299002524046 999.225586 
3299102512146 999.231201 
3299202500279 999.226563 
3299302488512 999.227295 
3299402476712 999.233643 
3299502464912 999.238281 
3299602453145 999.240234 
3299702441378 999.235596 
3299802429578 999.224609 
3299902417778 999.227051 
3300002406011 999.225098 
3300102393877 999.216309 
3300202381743 999.212158 
3300302369876 999.215820 
3300402358076 999.213623 
3300502346242 999.218994 
3300602334408 999.216064 
3300702322574 999.215332 
3300802310774 999.224365 
3300902298940 999.223877 
3301002287106 999.230957 
3301102275239 999.228027 
3301202263105 999.223633 
3301302250971 999.226807 
3301402238971 999.225586 
3301502226971 999.232910 
3301602214937 999.234619 
3301702202903 999.237549 
3301802190903 999.235596 
3301902178903 999.236816 
3302002166869 999.237793 
3302102154835 999.239258 
3302202142801 999.242920 
3302302130667 999.242188 
3302402118667 999.243652 
3302502106900 999.238281 
3302602095100 999.236084 
3302702083300 999.233398 
3302802071500 999.230225 
3302902059733 999.235352 
3303002047933 999.235596 
3303102036133 999.229004 
3303202024333 999.227295 
3303302012299 999.224365 
3303402000199 999.227539 
3303501988232 999.232422 
3303601976465 999.229736 
3303701964698 999.226318 
3303801952898 999.224609 
3303901941098 999.231201 
3304001929331 999.230957 
3304101917564 999.229248 
3304201905764 999.231201 
3304301893964 999.233643 
3304401882064 999.229736 
3304501870164 999.222900 
3304601858397 999.230957 
3304701846630 999.229980 
3304801834830 999.228027 
3304901823030 999.223389 
3305001811263 999.220459 
3305101799496 999.217529 
3305201787696 999.226563 
3305301775896 999.231934 
3305401763996 999.229736 
3305501751862 999.226074 
3305601739728 999.235107 
3305701727928 999.243652 
3305801716128 999.237793 
3305901704294 999.239258 
3306001692460 999.234375 
3306101680660 999.231934 
3306201668860 999.235596 
3306301657026 999.242432 
3306401645192 999.245361 
3306501633225 999.241455 
3306601621091 999.229248 
3306701608957 999.232666 
3306801596957 999.233154 
3306901584957 999.231934 
3307001572923 999.226074 
3307101560889 999.231689 
3307201548889 999.227539 
3307301536889 999.229004 
3307401524855 999.221436 
3307501512821 999.229980 
3307601500687 999.236084 
3307701488553 999.241211 
3307801476653 999.235352 
3307901464853 999.239502 
3308001453019 999.238770 
3308101441185 999.236816 
3308201429351 999.240967 
3308301417551 999.236084 
3308401405717 999.240723 
3308501393883 999.238037 
3308601382049 999.231445 
3308701369915 999.222168 
3308801357781 999.224121 
3308901345781 999.221680 
3309001333781 999.222656 
3309101321747 999.231445 
3309201309713 999.233154 
3309301297713 999.234619 
3309401285713 999.236084 
3309501273713 999.239502 
3309601261679 999.234863 
3309701249679 999.230225 
3309801237545 999.229980 
3309901225445 999.229248 
3310001213678 999.230225 
3310101201911 999.224609 
3310201190111 999.226074 
3310301178311 999.224609 
3310401166544 999.220215 
3310501154777 999.227295 
3310601142977 999.231445 
3310701131177 999.237793 
3310801119177 999.235107 
3310901107077 999.236816 
3311001095010 999.228760 
3311101083243 999.229492 
3311201071476 999.222412 
3311301059676 999.220459 
3311401047876 999.222656 
3311501036109 999.219482 
3311601024342 999.220215 
3311701012542 999.226318 
3311801000742 999.239502 
3311900988842 999.233887 
3312000976942 999.230469 
3312100965108 999.225098 
3312200953341 999.232910 
3312300941541 999.231201 
3312400929741 999.235840 
3312500917974 999.234375 
3312600906207 999.237793 
3312700894407 999.241943 
3312800882607 999.241699 
3312900870807 999.240723 
3313000858673 999.240479 
3313100846539 999.233887 
3313200834672 999.229736 
3313300822872 999.224609 
3313400811038 999.224121 
3313500799204 999.230225 
3313600787370 999.232178 
3313700775570 999.232910 
3313800763736 999.239258 
3313900751902 999.242188 
3314000740035 999.238770 
3314100727901 999.234619 
3314200715767 999.235107 
3314300703767 999.227051 
3314400691767 999.222900 
3314500679733 999.217285 
3314600667699 999.217773 
3314700655699 999.218750 
3314800643699 999.212891 
3314900631665 999.217041 
3315000619631 999.220459 
3315100607564 999.220459 
3315200595430 999.222656 
3315300583496 999.220947 
3315400571729 999.222412 
3315500559929 999.225830 
3315600548129 999.224121 
3315700536329 999.222412 
3315800524562 999.216553 
3315900512762 999.220459 
3316000500962 999.222168 
3316100489162 999.218750 
3316200477128 999.221191 
3316300465028 999.223877 
3316400453128 999.219727 
3316500441361 999.214844 
3316600429594 999.217285 
3316700417794 999.223389 
3316800405994 999.225342 
3316900394227 999.224121 
3317000382460 999.225586 
3317100370660 999.229980 
3317200358860 999.226318 
3317300347026 999.230713 
3317400335126 999.228027 
3317500323359 999.235840 
3317600311592 999.235352 
3317700299792 999.243652 
3317800288058 999.245117 
3317900276291 999.235840 
3318000264524 999.236816 
3318100252724 999.235352 
3318200240924 999.237061 
3318300229024 999.239258 
3318400216890 999.240479 
3318500204756 999.243164 
3318600192956 999.240723 
3318700181156 999.241455 
3318800169389 999.239014 
3318900157555 999.236572 
3319000145755 999.236328 
3319100133955 999.232178 
3319200122121 999.232178 
3319300110354 999.233887 
3319400098320 999.238037 
3319500086186 999.235107 
3319600074086 999.238037 
3319700062086 999.238770 
3319800050152 999.234863 
3319900038118 999.227051 
3320000026084 999.217285 
3320100014084 999.218750 
3320200002084 999.226318 
3320299990050 999.229248 
3320399978016 999.234619 
3320499965882 999.237305 
3320599953748 999.232422 
3320699941848 999.229492 
3320799930081 999.229492 
3320899918281 999.222168 
3320999906481 999.224365 
3321099894714 999.229004 
3321199882947 999.224121 
3321299871147 999.223389 
3321399859347 999.225098 
3321499847580 999.227295 
3321599835480 999.231201 
3321699823380 999.231689 
3321799811513 999.224121 
3321899799746 999.220947 
3321999787946 999.213135 
3322099776146 999.217773 
3322199764346 999.219727 
3322299752579 999.215820 
3322399740812 999.221680 
3322499729012 999.220459 
3322599717178 999.214844 
3322699705278 999.222900 
3322799693378 999.229736 
3322899681611 999.240479 
3322999669844 999.238525 
3323099658044 999.235840 
3323199646244 999.233154 
3323299634477 999.224854 
3323399622710 999.228271 
3323499610910 999.227783 
3323599599110 999.217773 
3323699587110 999.220215 
3323799574976 999.230957 
3323899562976 999.230713 
3323999551176 999.229492 
3324099539342 999.226318 
3324199527508 999.221680 
3324299515674 999.212646 
3324398921096 999.211182 
3324498909262 999.217529 
3324598897428 999.217529 
3324698885594 999.214355 
3324798873560 999.215332 
3324898861426 999.228516 
3324998849359 999.231689 
3325098837359 999.228027 
3325198825359 999.230713 
3325298813325 999.222656 
3325398801325 999.223145 
3325498789325 999.222900 
3325598777325 999.227051 
3325698765291 999.228271 
3325798753257 999.225586 
3325898741123 999.228760 
3325998728989 999.230225 
3326098717155 999.235107 
3326198705388 999.228271 
3326298693588 999.221436 
3326398681788 999.210449 
3326498670021 999.205322 
3326598658254 999.217041 
3326698646454 999.213623 
3326798634654 999.218506 
3326898622754 999.219482 
3326998610654 999.226074 
3327098598554 999.233887 
3327198586787 999.228027 
3327298575020 999.228516 
3327398563220 999.223877 
3327498551420 999.213379 
3327598539653 999.217041 
3327698527886 999.222656 
3327798516086 999.218750 
3327898504286 999.219238 
3327998492452 999.218262 
3328098480552 999.215332 
3328198468652 999.215576 
3328298456885 999.218506 
3328398445085 999.219727 
3328498433285 999.218750 
3328598421485 999.221680 
3328698409718 999.217041 
3328798397951 999.218262 
3328898386151 999.218506 
3328998374351 999.218018 
3329098362284 999.218506 
3329198350150 999.215332 
3329298338216 999.211426 
3329398326416 999.216553 
3329498314582 999.211182 
3329598302748 999.204590 
3329698290914 999.206055 
3329798279114 999.216064 
3329898267280 999.212646 
3329998255446 999.214355 
3330098243612 999.220703 
3330198231478 999.224365 
3330298219344 999.221680 
3330398207344 999.221924 
3330498195344 999.221436 
3330598183310 999.216553 
3330698171276 999.211426 
3330798159276 999.213135 
3330898147276 999.214844 
3330998135242 999.223633 
3331098123208 999.220947 
3331198111208 999.219727 
3331298099074 999.214355 
3331398086974 999.205811 
3331498075207 999.209473 
3331598063440 999.216064 
3331698051640 999.217529 
3331798039840 999.221680 
3331898028073 999.220459 
3331998016306 999.224121 
3332098004506 999.219482 
3332197992706 999.223633 
3332297980739 999.233154 
3332397968639 999.239258 
3332497956572 999.222900 
3332597944805 999.222412 
3332697933038 999.210449 
3332797921238 999.205078 
3332897909438 999.207275 
3332997897671 999.204346 
3333097885904 999.204834 
3333197874104 999.212646 
3333297862304 999.213867 
3333397850404 999.217285 
3333497838504 999.217285 
3333597826670 999.225342 
3333697814903 999.225830 
3333797803103 999.219482 
3333897791303 999.221191 
3333997779536 999.221680 
3334097767769 999.211426 
3334197755969 999.218262 
3334297744169 999.216553 
3334397732369 999.214111 
3334497720235 999.213135 
3334597708101 999.224854 
3334697696234 999.217041 
3334797684434 999.212158 
3334897672600 999.209473 
3334997660766 999.208252 
3335097648932 999.218506 
3335197637132 999.216553 
3335297625298 999.216064 
3335397613464 999.220703 
3335497601597 999.222656 
3335597589463 999.223633 
3335697577329 999.220703 
3335797565329 999.213379 
3335897553329 999.213623 
3335997541295 999.213379 
3336097529261 999.212158 
3336197517261 999.210205 
3336297505261 999.208496 
3336397493227 999.202148 
3336497481193 999.187988 
3336597469126 999.186768 
3336697456992 999.184082 
3336797444992 999.177002 
3336897433225 999.170898 
3336997421425 999.168945 
3337097409625 999.171143 
3337197397825 999.161621 
3337297386058 999.157227 
