# Created at Fri Mar 14 11:19:20 GMT+01:00 2025 in Burnaby Canada 
620381798933621 984.176025 
620381838926641 984.175049 
620381878930131 984.183838 
620381918933673 984.183350 
620381958933881 984.186035 
620381998923881 984.185547 
620382038928673 984.179199 
620382078932943 984.174316 
620382118934766 984.183838 
620382158931068 984.185059 
620382198933360 984.195313 
620382238933725 984.199219 
620382278933464 984.194092 
620382318913256 984.187500 
620382358932266 984.184570 
620382398933673 984.190674 
620382438928308 984.190186 
620382478926746 984.193115 
620382518933777 984.194580 
620382558933621 984.190430 
620382598925131 984.190674 
620382638930964 984.196533 
620382678933412 984.199951 
620382718934975 984.209961 
620382758924714 984.223633 
620382798933621 984.218750 
620382838933673 984.209961 
620382878933725 984.216309 
620382918912423 984.223389 
620382958930287 984.226807 
620382998933621 984.231689 
620383038935131 984.220947 
620383078926798 984.223877 
620383118933621 984.229736 
620383158933568 984.250488 
620383198925704 984.262695 
620383238928048 984.255127 
620383278933881 984.254883 
620383318934871 984.253418 
620383358927996 984.260498 
620383398933412 984.271240 
620383438933621 984.268555 
620383478933412 984.354980 
620383518925391 984.498291 
620383558928360 984.655029 
620383598933933 984.737549 
620383638934141 984.763184 
620383678927110 984.765625 
620383718933621 984.751709 
620383758933725 984.756104 
620383798927058 984.711182 
620383838926589 984.640137 
620383878932787 984.328857 
620383918935443 984.151367 
620383958925704 984.012939 
620383998933621 983.879639 
620384038930496 983.812988 
620384078935027 983.832520 
620384118924454 983.891113 
620384158933673 983.927002 
620384198986850 983.931152 
620384238934037 983.933350 
620384279020235 983.958252 
620384318932787 984.008789 
620384358933360 984.097168 
620384398912579 984.191162 
620384438928568 984.208740 
620384478932839 984.263672 
620384518926902 984.302979 
620384558924714 984.303223 
620384598934141 984.272461 
620384638935443 984.185547 
620384678927162 984.135742 
620384718925391 984.129883 
620384758932839 984.138672 
620384798933621 984.185791 
620384838933464 984.242188 
620384878912423 984.291504 
620384918933204 984.341797 
620384958933777 984.344482 
620384998935235 984.344482 
620385038926225 984.357422 
620385078933725 984.339844 
620385118935548 984.304199 
620385158926225 984.283691 
620385198934141 984.257080 
620385238933725 984.190186 
620385278935027 984.167480 
620385318925443 984.225342 
620385358937475 984.274902 
620385398933933 984.316162 
620385438933985 984.359619 
620385478911693 984.387451 
620385518934089 984.421387 
620385558933412 984.457764 
620385598972996 984.504150 
620385638927006 984.530273 
620385678933725 984.535889 
620385718933360 984.420410 
620385758934714 984.277100 
620385798926329 984.161377 
620385838933725 984.082275 
620385878934871 984.100586 
620385918925912 984.095703 
620385958926121 984.099365 
620385998933412 984.122559 
620386038935027 984.120850 
620386078928881 984.135742 
620386118933673 984.170898 
620386158932839 984.153564 
620386198934141 984.183350 
620386239032996 984.199707 
620386278963933 984.225098 
620386318932839 984.236328 
620386358934141 984.195801 
620386398930548 984.132080 
620386438933725 984.158447 
620386478926537 984.248047 
620386518925704 984.281250 
620386558929089 984.305420 
620386598933777 984.326660 
620386638934454 984.363037 
620386678928256 984.433105 
620386718933464 984.519287 
620386758933673 984.584961 
620386798934766 984.616211 
620386838913360 984.613770 
620386878927943 984.549561 
620386918934037 984.445557 
620386958934923 984.256348 
620386998927475 984.085938 
620387038933985 984.009766 
620387078932839 984.037842 
620387118925704 984.040771 
620387158930808 984.063965 
620387198932787 984.093994 
620387238934662 984.087402 
620387278926225 984.151123 
620387318933568 984.190186 
620387358933933 984.193848 
620387398935131 984.258301 
620387438913568 984.267090 
620387478933621 984.178711 
620387518934246 984.097168 
620387558934975 984.091797 
620387598926433 984.173828 
620387638934193 984.169922 
620387678935183 984.228271 
620387718925704 984.278809 
620387758927579 984.372314 
620387798934037 984.462158 
620387838934246 984.538818 
620387878925704 984.525391 
620387918934193 984.526855 
620387958934037 984.491943 
620387998934662 984.407959 
620388038923048 984.374023 
620388078933204 984.291992 
620388118933985 984.135742 
620388158934350 984.085938 
620388198928777 984.095947 
620388238933985 984.081055 
620388278934246 984.084717 
620388318934871 984.095703 
620388358927735 984.100342 
620388398933673 984.150635 
620388438934558 984.169434 
620388478925652 984.205811 
620388518934037 984.235352 
620388558933933 984.258545 
620388598935183 984.222168 
620388638925704 984.140137 
620388678912787 984.144531 
620388718933725 984.215820 
620388758934871 984.228760 
620388799006381 984.277100 
620388838933881 984.314941 
620388878934089 984.372314 
620388918934923 984.450928 
620388958926954 984.495117 
620388998934298 984.514404 
620389038934975 984.533203 
620389078925704 984.452881 
620389118933725 984.364990 
620389158934037 984.322021 
620389198934871 984.066406 
620389238925131 984.096436 
620389278929975 984.114990 
620389318933985 984.113770 
620389358934871 984.139160 
620389398912058 984.160889 
620389438933621 984.149658 
620389478933725 984.202881 
620389518934558 984.220459 
620389558927006 984.227295 
620389598934402 984.264648 
620389638933100 984.257080 
620389678925443 984.198975 
620389718933568 984.130859 
620389758933568 984.129639 
620389798935131 984.193604 
620389838924402 984.223145 
620389878930079 984.254395 
620389918933777 984.284668 
620389958934298 984.365234 
620389998912110 984.444336 
620390038933725 984.532715 
620390078933568 984.582520 
620390118971954 984.559082 
620390158928308 984.550293 
620390198933777 984.458984 
620390238926850 984.412109 
620390278939246 984.283691 
620390318930496 984.125488 
620390358933204 983.988037 
620390398935183 984.049316 
620390438934193 984.062744 
620390478933464 984.057861 
620390518933152 984.104492 
620390558935339 984.122559 
620390598925964 984.132080 
620390638933881 984.215576 
620390678933933 984.214355 
620390718935183 984.255859 
620390759029350 984.253418 
620390798933152 984.192383 
620390838927214 984.126953 
620390878935183 984.077393 
620390918929714 984.134033 
620390958933360 984.209473 
620390998935027 984.269775 
620391038924714 984.318848 
620391078927475 984.352783 
620391118933412 984.404297 
620391158934818 984.447998 
620391198925912 984.539063 
620391238933621 984.568115 
620391278933777 984.584229 
620391318934193 984.594238 
620391358913048 984.459473 
620391398933048 984.462402 
620391438933673 984.263428 
620391478934610 984.094727 
620391518927058 983.971680 
620391558934089 984.021484 
620391598935496 984.041504 
620391638925964 984.066406 
620391678929402 984.106689 
620391718933152 984.111084 
620391758934558 984.151611 
620391798925183 984.213623 
620391838933881 984.215088 
620391878933829 984.257324 
620391918935391 984.244141 
620391958912996 984.155273 
620391998927996 984.084717 
620392038933777 984.093018 
620392078934714 984.167480 
620392118925912 984.227295 
620392158933568 984.297852 
620392198934454 984.345459 
620392238925183 984.404297 
620392278927839 984.473633 
620392318933464 984.532959 
620392358934089 984.583008 
620392398925704 984.604980 
620392438933881 984.606445 
620392478933725 984.473633 
620392518934975 984.489014 
620392558928777 984.312988 
620392598933360 984.125488 
620392638933985 983.952393 
620392678933933 984.009766 
620392718926850 984.037354 
620392758933360 984.065674 
620392798933725 984.057617 
620392838934871 984.117920 
620392878928621 984.206055 
620392918932318 984.191406 
620392958933360 984.252930 
620392998924871 984.218750 
620393038932839 984.115479 
620393078933621 984.066650 
620393118934089 984.085449 
620393158925652 984.147461 
620393198933725 984.178711 
620393238933985 984.227295 
620393278934610 984.261475 
620393319006329 984.321533 
620393358933673 984.388428 
620393398933360 984.472168 
620393438934610 984.522949 
620393478929089 984.511963 
620393518933464 984.548828 
620393558934714 984.496582 
620393598925652 984.324463 
620393638932787 984.320557 
620393678933673 984.242920 
620393718934402 984.069580 
620393758925704 984.017822 
620393798931068 984.072754 
620393838933777 984.083496 
620393878933673 984.127441 
620393918912839 984.151123 
620393958934193 984.147217 
620393998933881 984.227539 
620394038935496 984.235107 
620394078928308 984.265137 
620394118933204 984.286865 
620394158933933 984.214111 
620394198925183 984.144043 
620394238934037 984.100830 
620394278934037 984.142090 
620394318934871 984.178711 
620394358925391 984.221924 
620394398931277 984.281738 
620394438933985 984.328857 
620394478934766 984.400146 
620394518911537 984.491211 
620394558932839 984.572754 
620394598933568 984.588623 
620394638972787 984.607910 
620394678926225 984.554688 
620394718932891 984.525146 
620394758933412 984.393555 
620394798936589 984.188477 
620394838927371 984.002930 
620394878933933 984.004883 
620394918935131 984.021484 
620394958924871 984.039063 
620394998944818 984.070313 
620395038933725 984.067383 
620395078934975 984.086914 
620395118925704 984.220947 
620395158933881 984.185791 
620395198933568 984.221680 
620395238935287 984.271240 
620395278930964 984.239746 
620395318934246 984.128418 
620395358933204 984.069092 
620395398935183 984.076172 
620395438930287 984.171387 
620395478933204 984.196533 
620395518934714 984.262695 
620395558925183 984.305908 
620395598926902 984.362793 
620395638932683 984.446289 
620395678934558 984.541260 
620395718926225 984.573242 
620395758934037 984.521973 
620395798933204 984.531738 
620395838934193 984.477295 
620395878913464 984.390625 
620395918933621 984.339111 
620395958933152 984.210449 
620395998935183 984.038818 
620396038927891 984.023682 
620396078933725 984.068604 
620396118935183 984.044922 
620396158925964 984.082520 
620396199082891 984.088623 
620396238933360 984.195801 
620396278934506 984.185547 
620396318925704 984.204834 
620396358933673 984.224121 
620396398934246 984.152588 
620396438935235 984.087402 
620396478911954 984.140381 
620396518933464 984.202881 
620396558933881 984.199707 
620396598933777 984.287354 
620396638925339 984.336670 
620396678933204 984.392822 
620396718934714 984.472168 
620396758925391 984.543701 
620396798927735 984.564697 
620396838933621 984.559570 
620396878933985 984.508301 
620396918925652 984.411133 
620396958926537 984.441406 
620396998933985 984.270508 
620397038934818 984.082520 
620397078929193 983.978027 
620397118933621 984.047363 
620397158933568 984.067139 
620397198933829 984.069336 
620397238926902 984.107910 
620397278933829 984.120850 
620397318932891 984.201660 
620397358926433 984.214600 
620397398927996 984.228271 
620397438934558 984.258301 
620397478934923 984.267334 
620397518925964 984.194092 
620397558927943 984.131348 
620397598933516 984.107910 
620397638934454 984.158691 
620397678925391 984.164795 
620397718989818 984.235596 
620397758934454 984.275635 
620397798934298 984.320801 
620397839034975 984.388916 
620397878933360 984.482178 
620397918933725 984.591797 
620397958934871 984.621094 
620397998928412 984.605957 
620398038934141 984.556641 
620398078933621 984.469238 
620398118925131 984.272705 
620398158933725 984.092529 
620398198933777 984.043457 
620398238935079 984.055908 
620398278924923 984.044922 
620398318928100 984.043213 
620398358933412 984.096436 
620398398934298 984.103271 
620398438912996 984.125244 
620398478933412 984.205566 
620398518933412 984.204346 
620398558935287 984.245117 
620398598926016 984.282715 
620398638933204 984.243164 
620398678933777 984.177490 
620398718925704 984.101807 
620398758933725 984.116211 
620398798933464 984.177979 
620398838935287 984.206299 
620398878925183 984.250000 
620398918933256 984.286133 
620398958932943 984.354248 
620398998934506 984.418945 
620399038911277 984.486816 
620399078934037 984.531250 
620399118933152 984.521973 
620399158972996 984.516357 
620399198933412 984.407959 
620399238933464 984.422119 
620399278933725 984.296143 
620399318931173 984.157227 
620399358926329 984.016846 
620399398932891 984.044189 
620399438934246 984.072754 
620399478924350 984.091064 
620399518933725 984.138672 
620399558934298 984.133057 
620399598934714 984.162598 
620399638926485 984.237305 
620399678933673 984.223145 
620399718933985 984.293701 
620399758972631 984.212158 
620399799014037 984.137695 
620399838933360 984.104492 
620399878933464 984.144287 
620399918935079 984.158691 
620399958929923 984.237061 
620399998933204 984.272461 
620400038933829 984.317871 
620400078925704 984.393311 
620400118930443 984.470947 
620400158933777 984.563965 
620400198934610 984.587402 
620400238926485 984.588867 
620400278932891 984.520264 
620400318933568 984.552979 
620400358934558 984.357178 
620400398912891 984.174072 
620400438933256 984.031494 
620400478933464 984.059082 
620400518933673 984.071777 
620400558927371 984.067383 
620400598933360 984.104492 
620400638935079 984.106445 
620400678926433 984.128418 
620400718926746 984.218994 
620400758932891 984.202393 
620400798934662 984.239258 
620400838924662 984.246338 
620400878933933 984.204346 
620400918933933 984.166016 
620400958935131 984.108398 
620400998912891 984.140381 
620401038933881 984.191650 
620401078933308 984.254150 
620401118933985 984.292480 
620401158925912 984.327881 
620401198933464 984.380127 
620401238935496 984.446533 
620401278925704 984.541992 
620401318926016 984.616699 
620401358933412 984.644531 
620401398933881 984.618164 
620401438926173 984.501465 
620401478933933 984.507324 
620401518912318 984.289063 
620401558935131 984.091309 
620401598922735 984.012939 
620401638933725 984.039307 
620401678932943 984.041748 
620401718934818 984.049072 
620401758926537 984.092529 
620401798934037 984.099854 
620401838933673 984.140625 
620401878934975 984.214111 
620401918927996 984.207764 
620401958933204 984.242432 
620401998934818 984.254639 
620402038925443 984.174316 
620402078933568 984.119873 
620402118933308 984.117188 
620402158934871 984.164307 
620402198925443 984.184082 
620402238932579 984.244873 
620402278933308 984.292480 
620402318934037 984.347656 
620402358957110 984.437256 
620402398933152 984.525879 
620402438933725 984.569336 
620402478934975 984.568115 
620402518927266 984.573486 
620402558933204 984.528076 
620402598932891 984.556396 
620402638925131 984.374512 
620402678933100 984.191650 
620402718932839 984.016602 
620402758933673 984.043945 
620402798925443 984.071045 
620402838929610 984.064941 
620402878932891 984.107910 
620402918933621 984.123779 
620402958912996 984.114502 
620402998933516 984.197998 
620403038933568 984.202637 
620403078935183 984.239502 
620403118928100 984.265625 
620403158929141 984.209717 
620403198933725 984.071533 
620403238926746 984.121338 
620403278933568 984.161377 
620403318933725 984.220703 
620403358934975 984.265625 
620403398925704 984.301514 
620403438930704 984.354492 
620403478933829 984.449951 
620403518934454 984.576416 
620403558911798 984.621338 
620403598932943 984.640869 
620403638933829 984.549561 
620403678973048 984.580811 
620403718926173 984.355225 
620403758930496 984.162842 
620403798933204 983.984375 
620403838925652 984.013184 
620403878912579 984.049072 
620403918933256 984.065430 
620403958934037 984.090332 
620403998925443 984.081787 
620404038929818 984.178955 
620404078933412 984.215576 
620404118934193 984.197510 
620404158925183 984.256348 
620404198933621 984.244141 
620404238933933 984.161133 
620404278934558 984.113037 
620404319006693 984.128662 
620404358934141 984.178955 
620404398933881 984.179199 
620404438934871 984.229980 
620404478930964 984.282471 
620404518934193 984.335938 
620404558934350 984.423584 
620404598925704 984.509277 
620404638926225 984.586914 
620404678934506 984.604248 
620404718934871 984.598145 
620404758925131 984.594727 
620404798933621 984.521484 
620404838933933 984.311523 
620404878935235 984.108643 
620404918913308 984.038818 
620404958933985 984.074951 
620404998933621 984.062256 
620405038935235 984.054443 
620405078929141 984.085449 
620405118933673 984.082031 
620405158935287 984.100098 
620405198925704 984.182617 
620405238929037 984.164307 
620405278933881 984.214844 
620405318934871 984.242432 
620405358925704 984.151855 
620405398933985 984.099121 
620405438934141 984.104004 
620405478934923 984.153320 
620405518912475 984.157227 
620405558938568 984.231201 
620405598933568 984.287354 
620405638934923 984.333740 
620405678926902 984.396484 
620405718933621 984.492676 
620405758934506 984.603760 
620405798925652 984.589111 
620405838927839 984.584473 
620405878933464 984.527100 
620405918934923 984.446533 
620405958925443 984.346680 
620405998934246 984.192871 
620406038933621 984.033203 
620406078934506 984.047119 
620406118911798 984.085205 
620406158933985 984.095947 
620406198933152 984.120361 
620406238934714 984.127686 
620406278927162 984.127930 
620406318933673 984.203613 
620406358933568 984.209717 
620406398939089 984.244873 
620406438928621 984.261963 
620406478933933 984.237061 
620406518934141 984.133789 
620406558925704 984.083008 
620406598934298 984.136230 
620406638934193 984.226318 
620406678935131 984.325684 
620406718925183 984.403809 
620406758931277 984.484131 
620406798933464 984.556885 
620406838934662 984.659668 
620406878929350 984.679199 
620406918933933 984.548828 
620406958933829 984.559082 
620406998933360 984.370117 
620407038927110 984.155518 
620407078933256 983.989746 
620407118933360 984.053711 
620407158925704 984.066895 
620407198933777 984.071533 
620407238929246 984.089355 
620407278934558 984.079102 
620407318925964 984.147461 
620407358933412 984.184570 
620407398933725 984.191650 
620407438927423 984.236084 
620407478924558 984.244629 
620407518934037 984.152588 
620407558933985 984.074463 
620407598935079 984.064697 
620407638926902 984.115723 
620407678934246 984.143311 
620407718932996 984.211426 
620407758925391 984.262207 
620407798932943 984.334229 
620407838929402 984.434814 
620407878934923 984.562012 
620407918925131 984.643555 
620407958931225 984.629639 
620407998933933 984.614014 
620408038925131 984.572266 
620408078913256 984.492432 
620408118933725 984.297852 
620408158933933 984.113037 
620408198972162 984.000000 
620408238928568 984.033203 
620408278933777 984.058105 
620408318933100 984.058350 
620408358925391 984.079590 
620408398928048 984.086182 
620408438934193 984.146240 
620408478934975 984.219727 
620408518925964 984.206787 
620408558929923 984.252441 
620408598933568 984.277344 
620408638934298 984.187012 
620408678928568 984.111328 
620408718932891 984.108154 
620408758933933 984.161865 
620408798972423 984.168945 
620408838951485 984.224121 
620408878933621 984.301025 
620408918932683 984.378418 
620408958934402 984.489258 
620408998929350 984.597412 
620409038933933 984.630127 
620409078934298 984.613037 
620409118925443 984.577393 
620409158926068 984.577148 
620409198933985 984.480957 
620409238934402 984.266113 
620409278925652 984.078857 
620409318933933 984.033691 
620409358933360 984.058594 
620409398934923 984.052979 
620409438930808 984.055420 
620409478932839 984.072754 
620409518933308 984.064209 
620409558935443 984.162354 
620409598931798 984.184326 
620409638934506 984.209717 
620409678934871 984.253174 
620409718925443 984.190186 
620409758925860 984.089844 
620409798932475 984.044189 
620409838935183 984.142334 
620409878925964 984.172607 
620409918933621 984.212646 
620409958933881 984.251465 
620409998935287 984.301758 
620410038912943 984.409912 
620410078933100 984.545898 
620410118933412 984.659424 
620410158934610 984.641846 
620410198927371 984.550293 
620410238933204 984.555176 
620410278935131 984.334717 
620410318925704 984.151123 
620410358930443 983.993652 
620410398933048 984.032227 
620410438933621 984.034668 
620410478925704 984.032227 
620410518933673 984.084229 
620410558933881 984.070313 
620410598934871 984.113037 
620410638912058 984.183838 
620410678933673 984.188721 
620410718933412 984.238525 
620410758935079 984.254395 
620410798927318 984.163086 
620410838933360 984.089355 
620410878933725 984.082031 
620410918929402 984.128662 
620410958927787 984.140625 
620410998933673 984.200684 
620411038933621 984.268066 
620411078925652 984.330566 
620411118933621 984.426514 
620411158934246 984.522949 
620411198933568 984.546875 
620411238926225 984.550049 
620411278927839 984.466553 
620411318933621 984.408203 
620411358934975 984.354492 
620411398926902 984.209229 
620411438933621 984.054688 
620411478927214 984.049561 
620411518934923 984.080078 
620411558927318 984.073975 
620411598926381 984.117676 
620411638933777 984.132568 
620411678924871 984.132080 
620411718934402 984.209473 
620411758932735 984.217285 
620411798928621 984.258301 
620411838925652 984.272217 
620411878930756 984.177734 
620411918933100 984.130615 
620411958934193 984.096436 
620411998926173 984.145020 
620412038933621 984.189941 
620412078933621 984.265381 
620412118934714 984.305420 
620412158927683 984.348633 
620412198928256 984.413574 
620412238934975 984.495850 
620412278925652 984.648926 
620412318933204 984.711670 
620412358933777 984.755615 
620412398934923 984.633057 
620412438925391 984.665039 
620412478930496 984.426025 
620412518932839 984.206055 
620412558935183 984.007568 
620412598913256 983.965088 
620412638933152 983.996826 
620412678933360 984.031738 
620412718935600 984.074219 
620412758928308 984.075928 
620412798933881 984.069824 
620412838933568 984.208740 
620412878925391 984.205078 
620412918933725 984.212158 
620412958933568 984.251221 
620412998934402 984.136719 
620413038924871 984.063477 
620413078933100 984.048096 
620413118933725 984.116699 
620413158935131 984.161377 
620413198917006 984.230957 
620413238933933 984.306885 
620413278933985 984.395020 
620413318934558 984.504150 
620413358928204 984.606201 
620413398932735 984.638916 
620413438933412 984.661621 
620413478925704 984.603516 
620413518934923 984.602783 
620413558925131 984.467041 
620413598933464 984.281494 
620413638933881 984.067871 
620413678934975 984.078857 
620413718925652 984.063232 
620413758929714 984.118408 
620413798933673 984.121094 
620413838934923 984.139648 
620413878911954 984.262939 
620413918932683 984.250244 
620413958932943 984.302734 
620413998972943 984.302490 
620414038929350 984.208496 
620414078932683 984.104004 
620414118933464 984.072754 
620414158925443 984.128662 
620414198934193 984.162842 
620414238933777 984.227783 
620414278935027 984.271973 
620414318925652 984.324707 
620414358927527 984.396484 
620414398932996 984.513428 
620414438933621 984.611816 
620414478930027 984.625244 
620414518934506 984.680176 
620414558933725 984.673096 
620414598934975 984.557861 
620414638926641 984.338623 
620414678933204 984.125488 
620414718933777 983.993896 
620414758934871 984.008301 
620414798930704 984.033203 
620414838933985 984.042725 
620414878934610 984.045898 
620414918924610 984.034668 
620414958926068 984.142090 
620414998932787 984.205078 
620415038935027 984.242432 
620415078925131 984.274414 
620415118933621 984.174805 
620415158933777 984.091553 
620415198934714 984.069092 
620415239065860 984.138916 
620415278933725 984.157959 
620415318934141 984.204102 
620415358934975 984.270264 
620415398930339 984.333252 
620415438933152 984.437744 
620415478935131 984.556152 
620415518925391 984.633789 
620415558959975 984.617676 
620415598933725 984.628906 
620415638934089 984.593750 
620415678925652 984.682861 
620415718933621 984.467773 
620415758933725 984.240479 
620415798934975 984.057861 
620415838912996 984.042969 
620415878932631 984.049805 
620415918932631 984.018311 
620415958934871 984.040283 
620415998927110 984.056396 
620416038933100 984.071533 
620416078934818 984.196045 
620416118925443 984.224365 
620416158928412 984.247314 
620416198933308 984.192383 
620416238934193 984.128174 
620416278925443 984.071533 
620416318933777 984.125244 
620416358933568 984.211426 
620416398934871 984.275146 
620416438915183 984.312256 
620416478933725 984.334717 
620416518933777 984.377197 
620416558934871 984.432861 
620416598926589 984.555420 
620416638932839 984.608398 
620416678933673 984.648926 
620416718926433 984.608643 
620416758927943 984.581055 
620416798933725 984.409180 
620416838933152 984.228027 
620416878925652 984.036133 
620416918933568 984.023438 
620416958934350 984.031982 
620416998934871 984.011963 
620417038924923 984.044189 
620417078933412 984.060791 
620417118932891 984.066895 
620417158934610 984.180664 
620417198926329 984.199219 
620417238933881 984.210693 
620417278933516 984.159180 
620417318934141 984.084717 
620417358928152 984.034424 
620417398932996 984.070557 
620417438934558 984.140381 
620417478925704 984.222900 
620417518928464 984.289063 
620417558933933 984.344238 
620417598934089 984.384766 
620417638925131 984.448975 
620417678933568 984.587646 
620417718932371 984.632080 
620417758935183 984.653564 
620417798996693 984.669189 
620417838933621 984.657959 
620417878934246 984.446777 
620417919025287 984.223145 
620417958927839 984.040527 
620417998932839 984.033936 
620418038934193 984.020508 
620418078925443 984.010498 
620418118929037 984.047852 
620418158933933 984.053223 
620418198935548 984.043213 
620418238926173 984.174805 
620418278930496 984.207520 
620418318933568 984.223633 
620418358933829 984.252930 
620418398913152 984.206543 
620418438932787 984.115479 
620418478933933 984.063232 
620418518930652 984.099365 
620418558926121 984.160645 
620418598934089 984.217285 
620418638933673 984.283447 
620418678925391 984.341064 
620418718913621 984.392334 
620418758933360 984.479248 
620418798935183 984.659180 
620418838925964 984.684570 
620418878930131 984.718506 
620418918933152 984.550781 
620418958934662 984.608643 
620418998911537 984.355469 
620419038934402 984.124512 
620419078933412 983.957031 
620419118934923 983.959229 
620419158927110 984.027832 
620419198933308 984.060059 
620419238932579 984.060547 
620419278935079 984.067627 
620419318926641 984.199219 
620419358933985 984.221924 
620419398935079 984.250488 
620419438925391 984.249268 
620419478927266 984.207275 
620419518933308 984.109131 
620419558934141 984.113525 
620419598924871 984.158936 
620419638933933 984.179688 
620419678933985 984.219482 
620419718972891 984.278320 
620419758992631 984.332520 
620419798932943 984.445557 
620419838933204 984.582275 
620419878934558 984.664307 
620419918929558 984.646973 
620419958932318 984.651855 
620419998934923 984.658447 
620420038925964 984.549316 
620420078927058 984.324463 
620420118933464 984.119385 
620420158933621 984.008301 
620420198925704 984.006104 
620420238934141 983.991211 
620420278933568 984.007324 
620420318935235 984.045166 
620420358937058 984.024658 
620420398933412 984.093018 
620420438933412 984.172607 
620420478934714 984.170654 
620420518927423 984.218018 
620420558933621 984.251221 
620420598934818 984.197754 
620420638925912 984.094238 
620420678930496 984.063721 
620420718932891 984.127686 
620420758934298 984.193359 
620420798925131 984.271729 
620420838934298 984.341064 
620420878933621 984.430420 
620420918934818 984.544189 
620420958910808 984.640625 
620420998933464 984.665527 
620421038933464 984.608154 
620421078934402 984.637939 
620421118926016 984.395996 
620421158934246 984.187500 
620421198934871 984.063721 
620421238925183 984.060791 
620421278929923 984.038086 
620421318933673 984.031738 
620421358933464 984.077881 
620421398925183 984.117920 
620421438933933 984.104492 
620421478933568 984.184814 
620421518935391 984.200439 
620421558928308 984.229004 
620421598933256 984.257813 
620421638932891 984.228271 
620421678933621 984.184082 
620421718933048 984.122559 
620421758934350 984.103271 
620421798933777 984.138672 
620421838934662 984.187744 
620421878928360 984.242432 
620421918933673 984.266113 
620421958933152 984.309570 
620421998925704 984.395264 
620422038932839 984.480957 
620422078929818 984.538086 
620422118934871 984.542969 
620422158925652 984.511230 
620422198933256 984.339355 
620422238933516 984.405518 
620422278933933 984.289063 
620422318978985 984.149902 
620422358933360 984.011963 
620422398933621 984.020508 
620422438933673 984.061279 
620422478925600 984.096924 
620422518933777 984.131592 
620422558933412 984.136475 
620422598926433 984.184814 
620422638933204 984.232422 
620422678929923 984.250244 
620422718934246 984.294189 
620422758925183 984.275635 
620422799009923 984.200439 
620422838932266 984.105957 
620422878934506 984.110596 
620422918913673 984.172607 
620422958933673 984.183838 
620422998933985 984.244141 
620423038935391 984.287842 
620423078927475 984.337402 
620423118933360 984.422852 
620423158933100 984.490234 
620423198925443 984.542725 
620423238933881 984.568359 
620423278933048 984.573975 
620423318934610 984.422607 
620423358925183 984.455811 
620423398930131 984.309326 
620423438932943 984.163086 
620423478934246 984.018799 
620423518911225 984.014404 
620423558932839 984.054688 
620423598933829 984.068115 
620423638971485 984.100830 
620423678927423 984.084717 
620423718933256 984.113281 
620423758934246 984.227295 
620423798934298 984.207275 
620423838912423 984.254150 
620423878933777 984.249756 
620423918935235 984.166016 
620423958925704 984.106689 
620423998928516 984.063721 
620424038932943 984.118164 
620424078933881 984.165283 
620424118925964 984.222412 
620424158934037 984.270264 
620424198933829 984.315430 
620424238934402 984.399658 
620424278951485 984.575439 
620424318933204 984.599121 
620424358932527 984.568848 
620424398934037 984.469238 
620424438930912 984.413818 
620424478934037 984.316650 
620424518934610 984.154541 
620424558924923 984.010010 
620424598926121 983.972412 
620424638933412 984.046875 
620424678934662 984.086670 
620424718925652 984.120605 
620424758933777 984.131104 
620424798933725 984.182617 
620424838934662 984.230469 
620424879049714 984.232910 
620424918933673 984.278564 
620424958932110 984.297363 
620424998934662 984.218750 
620425038930756 984.140869 
620425078927579 984.110840 
620425118935183 984.153320 
620425158925912 984.187012 
620425198929193 984.241699 
620425238933464 984.267334 
620425278934923 984.311768 
620425318924193 984.390869 
620425358933725 984.496582 
620425398933673 984.623047 
620425438934662 984.654053 
620425478913777 984.662598 
620425518928360 984.661133 
620425558933048 984.572021 
620425598934298 984.351074 
620425638926798 984.125977 
620425678933725 984.021484 
620425718934610 984.031982 
620425758926589 984.039551 
620425798927683 984.046387 
620425838934037 984.076904 
620425878933621 984.069092 
620425918925183 984.168457 
620425958933048 984.190430 
620425998933985 984.201904 
620426038935339 984.255127 
620426078912058 984.225586 
620426118933412 984.140381 
620426158933412 984.075684 
620426198934298 984.110596 
620426238928360 984.167236 
620426278934037 984.237549 
620426318933360 984.300049 
620426358934298 984.335449 
620426398928412 984.396973 
620426438933621 984.472656 
620426478933829 984.569580 
620426518925443 984.620117 
620426558933568 984.634033 
620426598933985 984.562744 
620426638934506 984.448486 
620426678924662 984.353760 
620426718933360 984.172607 
620426758934246 983.987305 
620426798934714 983.949463 
620426838951798 984.001221 
620426878933464 984.010986 
620426918933985 984.058594 
620426958933933 984.053467 
620426998927839 984.103760 
620427038932996 984.196533 
620427078934298 984.218018 
620427118925443 984.268066 
620427158935704 984.212402 
620427198934037 984.128418 
620427238934662 984.069336 
620427278925704 984.122314 
620427318932996 984.192383 
620427358933412 984.267090 
620427398933464 984.317627 
620427438925391 984.357666 
620427478933360 984.405762 
620427518933725 984.485352 
620427558934871 984.656494 
620427598929246 984.733154 
620427638933881 984.640869 
620427678933725 984.675781 
620427718926902 984.492188 
620427758933673 984.059570 
620427798934089 983.973389 
620427838934923 984.028809 
620427878924923 984.030762 
620427918912371 984.058105 
620427958933256 984.105957 
620427998934402 984.076660 
620428038912527 984.135986 
620428078933829 984.193359 
620428118933412 984.182129 
620428158973048 984.223877 
620428198928256 984.212646 
620428238933100 984.118164 
620428278933152 984.057617 
620428318925183 984.025635 
620428358933673 984.094971 
620428398933725 984.174805 
620428438934871 984.273926 
620428478925704 984.322998 
620428518929871 984.351563 
620428558932891 984.417236 
620428598934610 984.512207 
620428638925652 984.618896 
620428678933308 984.644775 
620428718933881 984.694580 
620428758934558 984.597412 
620428798926746 984.683105 
620428838932423 984.456055 
620428878933308 984.232422 
620428918934662 984.053467 
620428958929923 984.001709 
620428998932943 984.002930 
620429038934246 983.993896 
620429078924610 984.015137 
620429118927527 984.017090 
620429158932318 983.999023 
620429198934089 984.170166 
620429238925183 984.190918 
620429278932891 984.212646 
620429318926589 984.240479 
620429358935079 984.166016 
620429398928048 984.074463 
620429438933621 984.043701 
620429478934246 984.111816 
620429518934662 984.153076 
620429558929818 984.196045 
620429598932631 984.266846 
620429638933777 984.315674 
620429678925183 984.407227 
620429718912371 984.516113 
620429758933204 984.619385 
620429798934402 984.625000 
620429838925443 984.660156 
620429878933985 984.562256 
620429918933725 984.571289 
620429958935131 984.394043 
620429998912527 984.211914 
620430038933204 984.054932 
620430078933412 984.042480 
620430118934558 984.037354 
620430158927110 984.021240 
620430198933568 984.040771 
620430238935235 984.050537 
620430278925704 984.049805 
620430318927891 984.211182 
620430358933464 984.214600 
620430398934402 984.239746 
620430438925183 984.266846 
620430478933777 984.161377 
620430518933725 984.084473 
620430558934089 984.058838 
620430598911485 984.127686 
620430638933412 984.155518 
620430678933725 984.207764 
620430718934246 984.259033 
620430758926693 984.313477 
620430798932943 984.402832 
620430838933881 984.552979 
620430878938100 984.675293 
620430918927996 984.695068 
620430958933725 984.683594 
620430998933152 984.543213 
620431038925183 984.666992 
620431078933725 984.413330 
620431118934246 984.183594 
620431158934714 984.054688 
620431198925652 984.035156 
620431238933829 984.042969 
620431278932683 984.082764 
620431318934402 984.058105 
620431358930079 984.180664 
620431398933464 984.187988 
620431438927579 984.189941 
620431478934610 984.253418 
620431518927318 984.190918 
620431558933516 984.057373 
620431598932891 984.032959 
620431638925183 984.100830 
620431678933673 984.175781 
620431718932683 984.211182 
620431758933933 984.267822 
620431798925391 984.308594 
620431838912527 984.392578 
620431878932631 984.519531 
620431918934089 984.679443 
620431958929350 984.737061 
620431998933725 984.771729 
620432038933412 984.686768 
620432078934558 984.763184 
620432118927996 984.475830 
620432158933360 984.239258 
620432198934558 984.039551 
620432238925391 984.000244 
620432278932943 984.000000 
620432318932527 983.972168 
620432358933621 983.990234 
620432398925183 983.969238 
620432438926954 984.043701 
620432478932631 984.146240 
620432518934350 984.154297 
620432558912683 984.204590 
620432598933725 984.203125 
620432638933204 984.092773 
620432678972162 984.033936 
620432718926641 984.036133 
620432758932891 984.130127 
620432798933673 984.175537 
620432838926537 984.251221 
620432878933048 984.300049 
620432918933621 984.349121 
620432958934193 984.460938 
620432998925704 984.627930 
620433038928308 984.707764 
620433078933048 984.664307 
620433118933568 984.607666 
620433158928568 984.557129 
620433198933673 984.403809 
620433238933360 984.172363 
620433278934141 984.015381 
620433318927631 984.056885 
620433358932371 984.048828 
620433398932371 984.043945 
620433438934431 984.076904 
620433478927660 984.065186 
620433518933129 984.132813 
620433558929587 984.177246 
620433598924639 984.174316 
620433638927139 984.223389 
620433678933337 984.178223 
620433718934170 984.091797 
620433758925160 984.025391 
620433798934014 984.028564 
620433838933910 984.093506 
620433878935056 984.136230 
620433919036410 984.214844 
620433958933754 984.275635 
620433998933597 984.345215 
620434038934900 984.428955 
620434078930420 984.561768 
620434118934014 984.646240 
620434158935004 984.695068 
620434198925941 984.657715 
620434238925368 984.602051 
620434278932712 984.463135 
620434318934431 984.281250 
620434358924691 984.057373 
620434398934014 983.980957 
620434438934014 983.991455 
620434478934900 983.991699 
620434518914275 983.998047 
620434558933441 984.006348 
620434598933493 983.994385 
620434638934483 984.093506 
620434678927035 984.154785 
620434718934014 984.198242 
620434758935004 984.233154 
620434798925681 984.098145 
620434839001566 984.042236 
620434878932920 984.066406 
620434918933493 984.141113 
620434958924952 984.150879 
620434998932556 984.227051 
620435038933754 984.290527 
620435078935160 984.368408 
620435118911202 984.484619 
620435158933441 984.585205 
620435198933545 984.602539 
620435238935004 984.610107 
620435278927452 984.552246 
620435318933754 984.442871 
620435358927504 984.360596 
620435398932972 984.210693 
620435438933962 984.032959 
620435478925733 983.966553 
620435518933337 984.017578 
620435558933910 984.016602 
620435598935108 984.022949 
620435638925160 984.065674 
620435678912347 984.052002 
620435718933910 984.215576 
620435758933233 984.210205 
620435798912868 984.262207 
620435838933493 984.235352 
620435878933389 984.112305 
620435918933650 984.056641 
620435958928910 984.076660 
620435998933441 984.154541 
620436038932452 984.151611 
620436078925993 984.222412 
620436118934847 984.280029 
620436158933650 984.360596 
620436198935108 984.465088 
620436238925681 984.649658 
620436278927712 984.704346 
620436318933597 984.748535 
620436358935108 984.633545 
620436398911097 984.627197 
620436438933858 984.435791 
620436478933493 984.242920 
620436518972660 984.041016 
620436558933129 983.979492 
620436598933754 984.028320 
620436638933754 984.036865 
620436678938754 984.052002 
620436718927816 984.037598 
620436758932972 984.030518 
620436798934952 984.181396 
620436838925212 984.190186 
620436878932347 984.208008 
620436918934014 984.205811 
620436958933962 984.106201 
620436998925681 984.033203 
620437038932920 984.010010 
620437078933650 984.120117 
620437118935004 984.165039 
620437158995004 984.239258 
620437198926462 984.314453 
620437238934327 984.374512 
620437278934795 984.448975 
620437318930160 984.577393 
620437358933597 984.728760 
620437398935004 984.796875 
620437438925212 984.733154 
620437478927712 984.676025 
620437518932920 984.517578 
620437558933858 984.319824 
620437598925212 984.066650 
620437638933077 983.935791 
620437678932972 983.976807 
620437718935264 983.990723 
620437758914014 983.991943 
620437799043545 984.001465 
620437838933441 983.971680 
620437878934587 984.064209 
620437918927087 984.135986 
620437958933233 984.167725 
620437998935160 984.198730 
620438038925212 984.221680 
620438078926775 984.112793 
620438118932400 984.029053 
620438158934379 984.047852 
620438198925420 984.127441 
620438238933754 984.145020 
620438278933597 984.353271 
620438318935004 984.438232 
620438358911722 984.487793 
620438398933702 984.540527 
620438438933493 984.588135 
620438478935472 984.560547 
620438518925368 984.499023 
620438558933545 984.396484 
620438598934900 984.227051 
620438638925681 984.042236 
620438678927191 984.019287 
620438718932920 984.049072 
620438758935420 984.062500 
620438798926202 984.102539 
620438838933389 984.094238 
620438878933754 984.121338 
620438918935160 984.238525 
620438958929483 984.211670 
620438998933389 984.272217 
620439038933493 984.279297 
620439078934483 984.192139 
620439118928806 984.110352 
620439158935264 984.093994 
620439198926410 984.186279 
620439238933754 984.200928 
620439278934952 984.279053 
620439318925733 984.304443 
620439359027608 984.363281 
620439398933493 984.456055 
620439438935264 984.569092 
620439478925212 984.633057 
620439518933441 984.646240 
620439558934014 984.659912 
620439598935525 984.513916 
620439638912035 984.565186 
620439678930316 984.353760 
620439718933285 984.151123 
620439758934222 983.958008 
620439798925160 983.976318 
620439838933389 984.024658 
620439878934379 984.028076 
620439918925941 984.069824 
620439958928597 984.046387 
620439998932920 984.088379 
620440038933337 984.189697 
620440078925941 984.194580 
620440118934327 984.258545 
620440158933806 984.230469 
620440198925681 984.122803 
620440238933650 984.074951 
620440278934587 984.102783 
620440318912504 984.169678 
620440358933441 984.180664 
620440398932868 984.254395 
620440438934483 984.300049 
620440478927191 984.358887 
620440518927608 984.447266 
620440558933389 984.527344 
620440598925681 984.561523 
620440638933754 984.591064 
620440678933389 984.574463 
620440718935212 984.476563 
620440758925160 984.331299 
620440798927400 984.147949 
620440838933441 983.970947 
620440878934900 983.962646 
620440918919535 984.026367 
620440958933858 984.057617 
620440998933493 984.110596 
620441038972712 984.096436 
620441078927347 984.130371 
620441118933597 984.221924 
620441158928597 984.226563 
620441198925681 984.283447 
620441238928025 984.287354 
620441278934222 984.188232 
620441318935108 984.092773 
620441358925160 984.060791 
620441398925212 984.145264 
620441438933754 984.152344 
620441478935733 984.199951 
620441518925733 984.264404 
620441558933650 984.329102 
620441598933650 984.437256 
620441638935368 984.571533 
620441678998077 984.639404 
620441718933858 984.642578 
620441758933233 984.508545 
620441798935004 984.437744 
620441838929431 984.261963 
620441878932816 984.042480 
620441918935056 984.004639 
620441958925212 984.022705 
620441998925629 984.030029 
620442038933650 984.064209 
620442078934639 984.073486 
620442118925941 984.081055 
620442158933650 984.210938 
620442198933858 984.215332 
620442238935264 984.272217 
620442278931202 984.247314 
620442319009587 984.129395 
620442358933702 984.065674 
620442398934900 984.050049 
620442438930837 984.118408 
620442478933858 984.151123 
620442518935525 984.230469 
620442558925160 984.286377 
620442598968337 984.352539 
620442638934222 984.452881 
620442678935004 984.597168 
620442718925941 984.706299 
620442758933962 984.726563 
620442798933754 984.726318 
620442838934170 984.598877 
620442878913441 984.547852 
620442918930681 984.336914 
620442958934170 984.102295 
620442998934900 983.972656 
620443038926931 983.992188 
620443078932816 984.035889 
620443118934639 984.047852 
620443158925160 984.069092 
620443198928754 984.083252 
620443238933806 984.208008 
620443278933910 984.212891 
620443318926202 984.255859 
620443358933962 984.282959 
620443398933650 984.218750 
620443438934952 984.099121 
620443478912295 984.047607 
620443518930160 984.073242 
620443558933181 984.148926 
620443598934900 984.182373 
620443638926670 984.256592 
620443678934222 984.302002 
620443718934014 984.381348 
620443758934014 984.450439 
620443798929118 984.595215 
620443838933754 984.621094 
620443878933025 984.660156 
620443918924431 984.602295 
620443958933910 984.562744 
620443998934222 984.411133 
620444038934691 984.227051 
620444078924952 984.020508 
620444118933650 983.956055 
620444158933025 984.008545 
620444198935629 984.031494 
620444238927608 984.063477 
620444278934014 984.077148 
620444318934275 984.060303 
620444358934431 984.218018 
620444398928285 984.230225 
620444438933702 984.236328 
620444478933650 984.268799 
620444518924691 984.208496 
620444558934327 984.097168 
620444598934743 984.085449 
620444638935108 984.190674 
620444678925993 984.218506 
620444718912347 984.232178 
620444758933493 984.321045 
620444798933806 984.408203 
620444838924847 984.511230 
620444878933650 984.613281 
620444918933650 984.691650 
620444958934795 984.707031 
620444998929431 984.675781 
620445038933441 984.492676 
620445078933025 984.557861 
620445118925681 984.293945 
620445158933754 984.048340 
620445198933962 984.031494 
620445238935056 984.037598 
620445278925941 984.061523 
620445318933650 984.062012 
620445358933650 984.064453 
620445398934743 984.227539 
620445438913025 984.195068 
620445478933754 984.223145 
620445518933754 984.266357 
620445558972660 984.201172 
620445598927764 984.087402 
620445638933858 984.072510 
620445678933493 984.172119 
620445718925681 984.200928 
620445758912035 984.247559 
620445798933754 984.336670 
620445838935160 984.381348 
620445878926202 984.475098 
620445918930837 984.549561 
620445958932868 984.617920 
620445998933858 984.631836 
620446038929639 984.629150 
620446078933597 984.487793 
620446118934327 984.549805 
620446158972139 984.356445 
620446198934847 984.152832 
620446238932608 983.988525 
620446278933337 983.969727 
620446318935368 984.063477 
620446358931045 984.118408 
620446398933754 984.140381 
620446438935472 984.107178 
620446478925420 984.268066 
620446518927191 984.285645 
620446558933962 984.277100 
620446598934900 984.288574 
620446638925733 984.281250 
620446678933754 984.190186 
620446718933754 984.113770 
620446758934639 984.122314 
620446798931618 984.216064 
620446838934170 984.257813 
620446878933858 984.324707 
620446918935004 984.361328 
620446958930212 984.395752 
620446998933702 984.436523 
620447038935525 984.535400 
620447078925733 984.639893 
620447118926462 984.693115 
620447158934014 984.580078 
620447198933702 984.588135 
620447238924483 984.438477 
620447278934014 984.260986 
620447318933181 984.041504 
620447358935472 983.994629 
620447398912139 984.045654 
620447438934014 984.053711 
620447478933702 984.063965 
620447518935160 984.080322 
620447558927608 984.105469 
620447598933702 984.180664 
620447638934847 984.162354 
620447678925160 984.202881 
620447718927712 984.241943 
620447758927087 984.218018 
620447798934795 984.138916 
620447838925472 984.122070 
620447878933858 984.181396 
620447918933910 984.211914 
620447958934066 984.271729 
620447998912400 984.308105 
620448038929587 984.321777 
620448078933493 984.361328 
620448118934847 984.403076 
620448158927504 984.426514 
620448198933754 984.461670 
620448238934691 984.468506 
620448278928806 984.492920 
620448318927087 984.454346 
620448358933650 984.329346 
620448398934014 984.283936 
620448438925681 984.329834 
620448478933702 984.210449 
620448518934014 984.061768 
620448558934118 984.121338 
620448598926202 984.162109 
620448638912452 984.161865 
620448678932608 984.170898 
620448718934431 984.197510 
620448758929743 984.210449 
620448798933337 984.189209 
620448838932816 984.212646 
620448878935525 984.218018 
620448918927868 984.255615 
620448958933441 984.290527 
620448998932920 984.276123 
620449038924431 984.263184 
620449078933441 984.262451 
620449118933754 984.284424 
620449158935056 984.278564 
620449198925733 984.257813 
620449238926097 984.237061 
620449278933441 984.217529 
620449318934483 984.214111 
620449359033858 984.243408 
620449398933962 984.242432 
620449438933702 984.228027 
620449478934535 984.234131 
620449518926879 984.225830 
620449558934014 984.210205 
620449598933910 984.216309 
620449638925733 984.244873 
620449678933754 984.261475 
620449718933962 984.265625 
620449758935160 984.283447 
620449798925420 984.290527 
620449838931462 984.286865 
620449878933650 984.289795 
620449918935160 984.291992 
620449958912400 984.286133 
620449998933702 984.274658 
620450038933910 984.272461 
620450078934118 984.272949 
620450118927816 984.270752 
620450158932712 984.260986 
620450198932816 984.261963 
620450238924691 984.260498 
620450278933754 984.260498 
620450318933910 984.268555 
620450358935108 984.262207 
620450398925681 984.274414 
620450438927347 984.274902 
620450478933181 984.267090 
620450518935264 984.267334 
620450558912243 984.276367 
620450598933597 984.278320 
620450638933702 984.277588 
620450678972556 984.270264 
620450718926722 984.273438 
620450758930785 984.270020 
620450798933389 984.269531 
620450838934743 984.271484 
620450878930629 984.272949 
620450918933754 984.278564 
620450958934379 984.276611 
620450998925681 984.275635 
620451038933597 984.281982 
620451078932868 984.281250 
620451118934587 984.283691 
620451158925681 984.278809 
620451198933493 984.275391 
620451238933650 984.286133 
620451278935525 984.292236 
620451319028025 984.287598 
620451358928129 984.280273 
620451398932816 984.275879 
620451438934222 984.274170 
620451478931722 984.273438 
620451518933754 984.278809 
620451558934900 984.281250 
620451598925212 984.284424 
620451638926722 984.275146 
620451678933702 984.279297 
620451718934847 984.282959 
620451758925681 984.271973 
620451798933129 984.277344 
620451838933962 984.274658 
620451878935160 984.270508 
620451918912556 984.270752 
620451958928077 984.270752 
620451998932868 984.274902 
620452038934327 984.273926 
620452078928129 984.278809 
620452118933806 984.277100 
620452158935264 984.271240 
620452198926254 984.273926 
620452238987087 984.276367 
620452278933181 984.277588 
620452318933077 984.281250 
620452358925420 984.284180 
620452398933389 984.286377 
620452438933441 984.272461 
620452478934327 984.269775 
620452518913545 984.275146 
620452558932920 984.274170 
620452598933962 984.278076 
620452638934118 984.275635 
620452678926045 984.274658 
620452718932972 984.270264 
620452758933650 984.270508 
620452798925681 984.306641 
620452838927608 984.298584 
620452878933389 984.277832 
620452918933441 984.240479 
620452958925733 984.254395 
620452998934066 984.254150 
620453038934222 984.259277 
620453078934952 984.253906 
620453118929327 984.254150 
620453158933650 984.255127 
620453198934066 984.251221 
620453238935212 984.252930 
620453278927347 984.254150 
620453318934170 984.255615 
620453358933650 984.256348 
620453398935264 984.245850 
620453438927504 984.257080 
620453478933389 984.260742 
620453518932452 984.259033 
620453558925212 984.243652 
620453598934066 984.234131 
620453638934014 984.245605 
620453678934952 984.266602 
620453718925160 984.269531 
620453758926150 984.260498 
620453798933389 984.262695 
620453838935056 984.257813 
620453878995785 984.240967 
620453918933389 984.215820 
620453958933754 984.190674 
620453998934639 984.182617 
620454038925733 984.191895 
620454078933858 984.206787 
620454118933962 984.204102 
620454158925681 984.203369 
620454198933441 984.208252 
620454238933389 984.221680 
620454278934847 984.237305 
620454318925889 984.269775 
620454358942504 984.281250 
620454398933597 984.277344 
620454438934691 984.279053 
620454478912868 984.287109 
620454518933806 984.289551 
620454558933702 984.284180 
620454598934691 984.277100 
620454638928025 984.279785 
620454678932816 984.295410 
620454718933493 984.310303 
620454758926150 984.323730 
620454798933650 984.337402 
620454838933129 984.369629 
620454878934795 984.420654 
620454918925108 984.494385 
620454958926306 984.528320 
620454998933702 984.470703 
620455038935368 984.386719 
620455078913910 984.328857 
620455118933181 984.288086 
620455158934170 984.272461 
620455198972712 984.273682 
620455238928910 984.273438 
620455278933493 984.225830 
620455318933233 984.169922 
620455358926775 984.177734 
620455398912400 984.201660 
620455438933441 984.190674 
620455478934795 984.182861 
620455518925681 984.229980 
620455558934743 984.250244 
620455598933233 984.237549 
620455638934743 984.203369 
620455678925160 984.183594 
620455718934118 984.182861 
620455758934483 984.190918 
620455798935004 984.182617 
620455838994691 984.181396 
620455878933129 984.194092 
620455918933962 984.213867 
620455958935212 984.222656 
620455998927764 984.231689 
620456038934222 984.232422 
620456078935160 984.231934 
620456118925420 984.222168 
620456158925577 984.214600 
620456198933754 984.205566 
620456238933858 984.213623 
620456278925681 984.198730 
620456318933129 984.192627 
620456358933910 984.191650 
620456398934118 984.192627 
620456438927608 984.189453 
620456478930264 984.184082 
620456518933493 984.181641 
620456558934379 984.181641 
620456598928337 984.191895 
620456638934118 984.195068 
620456678935160 984.202148 
620456718924170 984.208984 
620456759040212 984.217773 
620456798933910 984.221924 
620456838934014 984.238281 
620456878925993 984.237549 
620456918927347 984.249268 
620456958934014 984.258057 
620456998934483 984.267822 
620457038913754 984.254395 
620457078933597 984.235596 
620457118928806 984.229736 
620457158934952 984.220947 
620457198927087 984.218018 
620457238933493 984.202881 
620457278934483 984.198730 
620457318924743 984.207031 
620457358927556 984.206055 
620457398932972 984.205566 
620457438933493 984.204346 
620457478925681 984.204346 
620457518933441 984.203857 
620457558934691 984.206299 
620457598952972 984.208740 
620457638911462 984.213379 
620457678934014 984.204834 
620457718933389 984.210205 
620457758934743 984.207520 
620457798927920 984.217773 
620457838933702 984.221191 
620457878933702 984.223389 
620457919013962 984.217529 
620457958928233 984.214355 
620457998932920 984.220703 
620458038927556 984.227783 
620458078924691 984.218262 
