# Created at Thu Mar 27 09:04:38 GMT+01:00 2025 in Burnaby Canada 
992959286003 1.000000 
993559215003 2.000000 
994119144003 3.000000 
994719079003 4.000000 
995239014003 5.000000 
995778949003 6.000000 
996378875003 7.000000 
996918816003 8.000000 
997538738003 9.000000 
998098677003 10.000000 
998658608003 11.000000 
999838470003 12.000000 
1000458393003 13.000000 
1000998330003 14.000000 
1001478269003 15.000000 
1002118199003 16.000000 
1002718124003 17.000000 
1003278063003 18.000000 
1003877988003 19.000000 
1004437921003 20.000000 
1004997851003 21.000000 
1005817756003 22.000000 
1006977614003 24.000000 
1007477561003 25.000000 
1008537431003 26.000000 
1008997374003 27.000000 
1009637304003 28.000000 
1010697180003 30.000000 
1011297105003 31.000000 
1011757050003 32.000000 
1012296983003 33.000000 
1012956910003 34.000000 
1013396853003 35.000000 
1014076772003 36.000000 
1014616704003 37.000000 
1015176645003 38.000000 
1015736575003 39.000000 
1016316511003 40.000000 
1016856443003 41.000000 
1017436374003 42.000000 
1017976305003 43.000000 
1018596239003 44.000000 
1019116172003 45.000000 
1019696109003 46.000000 
1020236043003 47.000000 
1020835969003 48.000000 
1021375912003 49.000000 
1021915843003 50.000000 
1022895723003 51.000000 
1023415659003 52.000000 
1023995596003 53.000000 
1025075470003 55.000000 
1025575407003 56.000000 
1026215330003 57.000000 
1027335198003 59.000000 
1027835139003 60.000000 
1028435064003 61.000000 
1028935012003 62.000000 
1029514939003 63.000000 
1029954892003 64.000000 
1030594813003 65.000000 
1031094754003 66.000000 
1031714675003 67.000000 
1032154630003 68.000000 
1032734557003 69.000000 
1033234498003 70.000000 
1033794427003 71.000000 
1034254379003 72.000000 
1034914296003 73.000000 
1035374249003 74.000000 
1035894184003 75.000000 
1036354126003 76.000000 
1036974050003 77.000000 
1037513993003 78.000000 
1038073922003 79.000000 
1038613859003 80.000000 
1039093798003 81.000000 
1039633740003 82.000000 
1040193669003 83.000000 
1040793604003 84.000000 
1041173557003 85.000000 
1041693490003 86.000000 
1042213429003 87.000000 
1042733364003 88.000000 
1043293303003 89.000000 
1043773242003 90.000000 
1044333175003 91.000000 
1044873108003 92.000000 
1045433048003 93.000000 
1045932985003 94.000000 
1046572914003 95.000000 
1047052853003 96.000000 
1047612788003 97.000000 
1048112725003 98.000000 
1048732656003 99.000000 
1049172601003 100.000000 
1049772528003 101.000000 
1050272465003 102.000000 
1050832407003 103.000000 
1051332344003 104.000000 
1051931590910 105.000000 
1052391533910 106.000000 
1053011458910 107.000000 
1053511395910 108.000000 
1054111330910 109.000000 
1054651265910 110.000000 
1055211194910 111.000000 
1055711138910 112.000000 
1056291068910 113.000000 
1056771009910 114.000000 
1057370936910 115.000000 
1057870881910 116.000000 
1058470809910 117.000000 
1058970754910 118.000000 
1059490689910 119.000000 
1059950632910 120.000000 
1060510565910 121.000000 
1060990504910 122.000000 
1061590439910 123.000000 
1062030384910 124.000000 
1062690305910 125.000000 
1063130248910 126.000000 
1063650194910 127.000000 
1064150131910 128.000000 
1064670075910 129.000000 
1065150015910 130.000000 
1065709947910 131.000000 
1066189888910 132.000000 
1066789822910 133.000000 
1067289760910 134.000000 
1067869696910 135.000000 
1068409630910 136.000000 
1068929566910 137.000000 
1069469500910 138.000000 
1070049436910 139.000000 
1071029316910 141.000000 
1071529253910 142.000000 
1072129187910 143.000000 
1073209061910 145.000000 
1073629010910 146.000000 
1074268933910 147.000000 
1075288813910 149.000000 
1075748756910 150.000000 
1076308689910 151.000000 
1076768632910 152.000000 
1077348567910 153.000000 
1077808510910 154.000000 
1078428435910 155.000000 
1078908376910 156.000000 
1079508310910 157.000000 
1079968253910 158.000000 
1080548190910 159.000000 
1081068123910 160.000000 
1081648054910 161.000000 
1082667936910 163.000000 
1083427839910 164.000000 
1084467713910 166.000000 
1084947663910 167.000000 
1085587583910 168.000000 
1086047535910 169.000000 
1086667457910 170.000000 
1087167397910 171.000000 
1087747325910 172.000000 
1088287266910 173.000000 
1088867194910 174.000000 
1089907074910 175.000000 
