# Created at Fri Mar 14 10:53:40 GMT+01:00 2025 in Burnaby Canada 
153451743445311 986.237305 
153451843433511 986.241455 
153451943421677 986.233398 
153452043409843 986.232910 
153452143398009 986.222168 
153452243386275 986.229492 
153452343374441 986.232178 
153452443362607 986.224121 
153452543350740 986.224609 
153452643338606 986.224121 
153452743326539 986.228271 
153452843314539 986.236816 
153452943302539 986.236572 
153453043290505 986.237549 
153453143278471 986.250244 
153453243266537 986.257568 
153453343254537 986.257080 
153453443242503 986.260010 
153453543230469 986.261230 
153453643218435 986.268311 
153453743206368 986.269043 
153453843194368 986.269287 
153453943182601 986.264160 
153454043170801 986.267334 
153454143159001 986.271484 
153454243147201 986.268066 
153454343135434 986.265137 
153454443123667 986.270020 
153454543111867 986.273926 
153454643100067 986.277832 
153454743088067 986.270996 
153454843075967 986.269775 
153454943064000 986.275635 
153455043052233 986.267822 
153455143040466 986.263672 
153455243028666 986.264404 
153455343016866 986.265381 
153455443005099 986.268311 
153455542993332 986.269287 
153455642981532 986.277100 
153455742969732 986.287842 
153455842957832 986.291748 
153455942945932 986.297363 
153456042934165 986.290283 
153456142922398 986.290039 
153456242910598 986.288818 
153456342898798 986.286865 
153456442887031 986.286621 
153456542875264 986.275391 
153456642863464 986.253662 
153456742851664 986.238525 
153456842839764 986.237305 
153456942827630 986.243164 
153457042815496 986.249756 
153457142803696 986.256836 
153457242791896 986.256104 
153457342780062 986.261719 
153457442768228 986.260254 
153457542756428 986.251709 
153457642744628 986.244873 
153457742732794 986.243164 
153457842720960 986.234863 
153457942708993 986.239746 
153458042696859 986.235352 
153458142684725 986.238525 
153458242672725 986.241455 
153458342660725 986.241211 
153458442648691 986.238281 
153458542636657 986.235840 
153458642624657 986.248047 
153458742612657 986.252441 
153458842600623 986.242676 
153458942588589 986.239990 
153459042576455 986.228760 
153459142564321 986.224121 
153459242552387 986.229248 
153459342540620 986.242432 
153459442528820 986.252441 
153459542517020 986.257080 
153459642505253 986.269043 
153459742493486 986.258545 
153459842481686 986.261475 
153459942469886 986.258789 
153460042458119 986.254883 
153460142446019 986.259033 
153460242433919 986.265869 
153460342422052 986.273193 
153460442410285 986.282227 
153460542398485 986.278809 
153460642386685 986.281006 
153460742374885 986.266846 
153460842363118 986.262695 
153460942351351 986.253174 
153461042339551 986.247070 
153461142327751 986.252930 
153461242315851 986.260986 
153461342303951 986.252441 
153461442292184 986.262695 
153461542280417 986.270264 
153461642268617 986.275146 
153461742256817 986.277344 
153461842245050 986.280762 
153461942233283 986.278809 
153462042221483 986.264893 
153462142209683 986.258301 
153462242197716 986.251221 
153462342185582 986.245605 
153462442173482 986.248779 
153462542161682 986.268066 
153462642149848 986.263672 
153462742138014 986.260254 
153462842126180 986.247803 
153462942114380 986.236084 
153463042102546 986.231689 
153463142090712 986.233398 
153463242078878 986.240234 
153463342066844 986.238525 
153463442054710 986.228516 
153463542042643 986.231934 
153463642030643 986.237061 
153463742018643 986.242920 
153463842006609 986.240234 
153463941994575 986.233887 
153464041982575 986.232666 
153464141970575 986.234375 
153464241958541 986.227051 
153464341946507 986.238770 
153464441934373 986.233643 
153464541922239 986.231689 
153464641910372 986.244141 
153464741898605 986.245117 
153464841886805 986.248047 
153464941875005 986.248779 
153465041863238 986.239990 
153465141851471 986.231934 
153465241839671 986.226074 
153465341827871 986.216797 
153465441816071 986.218750 
153465541803971 986.216797 
153465641791871 986.235107 
153465741780037 986.246826 
153465841768270 986.244141 
153465941756470 986.233643 
153466041744670 986.226074 
153466141732903 986.217773 
153466241721136 986.202393 
153466341709336 986.195068 
153466441697536 986.204102 
153466541685702 986.208984 
153466641673802 986.217041 
153466741661902 986.224121 
153466841650135 986.226807 
153466941638368 986.229248 
153467041626568 986.218994 
153467141614768 986.212646 
153467241603001 986.206787 
153467341591234 986.209717 
153467441579434 986.210693 
153467541567634 986.212158 
153467641555600 986.220459 
153467741543466 986.226318 
153467841531532 986.226074 
153467941519732 986.228516 
153468041507898 986.230957 
153468141496064 986.220947 
153468241484230 986.208496 
153468341472430 986.214844 
153468441460596 986.215088 
153468541448762 986.222900 
153468641436928 986.237305 
153468741424861 986.247314 
153468841412727 986.244385 
153468941400727 986.238281 
153469041388727 986.230225 
153469141376693 986.230225 
153469241364659 986.209473 
153469341352659 986.211182 
153469441340659 986.212646 
153469541328625 986.213379 
153469641316591 986.232178 
153469741304591 986.245850 
153469841292457 986.248535 
153469941280323 986.258301 
153470041268556 986.259766 
153470141256789 986.265625 
153470241244989 986.257080 
153470341233189 986.257568 
153470441221422 986.247559 
153470541209655 986.242676 
153470641197855 986.242676 
153470741186055 986.247559 
153470841174088 986.249756 
153470941161988 986.253174 
153471041149921 986.253418 
153471141138154 986.258545 
153471241126387 986.254395 
153471341114587 986.258789 
153471441102787 986.264160 
153471541091020 986.260742 
153471641079253 986.253906 
153471741067453 986.258789 
153471841055653 986.255371 
153471941043753 986.251953 
153472041031853 986.262207 
153472141019986 986.250977 
153472241008219 986.241455 
153472340996419 986.235596 
153472440984619 986.231689 
153472540972852 986.226807 
153472640961085 986.228271 
153472740949285 986.231934 
153472840937485 986.234863 
153472940925685 986.240479 
153473040913551 986.241943 
153473140901417 986.235107 
153473240889517 986.229736 
153473340877717 986.231445 
153473440865883 986.225586 
153473540854049 986.228760 
153473640842215 986.235840 
153473740830415 986.235107 
153473840818581 986.239502 
153473940806747 986.231934 
153474040794880 986.241699 
153474140782746 986.238281 
153474240770612 986.237061 
153474340758612 986.230713 
153474440746612 986.221680 
153474540734578 986.212891 
153474640722544 986.227295 
153474740710544 986.234619 
153474840698544 986.238281 
153474940686510 986.243408 
153475040674476 986.237793 
153475140662442 986.242188 
153475240650308 986.239746 
153475340638308 986.235840 
153475440626541 986.238281 
153475540614741 986.224121 
153475640602941 986.230713 
153475740591141 986.236572 
153475840579374 986.229492 
153475940567607 986.231445 
153476040555807 986.231445 
153476140544007 986.232666 
153476240532007 986.231689 
153476340519907 986.232910 
153476440507940 986.207031 
153476540496173 986.213623 
153476640484406 986.218018 
153476740472606 986.226807 
153476840460806 986.237793 
153476940449039 986.246826 
153477040437272 986.247803 
153477140425472 986.244629 
153477240413672 986.239746 
153477340401772 986.242432 
153477440389872 986.242188 
153477540378105 986.232422 
153477640366338 986.233154 
153477740354538 986.239014 
153477840342738 986.246338 
153477940330971 986.247559 
153478040319271 986.255371 
153478140307471 986.249023 
153478240295671 986.248779 
153478340283771 986.250000 
153478440271637 986.249023 
153478540259570 986.250977 
153478640247770 986.246582 
153478740235970 986.256348 
153478840224136 986.248535 
153478940212302 986.250244 
153479040200535 986.248535 
153479140188735 986.238525 
153479240176901 986.237305 
153479340165067 986.273682 
153479440153100 986.266602 
153479540141033 986.247314 
153479640128899 986.245605 
153479740116899 986.249756 
153479840104899 986.244873 
153479940092865 986.250732 
153480040080898 986.256592 
153480140068898 986.254395 
153480240056898 986.250977 
153480340044864 986.252930 
153480440032830 986.244629 
153480540020763 986.236816 
153480640008629 986.243164 
153480739996695 986.240723 
153480839984928 986.242188 
153480939973128 986.240234 
153481039961328 986.241943 
153481139949561 986.246826 
153481239937794 986.247314 
153481339925994 986.253906 
153481439914194 986.250732 
153481539902394 986.246094 
153481639890294 986.255615 
153481739878194 986.252686 
153481839866327 986.253906 
153481939854560 986.248291 
153482039842793 986.255859 
153482139830993 986.244141 
153482239819193 986.256836 
153482339807426 986.264893 
153482439795659 986.257813 
153482539783859 986.248779 
153482639772059 986.254883 
153482739760159 986.257813 
153482839748259 986.262451 
153482939736492 986.268311 
153483039724725 986.264893 
153483139712925 986.264404 
153483239701125 986.264648 
153483339689358 986.267090 
153483439677591 986.253418 
153483539665791 986.234131 
153483639653991 986.234375 
153483739642024 986.244873 
153483839629890 986.242676 
153483939617790 986.239746 
153484039605990 986.247803 
153484139594156 986.251953 
153484239582322 986.252197 
153484339570488 986.253418 
153484439558688 986.248291 
153484539546888 986.238525 
153484639535054 986.241943 
153484739523220 986.249268 
153484839511186 986.257813 
153484939499052 986.253174 
153485039486952 986.257324 
153485139474952 986.250977 
153485239462952 986.249512 
153485339450918 986.252197 
153485439438884 986.246338 
153485539426884 986.238525 
153485639414884 986.241943 
153485739402850 986.246582 
153485839390816 986.246826 
153485939378682 986.243896 
153486039366548 986.245117 
153486139354681 986.247314 
153486239342914 986.245117 
153486339331114 986.250244 
153486439319314 986.243408 
153486539307547 986.253662 
153486639295780 986.251465 
153486739283980 986.250244 
153486839272180 986.246826 
153486939260380 986.252930 
153487039248280 986.254150 
153487139236180 986.258301 
153487239224346 986.251221 
153487339212579 986.250488 
153487439200779 986.243164 
153487539188979 986.246094 
153487639177212 986.237305 
153487739165445 986.237061 
153487839153645 986.240234 
153487939141845 986.244385 
153488039130011 986.250000 
153488139118111 986.255127 
153488239106211 986.241211 
153488339094444 986.241699 
153488439082677 986.249756 
153488539070877 986.258057 
153488639059077 986.253174 
153488739047310 986.257080 
153488839035543 986.257080 
153488939023743 986.257568 
153489039011943 986.257568 
153489138999909 986.251709 
153489238987775 986.254883 
153489338975841 986.256104 
153489438964041 986.248047 
153489538952207 986.251709 
153489638940373 986.264893 
153489738928539 986.267822 
153489838916739 986.269287 
153489938904905 986.261230 
153490038893071 986.252686 
153490138881237 986.250732 
153490238869170 986.249023 
153490338857036 986.235596 
153490438845036 986.230713 
153490538833036 986.241211 
153490638821002 986.238037 
153490738808968 986.236816 
153490838796968 986.243408 
153490938784968 986.250488 
153491038772968 986.247559 
153491138760934 986.257813 
153491238748934 986.263184 
153491338736800 986.246338 
153491438724666 986.244873 
153491538712832 986.245117 
153491638701065 986.244385 
153491738689265 986.249268 
153491838677465 986.253418 
153491938665698 986.253174 
153492038653931 986.258789 
153492138642131 986.232178 
153492238630331 986.238281 
153492338618364 986.229736 
153492438606264 986.232666 
153492538594164 986.234619 
153492638582397 986.236816 
153492738570630 986.232178 
153492838558830 986.235596 
153492938547030 986.235596 
153493038535263 986.233643 
153493138523496 986.231689 
153493238511696 986.243896 
153493338499896 986.247559 
153493438487996 986.245361 
153493538476096 986.249268 
153493638464229 986.251221 
153493738452462 986.261963 
153493838440662 986.259766 
153493938428862 986.249023 
153494038417062 986.240723 
153494138405295 986.247070 
153494238393495 986.255615 
153494338381695 986.236084 
153494438369895 986.242920 
153494538357828 986.259766 
153494638345694 986.253662 
153494738333794 986.260498 
153494838321994 986.256348 
153494938310160 986.256836 
153495038298326 986.270752 
153495138286492 986.261475 
153495238274692 986.258545 
153495338262858 986.248535 
153495438251024 986.251953 
153495538239190 986.254883 
153495638227056 986.260254 
153495738214922 986.258057 
153495838202922 986.247803 
153495938190922 986.239990 
153496038178888 986.237549 
153496138166854 986.233398 
153496238154854 986.235840 
153496338142854 986.232178 
153496438130820 986.240234 
153496538118786 986.253174 
153496638106752 986.248291 
153496738094618 986.254395 
153496838082618 986.257568 
153496938070851 986.241455 
153497038059084 986.230713 
153497138047284 986.227783 
153497238035484 986.225342 
153497338023717 986.230713 
153497438011950 986.248291 
153497538000150 986.250977 
153497637988350 986.246094 
153497737976350 986.246094 
153497837964250 986.239502 
153497937952283 986.221924 
153498037940516 986.208496 
153498137928749 986.213379 
153498237916949 986.212402 
153498337905149 986.210449 
153498437893382 986.216553 
153498537881615 986.233154 
153498637869815 986.244629 
153498737858015 986.253662 
153498837846115 986.255859 
153498937834215 986.255615 
153499037822381 986.260010 
153499137810614 986.250000 
153499237798814 986.242676 
153499337787014 986.229492 
153499437775247 986.225342 
153499537763480 986.228760 
153499637751680 986.234131 
153499737739880 986.227051 
153499837727980 986.228760 
153499937715846 986.231689 
153500037703712 986.239014 
153500137691912 986.234619 
153500237680112 986.218750 
153500337668278 986.231934 
153500437656444 986.231689 
153500537644610 986.232910 
153500637632810 986.242188 
153500737620976 986.230957 
153500837609142 986.239990 
153500937597175 986.237061 
153501037585041 986.247803 
153501137572907 986.256836 
153501237560907 986.266113 
153501337548907 986.265137 
153501437536873 986.265137 
153501537524839 986.268555 
153501637512839 986.260254 
153501737500839 986.267334 
153501837488805 986.267090 
153501937476771 986.265869 
153502037464704 986.263184 
153502137452570 986.260254 
153502237440636 986.258057 
153502337428869 986.246826 
153502437417069 986.227783 
153502537405269 986.230957 
153502637393502 986.230713 
153502737381735 986.240234 
153502837369935 986.245850 
153502937358135 986.238037 
153503037346335 986.245361 
153503137334235 986.242188 
153503237322135 986.246338 
153503337310268 986.249512 
153503437298501 986.247070 
153503537286734 986.239014 
153503637274934 986.248047 
153503737263134 986.247803 
153503837251434 986.251465 
153503937239667 986.244873 
153504037227867 986.238770 
153504137216067 986.243896 
153504237204167 986.244141 
153504337192333 986.233398 
153504437180566 986.233887 
153504537168799 986.237305 
153504637156999 986.241455 
153504737145199 986.243408 
153504837133499 986.244141 
153504937121732 986.234375 
153505037109932 986.234131 
153505137098132 986.246094 
153505237086165 986.243408 
153505337074098 986.240723 
153505437061998 986.229492 
153505537050198 986.229980 
153505637038364 986.242676 
153505737026530 986.239746 
153505837014763 986.237305 
153505937002963 986.233398 
153506036991163 986.231689 
153506136979329 986.236816 
153506236967495 986.236816 
153506336955528 986.242188 
153506436943394 986.227051 
153506536931294 986.226074 
153506636919294 986.231934 
153506736907294 986.240967 
153506836895260 986.233887 
153506936883226 986.237549 
153507036871226 986.233643 
153507136859226 986.246338 
153507236847192 986.257568 
153507336835158 986.258057 
153507436823024 986.253906 
153507536810890 986.231445 
153507636799023 986.237549 
153507736787256 986.247314 
153507836775456 986.251465 
153507936763656 986.253418 
153508036751889 986.248535 
153508136740122 986.249023 
153508236728322 986.249512 
153508336716522 986.244385 
153508436704722 986.261963 
153508536692622 986.241455 
153508636680522 986.243164 
153508736668688 986.247314 
153508836656921 986.251465 
153508936645121 986.250244 
153509036633321 986.248291 
153509136621554 986.240723 
153509236609787 986.241943 
153509336597987 986.244873 
153509436586187 986.235107 
153509536574353 986.233887 
153509636562453 986.243164 
153509736550553 986.242920 
153509836538786 986.243896 
153509936527019 986.241943 
153510036515219 986.250244 
153510136503419 986.256348 
153510236491652 986.263428 
153510336479885 986.257568 
153510436468085 986.250244 
153510536456285 986.240723 
153510636444251 986.242432 
153510736432117 986.247314 
153510836420117 986.236328 
153510936408317 986.240967 
153511036396483 986.248535 
153511136384649 986.247803 
153511236372815 986.249023 
153511336361015 986.250000 
153511436349181 986.254395 
153511536337347 986.245117 
153511636325513 986.241943 
153511736313446 986.240479 
153511836301312 986.243408 
153511936289312 986.243408 
153512036277312 986.252686 
153512136265278 986.248535 
153512236253244 986.247314 
153512336241244 986.252197 
153512436229244 986.250977 
153512536217244 986.250488 
153512636205210 986.250488 
153512736193210 986.249023 
153512836181076 986.251709 
153512936168942 986.254395 
153513036157108 986.256104 
153513136145341 986.249023 
153513236133541 986.250977 
153513336121741 986.253906 
153513436109974 986.257813 
153513536098207 986.254883 
153513636086407 986.255859 
153513736074607 986.232422 
153513836062707 986.236328 
153513936050607 986.235840 
153514036038507 986.227051 
153514136026740 986.225098 
153514236014973 986.227539 
153514336003173 986.233887 
153514435991373 986.226563 
153514535979606 986.218994 
153514635967839 986.216553 
153514735956039 986.214600 
153514835944239 986.212891 
153514935932339 986.218262 
153515035920439 986.217529 
153515135908572 986.215820 
153515235896805 986.214111 
153515335885005 986.208740 
153515435873205 986.202637 
153515535861405 986.207764 
153515635849638 986.206543 
153515735837838 986.212646 
153515835826038 986.215332 
153515935814238 986.207520 
153516035802171 986.200439 
153516135790037 986.206299 
153516235778137 986.203369 
