# Created at Fri Mar 14 11:55:51 GMT+01:00 2025 in Burnaby Canada 
622573164767055 984.338379 
622573204763409 984.328857 
622573244766482 984.324951 
622573284768097 984.321777 
622573324758253 984.331055 
622573364760336 984.321777 
622573404765805 984.304932 
622573444766586 984.296143 
622573484758565 984.298096 
622573524766065 984.296631 
622573564765753 984.296143 
622573604767263 984.321289 
622573644747993 984.411377 
622573684766326 984.453369 
622573724766378 984.478027 
622573764766586 984.459229 
622573804759815 984.415527 
622573844765961 984.374756 
622573884765805 984.331299 
622573924757993 984.294922 
622573964780909 984.264160 
622574004766222 984.260986 
622574044766222 984.263428 
622574084758253 984.275635 
622574124759503 984.280518 
622574164766534 984.277588 
622574204767055 984.278320 
622574244746638 984.287842 
622574284766482 984.302002 
622574324766534 984.315430 
622574364767784 984.323975 
622574404759972 984.336182 
622574444765440 984.336914 
622574484764868 984.349365 
622574524758305 984.351318 
622574564759086 984.354248 
622574604766586 984.356445 
622574644767055 984.362549 
622574684757784 984.363037 
622574724765961 984.358154 
622574764747680 984.365723 
622574804766690 984.366943 
622574844765961 984.364014 
622574884767784 984.377441 
622574924761170 984.375488 
622574964766274 984.371094 
622575004766430 984.374512 
622575044767993 984.383301 
622575084763618 984.385010 
622575124767315 984.398193 
622575164768045 984.435059 
622575204757993 984.412109 
622575244761795 984.398926 
622575284766847 984.401855 
622575324768097 984.436279 
622575364759295 984.422119 
622575404767680 984.405762 
622575444767628 984.427490 
622575484805336 984.408936 
622575524748201 984.389404 
622575564745597 984.364746 
622575604766170 984.380371 
622575644767472 984.419922 
622575684767524 984.477539 
622575724766690 984.461426 
622575764766690 984.506104 
622575804758253 984.538330 
622575844759711 984.530762 
622575884766170 984.516846 
622575924768097 984.483398 
622575964758513 984.466797 
622576004767576 984.500000 
622576044769711 984.507324 
622576084805232 984.530273 
622576124758670 984.555664 
622576164766430 984.563477 
622576204766326 984.562500 
622576244768097 984.544189 
622576284767836 984.578857 
622576324767784 984.637939 
622576364767680 984.653076 
622576404804503 984.605957 
622576444761899 984.453125 
622576484766586 984.214111 
622576524766534 984.086182 
622576564758774 984.085449 
622576604767524 984.130371 
622576644768045 984.162354 
622576684805336 984.194092 
622576724758253 984.240234 
622576764761222 984.275146 
622576804766690 984.290283 
622576844767732 984.333008 
622576884767576 984.312988 
622576924767732 984.383057 
622576964767836 984.442139 
622577004805857 984.400635 
622577044764295 984.375244 
622577084766743 984.435791 
622577124767472 984.455811 
622577164758513 984.482422 
622577204767628 984.504150 
622577244767784 984.505371 
622577284767472 984.490234 
622577324758774 984.475098 
622577364766847 984.589355 
622577404766534 984.633789 
622577444767732 984.637695 
622577484745545 984.725342 
622577524767732 984.426025 
622577564767680 984.207764 
622577604805232 984.098633 
622577644760961 984.119629 
622577684766586 984.135010 
622577724767524 984.129395 
622577764759034 984.140625 
622577804767628 984.174561 
622577844767680 984.209717 
622577884767732 984.254883 
622577924758565 984.272705 
622577964745857 984.356201 
622578004766847 984.380859 
622578044768878 984.399658 
622578084747472 984.382813 
622578124767784 984.395752 
622578164767732 984.437256 
622578204804763 984.479004 
622578244765753 984.500977 
622578284766847 984.518799 
622578324766795 984.541016 
622578364759815 984.536621 
622578404767628 984.532959 
622578444767003 984.596191 
622578484767836 984.672852 
622578524758774 984.741943 
622578564761013 984.841797 
622578604766638 984.531250 
622578644767420 984.292236 
622578684745128 984.151611 
622578724767576 984.127441 
622578764767732 984.100342 
622578804805180 984.092773 
622578844759815 984.101563 
622578884766586 984.137451 
622578924766795 984.176514 
622578964759034 984.192139 
622579004767055 984.215088 
622579044767524 984.241943 
622579084767680 984.348389 
622579124758513 984.405518 
622579164766586 984.411865 
622579204765597 984.359619 
622579244767784 984.422607 
622579284758253 984.429443 
622579324766638 984.446777 
622579364767680 984.459473 
622579404805388 984.458252 
622579444759659 984.468994 
622579484766743 984.477295 
622579524766795 984.543945 
622579564767680 984.689453 
622579604767732 984.774414 
622579644767576 984.788574 
622579684768253 984.475342 
622579724758513 984.254150 
622579764760805 984.133545 
622579804765961 984.114014 
622579844767472 984.108887 
622579884758201 984.090332 
622579924767732 984.094971 
622579964767993 984.146729 
622580004805805 984.198730 
622580044808409 984.225830 
622580084766690 984.240723 
622580124766743 984.276367 
622580164767420 984.351807 
622580204766690 984.423340 
622580244768097 984.368652 
622580284767315 984.393311 
622580324758253 984.407471 
622580364758774 984.432617 
622580404766170 984.471680 
622580444767472 984.493896 
622580484758774 984.521729 
622580524767472 984.554932 
622580564767420 984.691162 
622580604805232 984.717041 
622580644765128 984.755371 
622580684766743 984.555664 
622580724766430 984.348877 
622580764768201 984.137939 
622580804767680 984.157471 
622580844767420 984.121826 
622580884767524 984.098877 
622580924758253 984.105225 
622580964760701 984.143066 
622581004766586 984.172363 
622581044766170 984.200439 
622581084758774 984.221191 
622581124766586 984.236816 
622581164768878 984.299561 
622581204805336 984.414063 
622581244746795 984.348633 
622581284760284 984.339844 
622581324766847 984.401367 
622581364768357 984.429688 
622581404766951 984.461914 
622581444767784 984.495117 
622581484767836 984.511230 
622581524758253 984.510010 
622581564863045 984.534180 
622581604766743 984.672363 
622581644765649 984.711426 
622581684758513 984.767090 
622581724767315 984.611084 
622581764767159 984.410889 
622581804804711 984.178711 
622581844749034 984.228516 
622581884766430 984.159424 
622581924766482 984.104248 
622581964767680 984.086670 
622582004767524 984.104736 
622582044767211 984.145508 
622582084766690 984.213867 
622582124804555 984.245850 
622582164764451 984.261963 
622582204765649 984.364258 
622582244765805 984.410645 
622582284757732 984.372803 
622582324767315 984.395996 
622582364767368 984.422119 
622582404767420 984.431152 
622582444758253 984.458252 
622582484760857 984.489746 
622582524766430 984.511963 
622582564767940 984.519775 
622582604766951 984.532959 
622582644769659 984.729980 
622582684767576 984.741943 
622582724805284 984.776123 
622582764761743 984.700195 
622582804765805 984.477295 
622582844766378 984.223877 
622582884758774 984.160645 
622582924767784 984.140381 
622582964767993 984.100098 
622583004767003 984.092285 
622583044758305 984.127930 
622583084765284 984.190186 
622583124766743 984.208496 
622583164767993 984.226563 
622583204745076 984.259033 
622583244767680 984.347168 
622583284767472 984.405518 
622583324805545 984.338867 
622583364762055 984.378906 
622583404766118 984.391602 
622583444767159 984.429688 
622583484758513 984.462158 
622583524767472 984.480469 
622583564768618 984.493652 
622583604768670 984.492432 
622583644758513 984.534180 
622583684760336 984.688965 
622583724766118 984.724365 
622583764767993 984.748535 
622583804745909 984.616455 
622583844767159 984.412109 
622583884766690 984.190918 
622583924805180 984.161377 
622583964762420 984.114990 
622584004766534 984.097900 
622584044767107 984.104980 
622584084759763 984.142578 
622584124767472 984.214600 
622584164766951 984.217529 
622584204767472 984.239014 
622584244757993 984.361084 
622584284763826 984.377686 
622584324766534 984.342773 
622584364767263 984.362061 
622584404744555 984.389404 
622584444766222 984.408447 
622584484767836 984.423828 
622584524805440 984.462402 
622584564762003 984.480713 
622584604766847 984.469971 
622584644765649 984.486328 
622584684758305 984.645020 
622584724767680 984.687744 
622584764767836 984.771240 
622584804767732 984.652344 
622584844758253 984.496826 
622584884762524 984.232910 
622584924767055 984.193359 
622584964767993 984.152344 
622585004758513 984.126465 
622585044766743 984.099121 
622585084767420 984.106201 
622585124805388 984.135498 
622585164758930 984.154785 
622585204765388 984.192383 
622585244767107 984.212646 
622585284767993 984.266846 
622585324767576 984.334473 
622585364767420 984.395508 
622585404767576 984.322754 
622585444758513 984.384277 
622585484761170 984.406006 
622585524766847 984.421143 
622585564767993 984.444092 
622585604758253 984.451660 
622585644767420 984.469482 
622585684766899 984.472656 
622585724805545 984.506104 
622585764819763 984.695068 
622585804763149 984.737549 
622585844765805 984.690186 
622585884767940 984.636475 
622585924767784 984.424072 
622585964767680 984.188477 
622586004767784 984.209717 
622586044758513 984.171143 
622586084759555 984.142334 
622586124766586 984.116943 
622586164768045 984.118896 
622586204758513 984.171143 
622586244767836 984.210449 
622586284767263 984.220215 
622586324805753 984.234131 
622586364759815 984.329102 
622586404765649 984.407471 
622586444767107 984.367432 
622586484767680 984.370605 
622586524767524 984.397461 
622586564767993 984.399414 
622586604767211 984.429688 
622586644760857 984.459229 
622586684761847 984.481689 
622586724766586 984.499756 
622586764767993 984.508545 
622586804758253 984.733154 
622586844767576 984.799072 
622586884768201 984.874512 
622586924805440 984.506592 
622586964747107 984.341309 
622587004764034 984.125732 
622587044766743 984.167236 
622587084768201 984.107422 
622587124767732 984.073975 
622587164767836 984.072998 
622587204767159 984.125244 
622587244758513 984.184082 
622587284760805 984.186035 
622587324766586 984.231445 
622587364768097 984.386230 
622587404758513 984.396729 
622587444769555 984.364502 
622587484768253 984.373779 
622587524805597 984.376221 
622587564754295 984.386963 
622587604766482 984.415039 
622587644766795 984.433105 
622587684768201 984.448242 
622587724767263 984.459229 
622587764767836 984.481201 
622587804768045 984.630859 
622587844805701 984.690430 
622587884762211 984.725342 
622587924766586 984.597168 
622587964766795 984.463135 
622588004758513 984.204346 
622588044767680 984.056641 
622588084768045 984.137695 
622588124805493 984.097168 
622588164758774 984.080322 
622588204761586 984.090088 
622588244766430 984.152344 
622588284767784 984.181152 
622588324767576 984.231689 
622588364767680 984.240234 
622588404767680 984.287842 
622588444805597 984.361084 
622588484762159 984.385986 
622588524767107 984.326904 
622588564767836 984.377686 
622588604758565 984.372314 
622588644769607 984.415283 
622588684767680 984.446533 
622588724767628 984.481689 
622588764758774 984.510498 
622588804759711 984.519775 
622588844766170 984.706543 
622588884767993 984.772461 
622588924767315 984.827881 
622588964768305 984.740234 
622589004767576 984.506836 
622589044805284 984.214355 
622589084759972 984.203857 
622589124766690 984.130127 
622589164767993 984.081299 
622589204758722 984.076416 
622589244766899 984.091309 
622589284768201 984.134766 
622589324767576 984.181885 
622589364758513 984.217285 
622589404760857 984.208740 
622589444766222 984.346680 
622589484767576 984.419922 
622589524745701 984.362549 
622589564767732 984.317627 
622589604767836 984.368408 
622589644805232 984.385254 
622589684763722 984.399170 
622589724765440 984.408203 
622589764766586 984.431152 
622589804758774 984.449219 
622589844767836 984.453369 
622589884767680 984.516846 
622589924767524 984.658936 
622589964758045 984.744385 
622590004761170 984.804688 
622590044765961 984.656006 
622590084768045 984.343994 
622590124744763 984.168213 
622590164768045 984.225586 
622590204767003 984.170654 
622590244804659 984.146973 
622590284759659 984.139893 
622590324765961 984.152100 
622590364765649 984.219727 
622590404758670 984.250488 
622590444767472 984.251709 
622590484767472 984.350098 
622590524766951 984.390137 
622590564757993 984.356934 
622590604763982 984.399414 
622590644765961 984.418457 
622590684767211 984.442383 
622590724759815 984.469482 
622590764767420 984.490723 
622590804767576 984.502441 
622590844805284 984.512695 
622590884760753 984.722412 
622590924766743 984.729248 
622590964766847 984.803955 
622591004767732 984.602295 
622591044767732 984.421387 
622591084767107 984.169189 
622591124767836 984.185547 
622591164759295 984.138184 
622591204762159 984.095459 
622591244766847 984.070801 
622591284767888 984.090332 
622591324757993 984.141602 
622591364767680 984.208008 
622591404766847 984.219971 
622591444805232 984.235352 
622591484813045 984.388672 
622591524766743 984.402588 
622591564766482 984.366211 
622591604767628 984.375977 
622591644768982 984.403564 
622591684768149 984.411377 
622591724766795 984.439453 
622591764757732 984.457764 
622591804763357 984.475098 
622591844766743 984.487793 
622591884767107 984.485840 
622591924758774 984.652588 
622591964768357 984.728516 
622592004766847 984.794434 
622592044804711 984.770508 
622592084763670 984.573730 
622592124744868 984.275879 
622592164766534 984.114502 
622592204767472 984.104248 
622592244767003 984.071777 
622592284767472 984.061768 
622592324767055 984.075684 
622592364758461 984.104248 
622592404761326 984.144043 
622592444766586 984.185547 
622592484767888 984.216064 
622592524758513 984.302979 
622592564767784 984.369385 
622592604767315 984.366211 
622592644805232 984.313721 
622592684746170 984.398193 
622592724745180 984.424072 
622592764766170 984.423828 
622592804767420 984.455322 
622592844767836 984.467773 
622592884767784 984.482422 
622592924769868 984.479980 
622592964758774 984.638916 
622593004760857 984.689453 
622593044766378 984.776855 
622593084767888 984.692139 
622593124758513 984.547119 
622593164767055 984.281250 
622593204767472 984.144775 
622593244805388 984.138184 
622593284746847 984.082275 
622593324766170 984.076172 
622593364766743 984.094238 
622593404768722 984.145020 
622593444767263 984.183838 
622593484769659 984.238770 
622593524767472 984.248779 
622593564779034 984.394043 
622593604761430 984.432129 
622593644766690 984.399658 
622593684766534 984.415039 
622593724759034 984.417725 
622593764767368 984.410156 
622593804766743 984.426025 
622593844805024 984.451172 
622593884759034 984.469238 
622593924767055 984.475098 
622593964767211 984.469727 
622594004767888 984.637207 
622594044767524 984.753418 
622594084767576 984.657471 
622594124767420 984.504395 
622594164805909 984.242432 
622594204763982 984.093018 
622594244766430 984.144287 
622594284767680 984.108398 
622594324758826 984.097656 
622594364766795 984.091064 
622594404766743 984.125732 
622594444767888 984.184570 
622594484758513 984.217041 
622594524761222 984.228516 
622594564767003 984.334961 
622594604768305 984.364014 
622594644768253 984.345459 
622594684767888 984.356201 
622594724767784 984.391602 
622594764804243 984.404297 
622594804761690 984.428955 
622594844766534 984.459717 
622594884767628 984.476074 
622594924758513 984.483398 
622594964767524 984.492188 
622595004767940 984.632568 
622595044767993 984.682373 
622595084758409 984.726074 
622595124744451 984.522461 
622595164766743 984.598389 
622595204767940 984.302979 
622595244744763 984.131104 
622595284766951 984.111084 
622595324767576 984.115723 
622595364805597 984.104004 
622595404758982 984.095703 
622595444757993 984.136475 
622595484766534 984.200928 
622595524758774 984.233398 
622595564766743 984.234375 
622595604766638 984.332764 
622595644767836 984.386475 
622595684758253 984.377930 
622595724827680 984.373779 
622595764766951 984.404053 
622595804767940 984.397217 
622595844745388 984.423828 
622595884766638 984.464111 
622595924767888 984.491943 
622595964805128 984.520752 
622596004760649 984.543457 
622596044767003 984.693848 
622596084766065 984.730957 
622596124758201 984.769287 
622596164767576 984.695068 
622596204767003 984.520020 
622596244767993 984.241943 
622596284758253 984.078369 
622596324763670 984.157959 
622596364765961 984.113525 
622596404768045 984.090820 
622596444758513 984.091309 
622596484767524 984.142334 
622596524767420 984.193848 
622596564805128 984.214355 
622596604760336 984.225098 
622596644765701 984.355469 
622596684766170 984.385986 
622596724763461 984.374023 
622596764767003 984.379883 
622596804767524 984.415039 
622596844766951 984.416016 
622596884758513 984.435547 
622596924765180 984.459473 
622596964766690 984.487549 
622597004768305 984.498779 
622597044758774 984.517090 
622597084766690 984.647217 
622597124769347 984.707520 
622597164805232 984.725586 
622597204762472 984.619141 
622597244760232 984.448730 
622597284766326 984.212891 
622597324767315 984.054688 
622597364767940 984.139160 
622597404767315 984.105225 
622597444768305 984.092773 
622597484758513 984.114258 
622597524757628 984.195557 
622597564766378 984.208496 
622597604767263 984.205811 
622597644758722 984.288818 
622597684766899 984.363770 
622597724768097 984.354736 
622597764805284 984.322021 
622597804868097 984.367432 
622597844766482 984.393555 
622597884766795 984.407959 
622597924768045 984.427490 
622597964767628 984.463867 
622598004767368 984.489258 
622598044767628 984.491699 
622598084758513 984.584229 
622598124759451 984.720703 
622598164765701 984.755371 
622598204766638 984.729492 
622598244757732 984.582764 
622598284768826 984.294678 
622598324769607 984.096436 
622598364804607 984.177490 
622598404745180 984.135742 
622598444757888 984.102783 
622598484766690 984.088135 
622598524768045 984.114014 
622598564767368 984.190186 
622598604767524 984.217529 
622598644767732 984.217773 
622598684758513 984.316406 
622598724787315 984.385010 
622598764766170 984.378662 
622598804767993 984.323242 
622598844758722 984.366699 
622598884767628 984.384521 
622598924767628 984.378906 
622598964805336 984.403809 
622599004746482 984.430664 
622599044766274 984.456055 
622599084766743 984.473877 
622599124767472 984.555908 
622599164767003 984.722900 
622599204767628 984.834473 
622599244766951 984.814941 
622599284758253 984.637207 
622599324758774 984.325195 
622599364766065 984.193359 
622599404766690 984.153076 
622599444758722 984.105957 
622599484767784 984.072998 
622599524767680 984.069824 
622599564805440 984.123535 
622599604762420 984.219727 
622599644761899 984.239746 
622599684766638 984.258789 
622599724767888 984.357666 
622599764767420 984.401855 
622599804767576 984.359863 
622599844767420 984.371826 
622599884805545 984.373535 
622599924763878 984.403076 
622599964766534 984.429688 
622600004767784 984.455078 
622600044758774 984.464844 
622600084766430 984.464844 
622600124767368 984.574463 
622600164767940 984.725586 
622600204758513 984.757080 
622600244761951 984.631348 
622600284767315 984.719971 
622600324767420 984.406006 
622600364767732 984.165527 
622600404768565 984.161133 
622600444767732 984.132324 
622600484805493 984.095703 
622600524759607 984.075928 
622600564766534 984.139160 
622600604766638 984.160156 
622600644758513 984.186035 
622600684767576 984.215576 
622600724766690 984.272461 
622600764766899 984.342529 
622600804758722 984.322754 
622600844761951 984.375244 
622600884766326 984.372070 
622600924767940 984.390137 
622600964745180 984.416016 
622601004766690 984.429932 
622601044767680 984.449463 
622601084805284 984.462402 
622601124760493 984.634033 
622601164766534 984.728516 
622601204767940 984.754395 
622601244758774 984.745361 
622601284767576 984.624756 
622601324767263 984.319580 
622601364767680 984.144043 
622601404757940 984.188721 
622601444744868 984.131836 
622601484766222 984.113281 
622601524767836 984.106934 
622601564745388 984.148682 
622601604767420 984.188965 
622601644767784 984.220703 
622601684805493 984.234863 
622601724762368 984.385010 
622601764766274 984.420898 
622601804766274 984.354248 
622601844760024 984.399902 
622601884767836 984.396484 
622601924767263 984.405518 
622601964767211 984.425293 
622602004757993 984.450928 
622602044763565 984.480469 
622602084766482 984.500732 
622602124767993 984.530273 
622602164745805 984.728271 
622602204767680 984.740479 
622602244767680 984.629395 
622602284806013 984.581787 
622602324759920 984.298340 
622602364766534 984.105225 
622602404766274 984.074463 
622602444758565 984.083984 
622602484766951 984.050537 
622602524767680 984.060303 
622602564768305 984.098145 
622602604758253 984.144043 
622602644758930 984.220947 
622602684765545 984.232178 
622602724767680 984.296875 
622602764750128 984.368408 
622602804767784 984.390625 
622602844767836 984.361816 
622602884805701 984.399170 
622602924760701 984.399902 
622602964768670 984.416748 
622603004765805 984.447021 
622603044766951 984.465332 
622603084767472 984.483154 
622603124767003 984.478027 
622603164767524 984.539307 
622603204758201 984.673096 
622603244761065 984.711914 
622603284766586 984.703613 
622603324767628 984.503418 
622603364758982 984.263916 
622603404769659 984.080811 
622603444767576 984.143066 
622603484805024 984.100586 
622603524803305 984.069824 
622603564766586 984.060547 
622603604766795 984.090820 
622603644767993 984.131836 
622603684767576 984.208496 
622603724767420 984.225586 
622603764767420 984.244873 
622603804758774 984.345215 
622603844760024 984.387207 
622603884765493 984.326904 
622603924767940 984.375977 
622603964758253 984.387939 
622604004767836 984.409912 
622604044767784 984.441162 
622604084805545 984.468262 
622604124760701 984.486572 
622604164763722 984.482666 
622604204767315 984.743896 
622604244767784 984.785400 
622604284767732 984.776611 
622604324767680 984.536865 
622604364767107 984.238525 
622604404758461 984.087891 
622604444762420 984.078857 
622604484766795 984.025879 
622604524767732 984.011963 
622604564758513 984.018311 
622604604766899 984.075195 
622604644767524 984.133301 
622604684805805 984.177490 
622604724746847 984.188232 
622604764766170 984.247559 
622604804766690 984.321533 
622604844767993 984.312500 
622604884767784 984.291992 
622604924767055 984.339355 
622604964767784 984.379395 
622605004758513 984.416016 
622605044760388 984.430908 
622605084765753 984.454102 
622605124767784 984.457275 
622605164758253 984.459961 
622605204766534 984.637939 
622605244767732 984.695313 
622605284805388 984.726318 
622605324747732 984.665527 
622605364757003 984.447510 
622605404767315 984.179932 
622605444768305 984.030029 
622605484768097 984.106445 
622605524767420 984.073975 
622605564768253 984.050049 
622605604783982 984.047363 
622605644760128 984.095703 
622605684766534 984.124023 
622605724766690 984.187256 
622605764758774 984.221436 
622605804767524 984.331787 
622605844767524 984.386230 
622605884805545 984.358643 
622605924759295 984.384033 
622605964765649 984.383057 
622606004766482 984.411621 
622606044766795 984.423096 
622606084767472 984.450928 
622606124768097 984.465576 
622606164767576 984.475586 
622606204805024 984.479004 
622606244761586 984.653076 
622606284766170 984.691895 
622606324767576 984.761230 
622606364758461 984.839355 
622606404767420 984.537598 
622606444769659 984.242676 
622606484767472 984.096924 
622606524758253 984.084961 
622606564759920 984.057129 
622606604766482 984.039795 
622606644766951 984.032959 
622606684767524 984.071045 
622606724767784 984.190674 
622606764767368 984.187988 
622606804805180 984.190430 
622606844761013 984.262695 
622606884766326 984.339844 
622606924766690 984.298828 
622606964758774 984.324463 
622607004766951 984.365967 
622607044767420 984.401855 
622607084768149 984.427734 
622607124758930 984.450928 
622607164766638 984.466553 
622607204767055 984.478516 
622607244768357 984.496094 
622607284744295 984.687988 
622607324767784 984.735596 
622607364767211 984.738770 
622607404805284 984.823242 
622607444759347 984.556396 
622607484766326 984.262695 
622607524767836 984.240479 
622607564758722 984.172119 
622607604765753 984.066650 
622607644766482 984.054443 
622607684767836 984.085693 
622607724759034 984.165283 
622607764760701 984.180664 
622607804766274 984.204102 
622607844768097 984.333252 
622607884746847 984.343994 
622607924767420 984.277588 
622607964767368 984.353516 
622608004805284 984.361084 
622608044761274 984.371826 
622608084766743 984.395508 
622608124766951 984.414307 
622608164758513 984.448242 
622608204767263 984.459717 
622608244767732 984.462646 
622608284767993 984.718750 
622608324758774 984.777100 
622608364762524 984.856934 
622608404766690 984.571777 
622608444767472 984.284180 
622608484744868 984.103516 
622608524767628 984.146973 
622608564767211 984.094727 
622608604804763 984.062744 
622608644760284 984.056641 
622608684766274 984.124023 
622608724766482 984.178223 
622608764758774 984.203613 
622608804767055 984.206543 
622608844766638 984.295166 
622608884767159 984.340088 
622608924758513 984.336914 
622608964761222 984.332520 
622609004766170 984.370361 
622609044767420 984.384277 
622609084758774 984.401611 
622609124767680 984.431152 
622609164767784 984.472168 
622609204804815 984.501953 
622609244762472 984.526123 
622609284766534 984.758057 
622609324766534 984.775879 
622609364767680 984.740967 
622609404767836 984.690186 
622609444767576 984.398682 
622609484767784 984.126953 
622609524758305 983.983398 
622609564758253 984.036865 
622609604766586 984.020752 
622609644767628 984.013428 
622609684758513 984.045898 
622609724767836 984.109863 
622609764767293 984.169678 
622609804805834 984.216064 
622609844845209 984.241455 
622609884744376 984.402588 
622609924766303 984.390381 
622609964767918 984.365479 
622610004767189 984.382080 
622610044767501 984.383057 
622610084767397 984.406738 
622610124758543 984.422119 
622610164759689 984.433350 
622610204765157 984.459961 
622610244766928 984.481689 
622610284758022 984.505127 
622610324766251 984.673828 
622610364767501 984.706055 
622610404804793 984.761719 
622610444746303 984.567627 
622610484766355 984.365967 
622610524766720 984.123779 
622610564767449 984.186035 
622610604766564 984.134277 
622610644766720 984.083496 
622610684767293 984.066895 
622610724758699 984.088867 
622610764744272 984.140625 
622610804766095 984.190918 
622610844766355 984.196045 
622610884758022 984.254883 
622610924767293 984.340088 
622610964766980 984.354492 
622611004805314 984.363770 
622611044745105 984.370117 
622611084763907 984.396973 
622611124765834 984.427979 
622611164767657 984.444336 
622611204766720 984.447510 
622611244767293 984.450439 
622611284767241 984.575195 
622611324758282 984.693604 
622611364861980 984.795166 
622611404767137 984.870850 
622611444767501 984.640137 
622611484758282 984.307617 
622611524767814 984.117188 
622611564767501 984.121094 
622611604804480 984.070557 
622611644757397 984.055908 
622611684760001 984.061768 
622611724766720 984.088135 
622611764767709 984.181885 
622611804766772 984.199219 
622611844767345 984.200439 
622611884766407 984.355957 
622611924804845 984.406006 
622611964762501 984.344482 
622612004765834 984.382080 
622612044767762 984.411133 
622612084758282 984.407471 
622612124766147 984.400879 
622612164766928 984.418213 
622612204768230 984.446777 
622612244758282 984.470947 
622612284763491 984.485107 
622612324766564 984.729736 
622612364767553 984.774658 
622612404767241 984.813477 
622612444767605 984.710938 
622612484767293 984.416504 
622612524804845 984.189453 
622612564760001 984.210205 
622612604766095 984.143799 
622612644765678 984.102051 
622612684758022 984.084961 
622612724767293 984.140381 
622612764766407 984.161621 
622612804767293 984.198975 
622612844758282 984.229736 
622612884759220 984.253418 
622612924766616 984.376221 
622612964767501 984.415283 
622613004745157 984.362061 
622613044768595 984.395508 
622613084767084 984.408936 
622613124805001 984.410400 
622613164760574 984.432373 
622613204766251 984.454590 
622613244767762 984.479736 
622613284758803 984.498047 
622613324766668 984.512451 
622613364767137 984.712158 
622613404767553 984.765137 
622613444758282 984.750488 
622613484765939 984.622559 
622613524766251 984.337891 
622613564768126 984.123047 
622613604744741 984.179199 
622613644767032 984.124756 
622613684767189 984.079102 
622613724805418 984.063477 
622613764765418 984.115967 
622613804759949 984.151123 
622613844766043 984.203369 
622613884758282 984.213379 
622613924766668 984.246826 
622613964767605 984.348633 
622614004767032 984.409668 
622614044758282 984.350830 
622614084888959 984.392334 
622614124765418 984.419678 
622614164766980 984.428955 
622614204745574 984.453369 
622614244767970 984.474121 
622614284766980 984.479492 
622614324805574 984.487793 
622614364760001 984.635986 
622614404766251 984.858643 
622614444765105 984.870605 
622614484758439 984.717529 
622614524768855 984.388916 
622614564766199 984.271973 
622614604767032 984.174316 
622614644758230 984.110352 
622614684762657 984.097412 
622614724765991 984.077881 
622614764766720 984.117432 
622614804743387 984.182373 
622614844767345 984.192139 
622614884767293 984.210938 
622614924805053 984.372803 
622614964761459 984.380371 
622615004766303 984.350830 
622615044766251 984.343994 
622615084770887 984.374268 
622615124767345 984.381836 
622615164766668 984.397217 
622615204767032 984.429199 
622615244758282 984.472900 
622615284761824 984.501953 
622615324766355 984.501221 
622615364767189 984.663086 
622615404758282 984.708740 
622615444767918 984.761719 
622615484766772 984.763184 
622615524804324 984.552490 
622615564783803 984.254883 
622615604760105 984.100342 
622615644765834 984.115967 
622615684767189 984.090576 
622615724766199 984.071533 
622615764766512 984.089600 
622615804767345 984.117432 
622615844758282 984.193604 
622615884759845 984.211914 
622615924766303 984.247803 
622615964767241 984.345459 
622616004757762 984.405762 
622616044766928 984.359863 
622616084767189 984.399658 
622616124805001 984.427979 
622616164750418 984.468506 
622616204765314 984.486816 
622616244766668 984.501465 
622616284767553 984.508789 
622616324767241 984.520752 
622616364767709 984.611328 
622616404767293 984.757568 
622616444759012 984.813477 
622616484760366 984.821045 
622616524766876 984.622070 
622616564768022 984.292236 
622616604758282 984.096924 
622616644767293 984.104492 
622616684767449 984.050049 
622616724805001 984.033447 
622616764745939 984.040771 
622616804758230 984.105713 
622616844766199 984.160156 
622616884767501 984.208252 
622616924767501 984.217041 
622616964767241 984.350830 
622617004767293 984.395508 
622617044758282 984.345947 
622617084950678 984.390869 
622617124766459 984.389893 
622617164765730 984.394775 
622617204758022 984.430176 
622617244766720 984.461426 
622617284769376 984.487061 
622617324805053 984.502441 
622617364744793 984.520508 
622617404763230 984.775879 
622617444766095 984.781982 
622617484767709 984.859863 
622617524766824 984.595459 
622617564767293 984.357178 
622617604767241 984.119873 
622617644760105 984.156494 
622617684763387 984.110840 
622617724766355 984.068115 
622617764766303 984.065186 
622617804758022 984.120850 
622617844767345 984.153076 
622617884767241 984.187744 
622617924804949 984.222168 
622617964757970 984.323730 
622618004766980 984.415527 
622618044766251 984.331055 
622618084767293 984.381592 
622618124767657 984.403564 
622618164766407 984.428955 
622618204767293 984.445801 
622618244806355 984.473389 
622618284763334 984.496094 
622618324766303 984.516113 
622618364767866 984.547607 
622618404758282 984.746094 
622618444767345 984.811035 
622618484767553 984.828125 
622618524767032 984.570313 
622618564758022 984.280762 
622618604765887 984.072998 
622618644766459 984.128906 
622618684767918 984.096191 
622618724767553 984.071533 
622618764768074 984.063965 
622618804766928 984.113770 
622618844804741 984.166016 
622618884760991 984.202881 
622618924765470 984.221191 
622618964767293 984.274170 
622619004758282 984.370605 
622619044766564 984.382080 
622619084767605 984.365967 
622619124767189 984.383789 
622619164759324 984.399414 
622619204766668 984.422607 
622619244766043 984.450928 
622619284766355 984.472900 
622619324744689 984.487793 
622619364767293 984.507813 
622619404767293 984.680908 
622619444804480 984.782959 
622619484760105 984.845947 
622619524767084 984.831543 
622619564766564 984.593994 
622619604758751 984.282959 
622619644767501 984.134766 
622619684767814 984.101807 
622619724767397 984.067627 
622619764758022 984.057129 
622619804837241 984.065186 
622619844766355 984.109863 
622619884766303 984.172852 
622619924745470 984.198486 
622619964766824 984.211426 
622620004767241 984.348145 
622620044805001 984.420654 
622620084759793 984.356201 
622620124766459 984.385742 
622620164767241 984.385254 
622620204758282 984.382568 
622620244766720 984.404297 
622620284767397 984.436279 
622620324767501 984.443359 
622620364758022 984.455566 
622620404758959 984.528809 
622620444766199 984.757324 
622620484767345 984.780273 
622620524744064 984.785645 
622620564767241 984.668457 
622620604767241 984.338135 
622620644805001 984.115234 
622620684758074 984.156982 
622620724765678 984.104004 
622620764766512 984.063721 
622620804758282 984.050049 
622620844767553 984.059082 
622620884767189 984.091309 
622620924767970 984.184082 
622620964758230 984.190918 
622621004763126 984.241943 
622621044766564 984.327881 
622621084768126 984.349854 
622621124756564 984.303711 
622621164767241 984.353027 
622621204766824 984.395752 
622621244805314 984.419922 
622621284758126 984.448486 
622621324766355 984.477295 
622621364766720 984.511475 
622621404767501 984.574707 
622621444767449 984.743896 
622621484767293 984.821777 
622621524767553 984.873779 
622621564758334 984.738037 
622621604761668 984.381592 
622621644765887 984.163818 
622621684766251 984.136230 
622621724758543 984.074219 
622621764767345 984.041748 
622621804766355 984.030762 
622621844805366 984.100586 
622621884832553 984.171143 
622621924765939 984.187012 
622621964766043 984.193848 
622622004767553 984.311768 
622622044769012 984.353271 
622622084767449 984.327148 
622622124767397 984.389893 
622622164758282 984.372070 
622622204767345 984.390137 
622622244766616 984.404541 
622622284766980 984.441162 
622622324758543 984.466309 
622622364767501 984.478760 
622622404767553 984.485352 
622622444805262 984.719971 
622622484760418 984.733643 
622622524760730 984.795410 
622622564767553 984.685791 
622622604768074 984.465088 
622622644766512 984.187012 
622622684767293 984.197266 
622622724767814 984.117920 
622622764758282 984.054199 
622622804776095 984.030029 
622622844766459 984.032715 
622622884767397 984.097656 
622622924758543 984.168457 
622622964767449 984.157227 
622623004767189 984.178711 
622623044804689 984.305176 
622623084745314 984.337646 
622623124893282 984.279053 
622623164765834 984.363037 
622623204767345 984.399170 
622623244766668 984.395752 
622623284767293 984.405029 
622623324769428 984.426270 
622623364758959 984.448486 
622623404760001 984.473389 
622623444765314 984.494629 
622623484767345 984.646484 
622623524758282 984.701904 
622623564766772 984.648682 
622623604767605 984.478027 
622623644805053 984.201172 
622623684744793 984.024658 
622623724766355 984.099121 
622623764765991 984.063965 
622623804767501 984.042969 
622623844767501 984.045654 
622623884768230 984.081543 
622623924767501 984.148682 
622623964796043 984.183838 
622624004764532 984.185303 
622624044760001 984.265137 
622624084765939 984.341064 
622624124758282 984.306396 
622624164767241 984.295166 
622624204766772 984.364014 
622624244767241 984.386719 
622624284758022 984.395752 
622624324762918 984.429932 
622624364766407 984.447754 
622624404767032 984.464844 
622624444767293 984.466064 
622624484767137 984.583984 
622624524767084 984.708008 
622624564805262 984.589600 
622624604763439 984.499268 
622624644766199 984.229736 
622624684767241 984.212646 
622624724758543 984.146240 
622624764767241 984.108154 
622624804766407 984.104004 
622624844767553 984.093750 
622624884758022 984.105469 
622624924766512 984.139893 
622624964767032 984.201904 
622625004767189 984.218750 
622625044767293 984.338867 
622625084767241 984.383301 
622625124767449 984.373291 
622625164805105 984.363770 
622625204761303 984.372314 
622625244766251 984.384033 
622625284766303 984.405029 
622625324758282 984.436768 
622625364767189 984.460693 
622625404767189 984.483398 
622625444767345 984.507813 
622625484758282 984.638428 
622625524759949 984.721680 
622625564766199 984.778809 
622625604768282 984.906494 
622625644743439 984.631348 
622625684767189 984.302490 
622625724767553 984.213867 
622625764806095 984.113770 
622625804757970 984.059082 
622625844765574 984.044434 
622625884767866 984.036621 
622625924758543 984.052490 
622625964766668 984.105225 
622626004766564 984.163574 
622626044766251 984.177246 
622626084757501 984.220703 
622626124759897 984.331299 
622626164765470 984.335693 
622626204767657 984.262939 
622626244746095 984.399658 
622626284766251 984.429443 
622626324767084 984.419678 
622626364805314 984.440674 
622626404760991 984.455811 
622626444765887 984.470947 
622626484765730 984.470459 
622626524758282 984.601318 
622626564767501 984.692627 
622626604767605 984.770508 
622626644767449 984.780518 
622626684758282 984.606445 
622626724770314 984.304199 
622626764766824 984.160400 
622626804767189 984.142334 
622626844744949 984.083740 
622626884767241 984.065918 
622626924767501 984.067139 
622626964805209 984.108154 
622627004758803 984.157715 
622627044745053 984.219482 
622627084766616 984.222656 
622627124764272 984.301514 
622627164766720 984.393066 
622627204767293 984.358887 
622627244766824 984.378174 
622627284758282 984.379883 
622627324760730 984.387207 
622627364765470 984.429199 
622627404766928 984.447754 
622627444758022 984.468262 
622627484767553 984.477295 
622627524767189 984.492188 
622627564805314 984.711182 
622627604760834 984.781494 
622627644766564 984.936279 
622627684766199 984.561768 
622627724767553 984.268311 
622627764766668 984.206055 
622627804767137 984.124756 
622627844767449 984.073486 
622627884758491 984.055908 
622627924760366 984.039795 
622627964766564 984.171143 
622628004767605 984.182617 
622628044758022 984.161865 
622628084767189 984.248291 
622628124767449 984.345703 
622628164804272 984.299316 
622628204862084 984.341553 
622628244766564 984.343750 
622628284766147 984.382813 
622628324767762 984.431885 
622628364767293 984.453125 
622628404767709 984.469727 
622628444767501 984.473877 
622628484758282 984.539307 
622628524758595 984.681396 
622628564765730 984.729248 
622628604767553 984.831787 
622628644759324 984.592529 
622628684767501 984.262207 
622628724766772 984.071045 
622628764805001 984.076660 
622628804745626 984.019287 
622628844758595 983.982666 
622628884766459 983.977783 
622628924767866 983.996094 
622628964767553 984.057129 
622629004766616 984.126709 
622629044767918 984.136230 
622629084758334 984.180664 
622629124805574 984.300781 
622629164766043 984.328613 
622629204767293 984.279541 
622629244758022 984.353271 
622629284766720 984.380859 
622629324767657 984.387939 
622629364805262 984.411133 
622629404745366 984.427734 
622629444764012 984.440186 
622629484766303 984.457275 
622629524767866 984.521729 
622629564768230 984.688965 
622629604767293 984.742920 
622629644767137 984.832520 
622629684758803 984.587158 
622629724758543 984.289551 
622629764765730 984.191406 
622629804765574 984.133789 
622629844758282 984.075439 
622629884767241 984.046875 
622629924767449 984.046387 
622629964804897 984.043457 
622630004761824 984.091309 
622630044766355 984.147705 
622630084766043 984.177734 
622630124767762 984.283936 
622630164767345 984.347168 
622630204767189 984.364990 
622630244767137 984.338135 
622630284805157 984.369385 
622630324761251 984.347168 
622630364766199 984.387451 
622630404767814 984.415039 
622630444758282 984.458496 
622630484767866 984.480713 
622630524767293 984.477783 
622630564767189 984.568604 
622630604758543 984.668945 
622630644765626 984.716064 
622630684766824 984.652100 
622630724767762 984.543213 
622630764767345 984.242676 
622630804767241 984.059326 
622630844767189 984.073730 
622630884805001 984.035889 
622630924763178 984.010742 
622630964766303 984.013428 
622631004766355 984.040771 
622631044757970 984.094482 
622631084767501 984.177490 
622631124767449 984.192139 
622631164767970 984.268555 
622631204758230 984.329102 
622631244759584 984.323730 
622631284766616 984.328125 
622631324767814 984.380371 
622631364767449 984.389893 
622631404767501 984.408203 
622631444767084 984.435303 
622631484804220 984.460938 
622631524759845 984.473633 
622631564766043 984.716309 
622631604765522 984.784668 
622631644758491 984.885498 
622631684767084 984.639648 
622631724767814 984.398438 
622631764767345 984.201416 
622631804758543 984.141602 
622631844745053 984.074463 
622631884766564 984.045898 
622631924766668 984.033203 
622631964745834 984.033447 
622632004767241 984.066406 
622632044767241 984.125488 
622632084804532 984.153076 
622632124761720 984.167480 
622632164766355 984.306885 
622632204767866 984.361084 
622632244758282 984.313232 
622632284766824 984.345703 
622632324767345 984.360840 
622632364767501 984.381348 
622632404757449 984.396973 
622632444901303 984.424805 
622632484766824 984.455811 
622632524767918 984.478516 
622632564747397 984.479004 
622632604767605 984.692871 
622632644768022 984.744873 
622632684804584 984.870361 
622632724760522 984.589600 
622632764766512 984.404297 
622632804766043 984.238037 
622632844758699 984.184082 
622632884767449 984.112793 
622632924767084 984.060303 
622632964768126 984.028809 
622633004758230 984.013916 
622633044769116 984.047607 
622633084766459 984.116455 
622633124767449 984.153564 
622633164748699 984.173340 
622633204767449 984.305908 
622633244767189 984.316406 
622633284804012 984.311279 
622633324760522 984.347412 
622633364766199 984.358643 
622633404765678 984.377930 
622633444770314 984.383301 
622633484767501 984.411865 
622633524767293 984.427734 
622633564767709 984.447754 
622633604758282 984.488037 
622633644761564 984.625000 
622633684766199 984.665283 
622633724767241 984.687988 
622633764758282 984.741699 
622633804766980 984.505859 
622633844769272 984.217773 
622633884804845 984.061523 
622633924788595 984.084717 
622633964745053 984.052734 
622634004765939 984.016357 
622634044767241 984.000732 
622634084767762 984.041016 
622634124766928 984.084717 
622634164767553 984.153076 
622634204757762 984.174072 
622634244757970 984.199219 
622634284766251 984.312744 
622634324767293 984.343262 
622634364758543 984.296631 
622634404767293 984.363525 
622634444768126 984.376953 
622634484806876 984.386475 
622634524750470 984.398926 
622634564760105 984.412354 
622634604766355 984.421631 
622634644767762 984.429932 
622634684767241 984.452881 
622634724767814 984.681396 
622654890518907 984.317627 
622654930513074 984.315430 
622654970509480 984.319580 
622655010512397 984.321777 
622655050518699 984.320801 
622655090511980 984.318848 
622655130513699 984.316162 
622655170512553 984.320313 
622655210518699 984.312744 
622655250512449 984.309082 
622655290518907 984.306152 
622655330512397 984.310059 
622655370518387 984.312256 
622655410510157 984.312012 
