# Created at Fri Mar 14 11:19:16 GMT+01:00 2025 in Burnaby Canada 
154987692547893 986.316650 
154987792536093 986.316650 
154987892524326 986.309814 
154987992512559 986.303467 
154988092500759 986.306885 
154988192488959 986.314941 
154988292476925 986.313721 
154988392464791 986.312256 
154988492452857 986.318848 
154988592441057 986.318604 
154988692429223 986.322021 
154988792417389 986.323730 
154988892405555 986.319092 
154988992393755 986.313232 
154989092381921 986.307129 
154989192370087 986.306152 
154989292358253 986.312988 
154989392346186 986.310059 
154989492334052 986.309814 
154989592322052 986.311768 
154989692310052 986.311768 
154989792298018 986.314697 
154989892285984 986.315186 
154989992273984 986.315918 
154990092261984 986.309570 
154990192249984 986.307861 
154990292237950 986.311523 
154990392225950 986.308838 
154990492213816 986.318604 
154990592201682 986.318359 
154990692189848 986.319336 
154990792178081 986.321533 
154990892166281 986.320068 
154990992154481 986.325684 
154991092142714 986.333984 
154991192130947 986.333740 
154991292119147 986.339111 
154991392107347 986.333496 
154991492095380 986.329834 
154991592083280 986.329346 
154991692071180 986.333252 
154991792059413 986.328369 
154991892047646 986.331055 
154991992035912 986.345703 
154992092024112 986.341797 
154992192012345 986.349365 
154992292000578 986.350830 
154992391988778 986.356201 
154992491977044 986.347900 
154992591965144 986.340576 
154992691953244 986.339600 
154992791941377 986.345459 
154992891929610 986.349609 
154992991917876 986.343018 
154993091906076 986.338135 
154993191894276 986.338135 
154993291882509 986.334961 
154993391870709 986.330566 
154993491858975 986.329102 
154993591847208 986.334961 
154993691835141 986.331787 
154993791823007 986.329590 
154993891811107 986.329590 
154993991799373 986.338623 
154994091787539 986.350342 
154994191775705 986.351807 
154994291763871 986.343506 
154994391752071 986.333008 
154994491740304 986.333496 
154994591728470 986.335938 
154994691716636 986.342773 
154994791704502 986.331055 
154994891692368 986.348145 
154994991680368 986.360352 
154995091668368 986.355469 
154995191656334 986.352295 
154995291644300 986.356201 
154995391632300 986.348145 
154995491620300 986.350098 
154995591608266 986.345703 
154995691596232 986.357422 
154995791584198 986.358398 
154995891572064 986.359375 
154995991559964 986.358643 
154996091548197 986.349121 
154996191536430 986.348389 
154996291524630 986.346924 
154996391512830 986.340820 
154996491501063 986.341553 
154996591489263 986.335938 
154996691477463 986.344238 
154996791465663 986.345703 
154996891453663 986.346680 
154996991441563 986.347412 
154997091429596 986.342041 
154997191417829 986.349854 
154997291406062 986.347168 
154997391394262 986.357178 
154997491382462 986.357422 
154997591370695 986.354004 
154997691358928 986.356934 
154997791347128 986.360107 
154997891335328 986.358643 
154997991323428 986.349854 
154998091311528 986.352295 
154998191299694 986.351807 
154998291287927 986.341553 
154998391276127 986.347168 
154998491264327 986.341309 
154998591252560 986.345459 
154998691240793 986.342041 
154998791228993 986.342285 
154998891217193 986.341797 
154998991205393 986.337646 
154999091193259 986.341553 
154999191181125 986.335938 
154999291169325 986.333252 
154999391157525 986.328857 
154999491145691 986.332520 
154999591133857 986.335693 
154999691122023 986.330322 
154999791110223 986.331299 
154999891098389 986.328613 
154999991086555 986.336426 
155000091074621 986.336914 
155000191062487 986.341064 
155000291050353 986.343018 
155000391038353 986.341064 
155000491026353 986.342773 
155000591014319 986.352051 
155000691002285 986.352783 
155000790990285 986.360596 
155000890978285 986.358398 
155000990966251 986.368164 
155001090954217 986.366943 
155001190942150 986.360596 
155001290930016 986.360352 
155001390918082 986.363281 
155001490906315 986.363770 
155001590894515 986.375977 
155001690882715 986.369873 
155001790870948 986.364258 
155001890859181 986.359131 
155001990847381 986.357910 
155002090835581 986.365479 
155002190823781 986.363770 
155002290811681 986.357666 
155002390799581 986.364258 
155002490082153 986.364258 
155002590070386 986.355713 
155002690058619 986.352295 
155002790046819 986.352783 
155002890035019 986.349609 
155002990023252 986.342773 
155003090011452 986.338867 
155003189999652 986.337891 
155003289987852 986.343994 
155003389975952 986.348633 
155003489964052 986.356689 
155003589952285 986.362549 
155003689940518 986.366699 
155003789928718 986.359375 
155003889916918 986.353760 
155003989905151 986.350342 
155004089893384 986.345947 
155004189881584 986.352051 
155004289869784 986.347168 
155004389857817 986.346191 
155004489845683 986.343750 
155004589833583 986.349854 
155004689821783 986.345947 
155004789809949 986.341064 
155004889798115 986.347412 
155004989786281 986.347168 
155005089774481 986.354736 
155005189762681 986.353271 
155005289750847 986.349609 
155005389739013 986.350098 
155005489727013 986.352783 
155005589714879 986.348389 
155005689702779 986.352783 
155005789690779 986.351807 
155005889678779 986.349854 
155005989666745 986.351807 
155006089654711 986.347900 
155006189642711 986.361084 
155006289630711 986.349121 
155006389618677 986.346924 
155006489606643 986.342285 
155006589594509 986.342285 
155006689582375 986.337646 
155006789570508 986.337646 
155006889558741 986.344482 
155006989546941 986.348145 
155007089535141 986.344971 
155007189523374 986.343262 
155007289511607 986.350098 
155007389499807 986.349365 
155007489488007 986.342529 
155007589476207 986.334961 
155007689464107 986.340332 
155007789452007 986.345459 
155007889440173 986.348389 
155007989428406 986.345947 
155008089416606 986.343750 
155008189404806 986.341553 
155008289393039 986.346924 
155008389381272 986.350342 
155008489369472 986.351074 
155008589357672 986.342773 
155008689345838 986.340576 
155008789333938 986.348633 
155008889322038 986.356445 
155008989310271 986.365234 
155009089298504 986.358154 
155009189286704 986.354004 
155009289274904 986.351074 
155009389263137 986.356934 
155009489251370 986.345947 
155009589239570 986.339111 
155009689227770 986.332031 
155009789215736 986.330811 
155009889203602 986.323730 
155009989191602 986.327881 
155010089179802 986.330566 
155010189167968 986.332520 
155010289156134 986.340576 
155010389144300 986.336426 
155010489132500 986.336670 
155010589120666 986.334473 
155010689108832 986.328857 
155010789096998 986.330811 
155010889084931 986.325928 
155010989072797 986.321045 
155011089060797 986.320068 
155011189048797 986.328125 
155011289036763 986.327393 
155011389024729 986.325928 
155011489012729 986.329346 
155011589000729 986.319336 
155011688988729 986.324951 
155011788976695 986.327148 
155011888964695 986.335205 
155011988952561 986.331543 
155012088940427 986.328125 
155012188928593 986.323730 
155012288916826 986.326904 
155012388905026 986.336670 
155012488893226 986.346191 
155012588881459 986.347656 
155012688869692 986.341309 
155012788857892 986.339111 
155012888846092 986.343262 
155012988834192 986.334961 
155013088822092 986.343262 
155013188809992 986.328369 
155013288798225 986.327881 
155013388786458 986.330566 
155013488774658 986.334229 
155013588762858 986.342529 
155013688751091 986.335449 
155013788739324 986.341553 
155013888727524 986.345703 
155013988715724 986.338867 
155014088703824 986.329834 
155014188691924 986.314697 
155014288680057 986.307861 
155014388668290 986.305908 
155014488656490 986.317139 
155014588644690 986.320068 
155014688632923 986.338867 
155014788621156 986.338379 
155014888609356 986.329102 
155014988597556 986.324707 
155015088585789 986.324463 
155015188573722 986.322266 
155015288561588 986.323975 
155015388549688 986.324219 
155015488537888 986.333252 
155015588526054 986.349365 
155015688514220 986.358398 
155015788502386 986.354736 
155015888490586 986.356689 
155015988478752 986.350830 
155016088466918 986.347412 
155016188455084 986.338379 
155016288442950 986.334961 
155016388430816 986.333008 
155016488418816 986.325684 
155016588406816 986.328369 
155016688394782 986.336426 
155016788382748 986.350098 
155016888370748 986.359863 
155016988358748 986.356689 
155017088346714 986.354248 
155017188334680 986.346436 
155017288322646 986.339111 
155017388310512 986.332031 
155017488298412 986.330078 
155017588286645 986.329346 
155017688274845 986.336182 
155017788263045 986.351318 
155017888251245 986.354736 
155017988239478 986.354980 
155018088227678 986.348145 
155018188215878 986.351563 
155018288204144 986.343506 
155018388192144 986.341797 
155018488180044 986.338135 
155018588168077 986.334717 
155018688156310 986.342529 
155018788144610 986.343506 
155018888132810 986.351807 
155018988121010 986.346680 
155019088109243 986.348877 
155019188097476 986.347412 
155019288085742 986.351807 
155019388073942 986.342773 
155019488062042 986.332275 
155019588050142 986.333008 
155019688038308 986.334473 
155019788026608 986.336914 
155019888014808 986.344971 
155019988003008 986.343994 
155020087991241 986.353516 
155020187979474 986.344482 
155020287967740 986.341309 
155020387955940 986.343994 
155020487944140 986.343994 
155020587932006 986.340088 
155020687919872 986.342041 
155020787908072 986.342041 
155020887896272 986.351563 
155020987884438 986.359619 
155021087872604 986.370117 
155021187860804 986.370117 
155021287849004 986.365234 
155021387837170 986.358643 
155021487825336 986.366455 
155021587813369 986.361084 
155021687801235 986.351318 
155021787789101 986.356689 
155021887777101 986.346436 
155021987765101 986.354980 
155022087753067 986.348389 
155022187741033 986.354980 
155022287729033 986.358887 
155022387717033 986.361816 
155022487704999 986.353271 
155022587692965 986.358887 
155022687680898 986.353271 
155022787668764 986.351563 
155022887656830 986.349609 
155022987645063 986.347412 
155023087633263 986.344482 
155023187621463 986.344971 
155023287609663 986.344727 
155023387597896 986.358398 
155023487586096 986.360840 
155023587574296 986.351563 
155023687562496 986.357178 
155023787550462 986.354736 
155023887538362 986.355957 
155023987526462 986.345947 
155024087514695 986.341309 
155024187502895 986.340332 
155024287491095 986.340820 
155024387479295 986.341064 
155024487467528 986.346191 
155024587455761 986.352295 
155024687443961 986.352295 
155024787432161 986.355713 
155024887420261 986.357178 
155024987408361 986.356934 
155025087396594 986.355713 
155025187384827 986.345947 
155025287373027 986.340332 
155025387361227 986.341797 
155025487349460 986.346680 
155025587337693 986.351074 
155025687325893 986.342773 
155025787314093 986.352539 
155025887302126 986.359863 
155025987289992 986.353760 
155026087277892 986.353760 
155026187266092 986.353760 
155026287254292 986.353027 
155026387242458 986.352295 
155026487230624 986.350098 
155026587218824 986.347168 
155026687207024 986.356445 
155026787195190 986.356689 
155026887183356 986.363037 
155026987171356 986.360352 
155027087159222 986.360352 
155027187147122 986.361328 
155027287135122 986.360107 
155027387123122 986.358154 
155027487111088 986.364258 
155027587099088 986.355713 
155027687087088 986.362305 
155027787075088 986.360596 
155027887063054 986.358398 
155027987051020 986.364746 
155028087038886 986.361084 
155028187026752 986.364014 
155028287014852 986.362305 
155028387003085 986.369141 
155028486991285 986.369141 
155028586979485 986.364502 
155028686967718 986.355957 
155028786955951 986.355713 
155028886944151 986.358398 
155028986932351 986.353271 
155029086920551 986.352783 
155029186908451 986.348145 
155029286896351 986.351074 
155029386884517 986.354492 
155029486872750 986.349365 
155029586860950 986.357910 
155029686849150 986.349854 
155029786837383 986.354004 
155029886825616 986.353271 
155029986813816 986.351074 
155030086802016 986.347412 
155030186790182 986.349121 
155030286778282 986.346680 
155030386766382 986.349609 
155030486754615 986.352051 
155030586742815 986.351807 
155030686731015 986.350830 
155030786719215 986.344971 
155030886707448 986.341064 
155030986695681 986.343506 
155031086683881 986.347656 
155031186672081 986.354492 
155031286660081 986.351563 
155031386647947 986.351074 
155031486635947 986.346191 
155031586624147 986.349365 
155031686612313 986.345947 
155031786600479 986.347168 
155031886588645 986.349365 
155031986576845 986.349609 
155032086565011 986.347168 
155032186553177 986.350342 
155032286541343 986.350586 
155032386529276 986.353027 
155032486517142 986.357910 
155032586505142 986.360107 
155032686493142 986.358643 
155032786481108 986.362061 
155032886469074 986.355713 
155032986457074 986.348877 
155033086445074 986.348145 
155033186433074 986.340088 
155033286421040 986.339600 
155033386409040 986.343994 
155033486396906 986.348389 
155033586384772 986.351563 
155033686372972 986.346191 
155033786361172 986.353027 
155033886349338 986.341309 
155033986337504 986.342041 
155034086325670 986.340576 
155034186313870 986.341797 
155034286302036 986.344238 
155034386290202 986.348877 
155034486278235 986.350098 
155034586266101 986.344971 
155034686253967 986.354248 
155034786241967 986.351563 
155034886229967 986.350830 
155034986217933 986.348633 
155035086205899 986.355957 
155035186193899 986.362305 
155035286181899 986.356934 
155035386169865 986.359619 
155035486157831 986.361084 
155035586145697 986.371094 
155035686133563 986.374756 
155035786121629 986.375488 
155035886109862 986.364014 
155035986098062 986.354004 
155036086086262 986.349365 
155036186074495 986.349609 
155036286062728 986.350830 
155036386050928 986.351563 
155036486039128 986.350586 
155036586027328 986.358398 
155036686015228 986.349121 
155036786003128 986.339844 
155036885991261 986.336670 
155036985979494 986.334961 
155037085967727 986.324463 
155037185955927 986.323486 
155037285944127 986.334229 
155037385932360 986.343262 
155037485920593 986.344971 
155037585908793 986.350098 
155037685896993 986.351318 
155037785885093 986.345459 
155037885873193 986.346924 
155037985861426 986.346191 
155038085849659 986.338623 
155038185837859 986.336670 
155038285826059 986.336182 
155038385814292 986.333496 
155038485802525 986.335205 
155038585790725 986.339844 
155038685778925 986.351318 
155038785766958 986.343750 
155038885754824 986.344727 
155038985742724 986.345703 
155039085730924 986.330078 
155039185719090 986.319580 
155039285707256 986.315186 
155039385695422 986.310303 
155039485683622 986.320313 
155039585671822 986.323730 
155039685659988 986.329834 
155039785648154 986.339111 
155039885636120 986.342285 
155039985623986 986.332520 
155040085611919 986.334717 
155040185599919 986.327148 
155040285587919 986.315430 
155040385575885 986.315918 
155040485563851 986.314453 
155040585551851 986.330322 
155040685539851 986.333008 
155040785527817 986.336426 
155040885515783 986.340332 
155040985503649 986.345459 
155041085491515 986.344727 
155041185479648 986.343750 
155041285467881 986.343018 
155041385456081 986.322754 
155041485444281 986.313477 
155041585432514 986.327881 
155041685420747 986.334717 
155041785408947 986.338623 
155041885397147 986.347412 
155041985385347 986.353027 
155042085373247 986.348389 
155042185361147 986.352539 
155042285349313 986.345215 
155042385337546 986.342285 
155042485325746 986.341309 
155042585313946 986.331543 
155042685302146 986.330078 
155042785290379 986.327393 
155042885278579 986.324951 
155042985266779 986.335693 
155043085254945 986.338135 
155043185243045 986.336182 
155043285231145 986.331055 
155043385219378 986.333008 
155043485207611 986.328369 
155043585195811 986.322266 
155043685184011 986.320801 
155043785172244 986.319336 
155043885160477 986.318115 
155043985148677 986.331299 
155044085136877 986.338623 
155044185124843 986.332520 
155044285112709 986.329102 
155044385100775 986.325195 
155044485089008 986.316406 
155044585077274 986.313232 
155044685065474 986.314941 
155044785053674 986.319336 
155044885041907 986.322021 
155044985030107 986.328125 
155045085018373 986.340332 
155045185006606 986.345703 
155045284994572 986.337402 
155045384982472 986.339111 
155045484970572 986.334473 
155045584958872 986.329346 
155045684947105 986.334717 
155045784935305 986.328613 
155045884923505 986.327637 
155045984911738 986.339600 
155046084900004 986.341309 
155046184888204 986.340088 
155046284876404 986.343018 
155046384864504 986.336914 
155046484852604 986.353760 
155046584840904 986.359619 
155046684829137 986.347168 
155046784817337 986.346191 
155046884805537 986.339844 
155046984793770 986.347656 
155047084782070 986.346191 
155047184770270 986.347656 
155047284758470 986.357910 
155047384746503 986.357178 
155047484734369 986.348389 
155047584722235 986.348633 
155047684710435 986.343018 
155047784698635 986.347168 
155047884686801 986.344727 
155047984674967 986.342529 
155048084663167 986.339355 
155048184651333 986.342285 
155048284639499 986.341309 
155048384627665 986.347656 
155048484615665 986.351807 
155048584603531 986.361328 
155048684591431 986.361816 
155048784579431 986.360840 
155048884567431 986.355469 
155048984555397 986.352295 
155049084543363 986.354248 
155049184531363 986.352051 
155049284519363 986.353516 
155049384507329 986.355225 
155049484495295 986.358887 
155049584483161 986.359131 
155049684471027 986.363037 
155049784459127 986.365723 
155049884447327 986.361572 
155049984435493 986.353271 
155050084423659 986.357178 
155050184411825 986.357178 
155050284400025 986.355225 
155050384388191 986.364746 
155050484376357 986.365723 
155050584364523 986.367920 
155050684352389 986.365479 
155050784340255 986.362549 
155050884328255 986.364502 
155050984316255 986.364258 
155051084304221 986.357178 
155051184292187 986.357910 
155051284280187 986.353271 
155051384268187 986.346924 
155051484256153 986.352051 
155051584244119 986.346680 
155051684232085 986.355469 
155051784219951 986.363525 
155051884207951 986.358887 
155051984196184 986.355469 
155052084184417 986.349854 
155052184172617 986.351074 
155052284160817 986.369385 
155052384149050 986.364990 
155052484137283 986.359131 
155052584125483 986.363525 
155052684113683 986.365234 
155052784101683 986.366699 
155052884089583 986.360840 
155052984077616 986.356445 
155053084065849 986.356934 
155053184054082 986.350342 
155053284042282 986.360840 
155053384030482 986.355469 
155053484018715 986.356445 
155053584006948 986.359863 
155053683995148 986.363281 
155053783983348 986.374268 
155053883971448 986.384521 
155053983959548 986.376465 
155054083947714 986.380127 
155054183935947 986.370361 
155054283924147 986.371338 
155054383912347 986.374268 
155054483900580 986.376709 
155054583888813 986.364014 
155054683877013 986.363525 
155054783865213 986.369141 
155054883853313 986.371826 
155054983841179 986.382813 
155055083829045 986.383057 
155055183817211 986.382568 
155055283805444 986.382813 
155055383793644 986.383545 
155055483781844 986.382080 
155055583770077 986.379395 
155055683758310 986.364746 
155055783746510 986.363770 
155055883734710 986.357910 
155055983722810 986.370117 
155056083710710 986.371338 
155056183698610 986.372559 
155056283686843 986.370361 
155056383675076 986.373291 
155056483663276 986.377197 
155056583651476 986.374023 
155056683639709 986.365479 
155056783627942 986.362793 
155056883616142 986.359131 
155056983604342 986.355225 
155057083592508 986.351563 
155057183580608 986.354004 
155057283568708 986.349121 
155057383556941 986.352539 
155057483545141 986.349854 
155057583533341 986.345703 
155057683521541 986.338135 
155057783509774 986.342041 
155057883497974 986.343018 
155057983486174 986.344482 
155058083474374 986.340820 
155058183462307 986.342773 
155058283450173 986.341309 
155058383438273 986.339355 
155058483426473 986.330566 
155058583414639 986.331543 
155058683402805 986.330566 
155058783390971 986.329346 
155058883379171 986.321289 
155058983367337 986.325439 
155059083355503 986.324707 
155059183343669 986.326172 
155059283331535 986.322266 
155059383319401 986.326660 
