# Created at Fri Jan 31 08:57:40 GMT+01:00 2025 in Burnaby Canada 
72630561711758 0.208506 -0.007599 0.095643 0.973304 
72630580469987 0.204956 -0.000794 0.095603 0.974091 
72630599228112 0.201755 0.003846 0.097545 0.974559 
72630617986341 0.199981 0.003153 0.099673 0.974712 
72630636744466 0.200116 -0.001347 0.100722 0.974580 
72630655502695 0.202404 -0.004740 0.101052 0.974063 
72630674260820 0.206080 -0.004652 0.101141 0.973283 
72630693019050 0.209792 -0.002562 0.100996 0.972513 
72630711777279 0.212442 -0.001432 0.100388 0.972002 
72630730535404 0.213769 -0.001338 0.099650 0.971788 
72630749293633 0.214051 -0.002187 0.099359 0.971753 
72630768051758 0.213900 -0.003452 0.099965 0.971721 
72630786809987 0.213940 -0.004635 0.101382 0.971561 
72630805568112 0.215215 -0.005227 0.102778 0.971129 
72630824326341 0.218154 -0.005476 0.103269 0.970420 
72630843084570 0.222399 -0.005087 0.102985 0.969488 
72630861842695 0.226654 -0.004663 0.102650 0.968540 
72630880600925 0.230147 -0.004907 0.102960 0.967682 
72630899359050 0.232663 -0.005830 0.103728 0.966992 
72630918117279 0.234302 -0.006895 0.104489 0.966508 
72630936875404 0.235233 -0.007546 0.104747 0.966249 
72630955633633 0.235542 -0.007084 0.104642 0.966188 
72630974391758 0.235363 -0.006331 0.104501 0.966252 
72630993149987 0.235338 -0.005805 0.104619 0.966249 
72631011908216 0.235913 -0.005972 0.105134 0.966052 
72631030666341 0.237177 -0.006279 0.106125 0.965632 
72631049424570 0.238371 -0.006165 0.107322 0.965206 
72631068182695 0.238934 -0.005485 0.108500 0.964940 
72631086940925 0.239139 -0.004381 0.109533 0.964778 
72631105699050 0.239412 -0.003520 0.110334 0.964622 
72631124457279 0.239667 -0.003481 0.111198 0.964460 
72631143215404 0.239444 -0.004639 0.111995 0.964418 
72631161973633 0.238397 -0.005765 0.112765 0.964581 
72631180731862 0.236871 -0.005690 0.113403 0.964883 
72631199489987 0.235462 -0.004759 0.113761 0.965191 
72631218248216 0.234330 -0.004258 0.114158 0.965422 
72631237006341 0.233359 -0.003876 0.115035 0.965555 
72631255764570 0.232438 -0.003300 0.116023 0.965661 
72631274522695 0.232512 -0.003141 0.116452 0.965592 
72631293280925 0.233714 -0.003843 0.115921 0.965363 
72631312039050 0.235207 -0.005225 0.114726 0.965136 
72631330797279 0.235769 -0.006006 0.114092 0.965070 
72631349555404 0.235048 -0.004799 0.115228 0.965118 
72631368313633 0.233740 -0.002718 0.117812 0.965132 
72631387071758 0.232886 -0.000810 0.121031 0.964943 
72631405829987 0.233023 0.000074 0.123633 0.964580 
72631424588112 0.234264 0.000597 0.125235 0.964073 
72631443346341 0.236133 0.002910 0.126774 0.963411 
72631462104570 0.238435 0.006008 0.128352 0.962621 
72631480862695 0.240540 0.009274 0.130059 0.961842 
72631499620925 0.239967 0.009274 0.132464 0.961656 
72631518379050 0.237668 0.008347 0.136073 0.961732 
72631537137279 0.235011 0.009846 0.140138 0.961787 
72631555895404 0.231912 0.013834 0.143097 0.962054 
72631574653633 0.228107 0.018086 0.144307 0.962713 
72631593411758 0.223733 0.020275 0.144311 0.963694 
72631612169987 0.219137 0.020326 0.144201 0.964765 
72631630928112 0.214510 0.019330 0.145318 0.965657 
72631649686341 0.209920 0.017961 0.148813 0.966160 
72631668444570 0.206679 0.016507 0.153654 0.966127 
72631687202695 0.205554 0.016844 0.157394 0.965759 
72631705960820 0.205373 0.018072 0.159280 0.965466 
72631724719050 0.205387 0.018869 0.160347 0.965272 
72631743477279 0.206284 0.018423 0.160936 0.964991 
72631762235404 0.208721 0.017111 0.161315 0.964427 
72631780993633 0.211889 0.015883 0.162621 0.963538 
72631799751758 0.214289 0.015667 0.164905 0.962622 
72631818509987 0.214932 0.015815 0.166998 0.962115 
72631837268216 0.214493 0.015449 0.168015 0.962042 
72631856026341 0.215243 0.013542 0.167080 0.962066 
72631874784570 0.217850 0.008865 0.164379 0.961999 
72631893542695 0.220093 0.003716 0.162426 0.961854 
72631912300925 0.218500 0.002061 0.163516 0.962037 
72631931059050 0.211720 0.004082 0.166767 0.962988 
72631949817279 0.202077 0.007559 0.169998 0.964473 
72631968575404 0.193874 0.010490 0.172678 0.965653 
72631987333633 0.188264 0.014956 0.175084 0.966271 
72632006091862 0.184404 0.018334 0.177481 0.966519 
72632024849987 0.184080 0.020620 0.179857 0.966096 
72632043608216 0.187812 0.022863 0.180862 0.965139 
72632062366341 0.194722 0.025768 0.180342 0.963793 
72632081124570 0.202281 0.027993 0.179381 0.962352 
72632099882800 0.207813 0.028707 0.179125 0.961199 
72632118640925 0.210020 0.028470 0.180051 0.960553 
72632137399154 0.209441 0.027466 0.181511 0.960434 
72632156157279 0.208142 0.027344 0.182543 0.960525 
72632174915508 0.207583 0.029518 0.182946 0.960504 
72632193673633 0.207862 0.032580 0.183480 0.960243 
72632212431862 0.208783 0.034470 0.184561 0.959770 
72632231190091 0.210219 0.034242 0.185880 0.959210 
72632249948216 0.211752 0.032403 0.186890 0.958740 
72632268706445 0.213408 0.030623 0.187496 0.958313 
72632287464570 0.215397 0.030100 0.188141 0.957758 
72632306222800 0.217366 0.030180 0.188770 0.957187 
72632324981029 0.218857 0.030200 0.189222 0.956757 
72632343739154 0.219615 0.029421 0.189373 0.956578 
72632362497383 0.220288 0.028113 0.189233 0.956490 
72632381255508 0.221515 0.027130 0.189058 0.956270 
72632400013737 0.222532 0.027157 0.188869 0.956070 
72632418771966 0.222362 0.027582 0.188486 0.956173 
72632437530091 0.221516 0.028072 0.188044 0.956442 
72632456288320 0.221141 0.028740 0.188011 0.956516 
72632475046550 0.221707 0.028786 0.188358 0.956315 
72632493804675 0.222757 0.027843 0.188703 0.956031 
72632512562904 0.223561 0.026231 0.188749 0.955880 
72632531321029 0.223873 0.025123 0.188704 0.955845 
72632550079258 0.223820 0.024957 0.188905 0.955823 
72632568837487 0.223711 0.025809 0.189481 0.955711 
72632587595612 0.223413 0.026633 0.190076 0.955640 
72632606353841 0.222773 0.026435 0.190533 0.955704 
72632625112070 0.222104 0.025048 0.190885 0.955827 
72632643870195 0.222041 0.024252 0.191019 0.955835 
72632662628425 0.222521 0.024277 0.191095 0.955708 
72632681386654 0.222894 0.025559 0.191497 0.955507 
72632700144779 0.222867 0.027253 0.192504 0.955264 
72632718903008 0.223044 0.028043 0.193674 0.954963 
72632737661237 0.223993 0.026995 0.194191 0.954667 
72632756419362 0.225654 0.024276 0.193774 0.954433 
72632775177591 0.227870 0.021392 0.192634 0.954207 
72632793935820 0.229349 0.019789 0.191593 0.954096 
72632812693945 0.229005 0.019483 0.191131 0.954278 
72632831452175 0.227193 0.019788 0.191398 0.954651 
72632850210404 0.225186 0.020440 0.192199 0.954952 
72632868968529 0.224298 0.021643 0.193176 0.954937 
72632887726758 0.224873 0.023177 0.193984 0.954602 
72632906484987 0.226318 0.025039 0.194294 0.954151 
72632925243112 0.227403 0.026406 0.193959 0.953924 
72632944001341 0.226399 0.026237 0.192950 0.954372 
72632962759570 0.224868 0.025594 0.191668 0.955009 
72632981517695 0.223723 0.025932 0.190828 0.955437 
72633000275925 0.223622 0.027395 0.190680 0.955450 
72633019034154 0.224794 0.028999 0.191003 0.955062 
72633037792279 0.226929 0.029816 0.190967 0.954540 
72633056550508 0.229702 0.029688 0.190224 0.954028 
72633075308737 0.232229 0.028484 0.189071 0.953683 
72633094066966 0.233644 0.025909 0.188053 0.953612 
72633112825091 0.234178 0.022582 0.187218 0.953730 
72633131583320 0.234620 0.019811 0.186485 0.953826 
72633150341550 0.234862 0.017804 0.185440 0.954010 
72633169099675 0.234801 0.015587 0.183602 0.954419 
72633187857904 0.234730 0.013774 0.181850 0.954800 
72633206616133 0.234180 0.012064 0.181343 0.955054 
72633225374258 0.233040 0.010946 0.181965 0.955229 
72633244132487 0.230521 0.009955 0.184065 0.955448 
72633262890716 0.227092 0.008820 0.186313 0.955845 
72633281648945 0.225653 0.005303 0.185902 0.956291 
72633300407070 0.227651 0.001227 0.183826 0.956233 
72633319165300 0.230871 -0.001317 0.182628 0.955690 
72633337923529 0.233397 -0.000973 0.184169 0.954781 
72633356681654 0.237858 -0.004803 0.185641 0.953382 
72633375439883 0.244870 -0.016740 0.184152 0.951760 
72633394198112 0.251149 -0.033388 0.180256 0.950430 
72633412956341 0.255549 -0.048989 0.178434 0.948924 
72633431714466 0.256224 -0.057406 0.181614 0.947666 
72633450472695 0.253528 -0.055464 0.191083 0.946644 
72633469230925 0.249530 -0.048831 0.201833 0.945840 
72633487989154 0.246121 -0.045094 0.210619 0.945003 
72633506747279 0.243543 -0.044801 0.218246 0.943954 
72633525505508 0.243591 -0.048303 0.228731 0.941282 
72633544263737 0.247628 -0.054982 0.242726 0.936345 
72633563021862 0.252582 -0.059473 0.257784 0.930706 
72633581780091 0.253549 -0.060315 0.272593 0.926158 
72633600538320 0.249816 -0.060859 0.287299 0.922685 
72633619296550 0.245495 -0.067554 0.304007 0.918013 
72633638054675 0.245679 -0.081714 0.323675 0.910054 
72633656812904 0.254616 -0.100133 0.340051 0.899727 
72633675571133 0.271216 -0.119017 0.352809 0.887582 
72633694329362 0.288186 -0.138628 0.365777 0.874035 
72633713087487 0.303011 -0.156594 0.381722 0.859041 
72633731845716 0.317612 -0.171586 0.399149 0.842829 
72633750603841 0.331429 -0.177914 0.414848 0.828494 
72633769362175 0.340420 -0.175821 0.431876 0.816508 
72633788120195 0.344896 -0.175197 0.449824 0.804991 
72633806878529 0.350311 -0.180206 0.467167 0.791557 
72633825636758 0.359037 -0.186137 0.482225 0.777113 
72633844394987 0.366094 -0.183799 0.492275 0.768023 
72633863153112 0.369388 -0.176546 0.496543 0.765395 
72633881911341 0.366803 -0.160484 0.501707 0.766805 
72633900669570 0.360735 -0.139979 0.510171 0.768115 
72633919427800 0.359182 -0.130415 0.516146 0.766534 
72633938185925 0.360234 -0.126353 0.517768 0.765626 
72633956944154 0.364743 -0.119218 0.515418 0.766221 
72633975702383 0.375772 -0.102197 0.509064 0.767597 
72633994460612 0.397742 -0.073862 0.492078 0.770847 
72634013218841 0.427906 -0.033522 0.464043 0.774879 
72634031976966 0.460183 0.013076 0.431488 0.775808 
72634050735195 0.495382 0.059068 0.398624 0.769550 
72634069493425 0.525134 0.108402 0.371258 0.758057 
72634088251654 0.547319 0.154757 0.349107 0.744726 
72634107009779 0.557441 0.183623 0.328247 0.740132 
72634170321445 0.430547 0.199106 0.336673 0.813411 
72634189079623 0.427152 0.191618 0.333258 0.818390 
72634207837852 0.423485 0.196224 0.329843 0.820585 
72634226596029 0.419151 0.195938 0.320409 0.826595 
72634245354258 0.422991 0.195650 0.309462 0.828875 
72634264112435 0.428927 0.195824 0.300147 0.829208 
72634282870664 0.425704 0.199796 0.291309 0.833064 
72634301628841 0.422759 0.201233 0.285685 0.836160 
72634320387070 0.423368 0.197581 0.282922 0.837661 
72634339145300 0.426253 0.192473 0.282245 0.837616 
72634357903477 0.430552 0.186348 0.286461 0.835368 
72634376661706 0.435354 0.180648 0.295473 0.830981 
72634395419883 0.436547 0.177271 0.302679 0.828485 
72634414178112 0.433628 0.176556 0.302591 0.830201 
72634432936289 0.427030 0.184030 0.297718 0.833752 
72634451694518 0.417352 0.200672 0.293103 0.836444 
72634470452748 0.407204 0.218675 0.289566 0.838163 
72634489210925 0.400830 0.228917 0.285430 0.839918 
72634507969154 0.400767 0.232851 0.295375 0.835416 
72634526727331 0.412198 0.231153 0.321222 0.820657 
72634545485560 0.432923 0.227360 0.354920 0.796817 
72634564243737 0.461320 0.219776 0.380129 0.770963 
72634583001966 0.490034 0.212060 0.390316 0.750033 
72634601760195 0.513832 0.213639 0.392911 0.732090 
72634620518320 0.536210 0.213345 0.391480 0.716733 
72634639276602 0.551194 0.211884 0.386970 0.708198 
72634658034779 0.554282 0.212712 0.389338 0.704231 
72634676793008 0.554163 0.212464 0.396331 0.700489 
72634695551237 0.552379 0.215593 0.400959 0.698305 
72634714309414 0.546175 0.227104 0.393650 0.703674 
72634733067643 0.535361 0.241432 0.385413 0.711727 
72634751825820 0.527505 0.249489 0.384938 0.715064 
72634770584050 0.528481 0.250213 0.378605 0.717468 
72634789342279 0.535330 0.238970 0.358783 0.726353 
72634808100456 0.544471 0.224637 0.332601 0.736523 
72634826858685 0.558558 0.209112 0.302525 0.743480 
72634845616914 0.574257 0.194189 0.276266 0.745786 
72634864375091 0.580092 0.194620 0.270929 0.743110 
72634883133320 0.578846 0.205296 0.283093 0.736647 
72634901891550 0.581978 0.211587 0.291543 0.729065 
72634920649675 0.591413 0.213020 0.285140 0.723567 
72634939407956 0.604795 0.208917 0.260472 0.723002 
72634958166185 0.617890 0.205164 0.227828 0.724026 
72634976924362 0.627579 0.209827 0.204191 0.721403 
72634995682591 0.630992 0.221261 0.200158 0.716121 
72635014440820 0.629735 0.236296 0.212263 0.708902 
72635033199050 0.629983 0.254230 0.230020 0.696835 
72635051957227 0.638498 0.276998 0.244837 0.675017 
72635070715456 0.660673 0.286314 0.235295 0.652818 
72635089473685 0.685900 0.281509 0.211064 0.636981 
72635108231862 0.703143 0.279907 0.195168 0.623819 
72635126990091 0.713517 0.284376 0.187442 0.612282 
72635145748320 0.720064 0.291410 0.183640 0.602382 
72635164506550 0.726051 0.295743 0.179397 0.594309 
72635183264727 0.733113 0.293242 0.171283 0.589251 
72635202022956 0.739799 0.292124 0.158698 0.584958 
72635220781185 0.740282 0.306355 0.130879 0.583952 
72635239539414 0.733810 0.318786 0.098625 0.591753 
72635258297591 0.731136 0.321045 0.074136 0.597389 
72635277055820 0.734870 0.309721 0.057381 0.600622 
72635295814050 0.738686 0.288568 0.046461 0.607383 
72635314572279 0.739919 0.267766 0.039840 0.615819 
72635333330456 0.737953 0.256015 0.035580 0.623391 
72635352088685 0.734963 0.253925 0.033182 0.627894 
72635370846914 0.732496 0.255606 0.032531 0.630124 
72635389605091 0.732892 0.256933 0.032754 0.629112 
72635408363373 0.737598 0.255810 0.027562 0.624300 
72635427121602 0.744874 0.250622 0.018212 0.618078 
72635445879779 0.751014 0.246031 0.015327 0.612545 
72635464638008 0.755360 0.246319 0.018971 0.606958 
72635483396237 0.755590 0.249818 0.029236 0.604831 
72635502154466 0.751588 0.255185 0.037311 0.607127 
72635520912695 0.744520 0.267702 0.042869 0.610073 
72635539670925 0.738869 0.279206 0.054277 0.610878 
72635558429154 0.736212 0.280170 0.064733 0.612622 
72635577187383 0.729981 0.280536 0.081511 0.617886 
72635595945612 0.715378 0.286732 0.110899 0.627472 
72635614703789 0.693206 0.296154 0.145555 0.640759 
72635633462070 0.671177 0.302052 0.171571 0.654866 
72635652220248 0.654618 0.302804 0.184919 0.667525 
72635670978477 0.652108 0.292478 0.179192 0.676093 
72635689736706 0.655492 0.279333 0.167577 0.681338 
72635708494935 0.652851 0.271425 0.162493 0.688266 
72635727253164 0.646437 0.265102 0.163075 0.696596 
72635746011393 0.642169 0.255994 0.162930 0.703946 
72635764769623 0.637363 0.248197 0.164166 0.710785 
72635783527852 0.632699 0.239954 0.166228 0.717274 
72635802286081 0.626855 0.230564 0.168202 0.724984 
72635821044310 0.618389 0.224679 0.171093 0.733377 
72635839802539 0.608501 0.223586 0.174124 0.741226 
72635858560768 0.597775 0.225799 0.178549 0.748198 
72635877318998 0.585919 0.229131 0.183786 0.755262 
72635896077227 0.573979 0.231847 0.186339 0.762937 
72635914835508 0.563863 0.232694 0.185213 0.770460 
72635933593737 0.555588 0.236042 0.184182 0.775682 
72635952351966 0.549298 0.244495 0.186415 0.777009 
72635971110195 0.545662 0.253322 0.190992 0.775631 
72635989868425 0.544556 0.257939 0.196098 0.773610 
72636008626654 0.546515 0.259754 0.200628 0.770453 
72636027384883 0.553591 0.262754 0.203723 0.763540 
72636046143112 0.567205 0.264697 0.203899 0.752754 
72636064901341 0.585421 0.265343 0.205086 0.738116 
72636083659570 0.604545 0.267177 0.209621 0.720557 
72636102417800 0.623997 0.268955 0.210609 0.702805 
72636121176029 0.640468 0.274091 0.209389 0.686171 
72636139934258 0.650456 0.287057 0.213200 0.670112 
72636158692539 0.657236 0.305629 0.224109 0.651465 
72636177450768 0.662985 0.326939 0.243868 0.627766 
72636196208998 0.667136 0.348877 0.266252 0.601933 
72636214967227 0.671256 0.366306 0.282429 0.579196 
72636233725456 0.678920 0.369660 0.283557 0.567464 
72636252483685 0.688284 0.363957 0.279378 0.561915 
72636271241966 0.697518 0.362252 0.280986 0.550717 
72636290000195 0.709282 0.358652 0.278118 0.539386 
72636308758425 0.723866 0.349082 0.265259 0.532726 
72636327516654 0.738860 0.335481 0.247158 0.529577 
72636346274883 0.753573 0.319546 0.224945 0.528600 
72636365033164 0.766552 0.303579 0.200459 0.529201 
72636383791393 0.776014 0.289170 0.177164 0.531785 
72636402549623 0.780985 0.279174 0.158663 0.535678 
72636421307852 0.783067 0.274005 0.144810 0.539220 
72636440066081 0.783113 0.272287 0.135932 0.542325 
72636458824362 0.781363 0.272336 0.131974 0.545791 
72636477582591 0.778805 0.272707 0.131594 0.549343 
72636496340820 0.776368 0.271373 0.130753 0.553635 
72636515099050 0.774020 0.268114 0.128654 0.558978 
72636533857331 0.771887 0.264053 0.125777 0.564488 
72636552615560 0.771341 0.259385 0.120277 0.568582 
72636571373789 0.774189 0.253938 0.111127 0.569032 
72636590132070 0.780012 0.249255 0.101340 0.564963 
72636608890300 0.784738 0.245143 0.094743 0.561351 
72636627648529 0.787901 0.238670 0.085726 0.561159 
72636646406758 0.789513 0.231364 0.073021 0.563744 
72636665164987 0.789290 0.227298 0.062929 0.566919 
72636683923268 0.787685 0.224299 0.054442 0.571208 
72636702681498 0.785050 0.222966 0.048913 0.575839 
72636721439779 0.780132 0.223577 0.050354 0.582127 
72636740198008 0.770192 0.228535 0.059525 0.592480 
72636758956237 0.756170 0.243914 0.077770 0.602217 
72636777714518 0.746462 0.259409 0.094839 0.605398 
72636796472748 0.741389 0.266264 0.101122 0.607635 
72636815230977 0.732524 0.272441 0.108807 0.614284 
72636833989258 0.713543 0.281803 0.128108 0.628515 
72636852747487 0.686016 0.296613 0.156387 0.645713 
72636871505716 0.659212 0.313062 0.180020 0.659564 
72636890263998 0.643812 0.325479 0.187974 0.666510 
72636909022227 0.641395 0.325110 0.180409 0.671095 
72636927780456 0.639075 0.311943 0.174962 0.680928 
72636946538737 0.628625 0.299361 0.181038 0.694578 
72636965296966 0.617135 0.297463 0.194320 0.702068 
72636984055195 0.610065 0.302741 0.210571 0.701305 
72637002813477 0.603165 0.305690 0.224613 0.701637 
72637021571706 0.595173 0.301985 0.235003 0.706646 
72637040329935 0.587104 0.297825 0.243933 0.712113 
72637059088216 0.580252 0.297276 0.250366 0.715717 
72637077846445 0.573056 0.300100 0.256012 0.718335 
72637096604727 0.563655 0.304622 0.263095 0.721304 
72637115362956 0.551495 0.309462 0.272026 0.725319 
72637134121185 0.538253 0.313003 0.279496 0.730886 
72637152879466 0.524739 0.314928 0.284447 0.737942 
72637171637695 0.511251 0.315495 0.287777 0.745835 
72637190395977 0.498742 0.314330 0.289155 0.754216 
72637209154206 0.488560 0.312731 0.288249 0.761854 
72637227912435 0.481368 0.313164 0.287010 0.766706 
72637246670716 0.475444 0.317410 0.289584 0.767688 
72637265428945 0.470703 0.323814 0.295613 0.765634 
72637284187227 0.468985 0.328933 0.300762 0.762495 
72637302945456 0.472455 0.330310 0.301720 0.759372 
72637321703737 0.481547 0.330502 0.299126 0.754589 
72637340461966 0.498184 0.329662 0.293127 0.746467 
72637359220195 0.521794 0.328279 0.285839 0.733662 
72637377978477 0.549128 0.329770 0.280187 0.714987 
72637396736706 0.576070 0.332074 0.274352 0.694695 
72637415494987 0.597443 0.334632 0.267994 0.677689 
72637434253216 0.611091 0.342440 0.265520 0.662422 
72637453011498 0.622177 0.357568 0.266962 0.643251 
72637471769727 0.633589 0.378700 0.272981 0.616955 
72637490528008 0.644391 0.399922 0.280847 0.588172 
72637509286237 0.653666 0.412672 0.283623 0.567433 
72637528044466 0.664820 0.414837 0.273737 0.557667 
72637546802748 0.678170 0.414664 0.262932 0.546814 
72637565560977 0.694583 0.411255 0.249667 0.534873 
72637584319258 0.710912 0.406577 0.237379 0.522447 
72637603077487 0.729091 0.395445 0.220282 0.513347 
72637621835768 0.747889 0.377602 0.198304 0.508680 
72637640593998 0.766363 0.356124 0.167923 0.507608 
72637659352279 0.782406 0.332926 0.132997 0.509228 
72637678110508 0.792005 0.312221 0.101579 0.514711 
72637696868789 0.793569 0.298069 0.080158 0.524383 
72637715627018 0.789372 0.290874 0.070747 0.535984 
72637734385300 0.782857 0.288471 0.070612 0.546748 
72637753143477 0.778053 0.288527 0.074528 0.553020 
72637771901810 0.776341 0.288246 0.073446 0.555711 
72637790660039 0.777385 0.285938 0.064750 0.556525 
72637809418268 0.782510 0.279895 0.049536 0.553971 
72637828176550 0.791353 0.269018 0.032778 0.548010 
72637846934779 0.800304 0.256548 0.020438 0.541553 
72637865693060 0.808663 0.246294 0.010893 0.534120 
72637884451289 0.814261 0.240370 0.011751 0.528264 
72637903209570 0.809065 0.243265 0.021597 0.534573 
72637921967800 0.804704 0.252709 0.030053 0.536365 
72637940726081 0.803846 0.261091 0.025969 0.533843 
72637959484310 0.797169 0.275593 0.031005 0.536292 
72637978242591 0.777795 0.295722 0.060727 0.551267 
72637997000820 0.748246 0.318881 0.106094 0.572003 
72638015759102 0.712798 0.344983 0.154673 0.590747 
72638034517331 0.684212 0.360351 0.180606 0.607768 
72638053275612 0.670604 0.353446 0.179452 0.627027 
72638072033841 0.663488 0.333019 0.173503 0.647132 
72638090792070 0.655820 0.319029 0.176404 0.661061 
72638109550352 0.647708 0.310506 0.183751 0.671041 
72638128308581 0.637661 0.299813 0.188681 0.684032 
72638147066862 0.625854 0.288130 0.192684 0.698685 
72638165825091 0.614196 0.284295 0.199925 0.708498 
72638184583373 0.601723 0.286512 0.210415 0.715238 
72638203341550 0.580987 0.293671 0.226732 0.724433 
72638222099883 0.554726 0.304859 0.244074 0.734689 
72638240858112 0.532893 0.316501 0.256998 0.741488 
72638259616393 0.520223 0.321360 0.257830 0.748077 
72638278374623 0.509770 0.319284 0.251909 0.758112 
72638297132904 0.497631 0.316240 0.251202 0.767628 
72638315891133 0.488115 0.318695 0.258704 0.770227 
72638334649362 0.481597 0.327197 0.272043 0.766158 
72638353407643 0.477866 0.334029 0.279362 0.762906 
72638372165873 0.479175 0.335675 0.278452 0.761694 
72638390924154 0.484207 0.337690 0.277547 0.757942 
72638409682383 0.494032 0.340784 0.279175 0.749573 
72638428440664 0.511988 0.339717 0.275253 0.739389 
72638447198893 0.536575 0.334614 0.266234 0.727489 
72638465957175 0.562509 0.330108 0.258772 0.712495 
72638484715404 0.586153 0.324972 0.251542 0.698244 
72638503473685 0.606731 0.319122 0.242534 0.686451 
72638522231914 0.625417 0.319898 0.232133 0.672781 
72638540990143 0.644729 0.329982 0.223551 0.652274 
72638559748425 0.662098 0.347864 0.221488 0.625748 
72638578506654 0.674422 0.368179 0.225051 0.599126 
72638597264935 0.680677 0.387639 0.233765 0.575994 
72638616023164 0.688266 0.395398 0.230193 0.562992 
72638634781445 0.701502 0.393477 0.212636 0.554848 
72638653539675 0.718260 0.387823 0.202879 0.540865 
72638672297956 0.737254 0.373878 0.199044 0.526358 
72638691056185 0.758061 0.351917 0.183314 0.517585 
72638709814414 0.780712 0.325570 0.151063 0.511540 
72638728572695 0.800704 0.299470 0.110083 0.507024 
72638747330925 0.812002 0.278395 0.072405 0.507846 
72638766089206 0.813520 0.264643 0.045684 0.515813 
72638784847435 0.810953 0.256874 0.027519 0.524990 
72638803605664 0.813324 0.254920 0.015692 0.522755 
72638822363945 0.817371 0.251894 0.005765 0.518093 
72638841122175 0.818544 0.244549 -0.006560 0.519748 
72638859880456 0.818920 0.236036 -0.020864 0.522707 
72638878638685 0.821728 0.226273 -0.031548 0.522081 
72638897396966 0.828753 0.220608 -0.035767 0.513051 
72638916155195 0.833678 0.228025 -0.030037 0.502079 
72638934913425 0.830822 0.247517 -0.030969 0.497505 
72638953671706 0.827575 0.266636 -0.035352 0.492722 
72638972429883 0.818414 0.281679 -0.027058 0.500122 
72638991188216 0.802827 0.298370 -0.004100 0.516166 
72639009946445 0.780351 0.320546 0.031528 0.536012 
72639028704675 0.752200 0.347179 0.078906 0.554469 
72639047462956 0.716623 0.374039 0.124949 0.575269 
72639066221185 0.684522 0.385245 0.149547 0.600542 
72639084979414 0.664997 0.376460 0.158265 0.625306 
72639103737695 0.652927 0.362477 0.174401 0.641779 
72639122495925 0.640621 0.354053 0.196983 0.652264 
72639141254154 0.624999 0.347722 0.214295 0.665240 
72639160012435 0.609547 0.341488 0.226349 0.678678 
72639178770664 0.598030 0.335330 0.233588 0.689457 
72639197528893 0.587549 0.334494 0.242625 0.695725 
72639216287175 0.567319 0.343628 0.264608 0.700037 
72639235045404 0.537551 0.357171 0.289224 0.706977 
72639253803685 0.517686 0.364431 0.297230 0.714735 
72639272561914 0.509239 0.363973 0.290400 0.723787 
72639291320143 0.501412 0.357511 0.280262 0.736359 
72639310078425 0.486660 0.355872 0.281212 0.746617 
72639328836654 0.473267 0.361755 0.290413 0.748874 
72639347594883 0.467664 0.365149 0.295516 0.748750 
72639366353164 0.464497 0.368558 0.295422 0.749089 
72639385111393 0.465461 0.369770 0.291845 0.749295 
72639403869623 0.471226 0.367312 0.288614 0.748151 
72639422627852 0.482274 0.365597 0.284663 0.743450 
72639441386133 0.499610 0.366055 0.279352 0.733727 
72639460144362 0.523834 0.367457 0.273520 0.718165 
72639478902591 0.551453 0.365062 0.267344 0.700826 
72639497660873 0.576919 0.358375 0.260779 0.686095 
72639516419102 0.600356 0.349616 0.253111 0.673258 
72639535177331 0.622654 0.345535 0.243866 0.658360 
72639553935560 0.641818 0.355663 0.239111 0.635924 
72639572693841 0.658644 0.375024 0.239758 0.606680 
72639591452070 0.670847 0.392478 0.239734 0.581767 
72639610210300 0.679659 0.405575 0.238713 0.562662 
72639628968581 0.690311 0.407499 0.231739 0.551101 
72639647726810 0.706756 0.396358 0.216066 0.544712 
72639666485039 0.728386 0.380280 0.200455 0.533534 
72639685243268 0.752768 0.359119 0.184778 0.519838 
72639704074675 0.776996 0.332707 0.157984 0.510515 
72639722759727 0.797837 0.308239 0.123234 0.503248 
72639741518008 0.815892 0.284992 0.082887 0.496215 
72639760276237 0.827666 0.263887 0.045370 0.493228 
72639779034466 0.830061 0.247335 0.019367 0.499448 
72639797792695 0.825095 0.234216 0.000031 0.514160 
72639816550925 0.815667 0.223938 -0.008865 0.533349 
72639835309206 0.809076 0.218766 -0.005584 0.545441 
72639854067435 0.807192 0.216855 -0.000535 0.549013 
72639872825664 0.807756 0.214213 -0.005327 0.549195 
72639891583893 0.812032 0.206079 -0.018503 0.545703 
72639910342123 0.818946 0.192688 -0.029894 0.539726 
72639929100404 0.828081 0.182059 -0.037337 0.528906 
72639947858633 0.833966 0.179033 -0.034874 0.520799 
72639966616862 0.831233 0.184777 -0.028757 0.523529 
72639985375091 0.825187 0.195320 -0.023043 0.529514 
72640004133008 0.819114 0.203222 -0.018972 0.536091 
72640022891602 0.811597 0.211778 -0.011202 0.544366 
72640041649831 0.797531 0.224972 0.010696 0.559658 
72640060408060 0.774944 0.243069 0.045467 0.581645 
72640079166289 0.745110 0.265789 0.085087 0.605746 
72640097924518 0.713840 0.284554 0.114053 0.629645 
72640116682748 0.689270 0.287780 0.124260 0.653184 
72640135441029 0.674558 0.269030 0.120099 0.676883 
72640154199258 0.662363 0.253748 0.123111 0.694069 
72640172957487 0.650761 0.247871 0.133628 0.705134 
72640191715716 0.637453 0.248217 0.149120 0.714006 
72640210473841 0.624321 0.253087 0.165185 0.720336 
72640229232175 0.612293 0.262713 0.184324 0.722567 
72640247990404 0.593413 0.277543 0.207968 0.726348 
72640266748633 0.573385 0.287789 0.220815 0.734608 
72640285506914 0.560487 0.289256 0.220819 0.743925 
72640304265143 0.550026 0.288932 0.217102 0.752899 
72640323023373 0.536026 0.291370 0.216373 0.762209 
72640341781602 0.522261 0.298156 0.222532 0.767349 
72640360539831 0.515578 0.300537 0.229169 0.768986 
72640379298060 0.511475 0.300500 0.235178 0.769925 
72640398056289 0.511548 0.302345 0.237121 0.768557 
72640416814518 0.515130 0.303976 0.239062 0.764911 
72640435572748 0.522952 0.300423 0.240172 0.760648 
72640454330977 0.538285 0.297032 0.238373 0.751798 
72640473089258 0.560331 0.299370 0.234875 0.735691 
72640491847487 0.585262 0.301240 0.229483 0.716980 
72640510605716 0.610142 0.301867 0.223612 0.697568 
72640529363945 0.633274 0.298878 0.214743 0.680824 
72640548122175 0.654184 0.297889 0.208234 0.663283 
72640566880404 0.674671 0.305800 0.206399 0.639300 
72640585638633 0.690493 0.325630 0.215363 0.608937 
72640604396862 0.699072 0.350958 0.232920 0.577820 
72640623155091 0.702276 0.373685 0.250784 0.551612 
72640641913320 0.710819 0.377636 0.244908 0.540506 
72640660671550 0.724941 0.374246 0.234039 0.528797 
72640679429779 0.744979 0.363121 0.224122 0.512756 
72640698188008 0.768873 0.342648 0.208236 0.498061 
72640716946237 0.792423 0.321645 0.183671 0.484639 
72640735704466 0.814267 0.302474 0.144756 0.473840 
72640754462695 0.831073 0.282395 0.095403 0.469540 
72640773220925 0.835805 0.265224 0.056243 0.477413 
72640791979154 0.831364 0.254648 0.031069 0.492973 
72640810737383 0.822895 0.251410 0.019168 0.509185 
72640829495612 0.821957 0.254061 0.015889 0.509498 
72640848253789 0.821936 0.256079 0.014565 0.508560 
72640867012070 0.820164 0.255733 0.007649 0.511735 
72640885770300 0.819719 0.249776 -0.001714 0.515432 
72640904528477 0.823359 0.238822 -0.008423 0.514754 
72640923286758 0.831814 0.233066 -0.015294 0.503519 
72640942044987 0.830028 0.236223 -0.010689 0.505111 
72640960803216 0.820022 0.249752 -0.007461 0.514910 
72640979561445 0.809812 0.274471 0.001333 0.518525 
72640998319675 0.793311 0.297809 0.014895 0.530797 
72641017077904 0.775985 0.314381 0.028335 0.546085 
72641035836081 0.759036 0.330469 0.052672 0.558462 
72641054594310 0.736700 0.347397 0.090798 0.573012 
72641073352539 0.710783 0.361476 0.129765 0.589307 
72641092110768 0.688904 0.365111 0.155763 0.606501 
72641110868945 0.676096 0.349618 0.164214 0.627451 
72641129627227 0.665466 0.320403 0.167143 0.653116 
72641148385456 0.652523 0.300504 0.174307 0.673445 
72641167143685 0.640282 0.297661 0.188503 0.682572 
72641185901914 0.626891 0.303750 0.207427 0.686817 
72641204660143 0.607710 0.313580 0.234217 0.691013 
72641223418373 0.578764 0.324114 0.260885 0.701371 
72641242176550 0.555185 0.329264 0.270726 0.714186 
72641260934779 0.538224 0.333325 0.273573 0.724132 
72641279693008 0.523400 0.340752 0.275446 0.730801 
72641298451237 0.506523 0.351676 0.280426 0.735608 
72641317209466 0.491119 0.360958 0.285775 0.739489 
72641335967695 0.481702 0.364910 0.289158 0.742423 
72641354725797 0.475466 0.368194 0.296459 0.741941 
72641373484079 0.472528 0.371847 0.302177 0.739687 
72641392242308 0.473839 0.374687 0.301149 0.737832 
72641411000537 0.479061 0.376136 0.297043 0.735383 
72641429758766 0.489669 0.375321 0.293219 0.730329 
72641448516995 0.507992 0.373903 0.287479 0.720761 
72641467275172 0.533535 0.371221 0.277908 0.707320 
72641486033402 0.562701 0.364796 0.270314 0.690812 
72641504791631 0.587633 0.357853 0.266783 0.674874 
72641523549860 0.613400 0.344578 0.256198 0.662849 
72641542308037 0.638335 0.333784 0.239307 0.651036 
72641561066266 0.658941 0.339873 0.228918 0.630777 
72641579824495 0.676444 0.362037 0.233410 0.597388 
72641598582725 0.690318 0.379696 0.237003 0.568438 
72641617340954 0.698366 0.392989 0.239327 0.548240 
72641636099183 0.708116 0.393798 0.231435 0.538454 
72641654857360 0.729044 0.373260 0.203034 0.536609 
72641673615589 0.754165 0.354318 0.184660 0.521148 
72641692373818 0.781693 0.331818 0.165422 0.501486 
72641711132047 0.805934 0.306035 0.131717 0.489349 
72641729890225 0.825637 0.278646 0.087089 0.482799 
72641748648454 0.839032 0.251238 0.040589 0.480892 
72641767406683 0.842536 0.231147 0.004952 0.486497 
72641786164912 0.838951 0.218550 -0.021067 0.497949 
72641804923089 0.832306 0.209739 -0.037279 0.511748 
72641823681318 0.830434 0.206567 -0.039168 0.515922 
72641842439547 0.830639 0.204384 -0.034286 0.516809 
72641861197725 0.826534 0.200452 -0.037199 0.524669 
72641879955954 0.823492 0.193595 -0.047726 0.531135 
72641898714183 0.824197 0.182032 -0.057517 0.533155 
72641917472360 0.831991 0.172636 -0.065608 0.523147 
72641936230589 0.836227 0.169599 -0.068914 0.516926 
72641954988818 0.831683 0.174693 -0.070791 0.522277 
72641973746995 0.826235 0.189293 -0.063102 0.526804 
72641992505225 0.817652 0.207920 -0.046485 0.534840 
72642011263454 0.805307 0.217418 -0.032345 0.550603 
72642030021631 0.792842 0.226384 -0.004424 0.565802 
72642048779860 0.775160 0.239089 0.040154 0.583396 
72642067538089 0.749673 0.255769 0.085070 0.604430 
72642086296266 0.722251 0.267926 0.109827 0.628098 
72642105054495 0.702669 0.271575 0.113441 0.647793 
72642123812725 0.693119 0.264580 0.108424 0.661686 
72642142570954 0.683585 0.255776 0.113933 0.674025 
72642161329131 0.667557 0.253167 0.129908 0.688040 
72642180087360 0.651724 0.255960 0.147779 0.698500 
72642198845537 0.639899 0.260951 0.161584 0.704503 
72642217603766 0.629055 0.266767 0.173644 0.709206 
72642236361995 0.611381 0.274620 0.188561 0.717804 
72642255120172 0.592497 0.280903 0.199236 0.728248 
72642273878402 0.576745 0.288735 0.206147 0.735867 
72642292636631 0.563773 0.295628 0.209644 0.742168 
72642311394808 0.552623 0.299452 0.210703 0.748692 
72642330153037 0.541147 0.302211 0.212454 0.755441 
72642348911214 0.530982 0.304943 0.215535 0.760666 
72642367669443 0.523747 0.306962 0.219042 0.763862 
72642386427620 0.520312 0.309891 0.220859 0.764503 
72642405185850 0.518436 0.314292 0.221017 0.763935 
72642423944027 0.518876 0.315813 0.220902 0.763041 
72642442702256 0.523061 0.316919 0.222872 0.759143 
72642461460433 0.534191 0.315188 0.223055 0.752026 
72642480218662 0.552972 0.309084 0.219230 0.742042 
72642498976891 0.576738 0.306036 0.213826 0.726631 
72642517735068 0.599585 0.312192 0.214245 0.705077 
72642536493297 0.619159 0.316170 0.217573 0.685084 
72642555251475 0.637460 0.310100 0.218387 0.670664 
72642574009704 0.655486 0.303039 0.216528 0.656978 
72642592767881 0.670591 0.307603 0.219657 0.638310 
72642611526110 0.683172 0.323419 0.230524 0.612810 
72642630284287 0.694282 0.338374 0.241266 0.587593 
72642649042464 0.706452 0.342376 0.241250 0.570529 
72642667800693 0.721739 0.336285 0.226744 0.560886 
72642686558922 0.737023 0.329258 0.209276 0.551896 
72642705317100 0.750637 0.323805 0.197447 0.541026 
72642724075329 0.765363 0.310188 0.181774 0.533818 
72642742833506 0.779562 0.295181 0.166212 0.526807 
72642761591683 0.794951 0.278071 0.145758 0.519118 
72642780349912 0.809069 0.260005 0.119960 0.513239 
72642799108089 0.820121 0.243556 0.090171 0.509854 
72642817866318 0.826862 0.229816 0.060929 0.509679 
72642836624495 0.826923 0.220920 0.038954 0.515631 
72642855382725 0.820498 0.215748 0.023842 0.528836 
72642874140902 0.810610 0.212911 0.016243 0.545268 
72642892899079 0.807687 0.212946 0.010656 0.549712 
72642911657308 0.810453 0.212257 0.001691 0.545994 
72642930415485 0.817582 0.205410 -0.010089 0.537834 
72642949173714 0.824343 0.188170 -0.023703 0.533376 
72642967931891 0.831735 0.172167 -0.033280 0.526752 
72642986690068 0.839397 0.163767 -0.038440 0.516832 
72643005448297 0.840051 0.160977 -0.052234 0.515434 
72643024206475 0.841080 0.160728 -0.078201 0.510525 
72643042964704 0.840101 0.165079 -0.085026 0.509657 
72643061722881 0.833633 0.167319 -0.083690 0.519670 
72643080481058 0.828849 0.166993 -0.085200 0.527128 
72643099239287 0.821213 0.179471 -0.070259 0.537088 
72643117997464 0.808593 0.201731 -0.037554 0.551427 
72643136755641 0.790004 0.229157 -0.002495 0.568660 
72643155513870 0.768794 0.255267 0.028120 0.585665 
72643174272047 0.752625 0.268715 0.048920 0.599129 
72643193030225 0.741382 0.269539 0.063531 0.611282 
72643211788454 0.730266 0.266216 0.081243 0.623892 
72643230546631 0.718392 0.265557 0.101847 0.634838 
72643249304808 0.706635 0.269363 0.122208 0.642787 
72643268063037 0.695461 0.273696 0.136085 0.650311 
72643286821214 0.685745 0.271256 0.135937 0.661585 
72643305579391 0.677819 0.260384 0.124488 0.676214 
72643324337568 0.670539 0.248066 0.113280 0.689934 
72643343095797 0.662063 0.241659 0.111830 0.700548 
72643361853975 0.650133 0.244588 0.122830 0.708813 
72643380612152 0.636424 0.252691 0.140068 0.715188 
72643399370329 0.624807 0.259789 0.154249 0.719954 
72643418128558 0.616402 0.263464 0.160872 0.724400 
72643436886735 0.610566 0.265559 0.162337 0.728241 
72643455644912 0.606025 0.267252 0.162226 0.731432 
72643474403089 0.601274 0.270192 0.164472 0.733767 
72643493161318 0.597196 0.276848 0.172525 0.732767 
72643511919495 0.595840 0.284470 0.183096 0.728373 
72643530677672 0.596628 0.288421 0.189833 0.724439 
72643549435850 0.600766 0.290944 0.190952 0.719700 
72643568194079 0.608588 0.295642 0.190699 0.711232 
72643586952256 0.619267 0.299226 0.190364 0.700524 
72643605710433 0.634064 0.298115 0.186760 0.688630 
72643624468610 0.652972 0.295537 0.180489 0.673580 
72643643226787 0.670690 0.295864 0.177384 0.656639 
72643661985016 0.681927 0.299225 0.181545 0.642247 
72643680743193 0.689483 0.302199 0.188443 0.630697 
72643699501370 0.696538 0.305433 0.194905 0.619320 
72643718259547 0.702861 0.313101 0.203426 0.605452 
72643737017725 0.706917 0.325352 0.216011 0.589707 
72643755775954 0.709230 0.338200 0.230006 0.574205 
72643774534131 0.712165 0.347330 0.238202 0.561643 
72643793292308 0.716333 0.351512 0.240678 0.552612 
72643812050485 0.719988 0.354818 0.242127 0.545066 
72643830808662 0.723321 0.357767 0.240352 0.539481 
72643849566839 0.726167 0.358696 0.235443 0.537202 
72643868325016 0.728091 0.357273 0.228447 0.538564 
72643887083193 0.729325 0.354619 0.219704 0.542274 
72643905841422 0.729690 0.352591 0.209778 0.547016 
72643924599600 0.728951 0.350660 0.199185 0.553166 
72643943357777 0.726572 0.347859 0.189886 0.561276 
72643962115954 0.722632 0.344234 0.182138 0.571080 
72643980874131 0.718190 0.340027 0.175031 0.581334 
72643999632308 0.714502 0.336301 0.169653 0.589582 
72644018390485 0.711777 0.332921 0.166462 0.595674 
72644037148662 0.709125 0.329220 0.165745 0.601070 
72644055906839 0.706712 0.325227 0.167030 0.605711 
72644074665016 0.704876 0.321160 0.168745 0.609534 
72644093423193 0.703665 0.317135 0.168889 0.612991 
72644112181422 0.702987 0.314537 0.167393 0.615512 
72644130939600 0.702391 0.313287 0.164009 0.617737 
72644149697777 0.701574 0.311904 0.158435 0.620813 
72644168455954 0.700659 0.310517 0.152091 0.624119 
72644187214131 0.699554 0.309066 0.146326 0.627448 
72644205972308 0.698239 0.306522 0.141552 0.631245 
72644224730485 0.696975 0.303138 0.139776 0.634662 
72644243488662 0.696128 0.299629 0.141710 0.636825 
72644262246839 0.694850 0.297691 0.147002 0.637930 
72644281005016 0.692954 0.297103 0.153618 0.638707 
72644299763193 0.691484 0.296919 0.157702 0.639390 
72644318521370 0.691302 0.296744 0.156315 0.640008 
72644337279547 0.691679 0.296081 0.150557 0.641287 
72644356037725 0.691406 0.294309 0.143091 0.644100 
72644374795902 0.689549 0.291110 0.137390 0.648768 
72644393554079 0.685460 0.288950 0.138135 0.653890 
72644412312256 0.679854 0.289228 0.144038 0.658331 
72644431070433 0.673070 0.291878 0.153469 0.661991 
72644449828610 0.665654 0.296491 0.164317 0.664829 
72644468586787 0.658387 0.302747 0.174514 0.666645 
72644487344964 0.652002 0.310839 0.183743 0.666716 
72644506103141 0.646070 0.319847 0.192661 0.665713 
72644524861318 0.639386 0.329888 0.203783 0.663952 
72644543619495 0.631830 0.341672 0.218533 0.660526 
72644562377672 0.623868 0.354382 0.235186 0.655659 
72644581135797 0.615553 0.366973 0.252205 0.650244 
72644599893975 0.606823 0.379311 0.269025 0.644604 
72644618652152 0.598226 0.391777 0.284770 0.638390 
72644637410329 0.589506 0.406079 0.300611 0.630250 
72644656168506 0.580321 0.420947 0.315632 0.621617 
72644674926683 0.570661 0.434066 0.329007 0.614562 
72644693684860 0.562039 0.444114 0.340595 0.608991 
72644712443037 0.555066 0.452843 0.351932 0.602477 
72644731201162 0.550728 0.461568 0.361224 0.594282 
72644749959391 0.548881 0.469285 0.365709 0.587161 
72644768717568 0.547969 0.475203 0.367572 0.582068 
72644787475693 0.547475 0.479318 0.368304 0.578686 
72644806233870 0.548157 0.481342 0.367083 0.577134 
72644824992047 0.549886 0.482713 0.365694 0.575223 
72644843750225 0.551163 0.484800 0.366388 0.571794 
72644862508402 0.552202 0.486841 0.366478 0.568992 
72644881266579 0.552645 0.489816 0.365245 0.566798 
72644900024756 0.552926 0.492659 0.362034 0.566120 
72644918782881 0.553382 0.493298 0.357555 0.567962 
72644937541058 0.554665 0.490571 0.352689 0.572099 
72644956299235 0.557094 0.484871 0.348067 0.577404 
72644975057412 0.559801 0.477890 0.344440 0.582756 
72644993815589 0.562793 0.470637 0.340841 0.587871 
72645012573766 0.566361 0.463281 0.335793 0.593168 
72645031331891 0.570856 0.455604 0.328694 0.598756 
72645050090068 0.575741 0.448054 0.319821 0.604553 
72645068848245 0.581015 0.439879 0.308960 0.611123 
72645087606422 0.586854 0.430160 0.296646 0.618519 
72645106364600 0.591895 0.419937 0.285750 0.625828 
72645125122725 0.595948 0.410004 0.276376 0.632739 
72645143880850 0.599633 0.400970 0.267980 0.638632 
72645162639027 0.602500 0.393753 0.261496 0.643096 
72645181397256 0.604650 0.387810 0.256887 0.646538 
72645200155381 0.606245 0.382515 0.253607 0.649486 
72645218913558 0.607282 0.378321 0.250429 0.652202 
72645237671735 0.608321 0.375652 0.246689 0.654198 
72645256429912 0.608828 0.375140 0.243991 0.655032 
72645275188089 0.608751 0.375775 0.242609 0.655253 
72645293946214 0.608622 0.376039 0.240943 0.655836 
72645312704391 0.609104 0.374593 0.237548 0.657453 
72645331462568 0.610431 0.371308 0.232853 0.659760 
72645350220745 0.612727 0.366842 0.227912 0.661853 
72645368978870 0.615743 0.361491 0.222904 0.663701 
72645387737047 0.618089 0.356484 0.219945 0.665214 
72645406495225 0.618463 0.353861 0.221278 0.665825 
72645425253350 0.618609 0.352581 0.222726 0.665885 
72645444011527 0.619188 0.353048 0.222391 0.665211 
72645462769704 0.619797 0.353992 0.220502 0.664770 
72645481527829 0.620060 0.354432 0.218259 0.665031 
72645500286006 0.619784 0.353791 0.216999 0.666041 
72645519044183 0.619165 0.352447 0.217165 0.667275 
72645537802360 0.618664 0.351045 0.217907 0.668236 
72645556560485 0.618273 0.350009 0.218612 0.668910 
72645575318662 0.618006 0.348978 0.218237 0.669818 
72645594076839 0.617993 0.347621 0.216516 0.671092 
72645612834964 0.618026 0.345966 0.214386 0.672600 
72645631593141 0.618115 0.344162 0.212531 0.674031 
72645650351318 0.618352 0.342333 0.211046 0.675210 
72645669109443 0.618684 0.340491 0.209865 0.676205 
72645687867620 0.619047 0.338582 0.209004 0.677097 
72645706625797 0.619384 0.336620 0.208181 0.678020 
72645725383922 0.619672 0.334931 0.207176 0.678901 
72645744142100 0.619831 0.333720 0.206068 0.679688 
72645762900277 0.619839 0.332812 0.204931 0.680470 
72645781658402 0.619642 0.332215 0.204190 0.681163 
72645800416579 0.619188 0.332105 0.204265 0.681607 
72645819174704 0.618706 0.332015 0.204501 0.682018 
72645837932881 0.618295 0.331941 0.204591 0.682399 
72645856691058 0.617959 0.331917 0.204555 0.682726 
72645875449183 0.617648 0.332188 0.204816 0.682798 
72645894207360 0.617344 0.332637 0.205352 0.682693 
72645912965537 0.617246 0.332806 0.205891 0.682537 
72645931723662 0.617165 0.332995 0.206120 0.682449 
72645950481839 0.617047 0.333308 0.206659 0.682240 
72645969239964 0.616837 0.333459 0.207400 0.682131 
72645987998141 0.616767 0.333480 0.207639 0.682111 
72646006756266 0.616680 0.333691 0.207706 0.682066 
72646025514443 0.616493 0.334146 0.208115 0.681888 
72646044272620 0.616180 0.334493 0.208601 0.681853 
72646063030745 0.615954 0.334669 0.208918 0.681873 
72646081788870 0.615814 0.335051 0.209451 0.681649 
72646100547047 0.615781 0.335535 0.210144 0.681226 
72646119305172 0.615755 0.336026 0.210778 0.680812 
72646138063350 0.615731 0.336292 0.211168 0.680582 
72646156821527 0.615665 0.336572 0.211405 0.680428 
72646175579704 0.615486 0.336841 0.211775 0.680343 
72646194337829 0.615255 0.337033 0.212235 0.680314 
72646213096006 0.615135 0.337149 0.212448 0.680298 
72646231854131 0.615167 0.337022 0.212466 0.680326 
72646250612308 0.615198 0.336893 0.212503 0.680351 
72646269370433 0.615113 0.336574 0.212760 0.680505 
72646288128610 0.615205 0.336372 0.212789 0.680513 
72646306886735 0.615356 0.336635 0.212636 0.680294 
72646325644912 0.615557 0.336968 0.212271 0.680061 
72646344403037 0.615708 0.337433 0.211794 0.679842 
72646363161214 0.616123 0.338146 0.211339 0.679254 
72646381919339 0.616112 0.340336 0.212215 0.677896 
72646400677516 0.616978 0.346025 0.215577 0.673151 
72646419435641 0.616800 0.354312 0.220630 0.667340 
72646438193818 0.615706 0.364012 0.226829 0.661022 
72646456951943 0.614220 0.374811 0.233273 0.654091 
72646475710120 0.612505 0.386516 0.240029 0.646397 
72646494468245 0.609412 0.399406 0.248994 0.638039 
72646513226370 0.604066 0.413325 0.261905 0.629025 
72646531984547 0.597721 0.427460 0.278241 0.618538 
72646550742725 0.590593 0.442059 0.296078 0.606730 
72646569500850 0.582355 0.456727 0.313498 0.594964 
72646588259027 0.571626 0.471632 0.330790 0.584282 
72646607017152 0.557962 0.487030 0.347923 0.574830 
72646625775329 0.540977 0.503171 0.367117 0.565145 
72646644533454 0.521007 0.519410 0.387789 0.555323 
72646663291579 0.499310 0.535682 0.408690 0.544709 
72646682049756 0.479583 0.551731 0.424313 0.534370 
72646700807881 0.460072 0.569598 0.436493 0.522844 
72646719566058 0.439615 0.587415 0.449602 0.509451 
72646738324183 0.419284 0.603413 0.463941 0.494825 
72646757082360 0.401837 0.618177 0.476513 0.478873 
72646775840485 0.386719 0.632056 0.487401 0.461945 
72646794598610 0.366773 0.646289 0.503113 0.441209 
72646813356787 0.339367 0.661927 0.523118 0.415969 
72646832114912 0.309308 0.677909 0.540528 0.390637 
72646850873089 0.281108 0.692800 0.551461 0.369996 
72646869631214 0.254163 0.708153 0.555271 0.354393 
72646888389391 0.227938 0.723308 0.553255 0.344643 
72646907147516 0.204010 0.734790 0.549257 0.341731 
72646925905641 0.180568 0.742982 0.547559 0.339929 
72646944663818 0.155741 0.749878 0.549951 0.333138 
72646963421943 0.130010 0.755259 0.557127 0.319831 
72646982180068 0.102051 0.759178 0.568500 0.300070 
72647000938245 0.072234 0.761084 0.581800 0.277567 
72647019696370 0.041354 0.760024 0.596581 0.254451 
72647038454547 0.011081 0.756698 0.611459 0.231093 
72647057212672 -0.016585 0.752037 0.625450 0.207313 
72647075970797 -0.039571 0.746540 0.638117 0.184172 
72647094728975 -0.055192 0.741629 0.647625 0.165900 
72647113487100 -0.064524 0.738211 0.654294 0.150933 
72647132245225 -0.078192 0.734451 0.661776 0.128529 
72647151003350 -0.095867 0.729824 0.669187 0.101754 
72647169761527 -0.110881 0.726162 0.673789 0.080021 
72647188519652 -0.122170 0.722835 0.677142 0.063744 
72647207277829 -0.133809 0.717914 0.681523 0.047117 
72647226035902 -0.145396 0.711826 0.686555 0.028386 
72647244794079 -0.157516 0.704362 0.692093 0.008334 
72647263552256 0.169248 -0.696859 -0.696874 0.010473 
72647282310381 0.182108 -0.690762 -0.699162 0.029293 
72647301068506 0.194419 -0.685858 -0.699749 0.046385 
72647319826683 0.203760 -0.680898 -0.700931 0.059625 
72647338584808 0.211755 -0.676078 -0.702181 0.070844 
72647357342933 0.218565 -0.671968 -0.703025 0.080264 
72647376101058 0.224866 -0.668158 -0.703609 0.089075 
72647394859235 0.231675 -0.664372 -0.703713 0.098609 
72647413617360 0.238712 -0.661593 -0.702727 0.107170 
72647432375485 0.245502 -0.659909 -0.700947 0.113682 
72647451133662 0.250704 -0.658578 -0.699590 0.118306 
72647469891787 0.253508 -0.657415 -0.699171 0.121241 
72647488649912 0.254509 -0.656773 -0.699060 0.123251 
72647507408037 0.254420 -0.656776 -0.698840 0.124651 
72647526166214 0.253333 -0.657623 -0.698446 0.124613 
72647544924339 0.252149 -0.659562 -0.697169 0.123914 
72647563682464 0.252544 -0.662097 -0.694509 0.124526 
72647582440589 0.254389 -0.665033 -0.690787 0.125823 
72647601198766 0.255324 -0.668339 -0.687213 0.125978 
72647619956891 0.256102 -0.670858 -0.684409 0.126274 
72647638715016 0.258600 -0.672682 -0.681104 0.129318 
72647657473141 0.260980 -0.674970 -0.676845 0.134856 
72647676231318 0.261158 -0.677327 -0.673099 0.141291 
72647694989443 0.259521 -0.677960 -0.672281 0.145117 
72647713747568 0.257775 -0.678101 -0.673284 0.142898 
72647732505745 0.258889 -0.677900 -0.674023 0.138277 
72647751263870 0.262020 -0.675718 -0.675696 0.134855 
72647770021995 0.263073 -0.672800 -0.679127 0.130077 
72647788780120 0.261573 -0.669947 -0.683464 0.125013 
72647807538245 0.257319 -0.666923 -0.688603 0.121771 
72647826296370 0.252494 -0.663787 -0.693557 0.120879 
72647845054547 0.250023 -0.660649 -0.697329 0.121505 
72647863812672 0.250183 -0.657803 -0.699905 0.121805 
72647882570797 0.251202 -0.655740 -0.701780 0.120028 
72647901328922 0.250537 -0.654225 -0.704108 0.115989 
72647920087047 0.248289 -0.652770 -0.706824 0.112445 
72647938845225 0.246377 -0.651330 -0.709000 0.111285 
72647957603350 0.245905 -0.650034 -0.710249 0.111954 
72647976361475 0.246705 -0.649207 -0.710522 0.113244 
72647995119600 0.248154 -0.648481 -0.710411 0.114923 
72648013877725 0.249926 -0.647569 -0.710325 0.116747 
72648032635850 0.251660 -0.646403 -0.710558 0.118057 
72648051393975 0.252704 -0.645333 -0.711122 0.118286 
72648070152152 0.253132 -0.644501 -0.711776 0.117977 
72648088910277 0.253231 -0.643850 -0.712334 0.117947 
72648107667933 0.253032 -0.643103 -0.713001 0.118420 
72648126426527 0.252558 -0.642347 -0.713797 0.118735 
72648145184652 0.252389 -0.641810 -0.714311 0.118910 
72648163942777 0.252644 -0.641426 -0.714500 0.119299 
72648182700902 0.252806 -0.641172 -0.714644 0.119456 
72648201459027 0.252427 -0.641087 -0.714908 0.119143 
72648220217100 0.251390 -0.641105 -0.715332 0.118689 
72648238975277 0.249890 -0.641076 -0.715943 0.118332 
72648257733402 0.248220 -0.641112 -0.716566 0.117879 
72648276491579 0.246824 -0.641223 -0.717001 0.117560 
72648295249704 0.246271 -0.641153 -0.717213 0.117807 
72648314007829 0.246290 -0.640938 -0.717325 0.118260 
72648332765954 0.246055 -0.640772 -0.717541 0.118332 
72648351524079 0.245322 -0.640715 -0.717890 0.118042 
72648370282204 0.244038 -0.640837 -0.718322 0.117414 
72648389040329 0.242321 -0.641300 -0.718662 0.116361 
72648407798454 0.240626 -0.641871 -0.718869 0.115449 
72648426556579 0.239450 -0.642408 -0.718843 0.115067 
72648445314704 0.238766 -0.642857 -0.718697 0.114892 
72648464072829 0.238110 -0.643270 -0.718634 0.114333 
72648482831006 0.237528 -0.643588 -0.718726 0.113169 
72648501589079 0.236404 -0.643997 -0.718918 0.111976 
72648520347256 0.234952 -0.644731 -0.718891 0.110975 
72648539105329 0.233544 -0.645618 -0.718661 0.110276 
72648557863506 0.232391 -0.646523 -0.718310 0.109695 
72648576621631 0.231613 -0.647152 -0.718085 0.109106 
72648595379756 0.231247 -0.647670 -0.717856 0.108312 
72648614137881 0.231166 -0.648100 -0.717637 0.107359 
72648632896006 0.230937 -0.648592 -0.717378 0.106608 
72648651654131 0.230570 -0.649190 -0.717023 0.106149 
72648670412256 0.230194 -0.649588 -0.716798 0.106056 
72648689170381 0.229689 -0.649834 -0.716745 0.105988 
72648707928506 0.229332 -0.650090 -0.716663 0.105753 
72648726686631 0.229345 -0.650243 -0.716538 0.105633 
72648745444756 0.229594 -0.650513 -0.716251 0.105374 
72648764202881 0.229945 -0.650980 -0.715752 0.105115 
72648782961006 0.230357 -0.651592 -0.715041 0.105258 
72648801719131 0.230796 -0.652237 -0.714245 0.105712 
72648820477256 0.231223 -0.652936 -0.713392 0.106211 
72648839235381 0.231595 -0.653630 -0.712560 0.106724 
72648857993506 0.231945 -0.654299 -0.711769 0.107139 
72648876751631 0.232189 -0.654928 -0.711058 0.107489 
72648895509756 0.232378 -0.655581 -0.710338 0.107863 
72648914267881 0.232679 -0.656216 -0.709611 0.108131 
72648933026006 0.232938 -0.656688 -0.709071 0.108249 
72648951784079 0.233297 -0.657079 -0.708595 0.108235 
72648970542256 0.233760 -0.657375 -0.708167 0.108228 
72648989300277 0.234193 -0.657567 -0.707851 0.108198 
72649008058454 0.234486 -0.657715 -0.707628 0.108119 
72649026816579 0.234861 -0.657919 -0.707299 0.108224 
72649045574704 0.235222 -0.658127 -0.706930 0.108575 
72649064332829 0.235373 -0.658453 -0.706547 0.108772 
72649083090954 0.235424 -0.659051 -0.705949 0.108915 
72649101849079 0.235468 -0.659712 -0.705279 0.109161 
72649120607204 0.235488 -0.660273 -0.704723 0.109312 
72649139365329 0.235549 -0.660817 -0.704196 0.109290 
72649158123454 0.235556 -0.661334 -0.703734 0.109126 
72649176881579 0.235430 -0.661832 -0.703326 0.109013 
72649195639704 0.235265 -0.662186 -0.703053 0.108979 
72649214397829 0.235147 -0.662536 -0.702790 0.108798 
72649233155954 0.235151 -0.662892 -0.702496 0.108524 
72649251914027 0.235199 -0.663152 -0.702269 0.108307 
72649270672152 0.235082 -0.663337 -0.702184 0.107977 
72649289430277 0.234787 -0.663755 -0.701968 0.107457 
72649308188402 0.234455 -0.664336 -0.701597 0.107006 
72649326946527 0.234232 -0.664769 -0.701309 0.106690 
72649345704652 0.234192 -0.664917 -0.701233 0.106361 
72649364462777 0.234573 -0.665165 -0.700971 0.105695 
72649383220902 0.235129 -0.665881 -0.700244 0.104756 
72649401979027 0.235906 -0.666915 -0.699079 0.104221 
72649420737100 0.236556 -0.668211 -0.697667 0.103897 
72649439495225 0.237074 -0.669806 -0.695999 0.103645 
72649458253350 0.237347 -0.671167 -0.694528 0.104077 
72649477011475 0.237200 -0.672303 -0.693387 0.104682 
72649495769600 0.236828 -0.673137 -0.692697 0.104734 
72649514527725 0.236600 -0.673484 -0.692468 0.104534 
72649533285797 0.236745 -0.673202 -0.692741 0.104215 
72649552043922 0.236967 -0.672537 -0.693379 0.103765 
72649570802047 0.237085 -0.671905 -0.694000 0.103432 
72649589560172 0.237350 -0.671631 -0.694160 0.103534 
72649608318297 0.237392 -0.671453 -0.694269 0.103867 
72649627076422 0.237108 -0.671288 -0.694523 0.103876 
72649645834495 0.236678 -0.671092 -0.694913 0.103514 
72649664592568 0.236456 -0.670764 -0.695357 0.103164 
72649683350745 0.236396 -0.670124 -0.696009 0.103066 
72649702108870 0.236219 -0.669033 -0.697147 0.102863 
72649720866995 0.236811 -0.667800 -0.698257 0.101987 
72649739625068 0.238204 -0.666791 -0.698897 0.100953 
72649758383193 0.239837 -0.666723 -0.698575 0.099757 
72649777141318 0.241541 -0.667493 -0.697383 0.098831 
72649795899443 0.243546 -0.668106 -0.696069 0.099031 
72649814657568 0.245832 -0.668001 -0.695217 0.100071 
72649833415641 0.247985 -0.667400 -0.694879 0.101116 
72649852173766 0.249970 -0.666679 -0.694734 0.101972 
72649870931891 0.251838 -0.665750 -0.694843 0.102706 
72649889690016 0.253566 -0.664755 -0.695066 0.103385 
72649908448141 0.255611 -0.663365 -0.695428 0.104832 
72649927206214 0.257976 -0.660740 -0.696624 0.107638 
72649945964339 0.260916 -0.656956 -0.698489 0.111560 
72649964722464 0.264799 -0.653603 -0.699288 0.116961 
72649983480589 0.269243 -0.650075 -0.699896 0.122706 
72650002238714 0.272691 -0.646745 -0.701066 0.125965 
72650020996787 0.274372 -0.644240 -0.702818 0.125388 
72650039754912 0.274817 -0.642831 -0.704566 0.121785 
72650058513037 0.274986 -0.642601 -0.705375 0.117866 
72650077271162 0.274580 -0.642203 -0.705976 0.117381 
72650096029235 0.272310 -0.641192 -0.707209 0.120734 
72650114787360 0.267366 -0.639848 -0.709424 0.125802 
72650133545485 0.261910 -0.637423 -0.712627 0.131370 
72650152303558 0.256166 -0.635242 -0.716127 0.134202 
72650171061683 0.251331 -0.633223 -0.719529 0.134678 
72650189819808 0.248799 -0.630370 -0.722778 0.135368 
72650208577881 0.246683 -0.626605 -0.726541 0.136575 
72650227336006 0.247379 -0.622390 -0.729213 0.140297 
72650246094131 0.250441 -0.619040 -0.729854 0.146223 
72650264852204 0.253396 -0.615078 -0.730737 0.153273 
72650283610329 0.255887 -0.609307 -0.733089 0.160770 
72650302368454 0.258262 -0.602328 -0.736318 0.168337 
72650321126579 0.261692 -0.593474 -0.740372 0.176510 
72650339884652 0.264463 -0.583947 -0.745252 0.183477 
72650358642777 0.265246 -0.575191 -0.750972 0.186658 
72650377400797 0.265657 -0.568388 -0.755647 0.188041 
72650396158975 0.270464 -0.561952 -0.757283 0.193862 
72650414917100 0.277964 -0.556519 -0.756474 0.201916 
72650433675225 0.284136 -0.553555 -0.754895 0.207309 
72650452433297 0.287158 -0.553223 -0.753531 0.208990 
72650471191422 0.290460 -0.553798 -0.751148 0.211467 
72650489949547 0.294243 -0.556135 -0.747178 0.214152 
72650508707620 0.295135 -0.562101 -0.743260 0.210955 
72650527465745 0.289926 -0.575906 -0.737470 0.201030 
72650546223818 0.281857 -0.597692 -0.724826 0.194802 
72650564981943 0.277436 -0.620582 -0.708151 0.190861 
72650583740068 0.273889 -0.643043 -0.691552 0.182306 
72650602498141 0.271240 -0.663394 -0.675188 0.174523 
72650621256266 0.278016 -0.683398 -0.653866 0.167734 
72650640014391 0.292591 -0.704621 -0.626800 0.158179 
72650658772464 0.310904 -0.720735 -0.600923 0.150906 
72650677530589 0.334457 -0.729706 -0.575122 0.157806 
72650696288714 0.358667 -0.735470 -0.546479 0.178333 
72650715046787 0.370255 -0.742128 -0.527328 0.184612 
72650733804912 0.373773 -0.750696 -0.513256 0.182533 
72650752562985 0.375834 -0.760704 -0.492945 0.192571 
72650771321110 0.366776 -0.774177 -0.477288 0.195759 
72650790079235 0.346402 -0.791494 -0.470590 0.179130 
72650808837308 0.323186 -0.809685 -0.467494 0.146321 
72650827595433 0.299157 -0.826967 -0.465662 0.098939 
72650846353506 0.278383 -0.837987 -0.466546 0.051147 
72650865111631 0.262770 -0.840933 -0.472791 0.015869 
72650883869756 -0.251820 0.839013 0.482302 0.005416 
72650902627829 -0.246411 0.837238 0.488053 0.010908 
72650921385954 -0.242985 0.837936 0.488572 0.010872 
72650940144027 -0.235033 0.839005 0.490368 0.019205 
72650958902152 -0.223874 0.840265 0.492677 0.033245 
72650977660225 -0.213466 0.841990 0.493204 0.047266 
72650996418350 -0.205253 0.843719 0.492547 0.058373 
72651015176475 -0.199577 0.847513 0.487134 0.067747 
72651033934547 -0.200954 0.846273 0.489705 0.060244 
72651052692620 -0.212206 0.839886 0.496949 0.051021 
72651071450745 -0.234119 0.836693 0.492689 0.048908 
72651090208870 -0.256651 0.829609 0.494588 0.035527 
72651108966943 -0.269565 0.820816 0.502959 0.025076 
72651127725068 -0.282084 0.811310 0.511984 0.008809 
72651146483141 0.296455 -0.796393 -0.526623 0.023251 
72651165241266 0.313995 -0.775569 -0.544478 0.058688 
72651183999339 0.331702 -0.752619 -0.562101 0.087066 
72651202757464 0.335228 -0.736018 -0.579746 0.098971 
72651221515537 0.323734 -0.726514 -0.597730 0.100464 
72651240273662 0.310906 -0.717189 -0.614391 0.107244 
72651259031735 0.303787 -0.705303 -0.628833 0.121783 
72651277789860 0.302428 -0.691423 -0.641011 0.139919 
72651296547933 0.303606 -0.676655 -0.652541 0.155409 
72651315306058 0.303277 -0.663573 -0.663816 0.164447 
72651334064131 0.305838 -0.650531 -0.673631 0.171739 
72651352822256 0.312619 -0.635114 -0.682002 0.183775 
72651371580381 0.322712 -0.617508 -0.688553 0.201085 
72651390338454 0.335299 -0.599712 -0.692160 0.220985 
72651409096527 0.348572 -0.583550 -0.693297 0.239387 
72651427854652 0.357795 -0.570056 -0.695375 0.251937 
72651446612725 0.359801 -0.558612 -0.701952 0.256434 
72651465370850 0.355610 -0.549467 -0.712706 0.252346 
72651484128922 0.351123 -0.542515 -0.722389 0.246056 
72651502887047 0.350907 -0.535521 -0.728168 0.244650 
72651521645120 0.355028 -0.528584 -0.729444 0.249930 
72651540403193 0.359346 -0.523208 -0.729045 0.256159 
72651559161318 0.362088 -0.519721 -0.729340 0.258544 
72651577919391 0.363191 -0.519555 -0.729552 0.256726 
72651596677516 0.365271 -0.523715 -0.726378 0.254312 
72651615435589 0.368080 -0.534550 -0.717783 0.252115 
72651634193714 0.367113 -0.553661 -0.705631 0.246522 
72651652951787 0.364399 -0.579295 -0.689013 0.238519 
72651671709860 0.360530 -0.607566 -0.669513 0.229423 
72651690467985 0.354015 -0.633198 -0.652339 0.219516 
72651709226058 0.347463 -0.653968 -0.638095 0.210784 
72651727984183 0.347030 -0.671227 -0.621477 0.206860 
72651746742256 0.356088 -0.686810 -0.597445 0.211077 
72651765500381 0.370760 -0.700574 -0.567972 0.221677 
72651784258454 0.381963 -0.711929 -0.541491 0.232485 
72651803016527 0.386869 -0.721681 -0.522888 0.236850 
72651821774652 0.381680 -0.735098 -0.512327 0.226874 
72651840532725 0.368368 -0.752541 -0.503259 0.211464 
72651859290850 0.351414 -0.772203 -0.490764 0.198397 
72651878048922 0.331148 -0.792210 -0.478868 0.182838 
72651896806995 0.305700 -0.812935 -0.470230 0.156742 
72651915565120 0.280781 -0.831580 -0.463290 0.122468 
72651934323193 0.257789 -0.847063 -0.457263 0.083320 
72651953081318 0.236740 -0.857387 -0.454651 0.046201 
72651971839391 0.218720 -0.861311 -0.458269 0.017168 
72651990597464 -0.206914 0.859710 0.466984 0.003261 
72652009355589 -0.199891 0.854495 0.479177 0.016501 
72652028113662 -0.195583 0.847023 0.493758 0.022391 
72652046871735 -0.194487 0.838399 0.508748 0.020904 
72652065629860 -0.195203 0.832886 0.517473 0.020435 
72652084387933 -0.196555 0.833429 0.515791 0.026865 
72652103146058 -0.194170 0.836309 0.511240 0.038972 
72652121904131 -0.186991 0.839393 0.508202 0.046744 
72652140662152 -0.178720 0.841417 0.507414 0.051087 
72652159420329 -0.170956 0.842739 0.506702 0.061782 
72652178178402 -0.165538 0.844759 0.503595 0.073270 
72652196936475 -0.168093 0.841967 0.507604 0.071942 
72652215694600 -0.179808 0.833451 0.518600 0.063893 
72652234452672 -0.198419 0.828261 0.521020 0.056134 
72652253210745 -0.219309 0.821681 0.524185 0.044425 
72652271968870 -0.238680 0.809596 0.535530 0.028160 
72652290726943 -0.257193 0.793640 0.551342 0.003170 
72652309485016 0.276413 -0.773256 -0.569923 0.029311 
72652328243141 0.296184 -0.750588 -0.587492 0.061192 
72652347001214 0.308954 -0.731285 -0.602874 0.079461 
72652365759287 0.306785 -0.718987 -0.618063 0.083313 
72652384517412 0.292827 -0.709026 -0.635831 0.085173 
72652403275485 0.281446 -0.697707 -0.651742 0.096041 
72652422033558 0.279290 -0.684926 -0.662748 0.116784 
72652440791631 0.282792 -0.670294 -0.671348 0.141517 
72652459549756 0.287288 -0.655159 -0.678995 0.164915 
72652478307829 0.292001 -0.641053 -0.685810 0.182895 
72652497065902 0.296944 -0.629283 -0.691154 0.195280 
72652515824027 0.304925 -0.614338 -0.696704 0.210271 
72652534582100 0.316313 -0.597783 -0.700201 0.228736 
72652553340172 0.330619 -0.581688 -0.701011 0.246808 
72652572098245 0.341329 -0.568368 -0.702911 0.257619 
72652590856370 0.345827 -0.557127 -0.708739 0.260195 
72652609614443 0.345912 -0.545170 -0.718744 0.257955 
72652628372568 0.344548 -0.531426 -0.730277 0.256065 
72652647130641 0.343280 -0.518556 -0.739976 0.256307 
72652665888714 0.343984 -0.508874 -0.745613 0.258426 
72652684646787 0.348631 -0.501562 -0.747233 0.261791 
72652703404860 0.355866 -0.496178 -0.746002 0.265798 
72652722162985 0.359755 -0.494128 -0.744917 0.267417 
72652740921058 0.361113 -0.497093 -0.742500 0.266814 
72652759679079 0.362713 -0.506435 -0.735667 0.266000 
72652778437204 0.363434 -0.522543 -0.724659 0.264073 
72652797195329 0.361521 -0.545085 -0.710469 0.259651 
72652815953402 0.356283 -0.571376 -0.694816 0.252631 
72652834711475 0.349366 -0.597081 -0.679466 0.244466 
72652853469547 0.341897 -0.620015 -0.664759 0.238292 
72652872227672 0.339698 -0.640387 -0.647704 0.234498 
72652890985745 0.347068 -0.658341 -0.625999 0.232928 
72652909743818 0.360245 -0.674936 -0.599774 0.234427 
72652928501891 0.373471 -0.688496 -0.574285 0.238094 
72652947260016 0.386939 -0.696556 -0.552982 0.243513 
72652966018089 0.395963 -0.703638 -0.536987 0.244443 
72652984776162 0.390265 -0.716602 -0.529760 0.231364 
72653003534235 0.378483 -0.734964 -0.519457 0.216201 
72653022292308 0.363902 -0.755620 -0.503193 0.208353 
72653041050433 0.344280 -0.776998 -0.489665 0.194867 
72653059808506 0.322883 -0.797029 -0.481525 0.169189 
72653078566579 0.301168 -0.815388 -0.476492 0.131892 
72653097324652 0.280432 -0.830495 -0.472920 0.089346 
72653116082725 0.262108 -0.839436 -0.473236 0.051953 
72653134840850 0.248658 -0.840313 -0.480824 0.029187 
72653153598922 0.239365 -0.835805 -0.493904 0.013915 
72653172356995 0.231862 -0.828334 -0.509993 0.003168 
72653191115068 -0.225125 0.820914 0.524794 0.003003 
72653209873141 -0.221862 0.818913 0.529272 0.005491 
72653228631266 -0.221336 0.819423 0.528640 0.009769 
72653247389339 -0.216983 0.822547 0.525117 0.024216 
72653266147412 -0.201930 0.827745 0.521968 0.040150 
72653284905485 -0.185873 0.833164 0.518658 0.047773 
72653303663558 -0.175708 0.838846 0.512431 0.053634 
72653322421631 -0.171705 0.840639 0.510646 0.055529 
72653341179704 -0.174132 0.836970 0.515763 0.056116 
72653359937829 -0.183302 0.832277 0.520805 0.049774 
72653378695902 -0.195794 0.829177 0.522093 0.039344 
72653397453975 -0.203359 0.823002 0.529249 0.034763 
72653416212047 -0.215480 0.813227 0.540056 0.023892 
72653434970120 0.235771 -0.798593 -0.553768 0.001354 
72653453728193 0.264074 -0.777003 -0.570184 0.037710 
72653472486266 0.296159 -0.749393 -0.587558 0.074003 
72653491244391 0.316378 -0.724215 -0.605337 0.094787 
72653510002464 0.314831 -0.708779 -0.623211 0.100615 
72653528760537 0.299873 -0.696722 -0.642760 0.107299 
72653547518610 0.290939 -0.682467 -0.658450 0.126636 
72653566276683 0.292754 -0.666445 -0.668096 0.154252 
72653585034756 0.298322 -0.650709 -0.674568 0.180391 
72653603792829 0.298528 -0.638910 -0.681734 0.194716 
72653622550954 0.294161 -0.632390 -0.688367 0.199258 
72653641309027 0.293670 -0.625114 -0.693471 0.205154 
72653660067100 0.301211 -0.610427 -0.698489 0.220827 
72653678825172 0.312664 -0.591640 -0.703218 0.240183 
72653697583245 0.319711 -0.577872 -0.707501 0.251578 
72653716341318 0.318829 -0.569058 -0.714542 0.252886 
72653735099391 0.312811 -0.560000 -0.725828 0.248442 
72653753857464 0.309666 -0.547546 -0.737144 0.246818 
72653772615537 0.310522 -0.534881 -0.745253 0.249151 
72653791373610 0.313709 -0.524573 -0.749896 0.253112 
72653810131683 0.318642 -0.517703 -0.751871 0.255229 
72653828889808 0.323513 -0.514360 -0.752082 0.255238 
72653847647881 0.326480 -0.511901 -0.751574 0.257886 
72653866405954 0.327688 -0.511186 -0.750003 0.262305 
72653885163975 0.329146 -0.515038 -0.745761 0.265027 
72653903922100 0.330850 -0.524965 -0.738338 0.264211 
72653922680172 0.332228 -0.543349 -0.726145 0.259055 
72653941438245 0.335385 -0.567642 -0.707823 0.253547 
72653960196318 0.340655 -0.593511 -0.685146 0.249546 
72653978954391 0.343294 -0.617829 -0.663511 0.245335 
72653997712464 0.344452 -0.636793 -0.645703 0.242723 
72654016470537 0.351937 -0.651822 -0.626925 0.241316 
72654035228662 0.367116 -0.667373 -0.601849 0.240036 
72654053986735 0.385664 -0.681548 -0.573297 0.241010 
72654072744808 0.403275 -0.691157 -0.547611 0.244526 
72654091502881 0.409901 -0.702122 -0.532298 0.235934 
72654110260954 0.405970 -0.716720 -0.524053 0.216494 
72654129019027 0.397174 -0.734862 -0.511565 0.201325 
72654147776631 0.383718 -0.755480 -0.497418 0.185974 
72654166535120 0.368516 -0.775862 -0.484928 0.164554 
72654185293193 0.348621 -0.796017 -0.475775 0.135862 
72654204051266 0.326184 -0.814640 -0.468919 0.100402 
72654222809339 0.303782 -0.829380 -0.465089 0.059472 
72654241567412 0.284782 -0.836311 -0.467745 0.026411 
72654260325485 0.270467 -0.835479 -0.478320 0.005683 
72654279083558 -0.260794 0.829478 0.493893 0.004669 
72654297841631 -0.254002 0.820901 0.511451 0.004712 
72654316599704 0.250096 -0.813804 -0.524559 0.003545 
72654335357777 0.249502 -0.810317 -0.530079 0.012287 
72654354115850 0.249102 -0.806816 -0.535619 0.010440 
72654372873922 -0.245469 0.806932 0.537212 0.002978 
72654391631995 -0.235883 0.811387 0.534602 0.014513 
72654410390068 -0.226576 0.817141 0.529719 0.018460 
72654429148141 -0.221517 0.823402 0.521990 0.021571 
72654447906214 -0.221042 0.825609 0.518695 0.021596 
72654466664287 -0.226198 0.819958 0.525600 0.015715 
72654485422308 0.237908 -0.811111 -0.534290 0.005748 
72654504180433 0.249342 -0.805257 -0.537108 0.030065 
72654522938506 0.252658 -0.802924 -0.538609 0.037118 
72654541696579 0.259295 -0.796802 -0.543462 0.050222 
72654560454652 0.273749 -0.782423 -0.554034 0.076947 
72654579212725 0.295781 -0.760929 -0.567027 0.109450 
72654597970797 0.321032 -0.734766 -0.580715 0.140809 
72654616728870 0.337344 -0.711764 -0.595984 0.156191 
72654635486943 0.330778 -0.700045 -0.615363 0.147822 
72654654245016 0.305956 -0.691916 -0.639738 0.135566 
72654673003089 0.291023 -0.680619 -0.657188 0.142013 
72654691761162 0.290533 -0.668142 -0.665920 0.160402 
72654710519235 0.287152 -0.658335 -0.673507 0.174721 
72654729277308 0.283666 -0.649645 -0.680836 0.184277 
72654748035381 0.284236 -0.640491 -0.686453 0.194327 
72654766793454 0.288470 -0.626337 -0.693663 0.208133 
72654785551527 0.293505 -0.608549 -0.703365 0.220911 
72654804309600 0.295948 -0.593886 -0.713599 0.224701 
72654823067672 0.298550 -0.581856 -0.722764 0.223437 
72654841825745 0.301204 -0.570455 -0.730936 0.222686 
72654860583818 0.305603 -0.558754 -0.737265 0.225480 
72654879341839 0.312642 -0.548204 -0.740276 0.231774 
72654898099912 0.319076 -0.540776 -0.740723 0.238914 
72654916857985 0.324021 -0.537216 -0.739361 0.244447 
72654935616058 0.327744 -0.536765 -0.736544 0.248939 
72654954374131 0.328699 -0.539341 -0.732777 0.253192 
72654973132152 0.328405 -0.546561 -0.726520 0.256107 
72654991890277 0.326697 -0.562165 -0.716293 0.253306 
72655010648350 0.326470 -0.584542 -0.700205 0.247873 
72655029406422 0.329046 -0.607646 -0.680220 0.244532 
72655048164495 0.329288 -0.629219 -0.661286 0.241564 
72655066922568 0.327479 -0.647922 -0.645727 0.236623 
72655085680641 0.331844 -0.662067 -0.629300 0.235645 
72655104438714 0.345646 -0.674277 -0.607104 0.239383 
72655123196735 0.367189 -0.684028 -0.578519 0.250187 
72655141954808 0.391563 -0.688673 -0.549039 0.266390 
72655160712829 0.403852 -0.694020 -0.530114 0.272432 
72655179470954 0.398469 -0.706582 -0.525102 0.257356 
72655198229027 0.397113 -0.719532 -0.511825 0.250220 
72655216987100 0.394182 -0.734787 -0.496395 0.241455 
72655235745172 0.383845 -0.751326 -0.488562 0.222438 
72655254503245 0.368120 -0.769499 -0.483764 0.195782 
72655273261318 0.350104 -0.788685 -0.478858 0.161550 
72655292019339 0.330416 -0.806878 -0.475416 0.117268 
72655310777412 0.311958 -0.820071 -0.474225 0.072648 
72655329535485 0.297516 -0.825611 -0.477883 0.038447 
72655348293558 0.287734 -0.824337 -0.487153 0.018962 
72655367051631 0.281613 -0.818332 -0.500830 0.013980 
72655385809704 0.279926 -0.810425 -0.514149 0.022468 
72655404567777 0.282734 -0.805841 -0.519239 0.032754 
72655423325850 0.283460 -0.803962 -0.521932 0.029709 
72655442083870 0.279739 -0.804098 -0.524300 0.016821 
72655460841943 0.271709 -0.807716 -0.523213 0.004285 
72655479600068 -0.262209 0.813492 0.519095 0.004231 
72655498358141 -0.253603 0.817791 0.516535 0.009776 
72655517116162 -0.247282 0.820814 0.514650 0.015864 
72655535874235 -0.243854 0.819467 0.518518 0.012136 
72655554632308 -0.244678 0.811046 0.531350 0.002200 
72655573390381 0.256271 -0.801946 -0.539457 0.013919 
72655592148454 0.270816 -0.796506 -0.539876 0.027775 
72655610906527 0.277057 -0.793930 -0.540475 0.028302 
72655629664600 0.286107 -0.786789 -0.545557 0.038379 
72655648422620 0.300647 -0.770901 -0.557756 0.065045 
72655667180693 0.321050 -0.747636 -0.572376 0.101748 
72655685938766 0.345304 -0.719766 -0.585801 0.139784 
72655704696839 0.360370 -0.697512 -0.598040 0.161120 
72655723454912 0.351420 -0.686777 -0.616313 0.158113 
72655742212985 0.327118 -0.677623 -0.641146 0.150837 
72655760971006 0.314633 -0.664799 -0.658787 0.158269 
72655779729079 0.313313 -0.652359 -0.667650 0.174661 
72655798487152 0.312660 -0.640510 -0.674932 0.190937 
72655817245225 0.312653 -0.627522 -0.683146 0.204391 
72655836003297 0.315569 -0.614637 -0.689521 0.217251 
72655854761318 0.320335 -0.599035 -0.696625 0.230773 
72655873519391 0.324092 -0.581805 -0.705953 0.241037 
72655892277464 0.327076 -0.567169 -0.714736 0.245954 
72655911035537 0.331747 -0.555274 -0.720985 0.248585 
72655929793610 0.336735 -0.545078 -0.725763 0.250535 
72655948551631 0.340963 -0.534084 -0.730948 0.253404 
72655967309704 0.343917 -0.523569 -0.735792 0.257306 
72655986067777 0.347194 -0.515735 -0.737993 0.262373 
72656004825850 0.350116 -0.511101 -0.738203 0.266929 
72656023583922 0.353593 -0.509103 -0.736897 0.269757 
72656042341943 0.357357 -0.510254 -0.733440 0.272035 
72656061100016 0.357424 -0.514989 -0.729322 0.274089 
72656079858089 0.354304 -0.527228 -0.722061 0.274096 
72656098616162 0.349859 -0.547599 -0.710533 0.269957 
72656117374235 0.348348 -0.573228 -0.693447 0.263050 
72656136132256 0.350557 -0.598892 -0.672419 0.257469 
72656154890329 0.352076 -0.622446 -0.652601 0.250430 
72656173648402 0.355294 -0.639322 -0.635849 0.246435 
72656192406475 0.363377 -0.651435 -0.618598 0.246833 
72656211164495 0.375686 -0.664626 -0.596183 0.248390 
72656229922568 0.391317 -0.676983 -0.570131 0.252023 
72656248680641 0.405788 -0.685286 -0.547203 0.257465 
72656267438714 0.411094 -0.694822 -0.533149 0.252935 
72656286196735 0.407844 -0.707973 -0.525640 0.236938 
72656304954808 0.400141 -0.725019 -0.516061 0.218897 
72656323712881 0.389342 -0.742724 -0.505753 0.202455 
72656342470954 0.374576 -0.760426 -0.498160 0.182430 
72656361229027 0.355456 -0.778130 -0.492832 0.159004 
72656379987047 0.332743 -0.795080 -0.490033 0.130373 
72656398745120 0.309587 -0.809825 -0.488862 0.096713 
72656417503193 0.289853 -0.819612 -0.489612 0.067091 
72656436261214 0.275736 -0.822535 -0.495091 0.047866 
72656455019287 0.267173 -0.819300 -0.505853 0.038467 
72656473777360 0.262173 -0.811522 -0.520878 0.037199 
72656492535433 0.258989 -0.802978 -0.535275 0.040398 
72656511293454 0.260025 -0.801353 -0.537263 0.039615 
72656530051527 0.262684 -0.800889 -0.536958 0.035360 
72656548809600 0.259958 -0.804370 -0.533643 0.025212 
72656567567672 0.247971 -0.810731 -0.530082 0.015441 
72656586325693 0.236536 -0.816458 -0.526635 0.010135 
72656605083766 0.229124 -0.823171 -0.519509 0.001319 
72656623841839 -0.227945 0.825560 0.516221 0.002623 
72656642599912 0.232884 -0.819495 -0.523631 0.001519 
72656661357933 0.243936 -0.811631 -0.530617 0.013985 
72656680116006 0.256636 -0.806674 -0.531787 0.024836 
72656698874079 0.268074 -0.800238 -0.535500 0.031546 
72656717632100 0.282275 -0.787529 -0.545505 0.050460 
72656736390172 0.299824 -0.767551 -0.560399 0.083215 
72656755148245 0.322908 -0.741581 -0.574592 0.125025 
72656773906318 0.346855 -0.713103 -0.586483 0.164967 
72656792664339 0.359813 -0.691264 -0.598092 0.187012 
72656811422412 0.351136 -0.679805 -0.616238 0.186600 
72656830180485 0.330873 -0.671092 -0.638204 0.181257 
72656848938558 0.319321 -0.661142 -0.653314 0.184680 
72656867696579 0.315616 -0.651045 -0.662418 0.194241 
72656886454652 0.311455 -0.641556 -0.670835 0.203423 
72656905212725 0.306672 -0.633376 -0.678479 0.210840 
72656923970745 0.304862 -0.624969 -0.684260 0.219686 
72656942728818 0.308096 -0.613043 -0.689153 0.233074 
72656961486891 0.314266 -0.597097 -0.694334 0.250223 
72656980244912 0.320538 -0.581129 -0.700563 0.262212 
72656999002933 0.324398 -0.568115 -0.708030 0.265904 
72657017761058 0.324096 -0.557586 -0.717532 0.263075 
72657036519079 0.323011 -0.548050 -0.726443 0.259973 
72657055277152 0.326053 -0.538882 -0.731111 0.262244 
72657074035225 0.331929 -0.531129 -0.731552 0.269365 
72657092793297 0.335079 -0.525950 -0.731411 0.275930 
72657111551318 0.337721 -0.523573 -0.730939 0.278467 
72657130309391 0.341248 -0.523106 -0.729480 0.278870 
72657149067464 0.343299 -0.524821 -0.726781 0.280176 
72657167825485 0.343942 -0.532058 -0.721158 0.280267 
72657186583558 0.344165 -0.547725 -0.710549 0.276890 
72657205341631 0.344421 -0.571545 -0.693715 0.271053 
72657224099600 0.345425 -0.597269 -0.673964 0.264052 
72657242857725 0.344961 -0.621474 -0.654804 0.256911 
72657261615797 0.344612 -0.641232 -0.638624 0.249448 
72657280373818 0.351153 -0.656734 -0.621357 0.243531 
72657299131891 0.364097 -0.671847 -0.599389 0.238300 
72657317889964 0.383042 -0.684149 -0.572405 0.239941 
72657336647985 0.403173 -0.692174 -0.544863 0.247934 
72657355406058 0.411947 -0.702622 -0.527145 0.242365 
72657374164131 0.410832 -0.716021 -0.518271 0.223440 
72657392922152 0.403488 -0.732207 -0.508194 0.206902 
72657411680225 0.392340 -0.749255 -0.496872 0.194431 
72657430438297 0.381281 -0.761540 -0.486802 0.194180 
72657449196318 0.362402 -0.780332 -0.481992 0.165623 
72657467953975 0.339047 -0.800540 -0.478779 0.122280 
72657486712412 0.316127 -0.816131 -0.477255 0.078880 
72657505470485 0.295375 -0.824975 -0.479851 0.043730 
72657524228558 0.279324 -0.826503 -0.488224 0.022546 
72657542986579 0.269560 -0.821609 -0.502067 0.015011 
72657561744652 0.264292 -0.812077 -0.519885 0.020013 
72657580502725 0.262366 -0.803861 -0.532773 0.033540 
72657599260745 0.263934 -0.800129 -0.536762 0.044936 
72657618018818 0.266609 -0.797000 -0.540016 0.045753 
72657636776839 0.263031 -0.798453 -0.540466 0.034395 
72657655534912 0.251340 -0.804268 -0.538097 0.020816 
72657674292985 0.239793 -0.811596 -0.532604 0.012029 
72657693051006 0.234541 -0.817988 -0.525166 0.009316 
72657711809079 0.237618 -0.818204 -0.523327 0.014462 
72657730567100 0.247178 -0.808930 -0.532687 0.027918 
72657749325172 0.261339 -0.801329 -0.535785 0.050113 
72657768083245 0.268293 -0.799905 -0.533634 0.058378 
72657786841266 0.273798 -0.796559 -0.535627 0.060242 
72657805599339 0.286338 -0.785077 -0.543809 0.077050 
72657824357412 0.304126 -0.764978 -0.557224 0.108706 
72657843115433 0.326857 -0.738001 -0.571293 0.148810 
72657861873454 0.349362 -0.709918 -0.582607 0.185827 
72657880631527 0.359396 -0.690431 -0.594349 0.202210 
72657899389547 0.342585 -0.680297 -0.618785 0.192191 
72657918147620 0.320476 -0.671683 -0.642249 0.183448 
72657936905693 0.314817 -0.662885 -0.653293 0.186232 
72657955663714 0.312879 -0.655215 -0.660267 0.191955 
72657974421787 0.308669 -0.648850 -0.667288 0.196071 
72657993179808 0.308366 -0.644272 -0.670441 0.200829 
72658011937881 0.312078 -0.638331 -0.672072 0.208471 
72658030695902 0.317135 -0.629517 -0.674915 0.218229 
72658049453975 0.321678 -0.615627 -0.681843 0.229383 
72658068212047 0.327815 -0.600797 -0.688826 0.238955 
72658086970068 0.333022 -0.586742 -0.695891 0.246101 
72658105728141 0.326141 -0.577895 -0.708290 0.240820 
72658124486162 0.322007 -0.573732 -0.715955 0.233565 
72658143244183 0.327567 -0.567126 -0.717554 0.237034 
72658162002256 0.332024 -0.558305 -0.720010 0.244214 
72658180760329 0.336464 -0.549678 -0.721710 0.252548 
72658199518402 0.343526 -0.542753 -0.720445 0.261472 
72658218276422 0.343549 -0.537928 -0.722178 0.266584 
72658237034495 0.337806 -0.538050 -0.724546 0.267251 
72658255792516 0.337408 -0.543575 -0.720678 0.267032 
72658274550589 0.339618 -0.555089 -0.711005 0.266472 
72658293308610 0.339366 -0.572986 -0.697262 0.265222 
72658312066683 0.338110 -0.594371 -0.681245 0.261362 
72658330824704 0.342133 -0.614073 -0.662549 0.258629 
72658349582725 0.348162 -0.632211 -0.643345 0.255344 
72658368340797 0.360837 -0.644233 -0.625866 0.251103 
72658387098870 0.374108 -0.650796 -0.612346 0.248074 
72658405856943 0.388412 -0.656273 -0.598295 0.245938 
72658424614964 0.404465 -0.664174 -0.579917 0.242852 
72658443373037 0.417916 -0.673525 -0.559754 0.241632 
72658462131058 0.424147 -0.684257 -0.542448 0.240088 
72658480889131 0.426326 -0.696587 -0.526050 0.237242 
72658499647152 0.428714 -0.710230 -0.507088 0.233750 
72658518405225 0.429303 -0.723740 -0.490200 0.227162 
72658537163245 0.425606 -0.735605 -0.480059 0.217458 
72658555921266 0.418146 -0.745618 -0.476531 0.205245 
72658574679339 0.407449 -0.754662 -0.477129 0.191879 
72658593437412 0.397352 -0.763758 -0.477036 0.176696 
72658612195433 0.388356 -0.771422 -0.478239 0.159296 
72658630953506 0.382072 -0.775218 -0.481864 0.144447 
72658649711527 0.379055 -0.774013 -0.489334 0.133314 
72658668469600 0.377630 -0.768275 -0.501678 0.124371 
72658687227620 0.376059 -0.760059 -0.517137 0.116016 
72658705985693 0.373251 -0.752158 -0.532332 0.107543 
72658724743714 0.367292 -0.746166 -0.545949 0.101361 
72658743501787 0.360621 -0.745442 -0.551330 0.101516 
72658762259808 0.358826 -0.749139 -0.547574 0.100986 
72658781017881 0.354147 -0.760921 -0.535282 0.095141 
72658799775902 0.343142 -0.776457 -0.521911 0.083532 
72658818533975 0.333968 -0.784194 -0.517226 0.077345 
72658837291995 0.324321 -0.785832 -0.521455 0.073281 
72658856050068 0.318067 -0.784798 -0.527130 0.071130 
72658874808089 0.316956 -0.780868 -0.533054 0.075085 
72658893566110 0.317851 -0.774539 -0.541887 0.073606 
72658912324183 0.324983 -0.770176 -0.545389 0.061345 
72658931082256 0.338085 -0.769235 -0.539244 0.056486 
72658949840277 0.346142 -0.766448 -0.538705 0.050388 
72658968598350 0.349223 -0.759266 -0.547161 0.046620 
72658987355954 0.345080 -0.751427 -0.559912 0.052694 
72659006114443 0.338080 -0.742380 -0.573438 0.075768 
72659024872516 0.331333 -0.731222 -0.585922 0.110583 
72659043630537 0.319866 -0.721290 -0.598635 0.138068 
72659062388610 0.301545 -0.714948 -0.611506 0.154855 
72659081146631 0.283480 -0.710927 -0.622187 0.164636 
72659099904704 0.266506 -0.709299 -0.631248 0.165518 
72659118662725 0.250636 -0.711850 -0.636390 0.159558 
72659137420797 0.236304 -0.719262 -0.635640 0.150945 
72659156178818 0.226624 -0.728275 -0.629250 0.149336 
72659174936891 0.215953 -0.735136 -0.623765 0.154458 
72659193694912 0.204132 -0.738152 -0.621820 0.163711 
72659212452985 0.194354 -0.736980 -0.622805 0.176637 
72659231211006 0.189157 -0.732858 -0.625875 0.188199 
72659249969079 0.190399 -0.729787 -0.627905 0.192080 
72659268727100 0.195637 -0.728097 -0.628689 0.190659 
72659287485172 0.203196 -0.726118 -0.629708 0.186901 
72659306243193 0.207986 -0.726073 -0.630738 0.178127 
72659325001266 0.208204 -0.727946 -0.632034 0.165167 
72659343759287 0.209978 -0.726223 -0.633756 0.163900 
72659362517360 0.205841 -0.724865 -0.634846 0.170798 
72659381275381 0.193930 -0.725303 -0.636383 0.177040 
72659400033454 0.193154 -0.721578 -0.636419 0.192323 
72659418791475 0.200671 -0.719145 -0.632565 0.205968 
72659437549495 0.207015 -0.717766 -0.628973 0.215292 
72659456307568 0.210302 -0.714080 -0.627220 0.229040 
72659475065589 0.212198 -0.707787 -0.625363 0.250860 
72659493823662 0.213449 -0.702600 -0.622425 0.270887 
72659512581683 0.214454 -0.698732 -0.621730 0.281488 
72659531339756 0.210253 -0.697044 -0.628670 0.273308 
72659550097777 0.217188 -0.691533 -0.632251 0.273624 
72659568855850 0.227220 -0.685200 -0.630712 0.284736 
72659587613870 0.233651 -0.679366 -0.626998 0.301234 
72659606371891 0.236188 -0.676792 -0.619852 0.319299 
72659625129912 0.234967 -0.677860 -0.611329 0.334026 
72659643887985 0.233419 -0.677931 -0.604480 0.347173 
72659662646006 0.235614 -0.675308 -0.599482 0.359260 
72659681404079 0.239353 -0.673271 -0.594103 0.369403 
72659700162100 0.240951 -0.673790 -0.588942 0.375629 
72659718920172 0.242042 -0.674282 -0.585900 0.378788 
72659737678193 0.245078 -0.673099 -0.584321 0.381371 
72659756436266 0.248355 -0.671221 -0.584275 0.382628 
72659775194287 0.251101 -0.668397 -0.586479 0.382408 
72659793952308 0.253437 -0.665854 -0.587138 0.384289 
72659812710381 0.256412 -0.665282 -0.583993 0.388079 
72659831468402 0.258902 -0.666054 -0.580790 0.389904 
72659850226475 0.260847 -0.666663 -0.579378 0.389666 
72659868984495 0.264657 -0.666443 -0.578292 0.389087 
72659887742568 0.270699 -0.665291 -0.577774 0.387668 
72659906500589 0.276574 -0.662962 -0.578770 0.386023 
72659925258610 0.280555 -0.659962 -0.580966 0.384991 
72659944016683 0.283466 -0.657152 -0.581203 0.387299 
72659962774704 0.284862 -0.656220 -0.579214 0.390820 
72659981532777 0.285487 -0.656324 -0.577056 0.393374 
72660000290797 0.286160 -0.655928 -0.576114 0.394921 
72660019048870 0.287076 -0.654929 -0.575565 0.396712 
72660037806891 0.287755 -0.653862 -0.574661 0.399282 
72660056564912 0.288169 -0.653014 -0.573947 0.401393 
72660075322985 0.289047 -0.652870 -0.573841 0.401147 
72660094081006 0.290314 -0.653014 -0.573633 0.400294 
72660112839079 0.290909 -0.652989 -0.573553 0.400018 
72660131597100 0.290744 -0.651704 -0.574728 0.400546 
72660150355120 0.290262 -0.648365 -0.577818 0.401868 
72660169113193 0.289650 -0.644263 -0.581959 0.402929 
72660187871214 0.289522 -0.639587 -0.585292 0.405633 
72660206629287 0.291310 -0.636197 -0.587162 0.406980 
72660225387308 0.295219 -0.635608 -0.587500 0.404588 
72660244145381 0.298566 -0.635685 -0.588027 0.401232 
72660262903402 0.299748 -0.633840 -0.589731 0.400770 
72660281661422 0.298419 -0.630120 -0.592544 0.403468 
72660300419495 0.295722 -0.624149 -0.596705 0.408571 
72660319177464 0.293234 -0.615989 -0.601648 0.415442 
72660337935589 0.290316 -0.606973 -0.606408 0.423758 
72660356693610 0.286130 -0.596896 -0.610133 0.435409 
72660375451631 0.280028 -0.581870 -0.612120 0.456422 
72660394209704 0.267628 -0.560251 -0.615414 0.485551 
72660412967725 0.259831 -0.534144 -0.618318 0.514646 
72660431725745 0.253184 -0.503624 -0.628173 0.536339 
72660450483818 0.238041 -0.489323 -0.651871 0.528170 
72660469241839 0.221671 -0.479555 -0.690577 0.493957 
72660487999860 0.211640 -0.450564 -0.731065 0.466632 
72660506757933 0.198576 -0.436456 -0.755443 0.446519 
72660525515954 0.193159 -0.435739 -0.762904 0.436806 
72660544273975 0.188025 -0.434834 -0.766657 0.433363 
72660563032047 0.184836 -0.431153 -0.768174 0.435721 
72660581790068 0.179738 -0.428025 -0.769372 0.438811 
72660600548089 0.172312 -0.425919 -0.770011 0.442703 
72660619306162 0.163951 -0.427088 -0.768922 0.446626 
72660638064183 0.157486 -0.431502 -0.766086 0.449573 
72660656822204 0.155619 -0.433114 -0.763703 0.452716 
72660675580277 0.156922 -0.421769 -0.768498 0.454860 
72660694338297 0.148992 -0.410142 -0.776803 0.454051 
72660713096318 0.136652 -0.393896 -0.790009 0.449508 
72660731854391 0.121811 -0.377767 -0.803054 0.444475 
72660750612412 0.112222 -0.358663 -0.814933 0.441194 
72660769370433 0.103534 -0.337613 -0.823357 0.444276 
72660788128454 0.095236 -0.313067 -0.829774 0.452099 
72660806886527 0.082694 -0.287395 -0.837451 0.457430 
72660825644547 0.064002 -0.267725 -0.846506 0.455691 
72660844402568 0.044690 -0.255637 -0.853768 0.451368 
72660863160641 0.032706 -0.245354 -0.858718 0.448704 
72660881918714 0.023536 -0.234712 -0.863051 0.446654 
72660900676735 0.014357 -0.226194 -0.868382 0.441071 
72660919434808 0.010567 -0.218495 -0.873450 0.435010 
72660938192829 0.013757 -0.210391 -0.881452 0.422598 
72660956950850 0.020579 -0.206860 -0.889428 0.407067 
72660975708870 0.027286 -0.209712 -0.894431 0.394042 
72660994466943 0.037071 -0.216115 -0.897871 0.381768 
72661013224964 0.045267 -0.219814 -0.902205 0.368319 
72661031982985 0.050037 -0.219209 -0.908087 0.353301 
72661050741006 0.052456 -0.215117 -0.914364 0.338986 
72661069499079 0.057633 -0.208494 -0.920141 0.326419 
72661088257100 0.064973 -0.199395 -0.924634 0.317920 
72661107015120 0.070139 -0.189809 -0.927956 0.312971 
72661125773193 0.072751 -0.182859 -0.930492 0.308956 
72661144531214 0.074878 -0.180018 -0.932562 0.303832 
72661163289235 0.077270 -0.180770 -0.934718 0.296065 
72661182047256 0.080423 -0.182378 -0.936955 0.287029 
72661200805329 0.084531 -0.183031 -0.939016 0.278572 
72661219563350 0.088067 -0.181329 -0.941106 0.271446 
72661238321370 0.090361 -0.175846 -0.942567 0.269222 
72661257079443 0.086945 -0.170675 -0.943121 0.271724 
72661275837464 0.080137 -0.170119 -0.943278 0.273613 
72661294595485 0.074333 -0.172301 -0.943965 0.271510 
72661313353506 0.069516 -0.173724 -0.945089 0.267944 
72661332111579 0.067797 -0.173982 -0.945461 0.266904 
72661350869600 0.067030 -0.174900 -0.946257 0.263656 
72661369627620 0.073984 -0.175433 -0.946416 0.260857 
72661388385641 0.081135 -0.174707 -0.947421 0.255517 
72661407143662 0.082640 -0.170005 -0.950543 0.246450 
72661425901318 0.082278 -0.161542 -0.954640 0.236215 
72661465759912 0.072745 -0.158560 -0.961887 0.210571 
72661484517933 0.063194 -0.164779 -0.964165 0.198089 
72661503276006 0.046734 -0.175726 -0.965863 0.184517 
72661522034027 0.027166 -0.186417 -0.966820 0.172541 
72661540792047 0.009451 -0.193971 -0.967349 0.162858 
72661559550068 0.002867 -0.198616 -0.967553 0.156158 
72661578308089 0.009984 -0.200708 -0.967569 0.153057 
72661597066162 0.022346 -0.201228 -0.967475 0.151654 
72661615824183 0.032787 -0.201786 -0.967193 0.150813 
72661634582204 0.039677 -0.203124 -0.966657 0.150803 
72661653340277 0.043122 -0.204829 -0.966083 0.151231 
72661672098297 0.043979 -0.206190 -0.965730 0.151386 
72661690856318 0.044278 -0.207355 -0.965454 0.151465 
72661709614339 0.044460 -0.209183 -0.964993 0.151836 
72661728372360 0.045113 -0.211946 -0.964283 0.152331 
72661747130433 0.046786 -0.215208 -0.963425 0.152673 
72661765888454 0.048986 -0.218172 -0.962579 0.153114 
72661784646422 0.050869 -0.219968 -0.961914 0.154101 
72661803404495 0.052481 -0.220830 -0.961401 0.155530 
72661822162568 0.053936 -0.221945 -0.960759 0.157399 
72661840920589 0.054665 -0.223575 -0.960013 0.159376 
72661859678610 0.054147 -0.225098 -0.959362 0.161321 
72661878436631 0.052341 -0.226197 -0.958911 0.163045 
72661897194652 0.051032 -0.227385 -0.958376 0.164949 
72661915952672 0.051309 -0.228885 -0.957505 0.167820 
72661934710745 0.053126 -0.230444 -0.956347 0.171681 
72661953468766 0.055430 -0.232167 -0.954990 0.176124 
72661972226839 0.056706 -0.234142 -0.953728 0.179901 
72661990984860 0.056634 -0.236312 -0.952823 0.181875 
72662009742881 0.056140 -0.238181 -0.952256 0.182558 
72662028500902 0.056238 -0.239408 -0.951778 0.183408 
72662047258922 0.057467 -0.239861 -0.951204 0.185402 
72662066016995 0.059504 -0.239252 -0.950689 0.188171 
72662084775016 0.061346 -0.237927 -0.950362 0.190889 
72662103533037 0.063411 -0.236292 -0.950289 0.192605 
72662122291058 0.065348 -0.234161 -0.950555 0.193245 
72662141049131 0.065279 -0.231271 -0.951292 0.193121 
72662159807152 0.063648 -0.227403 -0.952586 0.191876 
72662178565172 0.064061 -0.224170 -0.953816 0.189414 
72662197323193 0.066275 -0.223111 -0.954848 0.184646 
72662216081266 0.070289 -0.225030 -0.955373 0.177997 
72662234839287 0.075155 -0.229800 -0.955024 0.171675 
72662253597308 0.079390 -0.236180 -0.953847 0.167603 
72662272355381 0.079404 -0.242072 -0.952572 0.166444 
72662291113402 0.075241 -0.244233 -0.952083 0.168011 
72662309871422 0.064139 -0.240395 -0.953871 0.168006 
72662328629391 0.045409 -0.231554 -0.958110 0.162315 
72662347387464 0.026425 -0.221202 -0.962968 0.151877 
72662366145537 0.014790 -0.212024 -0.966862 0.141437 
72662384903558 0.023672 -0.203888 -0.969054 0.137135 
72662403661579 0.040087 -0.200378 -0.968957 0.139156 
72662422419652 0.044524 -0.202805 -0.967972 0.141135 
72662441177672 0.041327 -0.208623 -0.967140 0.139316 
72662459935693 0.039931 -0.217000 -0.966010 0.134692 
72662478693714 0.040641 -0.227210 -0.964591 0.127623 
72662497451787 0.038263 -0.238350 -0.963282 0.117536 
72662516209808 0.033261 -0.248979 -0.962111 0.106051 
72662534967829 0.029425 -0.257599 -0.961046 0.095756 
72662553725902 0.028405 -0.262699 -0.960309 0.089377 
72662572483922 0.029849 -0.262176 -0.960389 0.089593 
72662591241943 0.034048 -0.257423 -0.960992 0.095235 
72662609999964 0.038411 -0.251634 -0.961655 0.102101 
72662628758037 0.045325 -0.251807 -0.960679 0.107867 
72662647516058 0.053012 -0.260336 -0.957656 0.110953 
72662666274131 0.060498 -0.269808 -0.954098 0.115069 
72662685032152 0.069195 -0.273187 -0.951330 0.124705 
72662703790172 0.077013 -0.267790 -0.950383 0.138309 
72662722548193 0.080742 -0.255161 -0.951355 0.152634 
72662741306266 0.080762 -0.236497 -0.953976 0.165760 
72662760064287 0.077000 -0.213876 -0.957891 0.175423 
72662778822360 0.077325 -0.191208 -0.961103 0.183690 
72662797580381 0.086958 -0.170928 -0.962323 0.192759 
72662816338402 0.096138 -0.154480 -0.962446 0.201470 
72662835096422 0.105199 -0.141541 -0.961696 0.209860 
72662853854495 0.110468 -0.133217 -0.960766 0.216745 
72662872612516 0.111854 -0.131303 -0.959951 0.220777 
72662891370589 0.112048 -0.136253 -0.959308 0.220472 
72662910128610 0.111711 -0.146976 -0.958866 0.215629 
72662928886631 0.109777 -0.162113 -0.958430 0.207557 
72662947644704 0.103897 -0.180772 -0.957724 0.198221 
72662966402725 0.093442 -0.201883 -0.956437 0.189046 
72662985160797 0.084825 -0.220946 -0.954494 0.181462 
72663003918818 0.079190 -0.236611 -0.952386 0.175227 
72663022676839 0.080219 -0.246770 -0.950348 0.171779 
72663041434912 0.083679 -0.250454 -0.948908 0.172757 
72663060192933 0.085742 -0.249966 -0.948037 0.177173 
72663078951006 0.083129 -0.248963 -0.947722 0.181464 
72663097709027 0.078283 -0.248675 -0.947663 0.184303 
72663116467047 0.072800 -0.248149 -0.948018 0.185431 
72663135225120 0.069567 -0.247691 -0.948119 0.186763 
72663153983193 0.065857 -0.248245 -0.947621 0.189877 
72663172741214 0.064741 -0.249243 -0.946633 0.193838 
72663191499235 0.065852 -0.248981 -0.946524 0.194331 
72663210257308 0.069464 -0.246007 -0.947242 0.193361 
72663229015381 0.071571 -0.241714 -0.947759 0.195462 
72663247773402 0.070677 -0.238805 -0.947455 0.200761 
72663266531422 0.069258 -0.237092 -0.946513 0.207616 
72663285289495 0.070224 -0.235351 -0.945657 0.213102 
72663304047568 0.074557 -0.232422 -0.945480 0.215611 
72663322805589 0.081378 -0.228686 -0.945375 0.217593 
72663341563610 0.087927 -0.225995 -0.944644 0.221006 
72663360321683 0.092197 -0.226868 -0.942870 0.225888 
72663379079756 0.094331 -0.233454 -0.940948 0.226316 
72663397837777 0.093610 -0.243044 -0.939359 0.223098 
72663416595850 0.091456 -0.246947 -0.939035 0.221054 
72663435353922 0.092087 -0.242468 -0.939960 0.221822 
72663454111943 0.094566 -0.235832 -0.940773 0.224471 
72663472869964 0.096843 -0.233884 -0.940204 0.227897 
72663491628037 0.097500 -0.237380 -0.938529 0.230883 
72663510386110 0.097147 -0.241488 -0.936935 0.233235 
72663529144131 0.097169 -0.241332 -0.936461 0.235281 
72663547902204 0.097939 -0.236619 -0.937074 0.237301 
72663566660277 0.098329 -0.232018 -0.937851 0.238609 
72663585418350 0.097498 -0.231763 -0.937887 0.239060 
72663604176422 0.095865 -0.235072 -0.937335 0.238653 
72663622934443 0.095072 -0.237434 -0.936862 0.238487 
72663641692516 0.095815 -0.237001 -0.937047 0.237894 
72663660450589 0.097595 -0.234436 -0.937644 0.237356 
72663679208610 0.098629 -0.231043 -0.938560 0.236635 
72663697966683 0.098106 -0.227815 -0.939710 0.235416 
72663716724756 0.098223 -0.225507 -0.940351 0.235028 
72663735482829 0.098936 -0.223342 -0.940879 0.234683 
72663754240902 0.099544 -0.220673 -0.941754 0.233441 
72663772998922 0.097203 -0.218346 -0.943022 0.231486 
72663791757047 0.093939 -0.215885 -0.944438 0.229359 
72663810515068 0.091820 -0.213537 -0.945579 0.227710 
72663829273141 0.091129 -0.211556 -0.946310 0.226797 
72663848031214 0.091659 -0.210605 -0.946624 0.226154 
72663866789287 0.093225 -0.211585 -0.946460 0.225288 
72663885547360 0.094579 -0.213943 -0.946004 0.224410 
72663904305433 0.095740 -0.215837 -0.945614 0.223746 
72663923063506 0.096970 -0.216511 -0.945346 0.223697 
72663941821579 0.099429 -0.215613 -0.945103 0.224510 
72663960579652 0.103014 -0.214689 -0.944664 0.225627 
72663979337725 0.106811 -0.214902 -0.943933 0.226714 
72663998095797 0.108970 -0.215763 -0.943299 0.227508 
72664016853922 0.108515 -0.216901 -0.942922 0.228203 
72664035611943 0.106908 -0.217841 -0.942834 0.228429 
72664054370068 0.104808 -0.219108 -0.942948 0.227718 
72664073128089 0.101999 -0.221915 -0.942940 0.226306 
72664091886214 0.099758 -0.225909 -0.942612 0.224713 
72664110644235 0.098637 -0.229060 -0.942332 0.223188 
72664129402360 0.096993 -0.230607 -0.942415 0.221960 
72664148160485 0.096074 -0.230218 -0.942808 0.221092 
72664166918506 0.096695 -0.227698 -0.943447 0.220706 
72664185676631 0.098096 -0.223686 -0.944258 0.220725 
72664204434704 0.098933 -0.219163 -0.945155 0.221048 
72664223192777 0.098688 -0.215270 -0.945995 0.221389 
72664241950902 0.099124 -0.212051 -0.946503 0.222126 
72664260708975 0.097594 -0.209593 -0.947108 0.222558 
72664279467047 0.094197 -0.208033 -0.947884 0.222182 
72664298225172 0.089839 -0.207834 -0.948460 0.221715 
72664316983297 0.084450 -0.208549 -0.948775 0.221813 
72664335741318 0.078696 -0.207716 -0.949169 0.223022 
72664354499443 0.071263 -0.204919 -0.949787 0.225467 
72664373257568 0.066372 -0.200433 -0.950798 0.226727 
72664392015641 0.064917 -0.195738 -0.951905 0.226604 
72664410773714 0.065435 -0.192425 -0.952640 0.226204 
72664429531839 0.066294 -0.191635 -0.952733 0.226230 
72664448289964 0.067009 -0.193292 -0.952302 0.226428 
72664467048089 0.066785 -0.196924 -0.951683 0.225965 
72664485806162 0.065463 -0.201439 -0.951144 0.224635 
72664504564235 0.063146 -0.205710 -0.950793 0.222909 
72664523322360 0.060342 -0.209356 -0.950486 0.221595 
72664542080485 0.057333 -0.212278 -0.950154 0.221037 
72664560838610 0.054289 -0.214583 -0.949848 0.220900 
72664579596735 0.049720 -0.217218 -0.949690 0.220078 
72664598354860 0.044351 -0.220564 -0.949524 0.218604 
72664617112881 0.038551 -0.223740 -0.949495 0.216598 
72664635871006 0.036317 -0.224944 -0.949627 0.215153 
72664654629131 0.037433 -0.225085 -0.949696 0.214507 
72664673387256 0.039402 -0.225615 -0.949587 0.214078 
72664692145381 0.041372 -0.226607 -0.949276 0.214037 
72664710903506 0.041580 -0.227825 -0.948904 0.214353 
72664729661631 0.040379 -0.228519 -0.948609 0.215153 
72664748419704 0.038819 -0.228772 -0.948357 0.216276 
72664767177881 0.038394 -0.229194 -0.947999 0.217470 
72664785936006 0.038771 -0.230224 -0.947506 0.218464 
72664804694131 0.039270 -0.231149 -0.947116 0.219086 
72664823452256 0.039695 -0.231179 -0.947015 0.219419 
72664842210381 0.039730 -0.230569 -0.947090 0.219727 
72664860968506 0.039149 -0.229982 -0.947138 0.220240 
72664879726631 0.039050 -0.229543 -0.947126 0.220767 
72664898484756 0.040324 -0.229040 -0.947085 0.221233 
72664917242881 0.042528 -0.228341 -0.947111 0.221433 
72664936001006 0.043298 -0.227877 -0.947185 0.221443 
72664954759131 0.043040 -0.227604 -0.947313 0.221229 
72664973517256 0.042426 -0.226860 -0.947576 0.220986 
72664992275485 0.042206 -0.224917 -0.948032 0.221057 
72665011033610 0.042220 -0.222232 -0.948635 0.221183 
72665029791735 0.042744 -0.220110 -0.949086 0.221269 
72665048549860 0.044116 -0.219371 -0.949179 0.221336 
72665067307985 0.048103 -0.220353 -0.948815 0.221090 
72665086066110 0.050089 -0.221551 -0.948509 0.220766 
