# Created at Fri Jan 31 08:57:40 GMT+01:00 2025 in Burnaby Canada 
72630576749727 54.075001 107.437508 -59.081253 
72630596749727 53.662502 107.156258 -59.175003 
72630616749727 52.087502 106.612503 -58.350002 
72630636749727 50.756252 106.331253 -58.143753 
72630656749727 49.631252 106.031258 -57.843754 
72630676749727 49.050003 105.937508 -57.806252 
72630696749727 46.912502 105.675003 -56.568752 
72630716749727 46.556252 105.543755 -56.325001 
72630736749727 46.406250 105.618752 -56.268753 
72630756749727 46.087502 105.656258 -56.062504 
72630776749727 45.300003 105.862503 -55.987503 
72630796749727 44.568752 105.543755 -55.593754 
72630816749727 44.887501 105.525002 -55.593754 
72630836749727 44.831253 105.356255 -55.387501 
72630856749727 46.125000 105.262505 -56.100002 
72630876749727 45.843750 105.018753 -56.006252 
72630896749727 45.581253 104.756256 -55.518753 
72630916749727 45.525002 104.625008 -55.481251 
72630936749727 47.512501 104.625008 -56.043751 
72630956749727 49.143753 104.775002 -56.718754 
72630976749727 49.856251 104.868752 -56.737503 
72630996749727 50.362503 104.643753 -56.981251 
72631016749727 50.943752 104.643753 -57.243752 
72631036749727 51.675003 104.737503 -57.450001 
72631056749727 52.218754 104.831253 -57.825001 
72631076749727 52.368752 104.812508 -57.787502 
72631096749727 52.256252 104.775002 -58.012501 
72631116749727 52.312504 104.812508 -57.843754 
72631136749727 52.087502 104.550003 -57.900002 
72631156749727 52.293751 104.793755 -57.750004 
72631176749727 52.575001 104.850006 -57.768753 
72631196749727 52.500004 104.906258 -57.600002 
72631216749727 52.406254 104.906258 -57.843754 
72631236749727 52.500004 104.887505 -57.862503 
72631256749727 52.837502 105.075005 -57.675003 
72631276749727 52.800003 104.775002 -57.581253 
72631296749727 52.537502 104.737503 -57.543751 
72631316749727 51.543751 104.643753 -57.112503 
72631336749727 50.906254 104.568756 -57.093754 
72631356749727 50.325001 104.568756 -57.168751 
72631376749727 50.137501 104.531258 -56.737503 
72631396749727 49.950001 104.625008 -56.643753 
72631416749727 49.068752 104.531258 -56.362503 
72631436749727 48.843754 104.700005 -56.418751 
72631456749727 48.993752 105.018753 -56.193752 
72631476749727 49.687504 105.093758 -56.418751 
72631496749727 50.193752 105.206253 -56.212502 
72631516749727 50.887501 105.281258 -56.362503 
72631536749727 51.318752 105.337502 -56.531254 
72631556749727 51.806252 105.375008 -56.793751 
72631576749727 53.100002 105.562508 -57.168751 
72631596749727 53.700001 106.012505 -57.450001 
72631616749727 53.925003 105.956253 -57.806252 
72631636749727 54.337502 106.237503 -58.181252 
72631656749727 54.881252 106.406258 -58.762501 
72631676749727 55.068752 106.725006 -58.912502 
72631696749727 55.237503 107.175003 -59.137501 
72631716749727 55.181252 107.418755 -59.362503 
72631736749727 55.050003 107.718758 -59.418751 
72631756749727 55.218754 108.018753 -59.568752 
72631776749727 55.293751 108.206253 -59.962502 
72631796749727 55.312504 108.356255 -60.000004 
72631816749727 54.918751 108.356255 -59.812504 
72631836749727 54.843754 108.412506 -59.943752 
72631856749727 54.675003 108.318756 -59.943752 
72631876749727 54.750004 108.300003 -59.812504 
72631896749727 54.618752 108.056252 -59.962502 
72631916749727 54.318752 107.756256 -59.831253 
72631936749727 54.356251 107.850006 -59.756252 
72631956749727 54.131252 107.812508 -59.718754 
72631976749727 54.243752 108.150002 -59.737503 
72631996749727 54.243752 108.150002 -59.737503 
72632016749727 54.393753 108.468758 -59.775002 
72632036749727 54.562504 108.900002 -59.925003 
72632056749727 54.787502 109.331253 -60.093754 
72632076749727 55.087502 109.350006 -60.318752 
72632096749727 55.293751 109.293755 -60.000004 
72632116749727 55.425003 109.293755 -59.925003 
72632136749727 55.612503 109.387505 -60.075001 
72632156749727 55.706253 109.537506 -60.093754 
72632176749727 55.837502 109.368752 -60.056252 
72632196749727 55.631252 108.993752 -59.943752 
72632216749727 55.612503 108.787506 -59.831253 
72632236749727 55.518753 109.087502 -59.887501 
72632256749727 55.575001 109.087502 -60.187504 
72632276749727 55.518753 108.975006 -60.506252 
72632296749727 55.462502 108.637505 -60.412502 
72632316749727 55.462502 108.356255 -60.262501 
72632336749727 55.406254 108.206253 -60.168751 
72632356749727 55.406254 108.187508 -60.150002 
72632376749727 55.462502 108.018753 -60.093754 
72632396749727 55.275002 107.550003 -59.850002 
72632416749727 55.143753 107.437508 -59.475002 
72632436749727 55.143753 107.381256 -59.400002 
72632456749727 55.106251 107.418755 -59.400002 
72632476749727 55.050003 107.418755 -59.587502 
72632496749727 55.218754 107.400002 -59.850002 
72632516749727 55.181252 107.306252 -59.887501 
72632536749727 55.125004 107.175003 -59.793751 
72632556749727 55.312504 107.250008 -59.868752 
72632576749727 55.668751 107.475006 -60.168751 
72632596749727 55.668751 107.662506 -60.075001 
72632616749727 55.706253 107.662506 -60.056252 
72632636749727 55.500004 107.550003 -59.831253 
72632656749727 55.275002 107.700005 -59.662502 
72632676749727 55.706253 107.868752 -59.718754 
72632696749727 55.706253 108.056252 -59.868752 
72632716749727 55.743752 108.281258 -59.775002 
72632736749727 55.500004 108.168755 -59.550003 
72632756749727 55.593754 108.225006 -59.493752 
72632776749727 55.556252 108.150002 -59.512501 
72632796749727 55.631252 108.318756 -59.568752 
72632816749727 55.500004 108.037506 -59.512501 
72632836749727 54.993752 107.793755 -59.456253 
72632856749727 54.675003 107.681252 -59.362503 
72632876749727 54.450001 107.512505 -59.437504 
72632896749727 54.375004 107.456253 -59.456253 
72632916749727 54.150002 107.175003 -59.531254 
72632936749727 54.000004 107.325005 -59.306252 
72632956749727 53.718754 107.193756 -59.062504 
72632976749727 53.812504 107.362503 -58.950001 
72632996749727 53.831253 107.437508 -58.950001 
72633016749727 54.000004 107.456253 -59.081253 
72633036749727 54.018753 107.343758 -58.950001 
72633056749727 54.018753 107.306252 -59.043751 
72633076749727 54.075001 107.212502 -58.931252 
72633096749727 54.281254 107.081253 -59.193752 
72633116749727 54.562504 107.062508 -59.381252 
72633136749727 54.450001 106.968758 -59.493752 
72633156749727 54.525002 107.025002 -59.381252 
72633176749727 54.525002 107.193756 -59.418751 
72633196749727 54.468754 107.175003 -59.325001 
72633216749727 54.393753 107.100006 -59.381252 
72633236749727 54.187504 107.287506 -59.306252 
72633256749727 53.887501 107.212502 -59.100002 
72633276749727 53.737503 107.362503 -58.968754 
72633296749727 53.737503 107.493752 -59.006252 
72633316749727 53.587502 107.606255 -59.062504 
72633336749727 53.006252 107.493752 -58.631252 
72633356749727 53.193752 107.625008 -58.837502 
72633376749727 52.987503 107.625008 -58.762501 
72633396749727 52.912502 107.643753 -58.556252 
72633416749727 52.518753 107.625008 -58.387501 
72633436749727 52.050003 107.493752 -58.106251 
72633456749727 51.150002 107.325005 -57.525002 
72633476749727 50.737503 107.306252 -57.356251 
72633496749727 49.968754 107.212502 -57.187504 
72633516749727 48.562504 107.081253 -56.700001 
72633536749727 46.968750 107.025002 -56.175003 
72633556749727 46.106251 107.175003 -56.212502 
72633576749727 45.468750 107.325005 -55.875004 
72633596749727 44.981251 107.587502 -55.987503 
72633616749727 44.831253 108.000008 -56.137501 
72633636749727 44.287502 108.412506 -55.912502 
72633656749727 44.231251 109.050003 -55.650002 
72633676749727 44.418751 109.968758 -55.762501 
72633696749727 44.981251 110.812508 -55.893753 
72633716749727 44.643753 111.450005 -55.350002 
72633736749727 43.893753 112.143753 -54.768753 
72633756749727 42.393753 112.987503 -53.962502 
72633776749727 40.537502 112.968758 -52.650002 
72633796749727 37.856251 113.268753 -51.637501 
72633816749727 35.456253 113.437508 -50.681252 
72633836749727 33.862503 113.737503 -49.725002 
72633856749727 31.762501 113.906258 -48.562504 
72633876749727 30.468752 114.281258 -48.018753 
72633896749727 30.562502 114.487503 -48.112503 
72633916749727 31.443750 114.412506 -48.337502 
72633936749727 32.906250 115.143753 -49.312504 
72633956749727 35.156250 115.443756 -49.950001 
72633976749727 37.331253 115.743752 -50.793751 
72633996749727 38.531250 115.256256 -51.300003 
72634016749727 40.575001 114.562508 -52.106251 
72634036749727 42.318752 112.875008 -52.462502 
72634056749727 43.275002 110.868752 -52.462502 
72634076749727 44.268753 108.206253 -51.750004 
72634096749727 44.268753 105.037506 -49.950001 
72634116749727 42.900002 100.837502 -47.418751 
72634136749727 42.525002 96.900002 -45.300003 
72634156749727 42.075001 93.337502 -43.162502 
72634176749727 43.800003 90.956253 -42.393753 
72634196749727 45.525002 89.325005 -42.093750 
72634216749727 46.968750 88.537506 -42.018753 
72634236749727 48.506252 88.143753 -42.393753 
72634256749727 51.168751 88.368752 -43.968750 
72634276749727 55.125004 89.400002 -46.293751 
72634296749727 57.168751 90.018753 -47.737503 
72634316749727 58.331253 90.618752 -48.468754 
72634336749727 56.887501 90.600006 -48.093754 
72634356749727 54.506252 90.168755 -47.100002 
72634376749727 52.837502 89.625000 -46.425003 
72634396749727 50.718754 89.362503 -45.806252 
72634416749727 48.150002 88.706253 -44.568752 
72634436749727 46.125000 88.387505 -43.687500 
72634456749727 46.668751 88.575005 -43.743752 
72634476749727 48.412502 88.875000 -44.812500 
72634496749727 50.231251 88.818756 -45.768753 
72634516749727 52.837502 89.175003 -46.893753 
72634536749727 54.918751 89.587502 -47.625000 
72634556749727 57.375004 89.812500 -48.168751 
72634576749727 59.643753 90.243752 -49.106251 
72634596749727 61.125004 90.318756 -49.500004 
72634616749727 60.918751 90.112503 -49.068752 
72634636749727 60.168751 89.662506 -48.206253 
72634656749727 59.681252 89.587502 -47.137501 
72634676749727 59.156254 89.325005 -46.293751 
72634696749727 58.518753 88.912506 -45.206253 
72634716749727 57.562504 88.425003 -44.381252 
72634736749727 57.243752 87.862503 -43.518753 
72634756749727 57.337502 87.618752 -43.012501 
72634776749727 57.562504 87.431252 -43.031250 
72634796749727 57.806252 87.300003 -42.975002 
72634816749727 58.331253 87.056252 -43.143753 
72634836749727 58.837502 86.906250 -43.275002 
72634856749727 59.381252 86.475006 -43.668751 
72634876749727 59.643753 86.231255 -43.368752 
72634896749727 59.718754 85.818756 -43.406250 
72634916749727 59.662502 85.406250 -43.293751 
72634936749727 59.550003 85.106255 -42.675003 
72634956749727 59.793751 84.750000 -42.168751 
72634976749727 59.625004 84.300003 -41.325001 
72634996749727 59.456253 83.775002 -40.387501 
72635016749727 59.700001 83.531250 -39.168751 
72635036749727 60.337502 83.062500 -38.493752 
72635056749727 60.862503 82.912506 -37.387501 
72635076749727 61.575001 82.500000 -36.281250 
72635096749727 62.100002 81.993752 -34.987503 
72635116749727 62.400002 81.637505 -33.375000 
72635136749727 62.887501 81.356255 -31.781252 
72635156749727 63.243752 80.962502 -30.056252 
72635176749727 63.431252 80.568756 -28.368752 
72635196749727 63.712502 80.643753 -26.643751 
72635216749727 63.843754 80.306252 -25.143751 
72635236749727 63.956253 79.950005 -23.531250 
72635256749727 64.743752 80.006256 -22.312500 
72635276749727 65.812500 80.025002 -21.412500 
72635296749727 66.768753 80.025002 -20.643751 
72635316749727 67.668755 80.231255 -20.212502 
72635336749727 68.325005 80.175003 -19.912500 
72635356749727 68.381256 79.893753 -19.893751 
72635376749727 68.625000 79.950005 -19.706251 
72635396749727 68.662506 79.987503 -19.293751 
72635416749727 68.737503 79.931252 -19.312500 
72635436749727 68.981255 79.875000 -19.443750 
72635456749727 68.850006 79.818756 -19.537500 
72635476749727 68.831253 79.725006 -19.293751 
72635496749727 68.887505 79.837502 -19.106251 
72635516749727 69.318756 79.893753 -18.825001 
72635536749727 69.993752 79.875000 -18.750000 
72635556749727 70.687500 79.968750 -18.900002 
72635576749727 70.650002 79.968750 -18.993752 
72635596749727 70.331253 79.837502 -18.956251 
72635616749727 69.993752 79.706253 -19.200001 
72635636749727 69.918755 79.556252 -20.062500 
72635656749727 69.806252 79.481255 -21.281250 
72635676749727 69.412506 79.556252 -22.556252 
72635696749727 69.018753 79.687500 -23.831251 
72635716749727 68.587502 79.668755 -25.425001 
72635736749727 68.381256 79.537506 -26.681252 
72635756749727 68.025002 79.350006 -28.181252 
72635776749727 67.856255 79.237503 -29.643751 
72635796749727 67.425003 79.462502 -30.862501 
72635816749727 66.881256 79.331253 -31.818750 
72635836749727 66.862503 79.312500 -32.625000 
72635856749727 66.356255 79.125000 -33.300003 
72635876749727 66.131256 79.443756 -34.237503 
72635896749727 66.112503 79.593750 -35.156250 
72635916749727 66.056252 79.987503 -36.262501 
72635936749727 66.206253 80.456253 -37.293751 
72635956749727 66.712502 80.681252 -38.437500 
72635976749727 67.275002 81.243752 -39.487503 
72635996749727 67.725006 81.487503 -40.331253 
72636016749727 68.475006 81.787506 -41.625000 
72636036749727 69.150002 82.031250 -41.981251 
72636056749727 69.262505 82.068756 -42.562500 
72636076749727 69.431252 81.843750 -42.375000 
72636096749727 69.506256 81.600006 -41.868752 
72636116749727 69.150002 81.150002 -40.856251 
72636136749727 68.831253 80.606255 -39.825001 
72636156749727 68.418755 80.212502 -38.943752 
72636176749727 67.893753 79.875000 -37.162502 
72636196749727 67.350006 79.012505 -35.850002 
72636216749727 67.162506 78.618752 -33.862503 
72636236749727 66.881256 78.412506 -32.268753 
72636256749727 66.656250 78.075005 -30.843752 
72636276749727 66.412506 77.981255 -29.475000 
72636296749727 66.131256 77.868752 -27.937502 
72636316749727 65.812500 77.700005 -26.175001 
72636336749727 65.493752 77.587502 -24.731251 
72636356749727 65.043755 77.850006 -23.175001 
72636376749727 64.556252 77.962502 -22.050001 
72636396749727 64.331253 78.000000 -20.756250 
72636416749727 63.956253 78.018753 -19.425001 
72636436749727 63.900002 78.093750 -18.450001 
72636456749727 63.900002 78.300003 -17.718750 
72636476749727 64.125000 78.468750 -17.025002 
72636496749727 64.312500 78.562500 -16.650002 
72636516749727 64.800003 78.543755 -16.443750 
72636536749727 65.175003 78.468750 -16.406250 
72636556749727 65.418755 78.487503 -16.687500 
72636576749727 65.587502 78.412506 -16.875000 
72636596749727 65.906250 78.187500 -16.968750 
72636616749727 66.243752 77.943756 -16.800001 
72636636749727 66.225006 77.812500 -16.743752 
72636656749727 66.468750 77.831253 -16.687500 
72636676749727 66.318756 77.587502 -16.462502 
72636696749727 66.468750 77.568756 -16.331251 
72636716749727 66.937500 77.362503 -16.143751 
72636736749727 67.368752 77.456253 -16.256250 
72636756749727 67.406250 77.493752 -16.537500 
72636776749727 67.518753 77.381256 -17.175001 
72636796749727 67.931252 77.156250 -17.700001 
72636816749727 68.137505 77.156250 -18.225000 
72636836749727 68.418755 77.362503 -18.918751 
72636856749727 68.756256 77.400002 -19.818750 
72636876749727 68.925003 77.550003 -20.812500 
72636896749727 69.037506 77.456253 -22.368752 
72636916749727 69.525002 77.662506 -23.737501 
72636936749727 69.862503 77.756256 -24.750002 
72636956749727 70.125000 77.868752 -26.137501 
72636976749727 70.331253 77.700005 -27.787500 
72636996749727 70.425003 77.587502 -29.643751 
72637016749727 70.181252 77.550003 -30.806252 
72637036749727 69.712502 77.437500 -32.175003 
72637056749727 69.487503 77.625000 -33.000000 
72637076749727 69.075005 77.400002 -34.031250 
72637096749727 68.718750 77.343750 -35.231251 
72637116749727 68.625000 77.625000 -36.243752 
72637136749727 68.643753 78.075005 -37.031250 
72637156749727 68.568756 78.356255 -37.781250 
72637176749727 69.000000 78.693756 -39.000000 
72637196749727 69.375000 79.162506 -40.012501 
72637216749727 69.843750 79.500000 -41.137501 
72637236749727 70.200005 80.156250 -42.075001 
72637256749727 70.706253 80.850006 -43.181252 
72637276749727 70.968750 81.187500 -44.250000 
72637296749727 71.212502 81.468750 -45.300003 
72637316749727 71.700005 81.843750 -46.087502 
72637336749727 71.756256 82.125000 -46.687500 
72637356749727 72.018753 82.331253 -46.743752 
72637376749727 72.243752 82.406250 -46.331253 
72637396749727 72.225006 82.050003 -45.506252 
72637416749727 71.756256 81.543755 -44.175003 
72637436749727 71.250000 81.000000 -42.562500 
72637456749727 70.687500 80.212502 -40.593750 
72637476749727 70.256256 79.462502 -38.418751 
72637496749727 69.900002 78.750000 -36.281250 
72637516749727 69.450005 77.887505 -34.106251 
72637536749727 68.850006 77.362503 -31.762501 
72637556749727 68.662506 77.006256 -29.831251 
72637576749727 68.625000 76.893753 -27.918751 
72637596749727 68.381256 76.856255 -25.931252 
72637616749727 68.062500 77.006256 -23.812500 
72637636749727 67.687500 77.100006 -21.768751 
72637656749727 67.387505 77.381256 -19.593750 
72637676749727 67.125000 77.906250 -17.568750 
72637696749727 66.900002 78.243752 -15.825001 
72637716749727 67.012505 78.600006 -14.137501 
72637736749727 67.106255 78.825005 -12.787500 
72637756749727 67.406250 79.200005 -12.018750 
72637776749727 67.968750 79.518753 -11.850000 
72637796749727 68.418755 79.762505 -11.943750 
72637816749727 68.925003 79.893753 -12.018750 
72637836749727 69.375000 79.856255 -12.318750 
72637856749727 69.750000 79.725006 -12.318750 
72637876749727 69.843750 79.743752 -12.412500 
72637896749727 69.975006 79.893753 -12.393750 
72637916749727 70.331253 80.025002 -12.393750 
72637936749727 70.425003 79.912506 -12.037500 
72637956749727 70.331253 79.931252 -11.643750 
72637976749727 70.162506 79.837502 -11.531250 
72637996749727 70.181252 79.931252 -11.775001 
72638016749727 70.443756 79.968750 -12.881250 
72638036749727 70.331253 79.781250 -14.156251 
72638056749727 70.200005 79.462502 -16.050001 
72638076749727 70.031250 78.993752 -17.850000 
72638096749727 70.106255 78.693756 -20.175001 
72638116749727 70.293755 78.562500 -22.575001 
72638136749727 70.293755 78.450005 -24.937502 
72638156749727 70.200005 78.262505 -26.943750 
72638176749727 69.862503 78.187500 -28.856251 
72638196749727 69.712502 78.168755 -30.356251 
72638216749727 69.881256 78.656250 -31.556252 
72638236749727 69.656250 78.937500 -33.318752 
72638256749727 69.562500 79.518753 -34.706253 
72638276749727 69.618752 80.062500 -36.112503 
72638296749727 69.900002 80.606255 -37.368752 
72638316749727 70.368752 81.168755 -39.168751 
72638336749727 71.025002 81.806252 -40.706253 
72638356749727 71.475006 82.443756 -42.168751 
72638376749727 72.037506 82.743752 -43.556252 
72638396749727 72.656250 83.306252 -44.343750 
72638416749727 73.106255 83.718750 -44.868752 
72638436749727 73.331253 83.831253 -45.056252 
72638456749727 73.443756 83.718750 -45.150002 
72638476749727 73.218750 83.437500 -44.587502 
72638496749727 72.768753 83.100006 -43.800003 
72638516749727 72.281250 82.612503 -42.806252 
72638536749727 71.643753 81.862503 -41.662502 
72638556749727 71.118752 81.168755 -39.975002 
72638576749727 70.312500 80.231255 -38.212502 
72638596749727 70.012505 79.462502 -36.300003 
72638616749727 69.881256 79.068756 -34.293751 
72638636749727 69.637505 78.787506 -32.137501 
72638656749727 69.637505 78.450005 -29.906252 
72638676749727 69.600006 78.337502 -27.581251 
72638696749727 69.431252 78.375000 -25.556252 
72638716749727 69.206253 78.300003 -23.700001 
72638736749727 69.206253 78.375000 -21.768751 
72638756749727 68.962502 78.412506 -20.081251 
72638776749727 68.793755 78.356255 -18.600000 
72638796749727 68.962502 78.337502 -17.568750 
72638816749727 69.018753 78.393753 -16.818750 
72638836749727 69.018753 78.262505 -16.387501 
72638856749727 69.581253 78.281250 -15.600000 
72638876749727 70.050003 78.318756 -15.168751 
72638896749727 70.518753 78.131256 -15.168751 
72638916749727 70.987503 78.225006 -15.168751 
72638936749727 71.306252 78.281250 -14.925000 
72638956749727 71.418755 78.206253 -14.737500 
72638976749727 71.812500 78.056252 -14.100000 
72638996749727 72.693756 78.056252 -13.837501 
72639016749727 73.068756 77.756256 -14.025001 
72639036749727 73.556252 77.381256 -14.456250 
72639056749727 74.025002 77.193756 -15.318750 
72639076749727 74.887505 76.856255 -16.687500 
72639096749727 75.412506 76.500000 -18.825001 
72639116749727 75.862503 76.162506 -20.868752 
72639136749727 76.312500 76.012505 -23.718750 
72639156749727 76.368752 75.787506 -26.737501 
72639176749727 76.312500 75.881256 -29.718752 
72639196749727 76.312500 76.143753 -32.475002 
72639216749727 76.143753 76.518753 -35.118752 
72639236749727 75.750000 76.612503 -37.443752 
72639256749727 75.787506 77.043755 -39.693752 
72639276749727 76.275002 77.700005 -41.793751 
72639296749727 76.556252 78.412506 -43.743752 
72639316749727 77.137505 79.181252 -45.337502 
72639336749727 77.775002 79.912506 -46.837502 
72639356749727 78.600006 80.456253 -48.168751 
72639376749727 79.462502 81.000000 -49.125004 
72639396749727 80.287506 81.806252 -50.025002 
72639416749727 81.018753 82.275002 -50.775002 
72639436749727 81.618752 82.406250 -51.300003 
72639456749727 81.750000 82.106255 -51.468754 
72639476749727 81.825005 81.618752 -51.056252 
72639496749727 81.975006 81.000000 -50.456253 
72639516749727 81.543755 80.137505 -49.368752 
72639536749727 81.093750 79.218750 -48.243752 
72639556749727 80.456253 78.075005 -46.781250 
72639576749727 79.331253 76.556252 -44.775002 
72639596749727 78.412506 75.281250 -42.393753 
72639616749727 77.793755 74.306252 -40.031250 
72639636749727 76.856255 73.500000 -37.312500 
72639656749727 76.162506 72.787506 -34.556252 
72639676749727 75.675003 72.318756 -32.193752 
72639696749727 74.962502 71.681252 -29.343752 
72639716749727 74.156250 71.231255 -26.343752 
72639736749727 73.631256 71.231255 -23.400002 
72639756749727 72.862503 71.193756 -20.812500 
72639776749727 72.300003 71.268753 -18.243752 
72639796749727 72.225006 71.381256 -16.462502 
72639816749727 71.925003 71.212502 -15.000001 
72639836749727 71.793755 71.193756 -13.987500 
72639856749727 71.906250 71.100006 -13.687501 
72639876749727 72.168755 71.175003 -14.062501 
72639896749727 72.412506 71.118752 -14.118751 
72639916749727 72.525002 70.912506 -14.418751 
72639936749727 72.525002 70.818756 -14.793751 
72639956749727 72.225006 70.537506 -14.868751 
72639976749727 71.962502 70.518753 -15.056251 
72639996749727 71.831253 70.500000 -14.868751 
72640016749727 71.812500 70.743752 -14.306251 
72640036749727 71.718750 70.687500 -13.856251 
72640056749727 71.681252 70.537506 -14.137501 
72640076749727 71.868752 70.537506 -15.037500 
72640096749727 71.887505 70.237503 -16.537500 
72640116749727 72.337502 70.106255 -18.937500 
72640136749727 72.768753 69.937500 -21.206251 
72640156749727 72.993752 69.731255 -23.550001 
72640176749727 73.106255 69.618752 -26.418751 
72640196749727 72.956253 69.506256 -29.512501 
72640216749727 72.731255 69.637505 -32.512501 
72640236749727 72.281250 69.731255 -34.987503 
72640256749727 72.206253 69.881256 -37.125000 
72640276749727 71.850006 70.237503 -38.775002 
72640296749727 71.662506 70.612503 -40.500000 
72640316749727 71.606255 71.100006 -42.393753 
72640336749727 71.775002 71.512505 -44.006252 
72640356749727 72.281250 72.168755 -45.450001 
72640376749727 72.862503 72.750000 -46.818752 
72640396749727 73.762505 73.312500 -48.112503 
72640416749727 74.362503 73.912506 -49.275002 
72640436749727 75.243752 74.325005 -50.287502 
72640456749727 75.581253 74.643753 -51.037502 
72640476749727 75.881256 74.606255 -51.300003 
72640496749727 76.087502 74.512505 -51.056252 
72640516749727 76.050003 73.931252 -49.893753 
72640536749727 75.881256 73.293755 -48.243752 
72640556749727 75.375000 72.600006 -46.143753 
72640576749727 74.643753 71.531250 -43.593750 
72640596749727 73.650002 70.481255 -40.331253 
72640616749727 72.918755 69.525002 -36.750000 
72640636749727 72.206253 68.718750 -33.168751 
72640656749727 71.531250 68.175003 -29.868752 
72640676749727 70.856255 67.912506 -26.831251 
72640696749727 70.200005 67.725006 -23.718750 
72640716749727 69.525002 67.837502 -20.737501 
72640736749727 69.093750 68.268753 -17.812500 
72640756749727 68.793755 69.075005 -15.300000 
72640776749727 68.850006 69.656250 -12.750001 
72640796749727 69.318756 70.331253 -10.818750 
72640816749727 69.787506 70.800003 -9.056251 
72640836749727 70.500000 71.231255 -7.706250 
72640856749727 71.475006 71.718750 -6.993750 
72640876749727 72.543755 71.868752 -6.506250 
72640896749727 73.725006 71.887505 -6.581250 
72640916749727 74.606255 71.700005 -7.106250 
72640936749727 75.300003 71.681252 -7.631250 
72640956749727 75.281250 71.625000 -7.462500 
72640976749727 75.393753 71.587502 -7.575000 
72640996749727 75.562500 71.437500 -7.725000 
72641016749727 75.881256 71.250000 -7.743750 
72641036749727 76.218750 71.043755 -8.250000 
72641056749727 76.518753 70.968750 -8.831250 
72641076749727 76.856255 70.537506 -9.637501 
72641096749727 76.818756 69.862503 -11.175000 
72641116749727 77.062500 69.243752 -13.462501 
72641136749727 77.043755 68.456253 -15.956250 
72641156749727 76.818756 67.950005 -18.937500 
72641176749727 76.368752 67.462502 -22.106251 
72641196749727 75.637505 67.068756 -25.275002 
72641216749727 74.887505 66.693756 -28.012501 
72641236749727 74.231255 66.731255 -31.031252 
72641256749727 74.306252 67.031250 -33.900002 
72641276749727 74.250000 67.575005 -36.618752 
72641296749727 74.493752 68.118752 -39.206253 
72641316749727 75.018753 68.868752 -41.437500 
72641336749727 75.675003 69.506256 -43.406250 
72641356750485 76.800003 70.218750 -45.300003 
72641376749704 77.775002 70.931252 -47.362503 
72641396749704 78.975006 71.512505 -48.787502 
72641416749704 79.593750 71.737503 -49.743752 
72641436749704 80.306252 71.756256 -50.362503 
72641456749704 80.718750 71.718750 -50.381252 
72641476749704 80.831253 71.287506 -49.762501 
72641496749704 80.812500 70.893753 -49.162502 
72641516749704 80.156250 70.106255 -48.056252 
72641536749704 79.518753 69.168755 -46.518753 
72641556749704 78.318756 68.043755 -44.681252 
72641576749704 77.043755 67.012505 -42.300003 
72641596749704 75.487503 65.943756 -39.506252 
72641616749704 74.193756 65.043755 -36.431252 
72641636749704 72.637505 64.237503 -33.356251 
72641656749704 71.362503 63.543751 -29.962502 
72641676749704 70.387505 63.300003 -26.568750 
72641696749704 69.243752 62.906254 -22.837502 
72641716749704 68.381256 63.000004 -19.012501 
72641736749704 67.968750 63.487503 -15.525001 
72641756749704 67.837502 64.106255 -12.356251 
72641776749704 67.818756 64.875000 -9.412500 
72641796749704 68.306252 65.531250 -6.731250 
72641816749704 68.512505 65.925003 -4.706250 
72641836749704 69.075005 66.168755 -2.850000 
72641856749704 69.862503 66.956253 -1.706250 
72641876749704 70.931252 67.350006 -1.087500 
72641896749704 71.737503 67.350006 -1.331250 
72641916749704 72.450005 67.293755 -1.650000 
72641936749704 73.106255 67.125000 -1.856250 
72641956749704 73.331253 66.975006 -2.156250 
72641976749704 73.481255 67.200005 -2.400000 
72641996749704 73.612503 67.406250 -2.700000 
72642016749704 73.950005 67.218750 -3.675000 
72642036749704 73.875000 66.993752 -4.631250 
72642056749704 73.481255 66.656250 -5.268750 
72642076749704 72.900002 66.168755 -6.543750 
72642096749704 72.168755 65.662506 -9.131250 
72642116749704 71.793755 65.231255 -11.981251 
72642136749704 71.493752 64.837502 -15.018750 
72642156749704 70.950005 64.518753 -18.037500 
72642176749704 70.481255 64.218750 -20.625000 
72642196749704 70.068756 64.012505 -23.306252 
72642216749704 69.768753 63.937504 -26.062502 
72642236749704 69.675003 64.012505 -28.687502 
72642256749704 69.693756 64.312500 -30.525002 
72642276749704 69.750000 64.556252 -32.493752 
72642296749704 69.937500 64.706253 -34.350002 
72642316749704 70.537506 65.118752 -36.300003 
72642336749704 70.706253 65.643753 -38.231251 
72642356749704 71.231255 66.225006 -40.237503 
72642376749704 72.018753 67.143753 -42.000000 
72642396749704 72.862503 67.837502 -43.612503 
72642416749704 73.668755 68.475006 -45.093750 
72642436749704 74.475006 69.131256 -46.125000 
72642456749704 74.981255 69.693756 -46.968750 
72642476749704 75.150002 69.731255 -47.625000 
72642496749704 75.393753 69.693756 -47.812500 
72642516749704 75.618752 69.618752 -47.325001 
72642536749704 75.487503 69.225006 -46.331253 
72642556749704 75.225006 68.812500 -45.093750 
72642576749704 74.662506 68.062500 -43.537502 
72642596749704 73.537506 67.312500 -41.512501 
72642616749704 72.693756 66.393753 -39.131252 
72642636749704 71.662506 65.831253 -36.506252 
72642656749704 70.931252 65.493752 -34.012501 
72642676749704 69.900002 65.006256 -31.425001 
72642696749704 69.018753 64.650002 -29.006250 
72642716749704 68.175003 64.556252 -26.493752 
72642736749704 67.481255 64.743752 -23.962502 
72642756749704 67.181252 65.043755 -21.843750 
72642776749704 66.825005 65.437500 -19.575001 
72642796749704 66.225006 65.793755 -17.400002 
72642816749704 65.531250 65.981255 -15.225000 
72642836749704 65.343750 66.412506 -13.350000 
72642856749704 65.606255 66.806252 -11.887501 
72642876749704 66.056252 67.012505 -10.781250 
72642896749704 66.412506 66.975006 -10.087501 
72642916749704 66.956253 66.843750 -9.581250 
72642936749704 67.593750 66.787506 -9.412500 
72642956749704 68.456253 66.581253 -9.318750 
72642976749704 69.056252 66.487503 -9.056251 
72642996749704 69.581253 66.300003 -9.037500 
72643016749704 69.637505 66.356255 -8.981251 
72643036749704 69.956253 66.300003 -8.362500 
72643056749704 70.312500 66.543755 -7.743750 
72643076749704 70.631256 66.825005 -7.368750 
72643096749704 70.725006 67.031250 -6.806250 
72643116749704 70.912506 67.312500 -6.787500 
72643136749704 71.362503 67.275002 -7.368750 
72643156749704 71.437500 66.918755 -8.231251 
72643176749704 71.681252 66.543755 -9.637501 
72643196749704 71.493752 66.450005 -11.325001 
72643216749704 71.343750 66.075005 -13.406251 
72643236749704 70.950005 65.381256 -15.600000 
72643256749704 70.650002 64.931252 -17.981251 
72643276749704 70.143753 64.668755 -20.550001 
72643296749704 69.675003 64.443756 -22.968750 
72643316749704 69.318756 64.518753 -25.331251 
72643336749704 68.887505 64.462502 -27.337502 
72643356749704 68.643753 64.256256 -29.625002 
72643376749704 68.343750 64.331253 -31.462502 
72643396749704 68.475006 64.837502 -33.281250 
72643416749704 68.081253 65.100006 -35.193752 
72643436749704 68.081253 65.268753 -36.956253 
72643456749704 68.250000 65.756256 -38.512501 
72643476749704 68.400002 66.187500 -40.031250 
72643496749704 68.662506 66.600006 -41.306252 
72643516749704 68.531250 66.768753 -42.356251 
72643536749704 68.493752 66.975006 -43.275002 
72643556749704 68.437500 67.068756 -43.912502 
72643576749704 69.037506 67.218750 -44.437500 
72643596749704 69.318756 67.162506 -44.287502 
72643616749704 69.375000 66.918755 -44.081253 
72643636749704 69.206253 66.543755 -43.331253 
72643656749704 68.868752 66.243752 -42.075001 
72643676749704 68.737503 66.187500 -40.781250 
72643696749704 68.437500 65.831253 -39.281250 
72643716749704 67.743752 65.343750 -37.331253 
72643736749704 66.712502 64.912506 -35.268753 
72643756749704 65.887505 64.575005 -33.468750 
72643776749704 64.931252 64.425003 -31.387501 
72643796749704 64.462502 64.237503 -29.775002 
72643816749704 64.031250 64.125000 -28.368752 
72643836749704 63.600002 64.106255 -27.112501 
72643856749704 63.337502 64.125000 -25.837502 
72643876749704 63.300003 64.125000 -25.087502 
72643896749704 63.468754 64.331253 -24.300001 
72643916749704 63.562504 64.387505 -23.700001 
72643936749704 64.031250 64.368752 -23.156250 
72643956749704 64.331253 64.500000 -22.706251 
72643976749704 64.837502 64.387505 -22.725000 
72643996749704 65.343750 64.350006 -22.668751 
72644016749704 66.000000 64.275002 -23.025002 
72644036749704 66.468750 64.256256 -23.193750 
72644056749704 66.750000 63.937504 -23.925001 
72644076749704 67.125000 63.843754 -24.506250 
72644096749704 67.143753 63.581253 -25.256250 
72644116749704 67.068756 63.637501 -25.931252 
72644136749704 66.881256 63.618752 -26.587502 
72644156749704 66.787506 63.525002 -27.225000 
72644176749704 66.600006 63.656254 -27.900002 
72644196749704 66.750000 63.900002 -28.518751 
72644216749704 67.087502 63.993752 -28.518751 
72644236749704 67.293755 64.087502 -28.762501 
72644256749704 67.631256 64.331253 -29.006250 
72644276749704 67.650002 64.275002 -28.987501 
72644296749704 67.593750 64.181252 -28.987501 
72644316749704 67.575005 64.293755 -29.118752 
72644336749704 67.312500 64.031250 -29.212502 
72644356749704 67.012505 63.825001 -29.250002 
72644376749704 66.787506 63.937504 -29.643751 
72644396749704 66.600006 63.881252 -29.700001 
72644416749704 66.243752 63.787502 -29.793751 
72644436749704 66.018753 63.712502 -30.225000 
72644456749704 65.737503 63.768753 -30.300001 
72644476749704 65.343750 63.450001 -30.637501 
72644496749704 65.043755 63.375004 -30.993752 
72644516749704 65.137505 63.300003 -31.668751 
72644536749704 65.193756 63.412502 -32.343750 
72644556749704 65.531250 63.600002 -33.225002 
72644576749704 66.093750 63.768753 -34.106251 
72644596749704 66.731255 63.806252 -34.856251 
72644616749704 67.537506 63.918751 -35.887501 
72644636749704 68.400002 64.275002 -36.300003 
72644656749704 69.412506 64.687500 -36.900002 
72644676749704 70.031250 65.025002 -37.218750 
72644696749704 70.687500 65.175003 -37.518753 
72644716749704 71.118752 65.212502 -37.781250 
72644736749704 71.287506 65.137505 -38.081253 
72644756749704 72.018753 65.306252 -38.156250 
72644776749704 72.750000 65.456253 -38.062500 
72644796749704 73.462502 65.756256 -38.175003 
72644816749704 74.118752 65.812500 -38.025002 
72644836749704 74.643753 65.812500 -37.950001 
72644856749704 74.925003 65.700005 -37.631252 
72644876749704 74.925003 65.493752 -37.143753 
72644896749704 75.168755 65.418755 -36.675003 
72644916749704 75.131256 65.212502 -36.187500 
72644936749704 75.131256 65.118752 -35.906250 
72644956749704 75.018753 64.987503 -35.681252 
72644976749704 75.000000 64.893753 -35.531250 
72644996749704 75.000000 64.800003 -35.512501 
72645016749704 75.056252 64.687500 -35.531250 
72645036749704 75.112503 64.818756 -35.737503 
72645056749704 75.206253 65.025002 -35.943752 
72645076749704 75.018753 65.193756 -36.262501 
72645096749704 74.700005 65.137505 -36.506252 
72645116749704 74.775002 64.950005 -36.862503 
72645136749704 74.212502 65.006256 -37.087502 
72645156749704 73.837502 65.343750 -37.218750 
72645176749704 73.350006 65.250000 -37.425003 
72645196749704 72.993752 65.212502 -37.612503 
72645216749704 72.731255 65.137505 -37.706253 
72645236749704 72.412506 65.231255 -37.875000 
72645256749704 72.093750 65.250000 -38.043751 
72645276749704 71.587502 65.343750 -38.156250 
72645296749704 71.568756 65.493752 -38.456253 
72645316749704 71.381256 65.137505 -38.587502 
72645336749704 71.175003 65.231255 -38.512501 
72645356749704 71.268753 65.156250 -38.625000 
72645376749704 71.118752 65.193756 -38.625000 
72645396749704 71.175003 64.950005 -38.662502 
72645416749704 71.100006 65.025002 -38.606251 
72645436749704 70.987503 64.968750 -38.775002 
72645456749704 70.875000 64.987503 -38.568752 
72645476749704 70.668755 64.912506 -38.381252 
72645496749704 70.631256 64.818756 -38.418751 
72645516749704 70.481255 65.025002 -38.325001 
72645536749704 70.162506 64.706253 -38.343750 
72645556749704 70.200005 65.043755 -38.456253 
72645576749704 70.237503 65.118752 -38.625000 
72645596749704 70.200005 65.081253 -38.512501 
72645616749704 70.087502 64.762505 -38.887501 
72645636749704 70.087502 64.800003 -39.150002 
72645656749704 70.162506 64.912506 -39.281250 
72645676749704 70.256256 64.912506 -39.393753 
72645696749704 70.350006 65.268753 -39.675003 
72645716749704 70.143753 64.912506 -39.768753 
72645736749704 70.031250 64.800003 -39.712502 
72645756749704 69.825005 64.818756 -39.712502 
72645776749704 69.843750 64.950005 -39.337502 
72645796749704 69.731255 64.987503 -39.243752 
72645816749704 69.637505 64.987503 -39.300003 
72645836749704 69.375000 64.987503 -39.412502 
72645856749704 69.468750 64.912506 -39.375000 
72645876749704 69.562500 65.025002 -39.487503 
72645896749704 69.637505 65.043755 -39.468750 
72645916749704 69.900002 65.306252 -39.525002 
72645936749704 69.918755 65.343750 -39.562500 
72645956749704 69.975006 65.343750 -39.806252 
72645976749704 69.975006 65.193756 -39.900002 
72645996749704 70.087502 65.100006 -40.012501 
72646016749704 70.237503 65.137505 -39.900002 
72646036749704 70.200005 65.212502 -40.162502 
72646056749704 70.368752 65.362503 -40.218750 
72646076749704 70.087502 65.081253 -40.256252 
72646096749704 70.181252 65.175003 -40.350002 
72646116749704 70.312500 65.137505 -40.368752 
72646136749704 70.200005 65.493752 -40.256252 
72646156749704 70.068756 65.681252 -40.068752 
72646176749704 69.731255 65.662506 -40.068752 
72646196749704 69.712502 65.550003 -39.937500 
72646216749704 69.787506 65.437500 -40.087502 
72646236749704 70.068756 65.493752 -40.237503 
72646256749704 70.031250 65.343750 -40.406250 
72646276749704 69.975006 65.362503 -40.312500 
72646296749704 70.031250 65.231255 -40.612503 
72646316749704 70.162506 65.137505 -40.837502 
72646336749704 70.481255 65.287506 -41.137501 
72646356749704 70.200005 65.175003 -40.893753 
72646376749704 70.050003 65.175003 -40.650002 
72646396749704 69.956253 65.081253 -40.518753 
72646416749704 69.900002 65.156250 -40.350002 
72646436749704 69.900002 65.231255 -40.162502 
72646456749704 70.125000 65.193756 -39.918751 
72646476749704 70.237503 65.175003 -39.525002 
72646496749704 70.406250 65.062500 -39.075001 
72646516749704 71.081253 65.175003 -38.775002 
72646536749704 71.231255 65.081253 -38.531250 
72646556749704 71.606255 65.231255 -38.043751 
72646576749704 72.168755 65.156250 -37.556252 
72646596749704 72.768753 65.325005 -37.106251 
72646616749704 73.275002 65.418755 -36.806252 
72646636749704 73.743752 65.400002 -36.693752 
72646656749704 74.362503 65.531250 -36.581253 
72646676749704 74.943756 65.587502 -36.337502 
72646696749704 75.937500 65.812500 -36.262501 
72646716749704 77.100006 66.093750 -36.225002 
72646736749704 78.300003 66.412506 -36.168751 
72646756749704 79.462502 66.656250 -35.868752 
72646776749704 80.625000 66.881256 -35.493752 
72646796749704 81.956253 67.481255 -34.800003 
72646816749704 83.175003 67.743752 -34.050003 
72646836749704 84.318756 68.118752 -33.562500 
72646856749704 85.387505 68.493752 -32.887501 
72646876749704 86.400002 68.700005 -32.081253 
72646896749704 87.243752 69.150002 -31.200001 
72646916749704 88.275002 69.600006 -30.168751 
72646936749704 89.456253 70.106255 -28.837502 
72646956749704 90.881256 70.593750 -28.050001 
72646976749704 92.081253 71.493752 -26.850000 
72646996749704 93.262505 72.243752 -25.593752 
72647016749704 94.462502 73.106255 -24.431252 
72647036749704 95.550003 74.118752 -23.268751 
72647056749704 96.637505 74.925003 -22.143751 
72647076749704 97.368752 75.393753 -21.600000 
72647096749704 97.893753 76.050003 -20.868752 
72647116749704 98.025002 76.312500 -20.081251 
72647136749704 98.062508 76.218750 -19.743752 
72647156749704 98.287506 76.425003 -19.500000 
72647176749704 97.875008 76.200005 -19.031250 
72647196749704 97.462502 75.956253 -18.675001 
72647216749704 96.787506 75.806252 -18.093750 
72647236749704 96.243752 75.881256 -17.587502 
72647256749704 95.681252 75.581253 -17.250000 
72647276749704 94.818756 75.262505 -16.837502 
72647296749704 94.031250 75.150002 -16.331251 
72647316749704 92.962502 74.718750 -15.806251 
72647336749704 92.175003 74.493752 -15.318750 
72647356749704 91.068756 74.081253 -14.850000 
72647376749704 90.656250 73.781250 -15.056251 
72647396749704 90.037506 73.350006 -14.850000 
72647416749704 89.418755 73.125000 -14.737500 
72647436749704 89.212502 73.312500 -14.418751 
72647456749704 88.950005 73.237503 -14.456250 
72647476749704 88.687500 73.312500 -14.456250 
72647496749704 88.612503 73.406250 -14.531251 
72647516749704 88.800003 73.500000 -14.625001 
72647536749704 88.781250 73.425003 -14.231251 
72647556749704 88.593750 73.500000 -14.175000 
72647576749704 88.687500 73.406250 -14.287500 
72647596749704 88.631256 73.162506 -14.381250 
72647616749704 88.406250 73.237503 -14.118751 
72647636749704 88.425003 73.200005 -13.762501 
72647656749704 88.631256 73.143753 -13.425000 
72647676749704 88.518753 73.143753 -13.143750 
72647696749704 88.125000 72.993752 -12.806251 
72647716749704 87.918755 72.731255 -12.393750 
72647736749704 87.581253 72.693756 -11.906250 
72647756749704 87.206253 72.468750 -11.550000 
72647776749704 87.131256 72.262505 -11.306251 
72647796749704 87.093750 72.168755 -11.100000 
72647816749704 86.831253 72.093750 -11.193750 
72647836749704 86.925003 71.925003 -11.306251 
72647856749704 87.075005 71.831253 -11.737500 
72647876749704 87.281250 71.681252 -12.056251 
72647896749704 87.600006 71.587502 -12.337501 
72647916749704 88.050003 71.643753 -12.956250 
72647936749704 88.331253 71.587502 -13.556251 
72647956749704 88.575005 71.625000 -14.137501 
72647976749704 88.818756 71.681252 -14.306251 
72647996749704 89.006256 71.662506 -14.587501 
72648016749704 88.950005 71.681252 -14.512501 
72648036749704 89.156250 71.925003 -14.868751 
72648056749704 89.100006 71.962502 -15.243751 
72648076749704 89.137505 71.943756 -15.056251 
72648096749704 89.231255 71.981255 -15.243751 
72648116749704 89.100006 71.887505 -15.506250 
72648136749704 89.137505 71.718750 -15.900001 
72648156749704 89.137505 71.812500 -16.143751 
72648176749704 89.306252 71.868752 -16.518751 
72648196749704 89.250000 71.793755 -16.612501 
72648216749704 89.193756 71.906250 -16.668751 
72648236749704 89.081253 71.906250 -16.912500 
72648256749704 89.006256 71.868752 -16.743752 
72648276749704 88.987503 72.056252 -16.650002 
72648296749704 88.687500 72.281250 -16.687500 
72648316749704 88.687500 72.018753 -16.743752 
72648336749704 88.556252 71.943756 -16.725000 
72648356749704 88.593750 71.981255 -16.668751 
72648376749704 88.612503 71.793755 -16.575001 
72648396749704 88.537506 71.831253 -16.800001 
72648416749704 88.368752 71.700005 -16.875000 
72648436749704 88.275002 71.400002 -16.950001 
72648456749704 88.462502 71.400002 -16.987501 
72648476749704 88.462502 71.568756 -16.781250 
72648496749704 88.368752 71.475006 -16.968750 
72648516749704 88.406250 71.456253 -17.137501 
72648536749704 88.406250 71.531250 -17.156250 
72648556749704 88.575005 71.587502 -16.950001 
72648576749704 88.687500 71.850006 -17.100000 
72648596749704 89.025002 71.906250 -17.025002 
72648616749704 88.968750 71.718750 -16.668751 
72648636749704 88.987503 71.868752 -16.950001 
72648656749704 89.081253 71.850006 -17.081251 
72648676749704 88.987503 71.943756 -17.006250 
72648696749704 88.912506 71.850006 -17.100000 
72648716749704 88.706253 71.587502 -17.231251 
72648736749704 88.743752 71.512505 -17.081251 
72648756749704 88.425003 71.606255 -17.137501 
72648776749704 88.537506 71.756256 -17.362501 
72648796749704 88.481255 71.550003 -17.306252 
72648816749704 88.575005 71.493752 -17.025002 
72648836749704 88.668755 71.268753 -17.006250 
72648856749704 88.650002 71.287506 -17.025002 
72648876749704 88.425003 71.362503 -17.025002 
72648896749704 88.312500 71.268753 -16.968750 
72648916749704 88.500000 71.306252 -16.950001 
72648936749704 88.443756 71.193756 -16.837502 
72648956749704 88.462502 71.268753 -16.593750 
72648976749704 88.256256 71.475006 -16.387501 
72648996749704 88.162506 71.568756 -16.125000 
72649016749704 88.312500 71.625000 -16.256250 
72649036749704 88.481255 71.662506 -16.031250 
72649056749704 88.368752 71.756256 -15.806251 
72649076749704 88.256256 71.718750 -15.768750 
72649096749704 88.068756 71.587502 -15.731251 
72649116749704 88.031250 71.531250 -16.031250 
72649136749704 88.125000 71.475006 -15.918751 
72649156749704 88.218750 71.531250 -16.293751 
72649176749704 88.200005 71.568756 -15.768750 
72649196749704 88.312500 71.606255 -15.750001 
72649216749704 88.518753 71.456253 -16.087502 
72649236749704 88.443756 71.475006 -16.050001 
72649256749704 88.425003 71.587502 -15.993751 
72649276749704 88.237503 71.606255 -15.656251 
72649296749704 88.237503 71.606255 -15.618751 
72649316749704 88.125000 71.606255 -15.318750 
72649336749704 88.125000 71.700005 -15.600000 
72649356749704 87.975006 71.643753 -15.543751 
72649376749704 87.862503 71.737503 -15.225000 
72649396749704 87.881256 71.662506 -15.243751 
72649416749704 87.768753 71.718750 -15.281251 
72649436749704 87.581253 71.812500 -15.243751 
72649456749704 87.543755 71.906250 -15.431251 
72649476749704 87.318756 71.793755 -15.318750 
72649496749704 87.075005 71.512505 -15.075001 
72649516749704 87.150002 71.568756 -14.925000 
72649536749704 87.131256 71.418755 -14.812501 
72649556749704 87.262505 71.625000 -14.681251 
72649576749704 87.487503 71.606255 -14.775001 
72649596749704 87.843750 71.568756 -14.906251 
72649616749704 87.937500 71.475006 -14.962501 
72649636749704 88.068756 71.718750 -14.943750 
72649656749704 88.462502 72.075005 -15.093751 
72649676749704 88.462502 72.037506 -15.356251 
72649696749704 88.593750 72.262505 -15.506250 
72649716749704 88.331253 72.000000 -15.656251 
72649736749704 88.256256 71.943756 -15.693750 
72649756749704 87.993752 71.718750 -15.656251 
72649776749704 88.106255 71.793755 -15.787500 
72649796749704 88.068756 71.681252 -15.862500 
72649816749704 87.825005 71.456253 -15.825001 
72649836749704 87.787506 71.381256 -15.862500 
72649856749704 87.562500 71.212502 -15.843751 
72649876749704 87.543755 71.231255 -15.787500 
72649896749704 87.412506 71.306252 -15.656251 
72649916749704 87.562500 71.456253 -15.731251 
72649936749704 87.300003 71.400002 -15.393750 
72649956749704 86.981255 71.325005 -15.506250 
72649976749704 86.718750 71.343750 -15.806251 
72649996749704 86.587502 71.325005 -15.750001 
72650016749704 86.700005 71.550003 -15.881250 
72650036749704 86.868752 71.700005 -16.125000 
72650056749704 86.962502 71.793755 -16.031250 
72650076749704 87.018753 72.000000 -16.050001 
72650096749704 86.925003 72.056252 -16.162500 
72650116749704 87.243752 72.187500 -16.425001 
72650136749704 87.262505 72.206253 -16.312500 
72650156749704 87.206253 72.300003 -16.687500 
72650176749704 86.981255 72.150002 -17.006250 
72650196749704 86.775002 71.831253 -17.456251 
72650216749704 86.775002 71.625000 -17.943750 
72650236749704 86.400002 71.418755 -18.468750 
72650256749704 86.475006 71.456253 -19.181252 
72650276749704 86.287506 71.250000 -19.650002 
72650296749704 86.175003 71.268753 -20.325001 
72650316749704 85.781250 70.950005 -20.662500 
72650336749704 85.743752 70.725006 -21.393751 
72650356749704 85.593750 70.556252 -21.806252 
72650376749704 85.218750 70.556252 -22.706251 
72650396749704 85.218750 70.425003 -23.625000 
72650416749704 84.843750 70.162506 -24.412500 
72650436749704 84.750000 70.125000 -25.012501 
72650456749704 84.975006 69.975006 -25.706251 
72650476749704 85.368752 70.087502 -26.493752 
72650496749704 85.387505 70.275002 -26.831251 
72650516749704 85.537506 70.556252 -27.225000 
72650536749704 85.781250 70.406250 -27.356251 
72650556749704 85.706253 70.368752 -26.981251 
72650576749704 85.800003 70.368752 -26.456251 
72650596749704 85.668755 70.387505 -25.312502 
72650616749704 85.181252 70.181252 -24.075001 
72650636749704 84.862503 70.368752 -22.068750 
72650656749704 84.375000 70.537506 -19.743752 
72650676749704 84.018753 70.518753 -16.743752 
72650696749704 83.550003 71.100006 -13.575001 
72650716749704 82.687500 71.718750 -10.331250 
72650736749704 81.712502 72.337502 -6.843750 
72650756749704 80.943756 73.200005 -3.881250 
72650776749704 79.725006 74.025002 -0.900000 
72650796749704 78.825005 74.925003 1.593750 
72650816749704 78.075005 75.843750 3.768750 
72650836749704 77.156250 77.006256 5.287500 
72650856749704 76.950005 77.775002 6.656250 
72650876749704 77.850006 78.656250 7.743750 
72650896749704 78.993752 79.631256 8.118751 
72650916749704 80.268753 80.081253 7.987500 
72650936749704 82.087502 80.812500 7.987500 
72650956749704 83.812500 81.168755 7.706250 
72650976749704 85.331253 81.487503 7.368750 
72650996749704 87.093750 81.543755 6.562500 
72651016749704 88.200005 81.412506 5.700000 
72651036749704 88.893753 81.393753 4.987500 
72651056749704 89.418755 81.018753 4.518750 
72651076749704 89.531250 80.925003 4.331250 
72651096749704 89.662506 80.756256 4.068750 
72651116749704 89.793755 80.868752 3.862500 
72651136749704 90.056252 80.700005 3.431250 
72651156749704 89.812500 80.643753 3.581250 
72651176749704 89.343750 80.306252 3.412500 
72651196749704 88.556252 79.537506 2.943750 
72651216749704 87.750000 78.825005 1.968750 
72651236749704 87.412506 77.943756 0.918750 
72651256749704 86.812500 76.893753 -0.562500 
72651276749704 85.800003 75.487503 -2.456250 
72651296749704 84.768753 74.212502 -4.368750 
72651316749704 83.718750 72.806252 -6.393750 
72651336749704 83.062500 71.868752 -8.493751 
72651356749704 82.800003 70.931252 -10.518750 
72651376749704 82.575005 70.218750 -12.712501 
72651396749704 82.031250 69.618752 -14.793751 
72651416749704 81.750000 69.281250 -16.743752 
72651436749704 81.825005 68.962502 -18.281250 
72651456749704 81.862503 68.700005 -19.781250 
72651476749704 82.237503 68.737503 -21.600000 
72651496749704 82.500000 68.681252 -23.043751 
72651516749704 82.687500 68.850006 -24.506250 
72651536749704 82.856255 68.962502 -25.443750 
72651556749704 83.156250 69.075005 -26.287500 
72651576749704 83.306252 69.243752 -27.150002 
72651596749704 83.400002 69.450005 -27.900002 
72651616749704 83.812500 69.768753 -28.425001 
72651636749704 84.168755 70.068756 -28.706251 
72651656749704 84.375000 70.312500 -28.650002 
72651676749704 84.468750 70.500000 -28.106251 
72651696749704 84.243752 70.612503 -26.887501 
72651716749704 84.056252 70.725006 -25.500002 
72651736749704 83.756256 70.556252 -23.381250 
72651756749704 83.268753 70.725006 -21.281250 
72651776749704 82.425003 70.650002 -18.618752 
72651796749704 81.412506 70.668755 -15.506250 
72651816749704 80.175003 70.631256 -12.187501 
72651836749704 79.050003 70.762505 -9.431251 
72651856749704 78.187500 71.062500 -6.918750 
72651876749704 77.381256 71.531250 -4.443750 
72651896749704 76.650002 72.262505 -2.250000 
72651916749704 76.218750 72.956253 -0.056250 
72651936749704 76.125000 73.837502 1.800000 
72651956749704 76.406250 74.737503 3.300000 
72651976749704 77.287506 75.600006 4.481250 
72651996749704 78.318756 76.368752 5.643750 
72652016749704 79.612503 77.100006 6.356250 
72652036749704 80.831253 77.531250 6.637500 
72652056749704 82.275002 77.718750 6.468750 
72652076749704 83.625000 77.437500 6.037500 
72652096749704 84.918755 77.100006 5.043750 
72652116749704 86.100006 76.781250 4.443750 
72652136749704 87.131256 76.650002 3.581250 
72652156749704 87.881256 76.462502 2.793750 
72652176749704 88.406250 76.237503 2.193750 
72652196749704 88.893753 76.031250 1.762500 
72652216749704 89.381256 76.050003 1.312500 
72652236749704 89.737503 76.275002 1.031250 
72652256749704 90.075005 76.481255 1.256250 
72652276749704 90.262505 76.368752 0.900000 
72652296749704 90.375000 76.275002 0.637500 
72652316749704 90.225006 75.937500 0.300000 
72652336749704 89.981255 75.450005 -0.262500 
72652356749704 89.493752 74.887505 -1.218750 
72652376749704 89.175003 74.400002 -1.856250 
72652396749704 88.818756 73.893753 -2.850000 
72652416749704 88.181252 72.937500 -4.331250 
72652436749704 87.431252 72.131256 -5.962500 
72652456749704 86.512505 71.137505 -7.950000 
72652476749704 85.818756 70.331253 -10.181251 
72652496749704 84.937500 69.600006 -12.300000 
72652516749704 84.487503 69.056252 -14.156251 
72652536749704 83.512505 68.325005 -15.881250 
72652556749704 82.931252 67.537506 -17.756250 
72652576749704 82.293755 67.237503 -19.293751 
72652596749704 81.956253 67.012505 -20.737501 
72652616749704 81.900002 66.993752 -21.862501 
72652636749704 81.900002 66.843750 -22.875000 
72652656749704 82.481255 66.806252 -24.262501 
72652676749704 82.893753 66.937500 -25.725000 
72652696749704 83.531250 67.275002 -27.431252 
72652716749704 83.925003 67.706253 -28.425001 
72652736749704 84.618752 67.893753 -29.475000 
72652756749704 85.106255 68.156250 -30.375002 
72652776749704 85.462502 68.250000 -31.087502 
72652796749704 85.781250 68.475006 -31.237501 
72652816749704 85.575005 68.606255 -30.468752 
72652836749704 85.162506 68.662506 -29.156252 
72652856749704 84.787506 68.456253 -27.768751 
72652876749704 84.093750 68.250000 -26.306252 
72652896749704 83.400002 68.268753 -24.712502 
72652916749704 82.500000 68.100006 -22.425001 
72652936749704 81.356255 68.381256 -19.800001 
72652956749704 80.137505 68.625000 -17.156250 
72652976749704 79.012505 69.037506 -14.493751 
72652996749704 78.243752 69.637505 -12.281251 
72653016749704 77.156250 70.256256 -9.768750 
72653036749704 76.312500 71.137505 -7.237500 
72653056749704 75.600006 71.868752 -4.406250 
72653076749704 74.793755 72.900002 -2.062500 
72653096749704 74.681252 73.912506 -0.225000 
72653116749704 75.093750 75.243752 1.387500 
72653136749704 75.675003 76.275002 2.700000 
72653156749704 76.293755 77.137505 3.956250 
72653176749704 77.587502 77.868752 4.875000 
72653196749704 78.900002 78.318756 4.968750 
72653216749704 80.137505 78.787506 4.725000 
72653236749704 81.675003 78.937500 4.462500 
72653256749704 82.950005 78.900002 4.181250 
72653276749704 83.812500 78.768753 3.675000 
72653296749704 84.675003 78.506256 3.037500 
72653316749704 85.387505 78.468750 2.587500 
72653336749704 85.875000 78.712502 2.100000 
72653356749704 86.287506 78.750000 2.287500 
72653376749704 86.475006 78.843750 2.512500 
72653396749704 86.700005 79.162506 2.456250 
72653416749704 86.587502 79.162506 2.306250 
72653436749704 86.531250 79.012505 2.231250 
72653456749704 86.400002 78.731255 1.800000 
72653476749704 85.856255 78.262505 1.350000 
72653496749704 85.181252 77.306252 0.787500 
72653516749704 84.543755 76.668755 0.056250 
72653536749704 84.300003 75.993752 -1.162500 
72653556749704 84.000000 75.131256 -2.700000 
72653576749704 83.493752 74.212502 -4.518750 
72653596749704 82.893753 73.368752 -6.450000 
72653616749704 81.993752 72.618752 -8.137501 
72653636749704 81.356255 71.681252 -9.937500 
72653656749704 80.775002 70.781250 -11.681251 
72653676749704 80.175003 70.125000 -13.687501 
72653696749704 79.162506 69.468750 -15.562501 
72653716749704 78.337502 68.962502 -17.025002 
72653736749704 77.868752 68.681252 -18.168751 
72653756749704 77.662506 68.250000 -19.312500 
72653776749704 77.700005 68.156250 -20.718750 
72653796749704 78.243752 68.418755 -22.162500 
72653816749704 78.468750 68.793755 -23.493752 
72653836749704 78.881256 69.037506 -24.525002 
72653856749704 79.537506 69.262505 -25.387501 
72653876749704 80.025002 69.262505 -26.250002 
72653896749704 80.418755 69.356255 -26.962502 
72653916749704 80.493752 69.543755 -27.318750 
72653936749704 80.643753 69.675003 -27.056252 
72653956749704 80.306252 69.675003 -26.081251 
72653976749704 80.212502 69.862503 -24.712502 
72653996749704 79.687500 69.806252 -23.062500 
72654016749704 79.068756 69.956253 -20.868752 
72654036749704 78.393753 70.687500 -18.356251 
72654056749704 77.718750 71.381256 -15.337501 
72654076749704 77.100006 72.150002 -12.093751 
72654096749704 76.237503 73.068756 -8.906250 
72654116749704 75.600006 74.137505 -6.206250 
72654136749704 75.056252 75.262505 -3.656250 
72654156749704 74.831253 76.706253 -1.125000 
72654176749704 74.643753 78.018753 1.031250 
72654196749704 74.643753 79.331253 3.150000 
72654216749704 74.568756 80.550003 4.706250 
72654236749704 75.018753 82.031250 5.868750 
72654256749704 75.993752 83.362503 6.975000 
72654276749704 77.250000 84.431252 7.762500 
72654296749704 78.618752 85.125000 8.175000 
72654316749704 79.818756 85.687500 8.062500 
72654336749704 80.962502 85.781250 7.650000 
72654356749704 82.068756 85.706253 6.975000 
72654376749704 83.493752 85.650002 6.150000 
72654396749704 84.468750 85.256256 5.418750 
72654416749704 85.200005 84.787506 4.518750 
72654436749704 85.556252 84.318756 3.956250 
72654456749704 85.537506 84.037506 3.750000 
72654476749704 85.762505 83.943756 3.468750 
72654496749704 85.875000 84.075005 3.468750 
72654516749704 85.800003 83.756256 3.468750 
72654536749704 85.425003 83.531250 3.675000 
72654556749704 85.181252 83.250000 3.618750 
72654576749704 84.468750 82.837502 3.468750 
72654596749704 83.568756 82.237503 3.300000 
72654616749704 82.762505 81.825005 2.681250 
72654636749704 81.656250 80.812500 2.043750 
72654656749704 80.962502 80.025002 1.162500 
72654676749704 80.400002 79.162506 -0.150000 
72654696749704 80.175003 78.206253 -1.968750 
72654716749704 79.425003 77.062500 -3.712500 
72654736749704 79.050003 76.143753 -5.550000 
72654756749704 78.712502 75.356255 -7.687500 
72654776749704 78.600006 74.456253 -9.543751 
72654796749704 78.450005 73.743752 -11.306251 
72654816749704 78.150002 72.937500 -12.881250 
72654836749704 77.868752 72.375000 -14.081250 
72654856749704 77.700005 72.075005 -15.168751 
72654876749704 77.850006 72.037506 -16.237501 
72654896749704 78.093750 71.681252 -17.418751 
72654916749704 78.468750 71.700005 -18.243752 
72654936749704 78.656250 71.568756 -19.200001 
72654956749704 79.143753 71.775002 -19.856251 
72654976749704 79.406250 71.831253 -20.662500 
72654996749704 79.425003 71.925003 -21.093750 
72655016749704 79.350006 71.925003 -21.131250 
72655036749704 79.068756 71.906250 -20.718750 
72655056749704 78.431252 72.300003 -19.293751 
72655076749704 77.681252 72.412506 -17.850000 
72655096749704 77.118752 72.862503 -15.956250 
72655116749704 76.350006 73.275002 -13.725000 
72655136749704 75.600006 73.987503 -11.268750 
72655156749704 74.831253 75.112503 -8.831250 
72655176749704 73.612503 76.181252 -6.225000 
72655196749704 72.693756 77.400002 -3.881250 
72655216749704 72.112503 78.431252 -1.950000 
72655236749704 71.643753 79.987503 -0.225000 
72655256749704 71.287506 81.281250 1.350000 
72655276749704 71.325005 82.706253 2.418750 
72655296749704 71.737503 84.300003 3.825000 
72655316749704 72.693756 85.518753 4.875000 
72655336749704 74.287506 86.925003 5.606250 
72655356749704 76.106255 88.106255 6.056250 
72655376749704 78.018753 89.437500 6.037500 
72655396749704 79.950005 90.150002 6.056250 
72655416749704 81.487503 90.693756 5.643750 
72655436749704 82.725006 90.900002 5.362500 
72655456749704 83.943756 90.843750 4.687500 
72655476749704 84.956253 90.900002 3.881250 
72655496749704 85.256256 90.637505 3.243750 
72655516749704 85.312500 90.487503 2.700000 
72655536749704 85.312500 90.187500 2.343750 
72655556749704 85.518753 90.037506 1.631250 
72655576749704 85.912506 90.000000 1.275000 
72655596749704 86.137505 90.112503 0.562500 
72655616749704 85.987503 90.112503 -0.018750 
72655636749704 85.781250 90.093750 -0.431250 
72655656749704 85.950005 90.056252 -0.993750 
72655676749704 85.950005 89.887505 -1.687500 
72655696749704 85.668755 89.456253 -2.343750 
72655716749704 84.937500 88.875000 -2.793750 
72655736749704 84.337502 88.256256 -3.412500 
72655756749704 83.737503 87.637505 -4.068750 
72655776749704 83.493752 86.962502 -5.100000 
72655796749704 83.118752 85.968750 -6.637500 
72655816749704 82.481255 84.975006 -8.193750 
72655836749704 81.806252 84.000000 -9.843750 
72655856749704 81.543755 83.456253 -11.456250 
72655876749704 81.487503 82.912506 -13.031251 
72655896749704 81.262505 82.518753 -15.000001 
72655916749704 81.337502 81.806252 -16.781250 
72655936749704 81.206253 81.562500 -17.943750 
72655956749704 81.318756 81.468750 -18.862501 
72655976749704 81.525002 81.337502 -20.006250 
72655996749704 81.937500 81.300003 -21.018751 
72656016749704 82.087502 81.168755 -22.031250 
72656036749704 82.575005 81.337502 -23.006250 
72656056749704 82.968750 81.562500 -23.493752 
72656076749704 83.156250 81.843750 -23.831251 
72656096749704 83.418755 81.900002 -24.768751 
72656116749704 83.250000 81.918755 -24.900002 
72656136749704 83.043755 81.862503 -24.487501 
72656156749704 82.762505 81.937500 -23.512501 
72656176749704 82.537506 82.012505 -22.518751 
72656196749704 81.975006 81.768753 -21.375000 
72656216749704 81.806252 81.656250 -20.175001 
72656236749704 81.262505 81.712502 -18.431252 
72656256749704 80.437500 81.768753 -16.312500 
72656276749704 79.725006 82.031250 -14.418751 
72656296749704 79.218750 82.556252 -12.431251 
72656316749704 78.881256 82.818756 -11.062500 
72656336749704 78.506256 83.231255 -9.675000 
72656356749704 78.206253 83.850006 -7.800000 
72656376749704 77.831253 84.337502 -6.168750 
72656396749704 77.775002 84.900002 -4.893750 
72656416749704 77.981255 85.575005 -3.787500 
72656436749704 78.768753 86.175003 -3.112500 
72656456749704 79.593750 86.568756 -2.850000 
72656476749704 80.437500 86.775002 -2.512500 
72656496749704 81.150002 87.018753 -2.381250 
72656516749704 81.768753 86.981255 -2.737500 
72656536749704 82.162506 86.812500 -3.112500 
72656556749704 82.612503 86.662506 -3.581250 
72656576749704 83.381256 86.587502 -4.106250 
72656596749704 83.531250 86.137505 -4.500000 
72656616749704 83.700005 85.762505 -4.725000 
72656636749704 83.812500 85.987503 -4.781250 
72656656749704 83.943756 85.912506 -4.725000 
72656676749704 84.262505 86.025002 -4.781250 
72656696749704 84.656250 86.250000 -4.706250 
72656716749704 84.975006 86.231255 -4.593750 
72656736749704 84.975006 85.893753 -4.593750 
72656756749704 84.693756 85.687500 -4.725000 
72656776749704 84.168755 85.237503 -5.250000 
72656796749704 83.587502 84.562500 -6.018750 
72656816749704 83.250000 83.925003 -6.937500 
72656836749704 82.818756 83.118752 -8.212501 
72656856749704 82.368752 82.275002 -9.543751 
72656876749704 82.181252 81.581253 -11.025001 
72656896749704 81.656250 80.906250 -12.787500 
72656916749704 81.600006 80.475006 -14.418751 
72656936749704 81.618752 80.212502 -16.031250 
72656956749704 81.431252 79.706253 -17.306252 
72656976749704 81.243752 79.331253 -18.637501 
72656996749704 81.018753 79.218750 -19.725000 
72657016749704 80.793755 78.975006 -20.943750 
72657036749704 80.306252 78.787506 -22.143751 
72657056749704 80.400002 78.600006 -23.062500 
72657076749704 80.587502 78.318756 -24.112501 
72657096749704 80.737503 78.093750 -24.637501 
72657116749704 81.375000 78.375000 -25.650002 
72657136749704 81.787506 78.375000 -26.475000 
72657156749704 82.143753 78.300003 -27.018751 
72657176749704 82.275002 78.318756 -27.562502 
72657196749704 82.668755 78.431252 -27.918751 
72657216749704 82.762505 78.581253 -27.637501 
72657236749704 82.650002 78.618752 -26.737501 
72657256749704 82.706253 78.750000 -26.006250 
72657276749704 82.050003 78.581253 -24.731251 
72657296749704 81.525002 78.506256 -23.062500 
72657316749704 81.262505 78.656250 -21.018751 
72657336749704 80.906250 78.918755 -18.450001 
72657356749704 80.156250 79.143753 -15.693750 
72657376749704 79.687500 79.668755 -13.012501 
72657396749704 79.181252 80.362503 -10.781250 
72657416749704 78.581253 81.075005 -8.512501 
72657436749704 78.393753 81.806252 -6.487500 
72657456749704 78.300003 82.781250 -4.500000 
72657476749704 78.337502 83.681252 -2.925000 
72657496749704 79.012505 84.637505 -1.762500 
72657516749704 80.081253 85.631256 -1.125000 
72657536749704 80.906250 86.343750 -0.862500 
72657556749704 81.881256 86.850006 -0.562500 
72657576749704 83.043755 87.281250 -0.675000 
72657596749704 83.643753 87.356255 -0.806250 
72657616749704 84.318756 87.150002 -1.500000 
72657636749704 84.806252 86.737503 -2.006250 
72657656749704 85.012505 86.418755 -2.587500 
72657676749704 85.143753 86.156250 -3.056250 
72657696749704 85.293755 85.856255 -3.412500 
72657716749704 85.031250 85.556252 -3.787500 
72657736749704 84.750000 85.181252 -4.125000 
72657756749704 85.012505 85.087502 -4.462500 
72657776749704 84.693756 85.293755 -4.275000 
72657796749704 84.337502 85.575005 -4.143750 
72657816749704 83.962502 85.556252 -3.956250 
72657836749704 83.418755 85.181252 -3.768750 
72657856749704 82.406250 84.693756 -3.693750 
72657876749704 81.825005 84.187500 -4.050000 
72657896749704 81.000000 83.775002 -4.331250 
72657916749704 80.156250 83.343750 -4.931250 
72657936749704 79.893753 82.387505 -6.168750 
72657956749704 79.800003 81.506256 -7.875000 
72657976749704 79.181252 80.756256 -9.337501 
72657996749704 78.993752 80.118752 -10.856251 
72658016749704 79.350006 79.631256 -12.412500 
72658036749704 79.518753 79.350006 -13.931251 
72658056749704 79.706253 78.937500 -15.262501 
72658076749704 79.987503 78.618752 -16.312500 
72658096749704 80.137505 78.693756 -17.193750 
72658116749704 79.987503 78.487503 -17.925001 
72658136749704 80.287506 78.262505 -18.675001 
72658156749704 80.493752 78.281250 -19.556252 
72658176749704 80.606255 78.300003 -20.418751 
72658196749704 80.812500 78.300003 -21.281250 
72658216749704 80.906250 78.262505 -21.900002 
72658236749704 81.056252 78.262505 -22.387501 
72658256749704 81.037506 78.262505 -23.006250 
72658276749704 81.262505 78.525002 -23.268751 
72658296749704 81.412506 78.731255 -23.531250 
72658316749704 81.337502 78.712502 -23.231251 
72658336749704 81.112503 78.768753 -22.706251 
72658356749704 80.718750 78.862503 -21.525002 
72658376749704 80.643753 79.218750 -20.493752 
72658396749704 80.493752 79.837502 -19.068750 
72658416749704 80.456253 80.512505 -16.987501 
72658436749704 80.100006 80.943756 -15.018750 
72658456749704 79.856255 81.543755 -12.975000 
72658476749704 79.556252 82.350006 -11.006250 
72658496749704 79.368752 83.175003 -8.962501 
72658516749704 79.050003 84.093750 -7.012500 
72658536749704 78.731255 85.031250 -5.081250 
72658556749704 78.243752 85.650002 -3.600000 
72658576749704 78.112503 86.456253 -2.306250 
72658596749704 77.925003 87.356255 -1.143750 
72658616749704 78.018753 88.181252 -0.168750 
72658636749704 78.262505 88.856255 0.600000 
72658656749704 78.787506 89.493752 0.993750 
72658676749704 79.593750 89.850006 1.106250 
72658696749704 80.418755 90.187500 0.787500 
72658716749704 81.768753 90.356255 0.318750 
72658736749704 82.500000 90.225006 -0.356250 
72658756749704 83.531250 90.093750 -1.200000 
72658776749704 84.356255 90.056252 -1.818750 
72658796749704 84.918755 89.925003 -2.418750 
72658816749704 85.237503 89.812500 -2.737500 
72658836749704 85.631256 89.868752 -3.131250 
72658856749704 85.875000 89.831253 -3.225000 
72658876749704 85.818756 89.906250 -3.168750 
72658896749704 86.025002 90.056252 -3.112500 
72658916749704 85.931252 90.168755 -2.793750 
72658936749704 86.006256 90.262505 -2.793750 
72658956749704 86.456253 90.468750 -2.812500 
72658976749704 86.850006 90.506256 -3.056250 
72658996749704 87.281250 90.675003 -3.281250 
72659016749704 87.675003 90.675003 -3.750000 
72659036749704 87.637505 90.506256 -4.312500 
72659056749704 87.375000 90.168755 -4.875000 
72659076749704 87.018753 89.531250 -5.868750 
72659096749704 86.475006 88.800003 -6.862500 
72659116749704 85.593750 87.937500 -7.837500 
72659136749704 84.618752 87.112503 -9.018750 
72659156749704 83.418755 86.212502 -10.256250 
72659176749704 82.368752 85.462502 -11.193750 
72659196749704 81.468750 84.825005 -11.962501 
72659216749704 80.381256 84.243752 -12.618751 
72659236749704 79.631256 84.131256 -12.937501 
72659256749704 78.768753 83.793755 -13.143750 
72659276749704 78.075005 83.606255 -13.387501 
72659296749704 77.437500 83.400002 -13.462501 
72659316749704 77.156250 83.156250 -13.218751 
72659336749704 77.118752 83.062500 -13.218751 
72659356749704 77.156250 83.081253 -13.350000 
72659376749704 77.512505 83.212502 -13.500001 
72659396749704 77.737503 83.137505 -13.706250 
72659416749704 77.812500 83.268753 -13.931251 
72659436749704 77.643753 83.325005 -14.062501 
72659456749704 77.531250 83.287506 -14.043751 
72659476749704 76.931252 83.006256 -14.268750 
72659496749704 75.993752 82.818756 -14.343751 
72659516749704 75.131256 82.612503 -14.343751 
72659536749704 74.362503 82.350006 -14.343751 
72659556749704 73.593750 82.162506 -14.287500 
72659576749704 73.368752 81.881256 -14.306251 
72659596749704 73.106255 81.637505 -14.343751 
72659616749704 72.750000 81.468750 -14.475000 
72659636749704 72.412506 81.600006 -14.718751 
72659656749704 72.056252 81.468750 -14.587501 
72659676749704 71.362503 81.187500 -14.587501 
72659696749704 70.893753 81.075005 -14.362500 
72659716749704 70.331253 80.962502 -14.456250 
72659736749704 69.431252 80.962502 -14.568750 
72659756749704 68.550003 80.906250 -14.606251 
72659776749704 67.875000 81.037506 -14.568750 
72659796749704 67.537506 81.168755 -14.381250 
72659816749704 67.275002 81.300003 -14.662500 
72659836749704 67.312500 81.581253 -14.625001 
72659856749704 67.012505 81.637505 -14.831250 
72659876749704 66.768753 81.525002 -14.718751 
72659896749704 66.768753 81.712502 -14.700001 
72659916749704 66.937500 81.993752 -14.606251 
72659936749704 66.993752 81.862503 -14.512501 
72659956749704 66.918755 81.731255 -14.568750 
72659976749704 66.993752 81.843750 -14.343751 
72659996749704 66.918755 81.693756 -14.250001 
72660016749704 66.956253 81.637505 -14.175000 
72660036749704 67.143753 81.656250 -14.212501 
72660056749704 67.087502 81.487503 -14.175000 
72660076749704 66.937500 81.356255 -14.175000 
72660096749704 66.562500 81.431252 -14.250001 
72660116749704 66.675003 81.412506 -14.006250 
72660136749704 66.543755 81.300003 -14.006250 
72660156749704 66.768753 81.393753 -14.043751 
72660176749704 66.806252 81.375000 -14.081250 
72660196749704 66.787506 81.450005 -13.987500 
72660216749704 66.825005 81.375000 -14.250001 
72660236749704 66.918755 81.281250 -14.231251 
72660256749704 67.125000 81.206253 -14.606251 
72660276749704 67.425003 81.243752 -14.981251 
72660296749704 67.312500 81.112503 -15.243751 
72660316749704 67.181252 80.887505 -15.506250 
72660336749704 67.181252 80.793755 -16.050001 
72660356749704 67.237503 80.831253 -16.706251 
72660376749704 67.237503 80.831253 -16.968750 
72660396749704 67.050003 80.662506 -17.868752 
72660416749704 66.843750 80.681252 -18.637501 
72660436749704 66.093750 80.456253 -20.006250 
72660456749704 65.775002 80.381256 -21.693750 
72660476749704 65.381256 80.418755 -23.756250 
72660496749704 65.362503 80.437500 -25.725000 
72660516749704 65.868752 80.625000 -28.087502 
72660536749704 66.318756 80.850006 -30.543751 
72660556749704 66.862503 81.168755 -32.662502 
72660576749704 67.725006 81.300003 -34.893753 
72660596749704 68.362503 81.731255 -36.412502 
72660616749704 69.281250 82.050003 -37.481251 
72660636749704 69.900002 82.518753 -38.700001 
72660656749704 70.181252 82.968750 -39.450001 
72660676749704 69.843750 83.062500 -39.731251 
72660696749704 69.581253 83.212502 -39.918751 
72660716749704 69.600006 83.456253 -40.556252 
72660736749704 69.487503 83.887505 -40.893753 
72660756749704 69.637505 84.281250 -41.887501 
72660776749704 69.618752 84.937500 -43.087502 
72660796749704 69.862503 85.481255 -44.137501 
72660816749704 70.106255 86.381256 -45.618752 
72660836749704 70.275002 87.506256 -47.156250 
72660856749704 70.387505 88.650002 -48.750004 
72660876749704 70.312500 89.868752 -50.156254 
72660896749704 70.481255 91.200005 -51.618752 
72660916749704 70.425003 92.306252 -52.687504 
72660936749704 70.181252 93.187500 -53.812504 
72660956749704 70.050003 94.162506 -54.675003 
72660976749704 70.087502 95.025002 -55.406254 
72660996749704 70.331253 95.662506 -56.006252 
72661016749704 70.837502 96.262505 -56.475002 
72661036749704 71.606255 96.675003 -56.662502 
72661056749704 72.281250 96.862503 -56.906254 
72661076749704 72.956253 97.143753 -57.018753 
72661096749704 73.987503 97.481255 -57.093754 
72661116749704 74.850006 97.875008 -57.000004 
72661136749704 75.900002 97.893753 -56.850002 
72661156749704 76.687500 98.268753 -56.850002 
72661176749704 77.343750 98.662506 -56.868752 
72661196749704 77.550003 98.925003 -56.868752 
72661216749704 78.131256 99.375008 -56.775002 
72661236749704 78.843750 99.862503 -56.737503 
72661256749704 79.312500 100.068756 -56.831253 
72661276749704 79.931252 100.500008 -57.018753 
72661296749704 80.137505 100.968758 -57.168751 
72661316749704 80.437500 101.137505 -57.281254 
72661336749704 80.568756 101.287506 -57.225002 
72661356749704 80.831253 101.643753 -57.431252 
72661376749704 80.718750 101.625008 -57.487503 
72661396749704 80.268753 101.568756 -57.525002 
72661416749704 79.087502 101.587502 -56.887501 
72661436749704 75.956253 101.250008 -55.331253 
72661456749704 73.087502 100.893753 -53.887501 
72661476749704 70.950005 100.968758 -52.987503 
72661496749704 70.312500 101.306252 -52.556252 
72661516749704 70.143753 101.550003 -52.593754 
72661536749704 69.900002 101.943756 -52.668751 
72661556749704 69.862503 102.375008 -52.875004 
72661576749704 70.462502 102.787506 -53.587502 
72661596749704 72.300003 102.975006 -55.087502 
72661616749704 73.912506 103.237503 -56.287502 
72661636749704 75.281250 103.293755 -56.962502 
72661656749704 75.093750 103.068756 -57.225002 
72661676749704 74.831253 102.806252 -57.150002 
72661696749704 73.725006 102.262505 -56.456253 
72661716749704 73.575005 102.037506 -55.875004 
72661736749704 73.575005 101.868752 -55.800003 
72661756749704 74.475006 102.037506 -55.706253 
72661776749704 75.168755 102.018753 -55.837502 
72661796749704 75.337502 101.700005 -55.818752 
72661816749704 75.825005 101.475006 -55.856251 
72661836749704 76.162506 101.250008 -55.462502 
72661856749704 77.137505 101.475006 -55.818752 
72661876749704 77.212502 101.100006 -55.912502 
72661896749704 77.231255 100.837502 -55.500004 
72661916749704 77.043755 100.725006 -55.443752 
72661936749704 77.025002 100.556252 -55.293751 
72661956749704 77.418755 100.350006 -54.937504 
72661976749704 77.381256 100.143753 -54.843754 
72661996749704 77.306252 100.031258 -54.768753 
72662016749704 77.193756 99.787506 -54.562504 
72662036749704 77.362503 99.881256 -54.431252 
72662056749704 77.437500 99.806252 -54.600002 
72662076749704 77.531250 99.450005 -54.375004 
72662096749704 77.475006 99.375008 -54.187504 
72662116749704 77.362503 99.431252 -54.187504 
72662136749704 77.287506 99.543755 -54.262501 
72662156749704 77.362503 99.468758 -54.337502 
72662176749704 77.737503 99.637505 -54.862503 
72662196749704 77.962502 99.806252 -55.387501 
72662216749704 78.056252 99.975006 -55.106251 
72662236749704 78.300003 100.050003 -55.087502 
72662256749704 78.543755 100.031258 -54.750004 
72662276749704 78.600006 100.256256 -54.993752 
72662296749704 78.975006 100.106255 -54.600002 
72662316749704 79.031250 100.218758 -54.750004 
72662336749704 78.843750 100.012505 -54.412502 
72662356749704 78.468750 99.843758 -53.887501 
72662376749704 78.356255 100.181252 -54.243752 
72662396749704 77.793755 100.500008 -54.806252 
72662416749704 77.868752 101.212502 -55.481251 
72662436749704 77.643753 101.531258 -55.462502 
72662456749704 77.231255 101.981255 -55.856251 
72662476749704 77.043755 102.168755 -55.912502 
72662496749704 77.137505 102.487503 -56.118752 
72662516749704 77.306252 102.693756 -56.118752 
72662536749704 77.587502 102.412506 -56.175003 
72662556749704 77.831253 102.168755 -55.668751 
72662576749704 77.887505 101.700005 -55.556252 
72662596749704 78.206253 101.306252 -55.593754 
72662616749704 78.450005 100.987503 -55.612503 
72662636749704 78.431252 100.856255 -55.500004 
72662656749704 78.375000 100.593758 -55.368752 
72662676749704 78.562500 100.256256 -55.631252 
72662696749704 78.543755 99.993752 -55.012501 
72662716749704 76.593750 99.375008 -54.000004 
72662736749704 75.393753 98.775002 -53.287502 
72662756749704 72.600006 98.437508 -52.218754 
72662776749704 71.062500 98.250008 -51.731251 
72662796749704 70.237503 98.475006 -51.581253 
72662816749704 68.493752 98.493752 -51.075001 
72662836749704 66.225006 98.662506 -49.931252 
72662856749704 62.606251 98.681252 -48.693752 
72662876749704 62.100002 99.018753 -48.806252 
72662896749704 60.750004 99.281258 -48.468754 
72662916749704 62.212502 99.881256 -48.768753 
72662936749704 63.356251 100.125008 -49.012501 
72662956749704 63.112503 99.825005 -48.525002 
72662976749704 62.737503 99.712502 -48.450001 
72662996749704 64.518753 99.768753 -48.881252 
72663016749704 68.025002 99.675003 -50.456253 
72663036749704 70.237503 99.881256 -50.475002 
72663056749704 72.731255 100.200005 -51.225002 
72663076749704 73.425003 99.825005 -50.868752 
72663096749704 73.143753 99.468758 -50.925003 
72663116749704 73.331253 99.450005 -50.400002 
72663136749704 74.812500 99.618752 -50.756252 
72663156749704 74.250000 99.693756 -50.718754 
72663176749704 73.612503 99.806252 -50.831253 
72663196749704 73.050003 99.656258 -51.300003 
72663216749704 70.612503 98.812508 -50.700001 
72663236749704 68.737503 98.475006 -51.131252 
72663256749704 66.506256 97.968758 -49.893753 
72663276749704 66.412506 97.406258 -50.606251 
72663296749704 65.625000 96.956253 -49.931252 
72663316749704 65.700005 96.506256 -50.568752 
72663336749704 65.906250 96.000000 -49.837502 
72663356749704 66.900002 95.981255 -50.325001 
72663376749704 69.337502 96.581253 -50.775002 
72663396749704 72.000000 96.675003 -51.356251 
72663416749704 74.531250 96.956253 -52.106251 
72663436749704 75.675003 97.500008 -52.331253 
72663456749704 77.100006 97.837502 -52.593754 
72663476749704 77.606255 98.006256 -52.443752 
72663496749704 77.831253 98.737503 -52.293751 
72663516749704 77.306252 98.718758 -51.900002 
72663536749704 76.950005 98.625008 -51.806252 
72663556749704 76.406250 98.850006 -51.187504 
72663576749704 76.518753 99.093758 -51.487503 
72663596749704 76.162506 98.962502 -51.112503 
72663616749704 75.375000 98.343758 -51.150002 
72663636749704 75.525002 97.968758 -51.318752 
72663656749704 75.093750 97.200005 -51.431252 
72663676749704 74.925003 96.956253 -51.450001 
72663696749704 74.287506 96.337502 -50.812504 
72663716749704 73.912506 95.625000 -50.925003 
72663736749704 73.687500 95.250000 -50.718754 
72663756749704 73.631256 95.025002 -51.131252 
72663776749704 73.706253 95.550003 -50.812504 
72663796749704 73.837502 95.700005 -50.643753 
72663816749704 74.531250 96.525002 -50.737503 
72663836749704 75.112503 97.031258 -51.318752 
72663856749704 76.256256 98.118752 -52.087502 
72663876749704 76.781250 98.812508 -52.762501 
72663896749704 77.381256 99.525002 -53.006252 
72663916749704 77.925003 100.218758 -53.231251 
72663936749704 78.825005 100.725006 -53.906254 
72663956749704 79.068756 101.062508 -54.112503 
72663976749704 79.443756 100.875008 -54.862503 
72663996749704 79.500000 100.762505 -54.262501 
72664016749704 79.893753 100.387505 -54.581253 
72664036749704 79.912506 100.125008 -53.793751 
72664056749704 80.231255 99.825005 -53.925003 
72664076749704 79.950005 99.450005 -53.550003 
72664096749704 80.062500 98.737503 -53.531254 
72664116749704 79.462502 98.493752 -53.137501 
72664136749704 79.387505 98.193756 -52.856251 
72664156749704 79.518753 98.025002 -53.100002 
72664176749704 79.518753 98.081253 -53.118752 
72664196749704 79.856255 98.231255 -53.775002 
72664216749704 79.706253 98.306252 -53.925003 
72664236749704 80.231255 98.325005 -54.262501 
72664256749704 77.925003 98.625008 -53.362503 
72664276749704 76.143753 98.700005 -52.856251 
72664296749704 73.931252 98.868752 -51.750004 
72664316749704 72.993752 98.943756 -51.562504 
72664336749704 72.618752 99.018753 -51.450001 
72664356749704 72.506256 99.131256 -51.300003 
72664376749704 72.562500 99.412506 -51.525002 
72664396749704 72.337502 99.487503 -51.618752 
72664416749704 74.268753 99.543755 -52.687504 
72664436749704 76.537506 99.843758 -53.606251 
72664456749704 78.262505 100.068756 -54.881252 
72664476749704 76.800003 100.087502 -53.981251 
72664496749704 73.818756 99.712502 -52.818752 
72664516749704 70.856255 99.318756 -52.050003 
72664536749704 67.781250 98.700005 -50.718754 
72664556749704 65.362503 98.456253 -49.837502 
72664576749704 65.156250 98.362503 -49.875004 
72664596749704 64.837502 98.287506 -49.650002 
72664616749704 64.912506 98.212502 -49.818752 
72664636749704 66.787506 98.325005 -51.018753 
72664656749704 69.375000 98.625008 -52.406254 
72664676749704 72.018753 98.962502 -53.587502 
72664696749704 74.756256 99.337502 -54.731251 
72664716749704 76.200005 99.393753 -55.743752 
72664736749704 76.293755 99.318756 -55.818752 
72664756749704 76.200005 99.131256 -56.137501 
72664776749704 76.106255 99.075005 -55.987503 
72664796749704 75.768753 98.850006 -56.118752 
72664816749704 75.337502 98.625008 -55.875004 
72664836749704 75.543755 98.756256 -55.725002 
72664856749704 75.675003 98.962502 -55.631252 
72664876749704 76.518753 99.225006 -55.387501 
72664896749704 76.725006 99.206253 -55.462502 
72664916749704 76.800003 99.281258 -55.537502 
72664936749704 77.043755 99.225006 -55.443752 
72664956749704 77.512505 99.525002 -55.556252 
72664976749704 78.150002 99.768753 -55.762501 
72664996749704 77.812500 99.768753 -55.818752 
72665016749704 77.362503 99.750008 -55.800003 
72665036749704 76.500000 99.318756 -55.500004 
72665056749704 76.162506 99.450005 -55.443752 
72665076749704 76.218750 99.300003 -55.575001 
72665096749704 75.975006 99.281258 -55.406254 
72665116749704 76.106255 99.281258 -55.256252 
