# Created at Fri Jan 31 08:57:40 GMT+01:00 2025 in Burnaby Canada 
72630605738789 994.211182 
72630645745039 994.198486 
72630685737904 994.204102 
72630725739779 994.206787 
72630765737123 994.206055 
72630805745612 994.211914 
72630845736289 994.220703 
72630885745091 994.221680 
72630925736550 994.210938 
72630965744779 994.205322 
72631005739675 994.205078 
72631045739414 994.208740 
72631085740768 994.212891 
72631125744987 994.211914 
72631165739050 994.215088 
72631205745248 994.220947 
72631245738164 994.218018 
72631285744987 994.216309 
72631325740716 994.207275 
72631365744570 994.208984 
72631405738581 994.197510 
72631445744675 994.200684 
72631485736498 994.195801 
72631525744831 994.189697 
72631565738789 994.196533 
72631605736029 994.209961 
72631645736810 994.216797 
72631685745143 994.226563 
72631725738477 994.234619 
72631765736029 994.238525 
72631805739675 994.231445 
72631845746029 994.226563 
72631885738685 994.227539 
72631925724987 994.214844 
72631965738477 994.200684 
72632005745039 994.208008 
72632045739727 994.213379 
72632085740456 994.222656 
72632125738477 994.217773 
72632165745352 994.216309 
72632205736341 994.225098 
72632245740300 994.215820 
72632285737591 994.216064 
72632325745716 994.219238 
72632365738841 994.214600 
72632405745195 994.209473 
72632445738477 994.205078 
72632485745039 994.207520 
72632525737591 994.201416 
72632565738789 994.194824 
72632605738112 994.198242 
72632645745300 994.199951 
72632685737331 994.207520 
72632725745248 994.205566 
72632765738216 994.207520 
72632805745091 994.204102 
72632845739883 994.199463 
72632885724518 994.203613 
72632925737852 994.208740 
72632965736602 994.214844 
72633005739623 994.213623 
72633045745508 994.210449 
72633085739727 994.202393 
72633125737904 994.201416 
72633165736914 994.202393 
72633205745560 994.211426 
72633245740091 994.205322 
72633285723789 994.190430 
72633325738060 994.196777 
72633365745768 994.241211 
72633405740977 994.286133 
72633445738164 994.302246 
72633485736185 994.289795 
72633525745039 994.268555 
72633565736810 994.231445 
72633605744935 994.187256 
72633645738008 994.168213 
72633685747956 994.175537 
72633725738789 994.175537 
72633765745404 994.180420 
72633805739206 994.173340 
72633845745508 994.170166 
72633885739935 994.183350 
72633925745768 994.215332 
72633965738112 994.320313 
72634005745039 994.468262 
72634045741289 994.555176 
72634085743633 994.586182 
72634125740820 994.582520 
72634165746393 994.533936 
72634205741237 994.418945 
72634245745820 994.325684 
72634285746133 994.270996 
72634325736341 994.201660 
72634365738164 994.163086 
72634405745977 994.147949 
72634445747800 994.140869 
72634485736654 994.134521 
72634525745820 994.149170 
72634565740612 994.181641 
72634605745873 994.167969 
72634645723268 994.184570 
72634685745612 994.178467 
72634725744987 994.218506 
72634765745560 994.202881 
72634805745716 994.180664 
72634845745352 994.187500 
72634885744779 994.258301 
72634925736862 994.314697 
72634965745508 994.254150 
72635005745925 994.194824 
72635045745925 994.168457 
72635085736862 994.182617 
72635125743216 994.321045 
72635165741185 994.439941 
72635205745560 994.499756 
72635245740768 994.527100 
72635285745508 994.569336 
72635325745664 994.552734 
72635365746706 994.509033 
72635405738320 994.503662 
72635445744518 994.599609 
72635485745925 994.664795 
72635525745664 994.590332 
72635565745716 994.478027 
72635605745612 994.290771 
72635645746550 994.074463 
72635685736602 993.915039 
72635725738893 993.873535 
72635765741029 993.916016 
72635805745300 993.999512 
72635845737123 994.052979 
72635885745352 994.107422 
72635925745404 994.213623 
72635965745820 994.314941 
72636005738216 994.388428 
72636045746289 994.370850 
72636085748268 994.263672 
72636125745977 994.184082 
72636165745820 994.128418 
72636205746029 994.093262 
72636245745977 994.114990 
72636285736550 994.175293 
72636325794727 994.239014 
72636365746029 994.300049 
72636405745820 994.361572 
72636445736550 994.413330 
72636485745612 994.452148 
72636525745873 994.490479 
72636565747591 994.541992 
72636605732175 994.641113 
72636645741289 994.697754 
72636685745716 994.703857 
72636725746237 994.630859 
72636765745873 994.474854 
72636805745560 994.236328 
72636845745873 994.051758 
72636885746029 993.873779 
72636925740404 993.819580 
72636965745716 993.927734 
72637005745820 993.968018 
72637045736550 994.024414 
72637085745664 994.082520 
72637125746029 994.107910 
72637165745664 994.119873 
72637205737123 994.156250 
72637245746133 994.218750 
72637285740508 994.291016 
72637325745456 994.324463 
72637365724518 994.261230 
72637405745873 994.197021 
72637445745612 994.179443 
72637485747487 994.138184 
72637525738164 994.162842 
72637565739518 994.176025 
72637605745612 994.234863 
72637645736966 994.288818 
72637685745352 994.395508 
72637725745300 994.514160 
72637765745508 994.605225 
72637805736081 994.754883 
72637845740195 994.836182 
72637885842800 994.861328 
72637925746133 994.807373 
72637965724987 994.618652 
72638005745248 994.305176 
72638045745664 994.016846 
72638085745508 993.872314 
72638125739102 993.862793 
72638165739570 993.881348 
72638205745612 993.958984 
72638245745664 994.053955 
72638285745768 994.059082 
72638325746081 994.191162 
72638365746185 994.379883 
72638405736550 994.522949 
72638445743164 994.595459 
72638485739883 994.491943 
72638525745612 994.301514 
72638565736862 994.096924 
72638605745091 994.002930 
72638645746237 993.946045 
72638685746081 994.048096 
72638725767539 994.193604 
72638765739883 994.375732 
72638805745925 994.555420 
72638845745768 994.789795 
72638885744987 994.909912 
72638925744570 994.876709 
72638965744935 994.721191 
72639005736602 994.351563 
72639045741602 994.008057 
72639085745716 993.788574 
72639125745925 993.782227 
72639165736550 993.817139 
72639205745508 993.924072 
72639245746081 994.031982 
72639285745820 994.025146 
72639325725352 994.164063 
72639365745664 994.307617 
72639405745612 994.438477 
72639445745300 994.458984 
72639485745560 994.298584 
72639525746081 994.122070 
72639565746081 993.993652 
72639605746133 993.963379 
72639645741185 993.952148 
72639685745925 993.988525 
72639725745873 994.081787 
72639765735508 994.183594 
72639805745560 994.302246 
72639845743216 994.452881 
72639885745612 994.621094 
72639925736081 994.703613 
72639965785248 994.734863 
72640005745039 994.620361 
72640045745508 994.327393 
72640085724310 994.029785 
72640125746029 993.849365 
72640165745508 993.883789 
72640205745560 993.940674 
72640245739362 994.009033 
72640285746185 994.064209 
72640325745404 994.092773 
72640365736341 994.199219 
72640405745039 994.365234 
72640445745300 994.439941 
72640485745248 994.455078 
72640525736862 994.318359 
72640565742748 994.197021 
72640605745820 994.102295 
72640645745925 994.049805 
72640685724779 994.000488 
72640725747331 994.074707 
72640765745456 994.218506 
72640805745820 994.413818 
72640845739779 994.533936 
72640885745456 994.785889 
72640925745873 994.916504 
72640965750352 994.901855 
72641005745404 994.718506 
72641045745195 994.347900 
72641085747435 993.999023 
72641125736289 993.775146 
72641165740873 993.747803 
72641205745456 993.837891 
72641245746133 993.953613 
72641285736602 994.065674 
72641325747227 994.115479 
72641365746318 994.248535 
72641405745745 994.423096 
72641445796579 994.552734 
72641485739183 994.500000 
72641525745277 994.293213 
72641565746058 994.082520 
72641605745537 993.950928 
72641645745329 993.939453 
72641685745797 994.023438 
72641725736266 994.159668 
72641765739652 994.318359 
72641805745589 994.410645 
72641845745225 994.626221 
72641885736579 994.770752 
72641925745433 994.804932 
72641965745485 994.688965 
72642005746006 994.449463 
72642045726058 994.117920 
72642085745068 993.860352 
72642125745225 993.745361 
72642165745589 993.803955 
72642205745537 993.830811 
72642245746006 993.962402 
72642285746110 994.029053 
72642325742308 994.105469 
72642365740693 994.188232 
72642405745797 994.350586 
72642445745954 994.419434 
72642485737308 994.394775 
72642525745433 994.331299 
72642565746370 994.191895 
72642605746058 994.070068 
72642645736839 994.033203 
72642685746370 993.997314 
72642725742568 994.025635 
72642765746058 994.085693 
72642805745641 994.196289 
72642845746110 994.313232 
72642885745745 994.408203 
72642925745902 994.601563 
72642965740902 994.705811 
72643005745641 994.823975 
72643045745433 994.802002 
72643085736579 994.524658 
72643125745277 994.238037 
72643165745537 993.974365 
72643205745641 993.822510 
72643245736787 993.812012 
72643285743870 993.805420 
72643325862100 993.857910 
72643365746058 993.937500 
72643405725277 993.984863 
72643445745225 994.070313 
72643485746006 994.154297 
72643525746162 994.226563 
72643565741422 994.268311 
72643605745537 994.277832 
72643645746110 994.213867 
72643685737308 994.154541 
72643725745641 994.096924 
72643765745850 994.109863 
72643805745745 994.120605 
72643845736318 994.158447 
72643885745745 994.194092 
72643925743037 994.210449 
72643965746422 994.234131 
72644005736579 994.262207 
72644045745485 994.284180 
72644085746162 994.282715 
72644125745589 994.279785 
72644165741787 994.271240 
72644205746058 994.266602 
72644245745902 994.273193 
72644285745797 994.258545 
72644325745485 994.205566 
72644365745589 994.192871 
72644405746683 994.186035 
72644445736839 994.157959 
72644485746058 994.152100 
72644525747360 994.172119 
72644565745902 994.203369 
72644605736579 994.215820 
72644645745589 994.240723 
72644685745537 994.243408 
72644725746422 994.262695 
72644765725381 994.306396 
72644805745068 994.300537 
72644845745433 994.275146 
72644885745850 994.262939 
72644925745693 994.265869 
72644965746110 994.274658 
72645005746162 994.266357 
72645045736579 994.250732 
72645085789183 994.234131 
72645125745850 994.225586 
72645165745537 994.213867 
72645205736475 994.211670 
72645245745641 994.219482 
72645285745797 994.224121 
72645325747777 994.240967 
72645365736839 994.246094 
72645405742725 994.239014 
72645445739027 994.238281 
72645485745485 994.234375 
72645525745850 994.241211 
72645565745537 994.254639 
72645605746110 994.252197 
72645645745693 994.253662 
72645685740589 994.257568 
72645725739339 994.264404 
72645765745745 994.261963 
72645805736579 994.252197 
72645845744704 994.248535 
72645885745850 994.251953 
72645925746162 994.258301 
72645965736318 994.260010 
72646005738818 994.264160 
72646045737568 994.270508 
72646085745693 994.261963 
72646125724495 994.259277 
72646165745641 994.259521 
72646205746162 994.257568 
72646245745016 994.257813 
72646285739287 994.252441 
72646325741891 994.259521 
72646365746058 994.250244 
72646405737100 994.228516 
72646445744808 994.215088 
72646485745902 994.230713 
72646525746162 994.259766 
72646565736318 994.286377 
72646605744860 994.281006 
72646645738662 994.248047 
72646685745589 994.205566 
72646725737881 994.224609 
72646765745902 994.342285 
72646805745537 994.417236 
72646845745537 994.399902 
72646885737985 994.338379 
72646925740693 994.328125 
72646965745433 994.376953 
72647005745745 994.376465 
72647045744912 994.348633 
72647085744964 994.320313 
72647125746058 994.308105 
72647165736527 994.338135 
72647205742777 994.222168 
72647245746110 994.162109 
72647285745850 994.140625 
72647325737360 994.175293 
72647365745277 994.196777 
72647405745277 994.239746 
72647445746006 994.256836 
72647485738350 994.251221 
72647525745745 994.252441 
72647565724600 994.274658 
72647605746110 994.264404 
72647645746110 994.239258 
72647685746162 994.215576 
72647725746110 994.257813 
72647765737360 994.255127 
72647805740277 994.238281 
72647845746422 994.248535 
72647885745797 994.259033 
72647925736527 994.272461 
72647965745589 994.272705 
72648005746006 994.272705 
72648045746370 994.276123 
72648085735745 994.276123 
72648125747725 994.270996 
72648165746370 994.260010 
72648205745797 994.250488 
72648245745433 994.246094 
72648285747672 994.246338 
72648325745902 994.239014 
72648365746006 994.239990 
72648405740954 994.237061 
72648445828818 994.250000 
72648485745485 994.246338 
72648525736266 994.243164 
72648565745797 994.245117 
72648605745381 994.241455 
72648645745433 994.241455 
72648685736787 994.241699 
72648725740902 994.241211 
72648765745797 994.224854 
72648805745850 994.238281 
72648845723402 994.237061 
72648885745745 994.243652 
72648925745797 994.251221 
72648965745902 994.255615 
72649005740016 994.248535 
72649045737985 994.253906 
72649085745068 994.256104 
72649125736058 994.264893 
72649165745589 994.261719 
72649205745850 994.273682 
72649245746058 994.275879 
72649285736787 994.272705 
72649325741214 994.272461 
72649365745537 994.267090 
72649405746162 994.272705 
72649445724443 994.275146 
72649485745485 994.270508 
72649525745433 994.260986 
72649565745641 994.261963 
72649605740850 994.266602 
72649645888662 994.271484 
72649685744756 994.264893 
72649725745225 994.257324 
72649765745537 994.255859 
72649805745120 994.247803 
72649845746006 994.241699 
72649885735797 994.220459 
72649925740329 994.215820 
72649965744912 994.202881 
72650005741006 994.191162 
72650045736006 994.200439 
72650085744600 994.229492 
72650125745172 994.291992 
72650165744756 994.339355 
72650205775172 994.376709 
72650245831787 994.417480 
72650285745016 994.487549 
72650325745225 994.532227 
72650365747881 994.578369 
72650405744964 994.629395 
72650445745589 994.643066 
72650485737829 994.676025 
72650525741266 994.588135 
72650565746839 994.446777 
72650605745902 994.231934 
72650645736058 994.137451 
72650685745120 994.122314 
72650725744912 994.070313 
72650765745277 994.091309 
72650805723297 994.170898 
72650845739912 994.322754 
72650885842777 994.439697 
72650925745329 994.571777 
72650965744652 994.726563 
72651005744808 994.878906 
72651045745641 994.824951 
72651085747777 994.706055 
72651125740016 994.420410 
72651165743089 994.104492 
72651205745797 993.878418 
72651245736266 993.806885 
72651285745068 993.805664 
72651325744704 993.847656 
72651365745068 993.956787 
72651405736527 994.054443 
72651445744912 994.089355 
72651485890745 994.131592 
72651525745172 994.200928 
72651565723818 994.254639 
72651605745016 994.314941 
72651645744860 994.296143 
72651685744704 994.208252 
72651725740016 994.112549 
72651765751110 994.061768 
72651805745120 994.070801 
72651845736266 994.075684 
72651885747620 994.127686 
72651925744964 994.204102 
72651965745797 994.324463 
72652005736527 994.448730 
72652045775381 994.513672 
72652085740381 994.577148 
72652125745641 994.676270 
72652165723870 994.764648 
72652205745589 994.803223 
72652245745016 994.644775 
72652285745225 994.412354 
72652325741422 994.106445 
72652365723975 993.872559 
72652405746943 993.812256 
72652445747100 993.833496 
72652485747464 993.882568 
72652525744547 993.967773 
72652565747152 994.100830 
72652605736266 994.141113 
72652645744964 994.183105 
72652685745225 994.270752 
72652725745329 994.435791 
72652765738610 994.555420 
72652805745485 994.543945 
72652845746006 994.375732 
72652885745381 994.193115 
72652925777725 994.022217 
72652965739131 993.968018 
72653005746214 993.952393 
72653045746318 993.989258 
72653085744495 994.074707 
72653125745016 994.194336 
72653165745277 994.321289 
72653205736058 994.388184 
72653245740797 994.667725 
72653285742725 994.754639 
72653325745850 994.730469 
72653365736839 994.618652 
72653405745693 994.346924 
72653445747985 994.066895 
72653485744964 993.866211 
72653525725485 993.820557 
72653565745537 993.863037 
72653605723922 993.911377 
72653645745329 993.997314 
72653685745902 994.057617 
72653725746370 994.070801 
72653765745902 994.107178 
72653805737360 994.207764 
72653845865797 994.299072 
72653885742985 994.369141 
72653925746110 994.342041 
72653965736527 994.273438 
72654005745902 994.186523 
72654045745850 994.132324 
72654085746318 994.149658 
72654125736839 994.132080 
72654165745850 994.171387 
72654205745850 994.222168 
72654245745537 994.345947 
72654285745693 994.439209 
72654325745277 994.505615 
72654365745902 994.664307 
72654405746370 994.733398 
72654445740641 994.743896 
72654485737464 994.662109 
72654525745850 994.465088 
72654565736579 994.202148 
72654605745745 993.951416 
72654645745797 993.816650 
72654685745745 993.887695 
72654725736787 993.942383 
72654765739547 993.998535 
72654805745797 994.054443 
72654845746058 994.069824 
72654885724339 994.144775 
72654925745745 994.256104 
72654965745329 994.350830 
72655005745693 994.393799 
72655045739912 994.291260 
72655085725172 994.211182 
72655125747308 994.125732 
72655165736839 994.106201 
72655205745537 994.085205 
72655245746006 994.125488 
72655285746370 994.177246 
72655325736735 994.315674 
72655365746475 994.469238 
72655405746110 994.582764 
72655445745745 994.747559 
72655485737620 994.837891 
72655525745485 994.835938 
72655565746370 994.746094 
72655605746370 994.568115 
72655645738350 994.317627 
72655685743245 994.033203 
72655725745902 993.806152 
72655765745172 993.781006 
72655805745745 993.832520 
72655845746370 993.901855 
72655885745797 993.978027 
72655925736006 994.033691 
72655965740641 994.060547 
72656005770641 994.134277 
72656045745225 994.230469 
72656085736266 994.317383 
72656125745537 994.313965 
72656165745797 994.222900 
72656205745485 994.085205 
72656245725329 994.103516 
72656285738610 994.103760 
72656325745016 994.143555 
72656365744704 994.206543 
72656405745589 994.318359 
72656445745589 994.419434 
72656485745589 994.470703 
72656525736579 994.637695 
72656565826370 994.691650 
72656605741110 994.764160 
72656645745641 994.693848 
72656685736579 994.521484 
72656725745537 994.243408 
72656765744964 993.990479 
72656805745381 993.845703 
72656845737047 993.889404 
72656885743089 993.941162 
72656925738454 993.998047 
72656965746110 994.063721 
72657005747672 994.064941 
72657045745225 994.127930 
72657085745537 994.199951 
72657125746058 994.298340 
72657165740329 994.353271 
72657205746214 994.299072 
72657245746110 994.216064 
72657285735745 994.125977 
72657325747464 994.116943 
72657365746214 994.138672 
72657405745745 994.154541 
72657445736318 994.272705 
72657485739756 994.331055 
72657525746006 994.421387 
72657565745797 994.479736 
72657605723402 994.585693 
72657645745797 994.702393 
72657685746110 994.750732 
72657725745902 994.728760 
72657765742100 994.577393 
72657805739235 994.375244 
72657845744964 994.105713 
72657885736006 993.888428 
72657925745485 993.884033 
72657965745016 993.939697 
72658005745016 993.978516 
72658045736058 994.095703 
72658085739495 994.158936 
72658125745902 994.217285 
72658165746058 994.323975 
72658205723558 994.444336 
72658245745485 994.446533 
72658285746110 994.334229 
72658325746058 994.198975 
72658365741266 994.115967 
72658405746162 994.061523 
72658445745850 994.038574 
72658485745693 994.036133 
72658525744808 994.074219 
72658565745329 994.161865 
72658605745641 994.240234 
72658645736006 994.318115 
72658685740850 994.372314 
72658725745745 994.359863 
72658765745433 994.339600 
72658805736058 994.320801 
72658845745433 994.539795 
72658885745329 994.515625 
72658925746110 994.372803 
72658965742100 994.454346 
72659005826370 994.540771 
72659045748193 994.466309 
72659085747829 994.356445 
72659125745172 994.183838 
72659165746058 994.090088 
72659205745745 994.031494 
72659245736787 993.991211 
72659285756943 993.958984 
72659325738870 993.921387 
72659365739756 993.979248 
72659405735745 994.135010 
72659445745589 994.277344 
72659485746058 994.399902 
72659525746110 994.362305 
72659565723193 994.657959 
72659605745797 994.758057 
72659645740016 994.955078 
72659685745902 994.979492 
72659725745850 994.956299 
72659765745850 994.958252 
72659805745797 995.027100 
72659845745172 995.142578 
72659885740068 995.158691 
72659925740693 995.049805 
72659965746110 994.946289 
72660005736058 994.920410 
72660045745485 994.909912 
72660085745902 994.847412 
72660125745277 994.756104 
72660165736266 994.593262 
72660205741214 994.423828 
72660245745381 994.296143 
72660285744964 994.228516 
72660325723818 994.095703 
72660365745068 993.923828 
72660405744912 993.826172 
72660445745745 993.639648 
72660485740954 993.430176 
72660525739860 993.317871 
72660565745693 993.334229 
72660605736579 993.323975 
72660645745537 993.350342 
72660685745797 993.447998 
72660725746318 993.561768 
72660765736579 993.650635 
72660805739808 993.700439 
72660845745641 993.739746 
72660885724547 993.789551 
72660925727204 993.793701 
72660965745016 993.795898 
72661005745537 993.799561 
72661045745381 993.786865 
72661085739079 993.811035 
72661125745797 993.843018 
72661165745589 993.894775 
72661205750068 993.934814 
72661245745589 993.979248 
72661285745745 994.026367 
72661325745797 994.056152 
72661365736527 994.093994 
72661405742777 994.154297 
72661445740693 994.225586 
72661485741683 994.274170 
72661525745485 994.254883 
72661565746162 994.211426 
72661605723975 994.173340 
72661645745537 994.154785 
72661685745381 994.146973 
72661725744860 994.150146 
72661765741006 994.153076 
72661805745172 994.163574 
72661845744912 994.170166 
72661885741266 994.171143 
72661925746266 994.183838 
72661965745537 994.192139 
72662005745068 994.191895 
72662045736058 994.197510 
72662085740225 994.200439 
72662125746214 994.211914 
72662165745068 994.207275 
72662205736006 994.208740 
72662245745120 994.199951 
72662285744912 994.186523 
72662325745068 994.191406 
72662365754912 994.203125 
72662405745225 994.216064 
72662445745016 994.223633 
72662485744391 994.228271 
72662525745381 994.223389 
72662565745068 994.219971 
72662605744860 994.214600 
72662645736266 994.231445 
72662685741631 994.240967 
72662725745537 994.240234 
72662765745225 994.233643 
72662805736058 994.229980 
72662845744808 994.225586 
72662885745068 994.227539 
72662925744912 994.231934 
72662965724860 994.228271 
72663005739027 994.218506 
72663045745329 994.211426 
72663085745120 994.205322 
72663125744704 994.211914 
72663165745329 994.223389 
72663205744808 994.218750 
72663245736631 994.218994 
72663285745954 994.219727 
72663325745693 994.212402 
72663365745016 994.215576 
72663405736058 994.215820 
72663445744756 994.224609 
72663485745902 994.242432 
72663525745016 994.240723 
72663565736579 994.230469 
72663605745120 994.230713 
72663645745537 994.228271 
72663685745120 994.233398 
72663725744808 994.233154 
72663765745537 994.252930 
72663805745068 994.255371 
72663845745068 994.234619 
72663885740797 994.210205 
72663925745016 994.197021 
72663965746006 994.194092 
72664005735537 994.203125 
72664045746214 994.213623 
72664085745433 994.226318 
72664125744495 994.220947 
72664165736058 994.211426 
72664205739808 994.209961 
72664245745068 994.207764 
72664285745016 994.202637 
72664325725745 994.191895 
72664365746318 994.194336 
72664405745068 994.206543 
72664445745745 994.210693 
72664485739756 994.214844 
72664525745954 994.219727 
72664565745954 994.223877 
72664605736579 994.221924 
72664645744652 994.230225 
72664685745068 994.233887 
72664725745068 994.236084 
72664765736058 994.244873 
72664805739704 994.248291 
72664845745225 994.245850 
72664885745068 994.250977 
72664925736006 994.250488 
72664965744964 994.242188 
72665005746839 994.223145 
72665045744860 994.217285 
72665085740641 994.216553 
72665125745120 994.213623 
