# Created at Thu Mar 27 09:38:34 GMT+01:00 2025 in Burnaby Canada 
1737536599410476 996.919434 
1737536639418862 996.932373 
1737536679418810 996.922852 
1737536719419903 996.923340 
1737536759412768 996.934326 
1737536799418705 996.935547 
1737536839418862 996.935791 
1737536879412612 996.934814 
1737536919417091 996.931885 
1737536959418966 996.937744 
1737536999420268 996.935547 
1737537039410789 996.929199 
1737537079418445 996.922363 
1737537119407247 996.910645 
1737537159418757 996.913086 
1737537199399018 996.900146 
1737537239419018 996.904053 
1737537279418549 996.905273 
1737537319419591 996.909424 
1737537359412455 996.937744 
1737537399418497 996.943115 
1737537439418549 996.930908 
1737537479411310 996.928711 
1737537519409851 996.939697 
1737537559418497 997.001709 
1737537599412351 997.045410 
1737537639411205 997.066406 
1737537679397560 997.119629 
1737537719418914 997.362793 
1737537759419955 997.603271 
1737537799396882 997.665527 
1737537839415424 997.579102 
1737537879418966 997.427490 
1737537919419799 997.397461 
1737537959415268 997.394043 
1737537999418705 997.416016 
1737538039417299 997.424805 
1737538079411726 997.449951 
1737538119411674 997.502686 
1737538159411987 997.494873 
1737538199421987 997.337158 
1737538239410685 997.195068 
1737538279415841 997.038574 
1737538319418497 996.994385 
1737538359419799 997.016357 
1737538399403810 996.983154 
1737538439419122 996.905273 
1737538479418757 996.782715 
1737538519420216 996.633545 
1737538559412039 996.464111 
1737538599418810 996.340820 
1737538639419122 996.319092 
1737538679419018 996.372559 
1737538719416362 996.439453 
1737538759418966 996.517334 
1737538799418549 996.552490 
1737538839410789 996.548584 
1737538879413497 996.564453 
1737538919419018 996.590088 
1737538959416622 996.688477 
1737538999418393 996.735352 
1737539039419955 996.777344 
1737539079397039 996.810547 
1737539119419070 996.829102 
1737539159418862 996.838623 
1737539199420476 996.853760 
1737539239413653 996.863770 
1737539279418757 996.859863 
1737539319418757 996.885498 
1737539359410997 996.921631 
1737539399414695 996.917969 
1737539439419122 997.004395 
1737539479418757 997.015137 
1737539519411101 996.990967 
1737539559418705 997.035156 
1737539599413080 997.314941 
1737539639419070 997.482422 
1737539679415476 997.534180 
1737539719418601 997.479980 
1737539759419539 997.439697 
1737539799420320 997.481201 
1737539839419955 997.547852 
1737539879419695 997.514648 
1737539919419799 997.408691 
1737539959457455 997.294922 
1737539999416049 997.266357 
1737540039418653 997.231445 
1737540079420007 997.172363 
1737540119410528 997.137939 
1737540159419278 997.188232 
1737540199419799 997.116211 
1737540239420007 996.951660 
1737540279410476 996.847168 
1737540319410632 996.722168 
1737540359418497 996.597900 
1737540399419955 996.608887 
1737540439419955 996.837646 
1737540479420060 996.971924 
1737540519419851 997.019043 
1737540559457560 997.025635 
1737540599413810 997.039795 
1737540639419070 997.067627 
1737540679418601 997.094971 
1737540719410476 997.132080 
1737540759419226 997.163330 
1737540799419903 997.194336 
1737540839419747 997.212646 
1737540879410528 997.172607 
1737540919412560 997.026123 
1737540959417976 996.978516 
1737540999419851 996.979492 
1737541039396518 996.953613 
1737541079420216 996.883789 
1737541119420112 996.929932 
1737541159457612 996.946289 
1737541199413185 996.922363 
1737541239418445 996.929688 
1737541279419382 996.929443 
1737541319411049 996.942871 
1737541359419851 996.946045 
1737541399419747 996.959229 
1737541439419799 996.963135 
1737541479410997 996.950439 
1737541519414799 996.944336 
1737541559419122 996.956055 
1737541599420112 996.916016 
1737541639398549 996.882080 
1737541679420060 996.866211 
1737541719419747 996.880127 
1737541759458393 996.908203 
1737541799413497 996.937988 
1737541839418705 996.953125 
1737541879419070 996.938965 
1737541919411257 996.868652 
1737541959420060 996.798828 
1737541999419799 996.738525 
1737542039419799 996.713379 
1737542079410737 996.708496 
1737542119412560 996.724121 
1737542159418757 996.751465 
1737542199420528 996.797852 
1737542239396674 996.844482 
1737542279419747 996.891357 
1737542319419903 996.925293 
1737542359457299 996.943359 
1737542399411935 996.919678 
1737542439419070 996.847900 
1737542479418810 996.837891 
1737542519420216 996.818604 
1737542559418549 996.782227 
1737542599419018 996.787598 
1737542639419643 996.812012 
1737542679410737 996.826904 
1737542719412664 996.855713 
1737542759418549 996.897949 
1737542799419799 996.973145 
1737542839410789 997.037842 
1737542879419330 997.105713 
1737542919420945 997.171143 
1737542959457560 997.211426 
1737542999420372 997.230957 
1737543039418862 997.241699 
1737543079418966 997.266602 
1737543119419799 997.222412 
1737543159420112 997.093506 
1737543199420112 997.013428 
1737543239419903 996.895508 
1737543279410789 996.776123 
1737543319416049 996.736084 
1737543359418653 996.732178 
1737543399420060 996.751465 
1737543439411049 996.801514 
1737543479420007 996.856445 
1737543519419799 996.876709 
1737543559457455 996.889648 
1737543599414591 996.910156 
1737543639413601 996.914307 
1737543679418653 996.912598 
1737543719420320 996.905029 
1737543759420060 996.884521 
1737543799419955 996.817627 
1737543839420060 996.801270 
1737543879410997 996.808105 
1737543919412560 996.812988 
1737543959418549 996.844482 
1737543999420320 996.892334 
1737544039410789 996.953857 
1737544079419435 997.011963 
1737544119420216 997.070801 
1737544159457351 997.123047 
1737544199398237 997.165771 
1737544239397872 997.220459 
1737544279418966 997.232666 
1737544319419903 997.288574 
1737544359421778 997.280518 
1737544399420007 997.156250 
1737544439419747 997.035645 
1737544479411153 996.908203 
1737544519413862 996.786621 
1737544559418757 996.759766 
1737544599418757 996.768066 
1737544639410997 996.790283 
1737544679419695 996.833740 
1737544719420268 996.884766 
1737544759457924 996.923584 
1737544799407299 996.942627 
1737544839414643 996.958496 
1737544879419330 996.962646 
1737544919419851 996.960205 
1737544959418966 996.949219 
1737544999420268 996.935059 
1737545039420424 996.886230 
1737545079457195 996.855469 
1737545119412924 996.830566 
1737545159419070 996.823242 
1737545199418862 996.843994 
1737545239411257 996.882813 
1737545279418705 996.943359 
1737545319419643 997.019043 
1737545359419747 997.088135 
1737545399411049 997.153076 
1737545439418914 997.189453 
1737545479418862 997.233887 
1737545519419955 997.249023 
1737545559419955 997.316650 
1737545599419955 997.295166 
1737545639421101 997.167725 
1737545679457872 997.025879 
1737545719412143 996.887451 
1737545759418445 996.771484 
1737545799418653 996.747070 
1737545839410737 996.749023 
1737545879419382 996.764404 
1737545919420580 996.827148 
1737545959419955 996.898438 
1737545999411049 996.951904 
1737546039412039 996.968750 
1737546079419018 996.952148 
1737546119419799 996.942627 
1737546159419539 996.947998 
1737546199419695 996.932617 
1737546239419851 996.872559 
1737546279457664 996.818848 
1737546319412455 996.790771 
1737546359418966 996.797119 
1737546399420007 996.816162 
1737546439410789 996.859375 
1737546479420528 996.924072 
1737546519419747 997.003906 
1737546559419903 997.088623 
1737546599410997 997.181152 
1737546639411257 997.250977 
1737546679418810 997.313477 
1737546719419955 997.308594 
1737546759397091 997.316406 
1737546799420060 997.267578 
1737546839419851 997.138428 
1737546879457507 997.018311 
1737546919413601 996.871094 
1737546959418653 996.751221 
1737546999418705 996.711426 
1737547039410737 996.713379 
1737547079418757 996.743652 
1737547119419903 996.800049 
1737547159419382 996.867432 
1737547199410737 996.907959 
1737547239420893 996.941162 
1737547279418810 996.956299 
1737547319419955 996.933838 
1737547359397924 996.930664 
1737547399419435 996.913818 
1737547439420060 996.857666 
1737547479457560 996.826416 
1737547519413185 996.809570 
1737547559418966 996.801758 
1737547599419122 996.824219 
1737547639411518 996.855469 
1737547679420112 996.910400 
1737547719420112 996.972900 
1737547759420268 997.023682 
1737547799410789 997.094482 
1737547839413601 997.131836 
1737547879418757 997.176025 
1737547919420372 997.197266 
1737547959410476 997.276855 
1737547999421101 997.264893 
1737548039419955 997.145020 
1737548079457247 997.035645 
1737548119412195 996.904541 
1737548159418549 996.787842 
1737548199418393 996.761963 
1737548239419695 996.763184 
1737548279420007 996.773438 
1737548319419591 996.818848 
1737548359420060 996.876953 
1737548399410528 996.931152 
1737548439418393 996.947021 
1737548479419018 996.958740 
1737548519420580 996.953613 
1737548559410737 996.937988 
1737548599420007 996.943604 
1737548639419799 996.945557 
1737548679457612 996.925537 
1737548719416049 996.905762 
1737548759397351 996.855225 
1737548799418914 996.809570 
1737548839420216 996.811523 
1737548879419226 996.848633 
1737548919419018 996.908936 
1737548959419955 996.977051 
1737548999410737 997.043457 
1737549039412872 997.106934 
1737549079418757 997.154053 
1737549119418705 997.213379 
1737549159410893 997.217285 
1737549199419747 997.265137 
1737549239419903 997.254150 
1737549279457716 997.141602 
1737549319399435 997.029541 
1737549359416414 996.888672 
1737549399418810 996.742920 
1737549439420060 996.699463 
1737549479419903 996.705566 
1737549519421726 996.792236 
1737549559419643 996.855713 
1737549599411049 996.911865 
1737549639456049 996.940186 
1737549679418653 996.971191 
1737549719420007 996.981934 
1737549759410737 996.962402 
1737549799419955 996.957520 
1737549839419955 996.924561 
1737549879457768 996.857422 
1737549919397091 996.808105 
1737549959412820 996.782471 
1737549999418653 996.803467 
1737550039420528 996.840820 
1737550079420007 996.886963 
1737550119419122 996.938232 
1737550159419747 997.009766 
1737550199423966 997.067139 
1737550239414018 997.119385 
1737550279418705 997.150146 
1737550319418810 997.164307 
1737550359410789 997.186768 
1737550399419955 997.279541 
1737550439420060 997.253662 
1737550479457716 997.158936 
1737550519411830 997.056152 
1737550559422143 996.926270 
1737550599418810 996.795166 
1737550639420007 996.759033 
1737550679421882 996.755371 
1737550719420268 996.764160 
1737550759419747 996.810791 
1737550799457664 996.886475 
1737550839412768 996.924805 
1737550879419226 996.934082 
1737550919418705 996.950195 
1737550959410997 996.948975 
1737550999419487 996.947021 
1737551039420007 996.937988 
1737551079419591 996.910645 
1737551119410476 996.846924 
1737551159418445 996.815918 
1737551199419122 996.812256 
1737551239420528 996.831787 
1737551279418705 996.858887 
1737551319419643 996.896973 
1737551359419903 996.961670 
1737551399457612 997.016846 
1737551439413601 997.060059 
1737551479418757 997.106689 
1737551519419018 997.141357 
1737551559410476 997.182373 
1737551599419643 997.216797 
1737551639419591 997.287842 
1737551679419643 997.247070 
1737551719410528 997.162354 
1737551759502247 997.037598 
1737551799419330 996.906982 
1737551839418757 996.791016 
1737551879397716 996.779541 
1737551919419955 996.761230 
1737551959419851 996.775146 
1737551999457455 996.825928 
1737552039412299 996.899658 
1737552079418810 996.945801 
1737552119418705 996.978760 
1737552159412820 996.990234 
1737552199420007 996.958252 
1737552239419539 996.944824 
1737552279419382 996.953125 
1737552319412560 996.927979 
1737552359412143 996.877686 
1737552399418757 996.860840 
1737552439419747 996.823975 
1737552479396622 996.825684 
1737552519420060 996.881104 
1737552559419747 996.949951 
1737552599457247 997.000977 
1737552639413185 997.044922 
1737552679397664 997.083008 
1737552719418132 997.127441 
1737552759411414 997.153076 
1737552799419799 997.190918 
1737552839419799 997.255615 
1737552879419643 997.317383 
1737552919410632 997.245361 
1737552959415789 997.119141 
1737552999418445 996.980957 
1737553039419955 996.746094 
1737553079404487 996.739014 
1737553119419799 996.736084 
1737553159419695 996.751953 
1737553199457455 996.809814 
1737553239412768 996.880127 
1737553279410632 996.922363 
1737553319418705 996.944580 
1737553359419955 996.976074 
1737553399421882 996.970703 
1737553439419382 996.963379 
1737553479419955 996.961914 
1737553519410737 996.926514 
1737553559413757 996.896484 
1737553599418653 996.869385 
1737553639420007 996.809814 
1737553679411518 996.802979 
1737553719420528 996.843994 
1737553759420060 996.901855 
1737553799457612 996.959961 
1737553839436049 997.026367 
1737553879418445 997.085693 
1737553919419018 997.128906 
1737553959419643 997.138428 
1737553999419122 997.153320 
1737554039419695 997.165527 
1737554079420007 997.243408 
1737554119410997 997.246338 
1737554159411257 997.160156 
1737554199419539 997.071045 
1737554239420320 996.963623 
1737554279410789 996.821533 
1737554319419695 996.747559 
1737554359419330 996.739014 
1737554399457455 996.739258 
1737554439412872 996.783936 
1737554479412976 996.859131 
1737554519419278 996.913574 
1737554559420216 996.934570 
1737554599418810 996.961914 
1737554639420007 996.976807 
1737554679420060 996.960938 
1737554719410737 996.955322 
1737554759422455 996.925293 
1737554799417924 996.886230 
1737554839412507 996.859375 
1737554879411570 996.814209 
1737554919419747 996.793945 
1737554959418862 996.827393 
1737554999457403 996.888672 
1737555039398705 996.944580 
1737555079417820 996.996338 
1737555119418966 997.045654 
1737555159420424 997.087891 
1737555199418445 997.122314 
1737555239420060 997.153564 
1737555279419955 997.183838 
1737555319410737 997.249268 
1737555359412872 997.286865 
1737555399418757 997.223877 
1737555439419955 997.118896 
1737555479410737 996.998291 
1737555519419695 996.853516 
1737555559419643 996.759033 
1737555599457507 996.750732 
1737555639402039 996.747559 
1737555679412247 996.781738 
1737555719418653 996.856689 
1737555759420216 996.927734 
1737555799420007 996.960693 
1737555839419695 996.977783 
1737555879420476 996.978027 
1737555919457091 996.943604 
1737555959412507 996.935791 
1737555999418705 996.907959 
1737556039418757 996.876709 
1737556079410476 996.828369 
1737556119419591 996.812012 
1737556159419851 996.803955 
1737556199420007 996.806641 
1737556239410997 996.838379 
1737556279412195 996.890381 
1737556319418757 996.947998 
1737556359421830 997.007080 
1737556399419799 997.058350 
1737556439419643 997.097168 
1737556479419226 997.097168 
1737556519457507 997.124268 
1737556559413237 997.146973 
1737556599418445 997.239258 
1737556639418237 997.156738 
1737556679409955 997.093262 
1737556719420007 996.972900 
1737556759419695 996.820557 
1737556799420632 996.769043 
1737556839411310 996.744385 
1737556879418653 996.733154 
1737556919418393 996.786865 
1737556959420216 996.873535 
1737556999419539 996.943604 
1737557039419695 996.986816 
1737557079421726 997.010986 
1737557119457455 996.980957 
1737557159411935 996.942139 
1737557199419070 996.924805 
1737557239418705 996.887939 
1737557279411257 996.822266 
1737557319418393 996.802979 
1737557359420320 996.809814 
1737557399419903 996.809082 
1737557439411049 996.848389 
1737557479422039 996.910889 
1737557519418757 996.975098 
1737557559420320 997.015869 
1737557599398237 997.044434 
1737557639419695 997.083008 
1737557679419799 997.141846 
1737557719457507 997.186279 
1737557759414382 997.236572 
1737557799418497 997.325928 
1737557839418393 997.271973 
1737557879410580 997.157471 
1737557919420060 997.031250 
1737557959419539 996.875000 
1737557999419955 996.762451 
1737558039410216 996.750488 
1737558079415112 996.771240 
1737558119418757 996.808594 
1737558159419903 996.862549 
1737558199400424 996.928711 
1737558239419591 996.978027 
1737558279419591 996.997314 
1737558319457507 996.971191 
1737558359412351 996.938965 
1737558399418757 996.941406 
1737558439418705 996.924072 
1737558479411310 996.865967 
1737558519419695 996.815186 
1737558559419799 996.778320 
1737558599419799 996.791748 
1737558639410476 996.822754 
1737558679413601 996.863037 
1737558719418653 996.909424 
1737558759420164 996.968750 
1737558799414382 997.018799 
1737558839419903 997.074219 
1737558879420580 997.125488 
1737558919457195 997.171875 
1737558959413237 997.254639 
1737558999419018 997.332275 
1737559039418966 997.267334 
1737559079420164 997.154053 
1737559119419903 997.020264 
1737559159419278 996.877686 
1737559199419174 996.789795 
1737559239410528 996.771973 
1737559279413497 996.773926 
1737559319419018 996.805176 
1737559359420528 996.845215 
1737559399410737 996.891602 
1737559439419174 996.919189 
1737559479419382 996.937012 
1737559519457403 996.942871 
1737559559515320 996.916504 
1737559599418810 996.908447 
1737559639418757 996.892090 
1737559679419747 996.849854 
1737559719419382 996.828125 
1737559759419695 996.820068 
1737559799419747 996.812988 
1737559839410737 996.842041 
1737559879410997 996.891846 
1737559919418653 996.948486 
1737559959419278 996.997070 
1737559999410997 997.033691 
1737560039419799 997.076172 
1737560079420372 997.105957 
1737560119457560 997.165527 
1737560159398549 997.276367 
1737560199418966 997.283691 
1737560239419070 997.196777 
1737560279420528 997.096924 
1737560319422403 996.979980 
1737560359420060 996.835205 
1737560399420060 996.762695 
1737560439410997 996.758057 
1737560479432716 996.758057 
1737560519418445 996.796143 
1737560559418497 996.855225 
1737560599410737 996.906738 
1737560639419851 996.933350 
1737560679419799 996.947021 
1737560719458080 996.957275 
1737560759397924 996.936035 
1737560799418393 996.915039 
1737560839418653 996.905518 
1737560879420060 996.854492 
1737560919419747 996.823486 
1737560959420268 996.818604 
1737560999419643 996.809814 
1737561039410789 996.832031 
1737561079412768 996.892334 
1737561119418393 996.944824 
1737561159418705 996.998535 
1737561199412299 997.048584 
1737561239419799 997.106689 
1737561279419643 997.158936 
1737561319457403 997.203125 
1737561359413914 997.229736 
1737561399412455 997.308105 
1737561439419070 997.286621 
1737561479420268 997.180176 
1737561519420216 997.057129 
1737561559419799 996.914063 
1737561599419747 996.766357 
1737561639457091 996.725098 
1737561679413549 996.724854 
1737561719418653 996.732178 
1737561759420060 996.790283 
1737561799410997 996.867188 
1737561839418653 996.918945 
1737561879419435 996.943359 
1737561919419747 996.963867 
1737561959410685 996.958008 
1737561999410216 996.939697 
1737562039419226 996.930176 
1737562079420164 996.897705 
1737562119419695 996.846436 
1737562159419695 996.826172 
1737562199419955 996.800049 
1737562239457455 996.803467 
1737562279412924 996.831299 
1737562319418705 996.887939 
1737562359418601 996.953857 
1737562399410476 997.010498 
1737562439419799 997.066406 
1737562479419955 997.117432 
1737562519419799 997.153564 
1737562559411518 997.177246 
1737562599419018 997.208252 
1737562639419070 997.284668 
1737562679420216 997.274170 
1737562719419695 997.179932 
1737562759419851 997.072754 
1737562799419747 996.938477 
1737562839456674 996.800781 
1737562879412976 996.741455 
1737562919418966 996.730713 
1737562959419018 996.739014 
1737562999410737 996.782227 
1737563039420268 996.833252 
1737563079419747 996.883545 
1737563119419955 996.909912 
1737563159410737 996.940918 
1737563199411935 996.957764 
1737563239418705 996.934814 
1737563279420060 996.944336 
1737563319397924 996.948730 
1737563359421830 996.904297 
1737563399421674 996.848389 
1737563439457560 996.825195 
1737563479413966 996.819824 
1737563519419278 996.840820 
1737563559419330 996.875000 
1737563599410737 996.920654 
1737563639420007 996.987549 
1737563679419955 997.050049 
1737563719419955 997.169678 
1737563759410997 997.222656 
1737563799420632 997.237061 
1737563839419174 997.303711 
1737563879420424 997.325928 
1737563919399018 997.216553 
1737563959419539 997.089111 
1737563999419799 996.944580 
1737564039457091 996.797119 
1737564079412820 996.743408 
1737564119418653 996.739746 
1737564159418810 996.739746 
1737564199411570 996.782471 
1737564239419955 996.842285 
1737564279419955 996.903564 
1737564319419435 996.943604 
1737564359410737 996.964111 
1737564399414070 996.962158 
1737564439418757 996.945313 
1737564479419903 996.950439 
1737564519410789 996.933838 
1737564559420112 996.872314 
1737564599419955 996.828369 
1737564639457403 996.811035 
1737564679411882 996.803467 
1737564719411518 996.821533 
1737564759418653 996.882568 
1737564799420268 996.948486 
1737564839418497 997.001221 
1737564879419955 997.041992 
1737564919419747 997.097412 
1737564959410476 997.137451 
1737564999412403 997.177490 
1737565039419539 997.204346 
1737565079420320 997.293213 
1737565119410997 997.297852 
1737565159420007 997.212402 
1737565199418966 997.089844 
1737565239457507 996.942627 
1737565279521049 996.788330 
1737565319417664 996.717529 
1737565359418914 996.705078 
1737565399420580 996.723389 
1737565439419903 996.753662 
1737565479420007 996.813965 
1737565519419747 996.868652 
1737565559410216 996.906738 
1737565599411570 996.932861 
1737565639419278 996.947510 
1737565679421987 996.949463 
1737565719410737 996.955322 
1737565759419695 996.927979 
1737565799419695 996.866943 
1737565839457039 996.822021 
1737565879398757 996.795410 
1737565919416153 996.803223 
1737565959418914 996.832031 
1737565999420476 996.872803 
1737566039419903 996.922852 
1737566079419903 996.987305 
1737566119419747 997.044678 
1737566159410528 997.112793 
1737566199474226 997.171387 
1737566239419278 997.218994 
1737566279419226 997.259766 
1737566319410997 997.347168 
1737566359419643 997.275635 
1737566399419799 997.158447 
1737566439457560 997.002197 
1737566479397455 996.849121 
1737566519417872 996.733154 
1737566559418966 996.712158 
1737566599420841 996.717773 
1737566639419799 996.753174 
1737566679420007 996.807617 
1737566719420060 996.877441 
1737566759411778 996.937988 
1737566799413705 996.967041 
1737566839418185 996.996094 
1737566879420268 996.976074 
1737566919410997 996.972168 
1737566959420007 996.949707 
1737566999419903 996.914307 
1737567039457507 996.859619 
1737567079410476 996.832764 
1737567119412924 996.832764 
1737567159418028 996.833496 
1737567199420268 996.869873 
1737567239418653 996.917480 
1737567279420268 997.032959 
1737567319419643 997.096436 
1737567359459122 997.159912 
1737567399414070 997.181396 
1737567439418757 997.208252 
1737567479418705 997.255615 
1737567519410737 997.265381 
1737567559419903 997.180664 
1737567599419643 997.102783 
1737567639419018 996.999756 
1737567679411257 996.867432 
1737567719411882 996.807129 
1737567759418185 996.777344 
1737567799419955 996.771484 
1737567839419747 996.816162 
1737567879420007 996.888672 
1737567919419799 996.936768 
1737567959457612 996.967529 
1737567999412820 996.977783 
1737568039418705 996.927246 
1737568079418810 996.916504 
1737568119411049 996.929199 
1737568159419695 996.904297 
1737568199422403 996.841309 
1737568239419747 996.814941 
1737568279410789 996.807373 
1737568319397716 996.811035 
1737568359419278 996.845703 
1737568399420164 996.875244 
1737568439397560 996.934082 
1737568479420060 997.006836 
1737568519420007 997.076904 
1737568559457507 997.148682 
1737568599411153 997.186768 
1737568639418757 997.190674 
1737568679418080 997.247314 
1737568719413080 997.295410 
1737568759420112 997.202393 
1737568799420060 997.079590 
1737568839420007 996.942139 
1737568879410737 996.785645 
1737568919550164 996.721924 
1737568959418810 996.719482 
1737568999420320 996.729492 
1737569039398601 996.768311 
1737569079419747 996.844482 
1737569119420060 996.903809 
1737569159457403 996.926025 
1737569199415997 996.956543 
1737569239418757 996.937256 
1737569279418757 996.931885 
1737569319410737 996.934814 
1737569359420789 996.898682 
1737569399420007 996.863525 
1737569439419799 996.835449 
1737569479410476 996.808838 
1737569519415893 996.813477 
1737569559418653 996.844727 
1737569599419643 996.898682 
1737569639410112 996.966553 
1737569679419591 997.048584 
1737569719419643 997.124756 
1737569759457403 997.185059 
1737569799411310 997.201416 
1737569839418914 997.189941 
1737569879419643 997.226807 
1737569919457872 997.260498 
1737569959420007 997.182861 
1737569999419799 997.080078 
1737570039419643 996.956055 
1737570079410424 996.821533 
1737570119413185 996.739502 
1737570159418653 996.734131 
1737570199419903 996.739014 
1737570239411049 996.770508 
1737570279419955 996.832520 
1737570319422664 996.888184 
1737570359457560 996.918945 
1737570399421830 996.948975 
1737570439419174 996.945801 
1737570479419278 996.933838 
1737570519420528 996.933350 
1737570559419955 996.921143 
1737570599419695 996.876709 
1737570639420164 996.854492 
1737570679411257 996.834229 
1737570719411882 996.828857 
1737570759420737 996.859619 
1737570799420737 996.944092 
1737570839410268 997.007080 
1737570879418757 997.074951 
1737570919419643 997.137939 
1737570959457768 997.170898 
1737570999413862 997.214600 
1737571039418810 997.233398 
1737571079419278 997.325439 
1737571119419643 997.287842 
1737571159420685 997.154053 
1737571199419226 997.007324 
1737571239419747 996.852295 
1737571279410737 996.721191 
1737571319412976 996.703369 
1737571359417872 996.708252 
1737571399419747 996.727295 
1737571439410424 996.779297 
1737571479418393 996.839355 
1737571519421882 996.882080 
1737571559457351 996.916748 
1737571599398810 996.926758 
1737571639418757 996.930176 
1737571679418966 996.937744 
1737571719420060 996.915039 
1737571759418757 996.855225 
1737571799420216 996.829590 
1737571839419747 996.811279 
1737571879410789 996.833496 
1737571919488341 996.878174 
1737571959418914 996.917480 
1737571999420007 996.967041 
1737572039410789 997.031982 
1737572079418549 997.098145 
1737572119419747 997.171875 
1737572159457351 997.233887 
1737572199396414 997.294189 
1737572239417924 997.316650 
1737572279418966 997.376709 
1737572319419747 997.293457 
1737572359420268 997.155762 
1737572399419643 996.994141 
1737572439419955 996.826172 
1737572479412872 996.715576 
1737572519514539 996.696289 
1737572559418705 996.702148 
1737572599418757 996.723633 
1737572639410685 996.794678 
1737572679420007 996.866211 
1737572719420060 996.912109 
1737572759457403 996.936523 
1737572799410476 996.956543 
1737572839419018 996.950928 
1737572879418914 996.959229 
1737572919420216 996.927734 
1737572959421882 996.870850 
1737572999420007 996.836670 
1737573039420007 996.826416 
1737573079461153 996.843018 
1737573119414070 996.871338 
1737573159418705 996.907227 
1737573199418653 996.962646 
1737573239411257 997.021729 
1737573279418705 997.095215 
1737573319419955 997.178467 
1737573359420320 997.235840 
1737573399411570 997.259766 
1737573439417716 997.292725 
1737573479418810 997.342773 
1737573519419747 997.249756 
1737573559420007 997.110107 
1737573599420320 996.961670 
1737573639419903 996.803955 
1737573679457716 996.729736 
1737573719413601 996.717285 
1737573759418653 996.725586 
1737573799418757 996.759521 
1737573839411205 996.820068 
1737573879419903 996.887451 
1737573919420528 996.928955 
1737573959419539 996.953613 
1737573999411518 996.958984 
1737574039397716 996.948975 
1737574079418810 996.943359 
1737574119421987 996.924316 
1737574159419643 996.859619 
1737574199419903 996.823730 
1737574239419851 996.800781 
1737574279457507 996.809570 
1737574319412872 996.828613 
1737574359418757 996.875488 
1737574399420789 997.010254 
1737574439410685 997.063965 
1737574479419955 997.120850 
1737574519421987 997.158203 
1737574559419903 997.188965 
1737574599411049 997.205811 
1737574639412507 997.282227 
1737574679419018 997.264160 
1737574719420060 997.157715 
1737574759398757 997.033203 
1737574799420007 996.879150 
1737574839421466 996.757324 
1737574879457247 996.734131 
1737574919412403 996.729980 
1737574959419018 996.735596 
1737574999419278 996.775879 
1737575039411257 996.844238 
1737575079419747 996.883057 
1737575119419643 996.919678 
1737575159419851 996.943115 
1737575199410789 996.947998 
1737575239416362 996.942627 
1737575279418966 996.942383 
1737575319419591 996.914551 
1737575359396362 996.863770 
1737575399419591 996.840576 
1737575439419955 996.828369 
1737575479459643 996.825195 
1737575519411414 996.848145 
1737575559418705 996.902832 
1737575599418757 996.966797 
1737575639416726 997.032471 
1737575679418757 997.095947 
1737575719420060 997.149658 
1737575759420320 997.185059 
1737575799410789 997.221680 
1737575839411622 997.251953 
1737575879419070 997.325928 
1737575919420007 997.297363 
1737575959410737 997.184082 
1737575999419955 997.057617 
1737576039419799 996.902832 
1737576079457768 996.751709 
1737576119412039 996.716309 
1737576159419122 996.709473 
1737576199419122 996.712158 
1737576239419643 996.769287 
1737576279419643 996.833496 
1737576319419903 996.872803 
1737576359419643 996.904053 
1737576399410737 996.937256 
1737576439411153 996.927490 
1737576479418862 996.921631 
1737576519418966 996.935547 
1737576559410268 996.913330 
1737576599420320 996.871094 
1737576639419174 996.842773 
1737576679456935 996.818848 
1737576719464851 996.822510 
1737576759419278 996.855225 
1737576799419070 996.904297 
1737576839419539 996.958984 
1737576879418497 997.014160 
1737576919419747 997.063232 
1737576959420320 997.111084 
1737576999410997 997.146484 
1737577039416414 997.171387 
1737577079418132 997.226807 
1737577119417872 997.269775 
1737577159409851 997.221680 
1737577199417872 997.120850 
1737577239420632 996.986572 
1737577279457039 996.835693 
1737577319399122 996.754639 
1737577359416935 996.754639 
1737577399418132 996.759033 
1737577439419278 996.793213 
1737577479419174 996.866211 
1737577519419226 996.932617 
1737577559419018 996.958496 
1737577599410476 996.979492 
1737577639514903 996.951660 
1737577679418289 996.919678 
1737577719418653 996.921875 
1737577759410216 996.908691 
1737577799419278 996.848877 
1737577839418862 996.822021 
1737577879457195 996.804199 
1737577919397143 996.847656 
1737577959413132 996.897949 
1737577999418705 996.941650 
1737578039419174 996.995117 
1737578079418914 997.043945 
1737578119419799 997.096191 
1737578159420060 997.140869 
1737578199418549 997.180664 
1737578239412299 997.229980 
1737578279418757 997.335693 
1737578319419330 997.274658 
1737578359410789 997.162109 
1737578399418445 997.025879 
1737578439418966 996.855957 
1737578479456935 996.752686 
1737578519410424 996.729980 
1737578559413705 996.732178 
1737578599419070 996.755371 
1737578639419695 996.820313 
1737578679418393 996.884766 
1737578719419539 996.939697 
1737578759420007 996.958252 
1737578799461414 996.970947 
1737578839412351 996.956787 
1737578879418757 996.946045 
1737578919420216 996.938477 
1737578959410789 996.901611 
1737578999420007 996.879150 
1737579039419799 996.852295 
1737579079420060 996.820068 
1737579119411049 996.820801 
1737579159415476 996.868408 
1737579199418497 996.928711 
1737579239419955 996.991211 
1737579279418393 997.039063 
1737579319420216 997.095947 
1737579359419643 997.151367 
1737579399457351 997.180176 
1737579439413497 997.196289 
1737579479419174 997.253906 
1737579519419018 997.323730 
1737579559410528 997.210205 
1737579599419747 997.089844 
1737579639419955 996.954102 
1737579679419487 996.803223 
1737579719410476 996.742188 
1737579759419278 996.735107 
1737579799418028 996.738037 
1737579839418914 996.772949 
1737579879397247 996.838867 
1737579919419799 996.904785 
1737579959419955 996.951416 
1737579999457560 996.990479 
1737580039412039 996.982910 
1737580079418966 996.958984 
1737580119418705 996.945313 
1737580159410476 996.907227 
1737580199419851 996.844238 
1737580239419747 996.800537 
1737580279419226 996.793945 
1737580319410216 996.821533 
1737580359410789 996.866699 
1737580399418705 996.921631 
1737580439418914 996.978027 
1737580479397716 997.062988 
1737580519420216 997.130615 
1737580559420060 997.199463 
1737580599458132 997.248535 
1737580639413653 997.254639 
1737580679418966 997.266357 
1737580719419070 997.291016 
1737580759411310 997.225342 
1737580799420320 997.112061 
1737580839419955 996.976563 
1737580879420007 996.830322 
1737580919410737 996.749023 
1737580959413862 996.748779 
1737580999419226 996.751221 
1737581039420893 996.781982 
1737581079401674 996.857910 
1737581119419487 996.910645 
1737581159419903 996.933594 
1737581199457455 996.941162 
1737581239410476 996.923340 
1737581279418757 996.904053 
1737581319419070 996.921143 
1737581359416257 996.921875 
1737581399420007 996.858643 
1737581439419799 997.382324 
1737581479420007 997.307617 
1737581519411257 997.003174 
1737581559412507 996.970215 
1737581599418862 997.156006 
1737581639419955 997.220703 
1737581679410997 997.192627 
1737581719419955 997.202393 
1737581759419435 997.316406 
1737581799458028 997.567139 
1737581839413080 997.606934 
1737581879419330 997.508057 
1737581919418966 997.330811 
1737581959420528 997.129395 
1737581999418705 996.885742 
1737582039419643 996.637695 
1737582079419643 996.516113 
1737582119410737 996.505127 
1737582159410372 996.524170 
1737582199417507 996.581787 
1737582239419747 996.662109 
1737582279410216 996.739014 
1737582319419018 996.790283 
1737582359419799 996.843506 
1737582399458028 996.854004 
1737582439414747 996.852051 
1737582479418289 996.872559 
1737582519418237 996.840088 
1737582559421987 996.857666 
1737582599419695 996.908936 
1737582639419799 996.925049 
1737582679420164 996.957764 
1737582719410997 997.024414 
1737582759416362 997.071533 
1737582799418810 997.069336 
1737582839419799 997.064453 
1737582879410997 997.088623 
1737582919419747 997.143799 
1737582959420007 997.170166 
1737582999457403 997.245605 
1737583039398289 997.314209 
1737583079416987 997.341553 
1737583119418289 997.297363 
1737583159419018 997.178711 
1737583199419643 996.989258 
1737583239420007 996.794434 
1737583279419695 996.735107 
1737583319410789 996.741943 
1737583359482820 996.764404 
1737583399418757 996.781982 
1737583439419070 996.806396 
1737583479410789 996.851318 
1737583519419955 996.878174 
1737583559419903 996.882813 
1737583599457455 996.888184 
1737583639396830 996.894287 
1737583679411518 996.895508 
1737583719418810 996.853027 
1737583759419903 996.778809 
1737583799418653 996.719238 
1737583839419278 996.707520 
1737583879421987 996.732178 
1737583919416205 996.783691 
1737583959486466 996.911377 
1737583999418289 997.031494 
1737584039419955 997.092773 
1737584079410476 997.131104 
1737584119419226 997.188721 
1737584159420007 997.346680 
1737584199456726 997.465576 
1737584239410216 997.446777 
1737584279413549 997.379639 
1737584319418497 997.212158 
1737584359419174 997.030518 
1737584399419747 996.884766 
1737584439419799 996.714355 
1737584479419747 996.617920 
1737584519461622 996.620605 
1737584559412664 996.625732 
1737584599418601 996.657715 
1737584639417924 996.722900 
1737584679410476 996.799561 
1737584719420476 996.857666 
1737584759419643 996.898438 
1737584799420268 996.924072 
1737584839410997 996.924561 
1737584879411935 996.945313 
1737584919418549 996.935059 
1737584959419747 996.878906 
1737584999418497 996.835693 
1737585039419695 996.816895 
1737585079420007 996.812012 
1737585119457768 996.874268 
1737585159414226 996.933105 
1737585199418549 997.010986 
1737585239418549 997.085449 
1737585279410216 997.157959 
1737585319419695 997.203613 
1737585359418966 997.239746 
1737585399420060 997.238770 
1737585439410268 997.315918 
1737585479417872 997.299316 
1737585519418705 997.181396 
1737585559420007 997.053955 
1737585599395580 996.906738 
1737585639419903 996.774170 
1737585679419747 996.734863 
1737585719457820 996.730957 
1737585759416310 996.753418 
1737585799418028 996.810547 
1737585839419018 996.863770 
1737585879411049 996.904053 
1737585919419903 996.923340 
1737585959420007 996.940430 
1737585999419695 996.925537 
1737586039410737 996.916748 
1737586079415945 996.908691 
1737586119418705 996.860596 
1737586159418966 996.808594 
1737586199398601 996.799316 
1737586239419747 996.791504 
1737586279419799 996.822998 
1737586319458080 996.869629 
1737586359413028 996.932617 
1737586399420893 996.996338 
1737586439418445 997.057129 
1737586479411049 997.131592 
1737586519419799 997.196289 
1737586559420007 997.248047 
1737586599419903 997.266357 
1737586639410997 997.319580 
1737586679420060 997.326172 
1737586719418393 997.196777 
1737586759420007 997.081299 
1737586799400945 996.946289 
1737586839419695 996.793945 
1737586879419643 996.737061 
1737586919457403 996.733887 
1737586959412299 996.740234 
1737586999418810 996.782227 
1737587039418497 996.840332 
1737587079417507 996.886719 
1737587119419226 996.919434 
1737587159419330 996.943115 
1737587199419903 996.941650 
1737587239410737 996.932861 
1737587279413080 996.928467 
1737587319418653 996.894775 
1737587359419851 996.860107 
1737587399410476 996.848145 
1737587439419903 996.843262 
1737587479420632 996.865723 
1737587519457560 996.898438 
1737587559412039 996.950928 
1737587599419330 997.008789 
1737587639418757 997.073730 
1737587679420007 997.130615 
1737587719419851 997.192383 
1737587759419695 997.218994 
1737587799420320 997.238770 
1737587839410737 997.281738 
1737587879414903 997.323975 
1737587919418653 997.236328 
1737587959419695 997.133545 
1737587999410997 997.007568 
1737588039419018 996.847412 
1737588079419851 996.775391 
1737588119457612 996.775635 
1737588159415580 996.774902 
1737588199418028 996.807617 
1737588239417664 996.870605 
1737588279419174 996.915039 
1737588319418497 996.939453 
1737588359419799 996.953369 
1737588399420164 996.939209 
1737588439410997 996.921387 
1737588479411205 996.923340 
1737588519418497 996.882568 
1737588559420007 996.839355 
1737588599411049 996.831055 
1737588639419695 996.815430 
1737588679419851 996.833740 
1737588719457455 996.955566 
1737588759398237 997.024414 
1737588799417195 997.088135 
1737588839418757 997.160400 
1737588879419955 997.222412 
1737588919419435 997.260254 
1737588959419643 997.267578 
1737588999419643 997.330322 
1737589039410737 997.314209 
1737589079426778 997.188477 
1737589119418653 997.066650 
1737589159418549 996.912354 
1737589199412091 996.762207 
1737589239420007 996.730225 
1737589279421101 996.734619 
1737589319456674 996.765137 
1737589359396622 996.812256 
1737589399419278 996.865234 
1737589439419174 996.914307 
1737589479420216 996.931641 
1737589519418705 996.949463 
1737589559420268 996.922607 
1737589599419487 996.925293 
1737589639416935 996.913818 
1737589679413028 996.855713 
1737589719418914 996.822754 
1737589759420007 996.818604 
1737589799411049 996.829346 
1737589839419955 996.864746 
1737589879419799 996.915039 
1737589919457664 996.977783 
1737589959410476 997.035645 
1737589999416987 997.102783 
1737590039419226 997.174316 
1737590079419747 997.243408 
1737590119420997 997.302490 
1737590159419382 997.332275 
1737590199420320 997.403564 
1737590239459382 997.331787 
1737590279414487 997.183838 
1737590319418653 997.038574 
1737590359418549 996.869873 
1737590399410476 996.756592 
1737590439418653 996.749512 
1737590479419747 996.749023 
1737590519421570 996.770752 
1737590559410476 996.831787 
1737590599418185 996.895996 
1737590639418341 996.941406 
1737590679419643 996.973145 
1737590719420216 996.960938 
1737590759419747 996.948730 
1737590799419643 996.951660 
1737590839457768 996.918701 
1737590879412976 996.854248 
1737590919418810 996.825439 
1737590959418653 996.812256 
1737590999411049 996.823242 
1737591039420007 996.864990 
1737591079419643 996.923340 
1737591119419695 996.974365 
1737591159410632 997.039063 
1737591199396935 997.095215 
1737591239418757 997.169922 
1737591279419955 997.225586 
1737591319397039 997.243408 
1737591359420007 997.293701 
1737591399419695 997.314453 
1737591439457716 997.214355 
1737591479412820 997.099365 
1737591519419278 996.959229 
1737591559418757 996.813965 
1737591599410789 996.782471 
1737591639419643 996.771973 
1737591679420112 996.772949 
1737591719420869 996.816895 
1737591759411911 996.884033 
1737591799415036 996.935059 
1737591839420192 996.963135 
1737591879421442 996.973389 
1737591919399827 996.943359 
1737591959421077 996.927734 
1737591999421390 996.916504 
1737592039458838 996.886963 
1737592079415088 996.838623 
1737592119417536 996.815430 
1737592159419619 996.801514 
1737592199412223 996.812500 
1737592239420192 996.842041 
1737592279421077 996.960205 
1737592319420921 997.029785 
1737592359411911 997.113770 
1737592399412015 997.184326 
1737592439419931 997.256104 
1737592479420973 997.308105 
1737592519408577 997.333740 
1737592559420504 997.386475 
1737592599420817 997.325684 
1737592639458213 997.186279 
1737592679413734 997.029053 
1737592719420244 996.862549 
1737592759419984 996.758789 
1737592799417900 996.739746 
1737592839421442 996.740479 
1737592879420869 996.773926 
1737592919420400 996.824219 
1737592959411129 996.888916 
1737592999415192 996.920166 
1737593039419567 996.947754 
1737593079421650 996.953125 
1737593119412171 996.928955 
1737593159421390 996.931885 
1737593199421234 996.904053 
1737593239458369 996.846924 
1737593279413213 996.813721 
1737593319419671 996.803955 
1737593359413734 996.824951 
1737593399420609 996.855713 
1737593439419150 996.906982 
1737593479421025 996.965088 
1737593519420713 997.031494 
1737593559411702 997.101563 
1737593599412484 997.173096 
1737593639419567 997.222168 
1737593679421286 997.271729 
1737593719413734 997.321533 
1737593759420869 997.384033 
1737593799421181 997.310059 
1737593839459463 997.169678 
1737593879415504 997.014404 
1737593919419411 996.859619 
1737593959418734 996.752686 
1737593999420296 996.733643 
1737594039420088 996.722412 
1737594079421181 996.738281 
1737594119421286 996.799072 
1737594159411911 996.855225 
1737594199413838 996.896240 
1737594239420609 996.918457 
1737594279421390 996.936035 
1737594319411911 996.931152 
1737594359421129 996.938232 
1737594399420973 996.942139 
1737594439458786 996.884521 
1737594479400036 996.850586 
1737594519420244 996.845459 
1737594559419984 996.833008 
1737594599421025 996.843750 
1737594639421077 996.888672 
1737594679420973 996.948486 
1737594719423056 997.003174 
1737594759411650 997.070068 
1737594799485921 997.148926 
1737594839419931 997.204834 
1737594879420088 997.248291 
1737594919411650 997.274658 
1737594959421494 997.370605 
1737594999421234 997.307373 
1737595039460036 997.173584 
1737595079398525 997.033936 
1737595119414046 996.872314 
1737595159419984 996.767822 
1737595199421494 996.749023 
1737595239419619 996.744873 
1737595279420661 996.771729 
1737595319421234 996.826416 
1737595359423681 996.889404 
1737595399415452 996.934814 
1737595439420036 996.961426 
1737595479421181 996.977539 
1737595519411911 996.967773 
1737595559420817 996.963135 
1737595599421077 996.925537 
1737595639458942 996.870117 
1737595679411390 996.843262 
1737595719420973 996.824951 
1737595759420140 996.829102 
1737595799421025 996.863281 
1737595839421077 996.970459 
1737595879421181 997.030273 
1737595919420973 997.089355 
1737595959458786 997.166748 
1737595999414619 997.219727 
1737596039419879 997.264893 
1737596079419619 997.297852 
1737596119412692 997.372070 
1737596159421077 997.301514 
1737596199420921 997.166016 
1737596239421286 997.023926 
1737596279411911 996.864746 
1737596319418734 996.762451 
1737596359420088 996.762695 
1737596399421650 996.771240 
1737596439421286 996.794678 
1737596479421286 996.846924 
1737596519423056 996.897949 
1737596559458942 996.909668 
1737596599414723 996.933594 
1737596639420088 996.915039 
1737596679419931 996.899414 
1737596719412484 996.896973 
1737596759420817 996.875244 
1737596799420192 996.841064 
1737596839420921 996.826904 
1737596879411963 996.808350 
1737596919398942 996.824707 
1737596959420088 996.874756 
1737596999421598 996.927734 
1737597039398681 996.975830 
1737597079421129 997.041260 
1737597119421181 997.101563 
1737597159458942 997.155762 
1737597199415609 997.208008 
1737597239419098 997.253174 
1737597279419046 997.360352 
1737597319411911 997.376953 
1737597359420765 997.218506 
1737597399420765 997.089600 
1737597439420921 996.927979 
1737597479411911 996.770508 
1737597519410609 996.736572 
1737597559420452 996.734131 
1737597599420817 996.743896 
1737597639399515 996.800781 
1737597679420973 996.866943 
1737597719420921 996.928955 
1737597759459046 996.967041 
1737597799413004 996.989014 
1737597839397900 996.988770 
1737597879420244 996.978760 
1737597919411911 996.935547 
1737597959421129 996.867432 
1737597999421286 996.831055 
1737598039421181 996.812256 
1737598079411911 996.811523 
1737598119416598 996.855957 
1737598159419671 996.918457 
1737598199420869 996.967041 
1737598239398734 997.021729 
1737598279420817 997.080566 
1737598319421234 997.149902 
1737598359458369 997.195068 
1737598399412900 997.230469 
1737598439419879 997.293945 
1737598479419567 997.343506 
1737598519421963 997.250488 
1737598559420869 997.119873 
1737598599420036 996.982178 
1737598639420869 996.834717 
1737598679411702 996.750732 
1737598719414463 996.744141 
1737598759419775 996.762207 
1737598799420869 996.795410 
1737598839413265 996.850830 
1737598879420817 996.897217 
1737598919420609 996.917969 
1737598959458629 996.938232 
1737598999435348 996.922363 
1737599039419619 996.902344 
1737599079419827 996.901123 
1737599119421390 996.872070 
1737599159420765 996.828613 
1737599199421650 996.816406 
1737599239421234 996.793945 
1737599279411911 996.800781 
1737599319413317 996.840088 
1737631625964619 996.866699 
1737631665967015 996.866699 
1737631705964827 996.860352 
1737631745965973 996.857178 
1737631785963525 996.858643 
1737631825966390 996.842529 
1737631865963681 996.831055 
1737631905963994 996.833496 
1737631945963890 996.842041 
1737631985967015 996.833008 
1737632025965609 996.839355 
1737632065963890 996.837891 
1737632105966702 996.832764 
1737632145962796 996.841553 
1737632185965504 996.850830 
1737632225964254 996.871338 
