# Created at Fri Jan 31 08:47:40 GMT+01:00 2025 in Burnaby Canada 
72030246220319 -0.838433 3.816360 8.994599 
72030264978080 -0.918158 3.825042 8.983119 
72030283735892 -0.958069 3.891399 8.950392 
72030302493653 -0.930530 3.991576 8.909087 
72030321251413 -0.837296 4.095707 8.870992 
72030340009225 -0.751523 4.190049 8.834538 
72030358766934 -0.613366 4.295335 8.794559 
72030377524746 -0.428461 4.399427 8.753963 
72030396282559 -0.297985 4.472039 8.722527 
72030415040319 -0.212844 4.585231 8.666068 
72030433798080 -0.169328 4.722831 8.592822 
72030452555892 -0.044123 4.840377 8.528728 
72030471313653 0.225563 4.922080 8.478952 
72030490071413 0.321690 5.047135 8.401983 
72030508829225 0.254637 5.192135 8.315484 
72030527586986 0.210114 5.280241 8.261071 
72030546344746 0.187150 5.249424 8.281238 
72030565102559 0.182763 5.084482 8.383617 
72030583860319 0.201836 4.861031 8.514695 
72030602618080 0.229705 4.689149 8.609849 
72030621375840 0.287309 4.609944 8.650795 
72030640133600 0.387694 4.604358 8.649854 
72030658891413 0.621729 4.642817 8.615573 
72030677649173 1.077286 4.738496 8.518011 
72030696406934 1.688829 4.871386 8.341933 
72030715164746 2.440838 5.002200 8.074076 
72030733922507 3.356219 5.083477 7.685339 
72030752680267 4.289509 5.015647 7.253537 
72030771438080 5.226398 4.722731 6.822828 
72030790195840 6.227577 4.212611 6.296157 
72030808953600 7.241511 3.640074 5.520938 
72030827711413 8.058321 3.174220 4.599802 
72030846469173 8.691035 2.683468 3.665420 
72030865226934 9.195492 2.034745 2.733706 
72030883984746 9.535292 1.287238 1.895151 
72030902742455 9.724232 0.516854 1.158693 
72030921500267 9.788765 -0.194359 0.559185 
72030940258028 9.771874 -0.787018 0.247907 
72030959015788 9.729849 -1.215713 0.149914 
72030977773600 9.686133 -1.523261 0.169929 
72030996531361 9.645620 -1.756479 0.217188 
72031015289121 9.613299 -1.925404 0.218387 
72031034046934 9.591267 -2.035514 0.186222 
72031052804642 9.578414 -2.099105 0.134634 
72031071562455 9.570530 -2.137206 0.087747 
72031090320267 9.565661 -2.159074 0.083166 
72031109077975 9.564235 -2.164245 0.108892 
72031127835788 9.567322 -2.150403 0.111799 
72031146593548 9.574560 -2.119677 0.071833 
72031165351309 9.586693 -2.065359 0.003312 
72031184109121 9.600933 -1.997539 -0.047931 
72031202866882 9.613519 -1.935511 -0.066554 
72031221624642 9.624424 -1.879462 -0.092055 
72031240382455 9.635718 -1.813830 -0.182578 
72031259140215 9.642786 -1.760382 -0.296847 
72031277897975 9.641559 -1.748677 -0.390985 
72031296655788 9.631709 -1.777767 -0.490020 
72031315413548 9.617981 -1.815607 -0.606953 
72031334171309 9.610180 -1.820801 -0.706766 
72031352929121 9.606981 -1.814094 -0.765099 
72031371686882 9.607935 -1.810350 -0.761980 
72031390444642 9.610394 -1.809391 -0.732679 
72031409202455 9.604257 -1.827803 -0.766670 
72031427960215 9.580331 -1.901109 -0.879450 
72031446717975 9.544956 -2.036235 -0.958090 
72031465475736 9.518050 -2.169743 -0.932377 
72031484233548 9.516897 -2.190520 -0.894803 
72031502991309 9.539362 -2.122543 -0.815937 
72031521749069 9.578918 -2.007013 -0.621794 
72031540506882 9.622779 -1.859635 -0.338036 
72031559264642 9.652437 -1.730457 -0.079800 
72031578022403 9.654728 -1.717846 0.075102 
72031596780215 9.639746 -1.800440 0.064175 
72031615537975 9.631202 -1.845979 0.052047 
72031634295788 9.624946 -1.874456 0.131273 
72031653053548 9.602835 -1.967731 0.289824 
72031671811309 9.556107 -2.157639 0.442504 
72031690569121 9.489826 -2.438584 0.408519 
72031709326882 9.364641 -2.909244 0.100921 
72031728084642 9.164445 -3.485796 -0.180437 
72031746842455 8.945988 -4.000646 -0.366783 
72031765600215 8.700438 -4.518828 -0.230167 
72031784357975 8.436294 -4.999667 0.051806 
72031803115788 8.184384 -5.398420 0.208058 
72031821873548 7.936277 -5.752707 0.303732 
72031840631361 7.689814 -6.072439 0.403293 
72031859389121 7.450885 -6.356496 0.499647 
72031878146934 7.234444 -6.597265 0.556145 
72031896904694 7.104778 -6.738618 0.532494 
72031915662455 6.998615 -6.847584 0.548054 
72031934420267 6.922061 -6.923449 0.566840 
72031953178080 6.897515 -6.949991 0.540637 
72031971935840 6.915487 -6.935663 0.492960 
72031990693600 6.903442 -6.956264 0.351080 
72032009451413 6.751586 -7.111961 -0.080441 
72032028209225 6.523892 -7.309970 -0.416591 
72032046966986 6.506989 -7.330548 -0.304213 
72032065724746 6.552660 -7.291457 -0.260151 
72032084482559 6.564918 -7.280760 -0.250542 
72032103240319 6.511759 -7.329154 -0.225563 
72032121998132 6.354371 -7.466891 -0.194670 
72032140755892 6.015092 -7.744098 -0.134198 
72032159513653 5.588038 -8.058531 -0.065423 
72032178271465 5.379292 -8.199598 -0.013268 
72032197029278 5.431389 -8.164639 -0.095311 
72032215787038 5.414413 -8.174538 -0.177360 
72032234544850 5.149302 -8.345050 -0.123453 
72032253302663 4.842449 -8.527165 -0.092274 
72032272060423 4.520639 -8.702347 -0.058049 
72032290818184 4.219759 -8.851906 0.088280 
72032309575996 3.848836 -9.015505 0.278425 
72032328333809 3.382429 -9.193239 0.462507 
72032347091569 2.886381 -9.350788 0.634002 
72032365849382 2.429626 -9.467866 0.791719 
72032384607142 1.978047 -9.552623 1.002551 
72032403364955 1.567488 -9.604510 1.211098 
72032422122715 1.218234 -9.630416 1.393335 
72032440880528 0.886610 -9.639959 1.566999 
72032459638288 0.598498 -9.632065 1.742269 
72032478396100 0.339977 -9.612510 1.911663 
72032497153913 0.121963 -9.592749 2.033395 
72032515911673 -0.034400 -9.570387 2.139369 
72032534669486 -0.166156 -9.553646 2.206949 
72032553427246 -0.278626 -9.539913 2.254509 
72032572185059 -0.367479 -9.528564 2.289495 
72032590942871 -0.428098 -9.520173 2.313748 
72032609700632 -0.464283 -9.514187 2.331323 
72032628458392 -0.470045 -9.514243 2.329938 
72032647216205 -0.460618 -9.521154 2.303437 
72032665974017 -0.473931 -9.527088 2.276038 
72032684731830 -0.539714 -9.527203 2.260860 
72032703489590 -0.565113 -9.537805 2.209371 
72032722247403 -0.547970 -9.553088 2.146772 
72032741005163 -0.501557 -9.577732 2.045940 
72032759762975 -0.433941 -9.612618 1.891996 
72032778520788 -0.367246 -9.662354 1.635379 
72032797278548 -0.292631 -9.717616 1.285575 
72032816036361 -0.204173 -9.769473 0.828313 
72032834794121 -0.095201 -9.801285 0.310050 
72032853551934 0.033043 -9.805137 -0.169049 
72032872309694 0.192572 -9.787849 -0.575580 
72032891067507 0.377355 -9.753383 -0.948426 
72032909825319 0.584270 -9.704641 -1.284114 
72032928583080 0.773353 -9.641052 -1.619389 
72032947340892 0.898596 -9.563121 -1.977277 
72032966098653 0.958546 -9.475966 -2.336158 
72032984856517 0.995611 -9.382754 -2.672651 
72033003614278 1.023753 -9.287180 -2.978358 
72033022372090 1.029191 -9.188691 -3.267890 
72033041129903 1.024136 -9.087048 -3.542189 
72033059887663 0.988369 -8.994078 -3.781545 
72033078645475 0.929439 -8.920662 -3.965895 
72033097403288 0.877813 -8.878619 -4.070621 
72033116161048 0.851511 -8.865168 -4.105377 
72033134918861 0.861916 -8.875037 -4.081812 
72033153676673 0.903157 -8.907116 -4.002247 
72033172434434 0.959338 -8.963000 -3.861954 
72033191192246 1.013977 -9.038490 -3.667145 
72033209950059 1.050826 -9.123144 -3.440114 
72033228707871 1.069240 -9.202419 -3.215990 
72033247465684 1.063379 -9.258799 -3.051927 
72033266223444 1.018073 -9.248815 -3.097313 
72033284981257 0.986998 -9.147460 -3.394140 
72033303739069 1.000541 -9.025610 -3.702389 
72033322496830 1.023174 -8.942017 -3.894079 
72033341254642 1.026180 -8.933072 -3.913764 
72033360012455 1.022911 -9.006898 -3.741635 
72033378770267 1.020953 -9.096678 -3.518308 
72033397528080 1.019363 -9.131331 -3.427837 
72033416285840 1.098574 -9.100678 -3.484420 
72033435043653 1.178595 -9.124914 -3.393704 
72033453801465 1.115891 -9.191184 -3.232231 
72033472559225 1.081240 -9.285683 -2.962668 
72033491317038 1.095685 -9.404083 -2.555987 
72033510074850 1.108282 -9.479926 -2.252354 
72033528832663 1.144609 -9.530145 -2.009127 
72033547590423 1.105447 -9.591722 -1.716755 
72033566348236 0.990796 -9.660441 -1.365494 
72033585106048 0.853093 -9.717754 -1.003926 
72033603863861 0.742986 -9.754688 -0.681469 
72033622621621 0.667527 -9.776135 -0.389827 
72033641379434 0.600130 -9.787563 -0.117613 
72033660137246 0.535268 -9.791215 0.126415 
72033678895059 0.502391 -9.787344 0.354801 
72033697652871 0.472142 -9.778776 0.568334 
72033716410632 0.430955 -9.767278 0.764810 
72033735168444 0.385136 -9.753145 0.947750 
72033753926257 0.322101 -9.739038 1.103529 
72033772684069 0.236608 -9.725739 1.234662 
72033791441778 0.146408 -9.709609 1.368367 
72033810199642 0.052278 -9.689694 1.509130 
72033828957455 -0.048573 -9.667638 1.644632 
72033847715267 -0.159404 -9.644797 1.767161 
72033866473080 -0.269116 -9.621825 1.875747 
72033885230840 -0.357318 -9.599970 1.970607 
72033903988600 -0.415123 -9.583583 2.037886 
72033922746465 -0.460012 -9.574622 2.070121 
72033941504278 -0.488210 -9.571053 2.080142 
72033960262038 -0.494598 -9.576903 2.051512 
72033979019850 -0.479770 -9.594315 1.972138 
72033997777663 -0.436248 -9.625810 1.823149 
72034016535475 -0.355425 -9.667969 1.604508 
72034035293288 -0.237921 -9.718598 1.289437 
72034054051048 -0.102016 -9.769097 0.851304 
72034072808861 0.031087 -9.800854 0.335679 
72034091566673 0.158567 -9.804015 -0.162896 
72034110324486 0.270755 -9.782114 -0.638219 
72034129082298 0.400995 -9.739720 -1.071191 
72034147840111 0.571351 -9.685696 -1.425215 
72034166597871 0.725651 -9.615422 -1.785348 
72034185355684 0.856597 -9.530451 -2.146424 
72034204113444 0.989718 -9.433661 -2.489355 
72034222871309 1.087458 -9.325692 -2.831832 
72034241629121 1.135508 -9.210151 -3.170824 
72034260386934 1.158183 -9.095236 -3.479322 
72034279144694 1.156832 -8.989322 -3.744890 
72034297902507 1.125013 -8.897670 -3.966889 
72034316660319 1.068047 -8.827876 -4.135007 
72034335418132 1.013657 -8.792073 -4.224018 
72034354175944 0.981224 -8.784204 -4.247983 
72034372933757 0.976657 -8.797722 -4.220975 
72034391691517 0.986012 -8.834175 -4.141920 
72034410449382 0.995819 -8.901316 -3.993159 
72034429207142 0.998426 -8.996884 -3.772213 
72034447964955 0.973627 -9.100745 -3.521202 
72034466722767 0.912637 -9.191373 -3.294863 
72034485480580 0.811878 -9.240757 -3.181141 
72034504238392 0.716450 -9.184552 -3.361711 
72034522996205 0.730506 -9.060382 -3.680520 
72034541754017 0.777034 -8.954756 -3.921600 
72034560511830 0.815993 -8.904903 -4.025820 
72034579269642 0.833332 -8.946954 -3.927847 
72034598027455 0.815313 -8.998242 -3.812778 
72034616785267 0.936782 -8.921918 -3.961338 
72034635543080 1.072980 -8.937836 -3.890271 
72034654300840 1.051125 -9.014591 -3.715194 
72034673058705 1.058584 -9.154212 -3.354131 
72034691816465 1.015679 -9.300283 -2.939985 
72034710574278 1.000299 -9.396407 -2.622466 
72034729332090 1.019834 -9.473900 -2.318521 
72034748089903 0.961772 -9.558800 -1.968433 
72034766847715 0.842632 -9.643850 -1.567326 
72034785605528 0.690231 -9.710716 -1.181508 
72034804363340 0.554179 -9.752521 -0.866952 
72034823121153 0.461371 -9.778693 -0.578522 
72034841878965 0.380751 -9.794686 -0.299228 
72034860636778 0.304758 -9.801909 -0.009284 
72034879394590 0.268795 -9.799721 0.252202 
72034898152403 0.244551 -9.791922 0.478381 
72034916910215 0.185604 -9.780116 0.696605 
72034935668028 0.100322 -9.765320 0.893783 
72034954425840 0.002591 -9.747161 1.078529 
72034973183653 -0.106838 -9.725037 1.258034 
72034991941465 -0.224379 -9.697521 1.441567 
72035010699225 -0.340908 -9.666121 1.618721 
72035029457090 -0.462422 -9.635229 1.766041 
72035048214903 -0.581847 -9.609251 1.869262 
72035066972663 -0.672216 -9.588617 1.943438 
72035085730475 -0.719657 -9.574903 1.993420 
72035104488236 -0.741118 -9.570883 2.004830 
72035123246100 -0.750320 -9.577090 1.971486 
72035142003913 -0.748098 -9.596083 1.877745 
72035160761725 -0.719993 -9.628655 1.714933 
72035179519538 -0.642326 -9.674450 1.470655 
72035198277350 -0.527303 -9.727193 1.128744 
72035217035163 -0.385482 -9.775664 0.676887 
72035235792975 -0.225325 -9.802536 0.172973 
72035254550840 -0.079483 -9.801174 -0.317890 
72035273308653 0.047695 -9.773103 -0.809058 
72035292066465 0.219839 -9.725228 -1.241778 
72035310824278 0.425630 -9.671738 -1.564199 
72035329582090 0.598469 -9.599392 -1.914134 
72035348339850 0.743629 -9.503155 -2.303793 
72035367097715 0.873448 -9.396840 -2.665873 
72035385855528 0.962496 -9.284348 -3.007469 
72035404613340 1.003438 -9.162940 -3.347241 
72035423371153 1.021281 -9.044230 -3.650929 
72035442128965 0.997696 -8.935443 -3.915716 
72035460886778 0.931501 -8.842500 -4.136771 
72035479644590 0.846530 -8.770230 -4.305441 
72035498402403 0.787071 -8.729012 -4.399461 
72035517160215 0.761654 -8.720481 -4.420803 
72035535918080 0.758996 -8.734721 -4.393059 
72035554675892 0.759528 -8.769283 -4.323560 
72035573433705 0.755482 -8.833297 -4.191957 
72035592191517 0.757444 -8.927160 -3.987791 
72035610949330 0.752889 -9.034914 -3.738163 
72035629707142 0.725986 -9.132252 -3.499331 
72035648464955 0.667275 -9.190024 -3.356874 
72035667222819 0.588816 -9.167615 -3.431987 
72035685980580 0.581428 -9.064504 -3.696905 
72035704738444 0.628707 -8.956226 -3.944759 
72035723496257 0.677928 -8.890601 -4.082648 
72035742254069 0.720054 -8.906318 -4.040967 
72035761011882 0.728244 -8.988026 -3.854277 
72035779769694 0.724051 -9.028541 -3.759201 
72035798527559 0.872613 -8.936817 -3.942365 
72035817285371 1.020164 -8.954317 -3.866504 
72035836043184 0.994348 -9.021737 -3.713476 
72035854800996 1.013551 -9.162122 -3.346435 
72035873558809 1.000646 -9.321803 -2.876299 
72035892316673 0.998413 -9.419200 -2.540123 
72035911074486 1.033023 -9.485445 -2.264861 
72035929832298 0.980617 -9.564547 -1.930861 
72035948590111 0.845597 -9.647914 -1.540493 
72035967347923 0.684503 -9.714910 -1.149949 
72035986105788 0.546006 -9.758840 -0.798320 
72036004863600 0.439818 -9.784915 -0.482069 
72036023621413 0.352063 -9.798437 -0.192573 
72036042379225 0.266042 -9.802702 0.081542 
72036061137038 0.231863 -9.798150 0.336022 
72036079894903 0.202909 -9.787457 0.578723 
72036098652715 0.134176 -9.772312 0.808893 
72036117410528 0.035437 -9.754815 1.006343 
72036136168340 -0.073559 -9.734681 1.183626 
72036154926153 -0.189391 -9.710872 1.354066 
72036173684017 -0.313148 -9.682300 1.524920 
72036192441830 -0.432166 -9.649934 1.691863 
72036211199642 -0.550633 -9.618573 1.830365 
72036229957507 -0.659009 -9.592607 1.928208 
72036248715319 -0.737608 -9.574025 1.991075 
72036267473132 -0.781895 -9.564224 2.021050 
72036286230944 -0.806800 -9.563266 2.015792 
72036304988757 -0.804273 -9.572866 1.970723 
72036323746621 -0.773802 -9.597603 1.859470 
72036342504434 -0.713559 -9.638192 1.663274 
72036361262246 -0.610671 -9.690763 1.373527 
72036380020111 -0.473825 -9.745349 0.986939 
72036398777923 -0.329325 -9.787875 0.509359 
72036417535736 -0.184067 -9.804918 -0.009156 
72036436293548 -0.051236 -9.793236 -0.510183 
72036455051413 0.060930 -9.754875 -1.004523 
72036473809225 0.224511 -9.698973 -1.431752 
72036492567038 0.433387 -9.639871 -1.747989 
72036511324903 0.626904 -9.563807 -2.076293 
72036530082715 0.789608 -9.471311 -2.416850 
72036548840528 0.905201 -9.373446 -2.736695 
72036567598392 0.958007 -9.273186 -3.043130 
72036586356205 0.985239 -9.161462 -3.356679 
72036605114069 0.984767 -9.054311 -3.635943 
72036623871882 0.951012 -8.956665 -3.878675 
72036642629694 0.890814 -8.876232 -4.073001 
72036661387507 0.826482 -8.822301 -4.201705 
72036680145371 0.794092 -8.803524 -4.247088 
72036698903184 0.794646 -8.816598 -4.219779 
72036717661048 0.813035 -8.854856 -4.135321 
72036736418861 0.823291 -8.909925 -4.013205 
72036755176673 0.818964 -8.983463 -3.846696 
72036773934538 0.807946 -9.074888 -3.628224 
72036792692350 0.772903 -9.173829 -3.378443 
72036811450215 0.719169 -9.255184 -3.161444 
72036830208028 0.630759 -9.283314 -3.097196 
72036848965840 0.578275 -9.216926 -3.299130 
72036867723705 0.615306 -9.102501 -3.596703 
72036886481569 0.664551 -9.004067 -3.828255 
72036905239382 0.708913 -8.964997 -3.911094 
72036923997194 0.761423 -9.016006 -3.781833 
72036942755059 0.769454 -9.108097 -3.552591 
72036961512871 0.794562 -9.087132 -3.600431 
72036980270736 0.983190 -9.016863 -3.728259 
72036999028548 1.078506 -9.063540 -3.586008 
72037017786361 1.031172 -9.158504 -3.350951 
72037036544225 0.986200 -9.306676 -2.929774 
72037055302090 0.928538 -9.438857 -2.493227 
72037074059903 0.929757 -9.512327 -2.195808 
72037092817715 0.923918 -9.573176 -1.916001 
72037111575580 0.841405 -9.646917 -1.549004 
72037130333392 0.695419 -9.715970 -1.134330 
72037149091257 0.550523 -9.761879 -0.757003 
72037167849069 0.453460 -9.786349 -0.438330 
72037186606934 0.357008 -9.799187 -0.137419 
72037205364746 0.252621 -9.802514 0.131481 
72037224122611 0.199730 -9.797514 0.373121 
72037242880371 0.159398 -9.787966 0.583688 
72037261638236 0.103323 -9.775219 0.777690 
72037280396100 0.028946 -9.759539 0.959661 
72037299153965 -0.059587 -9.742723 1.116332 
72037317911778 -0.168568 -9.723567 1.262627 
72037336669590 -0.293041 -9.699474 1.415879 
72037355427455 -0.415209 -9.670981 1.571653 
72037374185319 -0.530246 -9.640324 1.718542 
72037392943132 -0.645040 -9.612196 1.833025 
72037411700944 -0.750130 -9.589545 1.910059 
72037430458809 -0.820407 -9.573437 1.961283 
72037449216673 -0.864616 -9.564740 1.984582 
72037467974486 -0.892542 -9.563086 1.980190 
72037486732298 -0.901461 -9.571863 1.933185 
72037505490163 -0.880060 -9.594219 1.829435 
72037524248028 -0.808012 -9.633014 1.650018 
72037543005840 -0.696185 -9.683686 1.382731 
72037561763705 -0.568023 -9.738525 1.004423 
72037580521517 -0.441935 -9.782422 0.528487 
72037599279382 -0.310486 -9.801695 0.027630 
72037618037194 -0.189022 -9.794120 -0.458109 
72037636795059 -0.069139 -9.760654 -0.946168 
72037655552923 0.086826 -9.708708 -1.379797 
72037674310736 0.258767 -9.648935 -1.732476 
72037693068548 0.410761 -9.572923 -2.088258 
72037711826413 0.560078 -9.479274 -2.449506 
72037730584278 0.695590 -9.379106 -2.778295 
72037749342090 0.783306 -9.274924 -3.087493 
72037768099955 0.861308 -9.159665 -3.395449 
72037786857819 0.902759 -9.047894 -3.673015 
72037805615632 0.886288 -8.940971 -3.929875 
72037824373444 0.832215 -8.849452 -4.143065 
72037843131309 0.775664 -8.788458 -4.281558 
72037861889121 0.751373 -8.769077 -4.325404 
72037880646986 0.752276 -8.778564 -4.305958 
72037899404850 0.767636 -8.802979 -4.253079 
72037918162715 0.781350 -8.842551 -4.167635 
72037936920528 0.782364 -8.908890 -4.023677 
72037955678392 0.772087 -9.001403 -3.814317 
72037974436257 0.735555 -9.100164 -3.579992 
72037993194017 0.669658 -9.177124 -3.391513 
72038011951934 0.569903 -9.205902 -3.331213 
72038030709798 0.481870 -9.144725 -3.508875 
72038049467611 0.465298 -9.031625 -3.792578 
72038068225475 0.503813 -8.933859 -4.012820 
72038086983340 0.547252 -8.883398 -4.117782 
72038105741153 0.577606 -8.905360 -4.065872 
72038124499017 0.574403 -8.955551 -3.954561 
72038143256882 0.617299 -8.928856 -4.008101 
72038162014694 0.751546 -8.884101 -4.083910 
72038180772559 0.831849 -8.927762 -3.971587 
72038199530423 0.846419 -9.021639 -3.750197 
72038218288236 0.847111 -9.179918 -3.343936 
72038237046048 0.784630 -9.324265 -2.934758 
72038255803965 0.813510 -9.411749 -2.632028 
72038274561778 0.830925 -9.497858 -2.295789 
72038293319590 0.746304 -9.587462 -1.921974 
72038312077507 0.592096 -9.668631 -1.528856 
72038330835319 0.453821 -9.732397 -1.115745 
72038349593132 0.343204 -9.772450 -0.742828 
72038368351048 0.260938 -9.793562 -0.434110 
72038387108861 0.169829 -9.803701 -0.170307 
72038405866673 0.094150 -9.805860 0.081528 
72038424624538 0.056399 -9.801729 0.305486 
72038443382403 0.015614 -9.793435 0.508680 
72038462140267 -0.038695 -9.780972 0.708162 
72038480898132 -0.103790 -9.763748 0.910398 
72038499655944 -0.189270 -9.743242 1.097171 
72038518413809 -0.302966 -9.719164 1.271400 
72038537171673 -0.427746 -9.690832 1.440554 
72038555929486 -0.547113 -9.657858 1.611468 
72038574687350 -0.664371 -9.625555 1.754339 
72038593445215 -0.774041 -9.599768 1.848167 
72038612203028 -0.855481 -9.580761 1.909855 
72038630960892 -0.900446 -9.569785 1.943916 
72038649718705 -0.924815 -9.568051 1.941003 
72038668476569 -0.941331 -9.576430 1.891099 
72038687234434 -0.947731 -9.597037 1.780189 
72038705992246 -0.922148 -9.632263 1.593586 
72038724750111 -0.839913 -9.681563 1.316155 
72038743507975 -0.714616 -9.734205 0.951288 
72038762265840 -0.575911 -9.777093 0.497134 
72038781023653 -0.437610 -9.796865 -0.018102 
72038799781517 -0.297852 -9.787225 -0.540261 
72038818539382 -0.169569 -9.750023 -1.038598 
72038837297194 -0.008926 -9.694942 -1.475935 
72038856055059 0.214100 -9.635596 -1.811024 
72038874812923 0.431172 -9.568518 -2.104269 
72038893570788 0.613208 -9.484656 -2.415707 
72038912328653 0.759848 -9.391671 -2.718368 
72038931086465 0.851270 -9.293177 -3.013733 
72038949844330 0.878892 -9.181507 -3.331347 
72038968602194 0.882397 -9.067410 -3.629578 
72038987360007 0.851647 -8.963946 -3.884940 
72039006117871 0.787984 -8.877366 -4.091680 
72039024875736 0.708254 -8.814698 -4.239087 
72039043633548 0.639283 -8.783918 -4.313290 
72039062391465 0.616096 -8.787537 -4.309294 
72039081149278 0.639208 -8.826569 -4.225337 
72039099907142 0.670469 -8.892300 -4.080179 
72039118665007 0.682322 -8.976369 -3.889683 
72039137422819 0.666858 -9.072166 -3.663532 
72039156180736 0.618741 -9.168394 -3.424632 
72039174938548 0.556480 -9.235747 -3.249876 
72039193696413 0.465427 -9.250010 -3.223524 
72039212454278 0.406835 -9.185089 -3.411600 
72039231212090 0.440511 -9.081848 -3.673741 
72039249969955 0.516673 -8.997541 -3.866225 
72039268727767 0.579537 -8.953480 -3.958501 
72039287485684 0.596010 -8.991273 -3.869388 
72039306243548 0.604420 -9.083206 -3.646974 
72039325001361 0.625618 -9.124273 -3.539297 
72039343759225 0.808623 -9.076123 -3.624982 
72039362517090 0.973936 -9.113792 -3.487212 
72039381274955 0.925104 -9.181617 -3.318508 
72039400032819 0.851056 -9.297413 -3.000700 
72039418790632 0.794361 -9.420740 -2.605578 
72039437548496 0.781931 -9.506111 -2.278775 
72039456306361 0.800483 -9.566905 -2.000985 
72039475064225 0.738881 -9.634371 -1.674321 
72039493822038 0.601802 -9.701112 -1.302558 
72039512579903 0.459991 -9.752685 -0.918663 
72039531337767 0.358244 -9.783587 -0.568746 
72039550095632 0.281285 -9.799274 -0.255931 
72039568853496 0.184550 -9.804885 0.023657 
72039587611361 0.097755 -9.802559 0.265837 
72039606369173 0.031913 -9.795008 0.476669 
72039625127038 -0.030166 -9.784579 0.656865 
72039643884903 -0.095861 -9.769629 0.845916 
72039662642767 -0.168850 -9.751359 1.026096 
72039681400632 -0.265944 -9.731676 1.180745 
72039700158444 -0.387301 -9.709742 1.319580 
72039718916361 -0.515572 -9.684274 1.455820 
72039737674173 -0.634939 -9.654624 1.598583 
72039756432038 -0.745477 -9.624085 1.729632 
72039775189903 -0.848541 -9.597309 1.828122 
72039793947715 -0.930429 -9.575397 1.901694 
72039812705580 -0.986372 -9.560083 1.949939 
72039831463444 -1.029530 -9.553054 1.962044 
72039850221309 -1.051811 -9.553896 1.946065 
72039868979173 -1.048573 -9.566945 1.882668 
72039887736986 -1.012928 -9.594604 1.757251 
72039906494903 -0.933630 -9.637443 1.555135 
72039925252715 -0.822462 -9.689056 1.271265 
72039944010580 -0.690790 -9.743491 0.870393 
72039962768444 -0.560213 -9.783903 0.363023 
72039981526309 -0.426840 -9.795812 -0.173993 
72040000284173 -0.293039 -9.777596 -0.695081 
72040019041986 -0.156775 -9.732694 -1.191836 
72040037799850 0.011992 -9.673279 -1.611802 
72040056557715 0.178276 -9.605738 -1.966824 
72040075315580 0.344401 -9.520217 -2.327493 
72040094073444 0.505066 -9.424767 -2.662534 
72040112831257 0.635374 -9.327117 -2.961683 
72040131589173 0.712665 -9.218313 -3.268822 
72040150346986 0.756183 -9.103093 -3.568230 
72040169104903 0.784926 -8.994007 -3.829114 
72040187862715 0.766088 -8.900085 -4.046230 
72040206620580 0.706539 -8.820587 -4.227108 
72040225378444 0.642089 -8.771195 -4.338692 
72040244136257 0.624005 -8.763636 -4.356568 
72040262894173 0.641596 -8.787833 -4.304965 
72040281651986 0.666847 -8.827591 -4.218927 
72040300409903 0.672702 -8.883468 -4.099007 
72040319167715 0.669417 -8.965568 -3.916742 
72040337925580 0.655026 -9.068084 -3.675754 
72040356683444 0.608928 -9.178524 -3.399159 
72040375441309 0.558901 -9.271375 -3.146369 
72040394199173 0.510155 -9.314487 -3.024972 
72040412957038 0.487145 -9.273218 -3.152856 
72040431714850 0.534258 -9.180499 -3.406376 
72040450472715 0.615977 -9.094037 -3.617934 
72040469230632 0.678846 -9.061574 -3.687468 
72040487988444 0.701280 -9.100804 -3.585241 
72040506746309 0.678831 -9.190811 -3.352397 
72040525504173 0.596839 -9.234679 -3.245744 
72040544262038 0.648270 -9.123166 -3.538073 
72040563019903 0.899981 -9.077030 -3.601101 
72040581777767 0.976121 -9.132373 -3.437636 
72040600535632 0.889117 -9.239597 -3.163812 
72040619293444 0.811603 -9.370790 -2.774884 
72040638051361 0.763297 -9.473391 -2.417155 
72040656809173 0.776241 -9.530025 -2.178640 
72040675567090 0.756537 -9.585613 -1.927189 
72040694324903 0.674223 -9.654091 -1.585668 
72040713082767 0.524464 -9.716563 -1.218074 
72040731840632 0.382643 -9.760281 -0.872284 
72040750598496 0.292344 -9.786565 -0.555047 
72040769356309 0.205225 -9.801054 -0.260022 
72040788114173 0.107180 -9.806065 0.001521 
72040806872090 0.051441 -9.803902 0.226381 
72040825629903 0.014849 -9.796973 0.435297 
72040844387767 -0.039080 -9.786013 0.634679 
72040863145632 -0.101282 -9.772353 0.813158 
72040881903496 -0.177779 -9.756452 0.974910 
72040900661361 -0.272420 -9.738719 1.119607 
72040919419225 -0.381342 -9.716922 1.267438 
72040938177090 -0.495772 -9.688890 1.431788 
72040956934955 -0.610182 -9.657101 1.593262 
72040975692819 -0.725417 -9.626669 1.723778 
72040994450632 -0.825855 -9.601751 1.815138 
72041013208548 -0.892909 -9.584623 1.872990 
72041031966361 -0.931813 -9.577451 1.890649 
72041050724278 -0.958209 -9.578292 1.873109 
72041069482090 -0.977751 -9.586161 1.822066 
72041088239955 -0.982190 -9.603976 1.723178 
72041106997819 -0.956581 -9.633140 1.567790 
72041125755684 -0.890428 -9.673733 1.340303 
72041144513548 -0.787739 -9.721795 1.018113 
72041163271413 -0.666676 -9.767159 0.573182 
72041182029278 -0.544761 -9.791451 0.033548 
72041200787090 -0.413643 -9.782713 -0.545717 
72041219545007 -0.292272 -9.739529 -1.107487 
72041238302819 -0.168573 -9.671531 -1.613524 
72041257060736 -0.009934 -9.594060 -2.030842 
72041275818548 0.183973 -9.515268 -2.365629 
72041294576413 0.378013 -9.424594 -2.684127 
72041313334278 0.513288 -9.328046 -2.982365 
72041332092142 0.589563 -9.225556 -3.272906 
72041350849567 0.605902 -9.115455 -3.565357 
72041369607431 0.612551 -9.000733 -3.844732 
72041388365296 0.609432 -8.893467 -4.087204 
72041407123160 0.578271 -8.804213 -4.280401 
72041425881025 0.527925 -8.740352 -4.415646 
72041444638838 0.482340 -8.707743 -4.484747 
72041463396754 0.478025 -8.712530 -4.475902 
72041482154567 0.521491 -8.751276 -4.394724 
72041500912483 0.560243 -8.808362 -4.274256 
72041519670296 0.573964 -8.885877 -4.108789 
72041538428213 0.572654 -8.986754 -3.883388 
72041557186025 0.552155 -9.095707 -3.624034 
72041575943942 0.477029 -9.201447 -3.358008 
72041594701754 0.353972 -9.292609 -3.113278 
72041613459671 0.228536 -9.329668 -3.012552 
72041632217483 0.173923 -9.257707 -3.230328 
72041650975400 0.257426 -9.121732 -3.591394 
72041669733213 0.390064 -9.007615 -3.857603 
72041688491129 0.471409 -8.961762 -3.954110 
72041707248942 0.482727 -8.995544 -3.875246 
72041726006858 0.457736 -9.098878 -3.629228 
72041744764671 0.456714 -9.220719 -3.307589 
72041763522535 0.474301 -9.286666 -3.115007 
72041782280400 0.567378 -9.265106 -3.163271 
72041801038265 0.775522 -9.254746 -3.149384 
72041819796129 0.818013 -9.296783 -3.011820 
72041838553994 0.708260 -9.368276 -2.811433 
72041857311858 0.647099 -9.464917 -2.483342 
72041876069723 0.631212 -9.544990 -2.159895 
72041894827588 0.657291 -9.590434 -1.939569 
72041913585452 0.653257 -9.627275 -1.749065 
72041932343317 0.596865 -9.672981 -1.499189 
72041951101181 0.495766 -9.720812 -1.196005 
72041969859046 0.414047 -9.758260 -0.880526 
72041988616910 0.356670 -9.782522 -0.587729 
72042007374775 0.288531 -9.796425 -0.342358 
72042026132640 0.215360 -9.803302 -0.138870 
72042044890504 0.171090 -9.805013 0.053453 
72042063648369 0.139019 -9.803015 0.227976 
72042082406233 0.087690 -9.798880 0.380330 
72042101164046 0.031079 -9.791971 0.535479 
72042119921963 -0.034087 -9.782874 0.681614 
72042138679775 -0.110720 -9.772294 0.812654 
72042157437692 -0.191441 -9.760637 0.929356 
72042176195504 -0.269987 -9.747355 1.042388 
72042194953421 -0.340890 -9.731951 1.159015 
72042213711233 -0.409449 -9.715040 1.273080 
72042232469150 -0.484981 -9.698504 1.369010 
72042251226963 -0.548165 -9.684344 1.443398 
72042269984879 -0.590159 -9.673745 1.496913 
72042288742692 -0.627131 -9.671571 1.495935 
72042307500608 -0.662235 -9.676263 1.449748 
72042326258421 -0.675519 -9.685932 1.377239 
72042345016338 -0.653025 -9.701302 1.276209 
72042363774150 -0.605428 -9.721980 1.134432 
72042382532067 -0.553159 -9.746093 0.937056 
72042401289879 -0.499968 -9.770743 0.673048 
72042420047796 -0.452457 -9.790735 0.327384 
72042438805608 -0.402572 -9.798067 -0.078801 
72042457563525 -0.359523 -9.786613 -0.513183 
72042476321338 -0.308723 -9.756819 -0.937853 
72042495079202 -0.230230 -9.717228 -1.301099 
72042513837067 -0.125395 -9.672412 -1.612180 
72042532594931 -0.032703 -9.621703 -1.895301 
72042551352796 0.038979 -9.570454 -2.138989 
72042570110660 0.102194 -9.515121 -2.371161 
72042588868525 0.146984 -9.459579 -2.581696 
72042607626390 0.179041 -9.406963 -2.765389 
72042626384254 0.196819 -9.363720 -2.907301 
72042645142171 0.201005 -9.334224 -3.000374 
72042663899983 0.185945 -9.314921 -3.060729 
72042682657900 0.159879 -9.303513 -3.096687 
72042701415713 0.131665 -9.309212 -3.080849 
72042720173629 0.099835 -9.338106 -2.993360 
72042738931442 0.052249 -9.384923 -2.844447 
72042757689358 -0.002715 -9.442128 -2.648887 
72042776447171 -0.044126 -9.506426 -2.407554 
72042795205088 -0.063843 -9.568177 -2.148554 
72042813962900 -0.073348 -9.615924 -1.923285 
72042832720817 -0.077600 -9.647074 -1.760210 
72042851478629 -0.050810 -9.665119 -1.659299 
72042870236546 -0.019322 -9.674058 -1.607053 
72042888994358 0.008442 -9.677096 -1.588745 
72042907752223 0.043388 -9.676019 -1.594738 
72042926510088 0.086375 -9.675171 -1.598121 
72042945268004 0.120082 -9.681871 -1.554779 
72042964025817 0.140305 -9.698303 -1.446932 
72042982783733 0.126792 -9.718975 -1.302246 
72043001541546 0.074187 -9.734283 -1.186845 
72043020299463 0.003316 -9.741603 -1.127632 
72043039057327 -0.057767 -9.747118 -1.077382 
72043057815192 -0.105798 -9.755882 -0.990932 
72043076573056 -0.161514 -9.766051 -0.876657 
72043095330921 -0.223220 -9.773274 -0.776966 
72043114088785 -0.262461 -9.778527 -0.694201 
72043132846650 -0.281737 -9.783865 -0.605796 
72043151604515 -0.291264 -9.788748 -0.515724 
72043170362379 -0.290148 -9.793136 -0.425089 
72043189120244 -0.291490 -9.796474 -0.338439 
72043207878108 -0.299009 -9.798604 -0.261422 
72043226635973 -0.311047 -9.799829 -0.192340 
72043245393838 -0.327612 -9.800241 -0.135401 
72043264151702 -0.346862 -9.800171 -0.082045 
72043282909567 -0.362437 -9.799911 -0.027425 
72043301667431 -0.370910 -9.799612 0.020239 
72043320425296 -0.379111 -9.799095 0.066307 
72043339183160 -0.389949 -9.798237 0.113469 
72043357941025 -0.406703 -9.796962 0.156576 
72043376698890 -0.434409 -9.795175 0.190351 
72043395456754 -0.463354 -9.793163 0.222807 
72043414214671 -0.482241 -9.791424 0.256597 
72043432972483 -0.485398 -9.790573 0.281858 
72043451730400 -0.471089 -9.790747 0.299565 
72043470488213 -0.439795 -9.791474 0.322485 
72043489246129 -0.407147 -9.792134 0.344592 
72043508003942 -0.385967 -9.792523 0.357627 
72043526761858 -0.376829 -9.792665 0.363447 
72043545519671 -0.386232 -9.792740 0.351352 
72043564277588 -0.412483 -9.792394 0.330565 
72043583035452 -0.440457 -9.791408 0.323587 
72043601793317 -0.460857 -9.789768 0.344167 
72043620551181 -0.475861 -9.787601 0.383174 
72043639309046 -0.481463 -9.785513 0.426994 
72043658066910 -0.488591 -9.783836 0.456300 
72043676824775 -0.507158 -9.783014 0.453671 
72043695582640 -0.531658 -9.782884 0.427681 
72043714340504 -0.551463 -9.782730 0.405536 
72043733098369 -0.555911 -9.782664 0.401036 
72043751856233 -0.555094 -9.782844 0.397768 
72043770614150 -0.557537 -9.782906 0.392829 
72043789371963 -0.563945 -9.782844 0.385134 
72043808129879 -0.572596 -9.782640 0.377473 
72043826887692 -0.580898 -9.782378 0.371491 
72043845645608 -0.588198 -9.782214 0.364301 
72043864403421 -0.592897 -9.782296 0.354328 
72043883161338 -0.595330 -9.782531 0.343600 
72043901919150 -0.596788 -9.782865 0.331379 
72043920677067 -0.597837 -9.783222 0.318654 
72043939434931 -0.598440 -9.783504 0.308724 
72043958192796 -0.598909 -9.783693 0.301708 
72043976950660 -0.599729 -9.783784 0.297123 
72043995708525 -0.600728 -9.783831 0.293540 
72044014466390 -0.602474 -9.783816 0.290446 
72044033224254 -0.605906 -9.783697 0.287308 
72044051982171 -0.610026 -9.783559 0.283270 
72044070739983 -0.609510 -9.784053 0.266832 
72044089497900 -0.603167 -9.784819 0.252783 
72044108255713 -0.589246 -9.786028 0.238375 
72044127013629 -0.576673 -9.787079 0.225645 
72044145771442 -0.565874 -9.787958 0.214597 
72044164529358 -0.566138 -9.788258 0.199740 
72044183287223 -0.567574 -9.788453 0.185568 
72044202045088 -0.563759 -9.788993 0.167876 
72044220802952 -0.562199 -9.789348 0.151664 
72044239560817 -0.559381 -9.789700 0.138833 
72044258318681 -0.551328 -9.790273 0.130376 
72044277076546 -0.548912 -9.790541 0.119979 
72044295834463 -0.548092 -9.790715 0.109009 
72044314592275 -0.547985 -9.790799 0.101732 
72044333350192 -0.550430 -9.790706 0.097501 
72044352108004 -0.552266 -9.790663 0.091224 
72044370865921 -0.552036 -9.790730 0.085013 
72044389623785 -0.551715 -9.790787 0.080556 
72044408381650 -0.550710 -9.790899 0.073371 
72044427139515 -0.546416 -9.791190 0.066493 
72044445897379 -0.546230 -9.791246 0.059333 
72044464655296 -0.543788 -9.791424 0.051954 
72044483413108 -0.541399 -9.791602 0.042478 
72044502171025 -0.537837 -9.791824 0.036005 
72044520928838 -0.534626 -9.792014 0.032160 
72044539686754 -0.531773 -9.792175 0.030174 
72044558444619 -0.528405 -9.792370 0.025557 
72044577202483 -0.526139 -9.792512 0.016093 
72044595960348 -0.526564 -9.792502 0.003741 
72044614718213 -0.522521 -9.792719 -0.005830 
72044633476129 -0.512746 -9.793235 -0.006005 
72044652233942 -0.516334 -9.793040 -0.012591 
72044670991858 -0.555172 -9.790864 -0.033708 
72044689749671 -0.624101 -9.786469 -0.077018 
72044708507588 -0.652189 -9.784547 -0.087645 
72044727265452 -0.642646 -9.785260 -0.078074 
72044746023317 -0.649446 -9.784763 -0.083733 
72044764781181 -0.666790 -9.783484 -0.095955 
72044783539046 -0.667180 -9.783210 -0.118593 
72044802296963 -0.681723 -9.782298 -0.110907 
72044821054775 -0.684330 -9.782248 -0.098395 
72044839812692 -0.693458 -9.781698 -0.088812 
72044858570504 -0.708164 -9.780680 -0.084776 
72044877328421 -0.721053 -9.779767 -0.081467 
72044896086285 -0.730925 -9.779022 -0.082838 
72044914844150 -0.734910 -9.778629 -0.093262 
72044933601963 -0.732138 -9.778606 -0.114874 
72044952359879 -0.725163 -9.778605 -0.152989 
72044971117796 -0.714832 -9.778444 -0.203523 
72044989875608 -0.703345 -9.777644 -0.270854 
72045008633525 -0.690606 -9.775582 -0.362545 
72045027391390 -0.681204 -9.771007 -0.483511 
72045046149254 -0.676626 -9.761935 -0.645904 
72045064907119 -0.669819 -9.746933 -0.847954 
72045083664983 -0.661614 -9.723361 -1.090374 
72045102422900 -0.660674 -9.689589 -1.358596 
72045121180713 -0.653586 -9.647791 -1.631974 
72045139938629 -0.628616 -9.599970 -1.901529 
72045158696494 -0.576695 -9.550817 -2.149350 
72045177454358 -0.499617 -9.506944 -2.353464 
72045196212275 -0.415970 -9.472259 -2.504730 
72045214970088 -0.337821 -9.444787 -2.617683 
72045233728004 -0.258196 -9.426617 -2.691211 
72045252485817 -0.158142 -9.418015 -2.728809 
72045271243733 -0.030351 -9.417659 -2.734441 
72045290001598 0.116356 -9.426318 -2.702103 
72045308759463 0.264137 -9.441166 -2.639130 
72045327517379 0.406731 -9.459073 -2.555558 
72045346275192 0.519790 -9.480375 -2.454120 
72045365033108 0.592174 -9.504028 -2.343748 
72045383790973 0.629737 -9.527769 -2.235042 
72045402548838 0.633175 -9.550214 -2.136093 
72045421306754 0.607123 -9.569305 -2.056740 
72045440064567 0.564529 -9.586186 -1.989151 
72045458822483 0.528056 -9.601749 -1.923006 
72045477580348 0.505750 -9.617325 -1.849777 
72045496338213 0.472041 -9.635024 -1.764622 
72045515096129 0.415614 -9.654534 -1.669618 
72045533853942 0.353652 -9.672039 -1.580185 
72045552611858 0.301543 -9.685001 -1.510038 
72045571369723 0.264260 -9.693289 -1.463110 
72045590127588 0.238678 -9.698043 -1.435754 
72045608885504 0.233120 -9.699287 -1.428241 
72045627643317 0.249262 -9.709345 -1.355310 
72045646401233 0.212674 -9.725712 -1.239225 
72045665159098 0.080982 -9.734848 -1.181764 
72045683916963 -0.063983 -9.742549 -1.117599 
72045702674879 -0.200276 -9.749868 -1.034575 
72045721432692 -0.345687 -9.752248 -0.971878 
72045740190608 -0.477885 -9.750057 -0.937227 
72045758948473 -0.598801 -9.745407 -0.915900 
72045777706338 -0.699848 -9.743090 -0.867634 
72045796464254 -0.760563 -9.747692 -0.757902 
72045815222067 -0.806126 -9.753260 -0.628064 
72045833979983 -0.833047 -9.757805 -0.511532 
72045852737848 -0.860335 -9.759509 -0.426832 
72045871495713 -0.892405 -9.758969 -0.369470 
72045890253629 -0.924774 -9.757051 -0.339330 
72045909011442 -0.949821 -9.755168 -0.323894 
72045927769358 -0.968614 -9.753603 -0.315277 
72045946527223 -0.979060 -9.752412 -0.319842 
72045965285088 -0.996997 -9.750095 -0.334690 
72045984043004 -1.024566 -9.746987 -0.341884 
72046002800817 -1.057431 -9.743627 -0.337613 
72046021558733 -1.077529 -9.741559 -0.333650 
72046040316598 -1.092983 -9.740183 -0.323442 
72046059074463 -1.102593 -9.739867 -0.299461 
72046077832379 -1.113203 -9.739567 -0.268324 
72046096590192 -1.129694 -9.738425 -0.239268 
72046115348108 -1.151044 -9.736516 -0.213881 
72046134105973 -1.180134 -9.733537 -0.189545 
72046152863785 -1.217226 -9.729373 -0.167468 
72046171621754 -1.253997 -9.724813 -0.160974 
72046190379567 -1.281660 -9.721274 -0.156692 
72046209137483 -1.303717 -9.718514 -0.145540 
72046227895296 -1.327447 -9.715384 -0.139917 
72046246653213 -1.359415 -9.710941 -0.141454 
72046265411077 -1.395363 -9.705647 -0.154115 
72046284168942 -1.434061 -9.699560 -0.179979 
72046302926858 -1.470448 -9.693418 -0.214030 
72046321684723 -1.493013 -9.688961 -0.255602 
72046340442588 -1.496333 -9.687085 -0.302910 
72046359200504 -1.497190 -9.685305 -0.351705 
72046377958317 -1.511248 -9.681427 -0.395596 
72046396716233 -1.533507 -9.675443 -0.452276 
72046415474098 -1.558219 -9.667706 -0.527049 
72046434231963 -1.581793 -9.659408 -0.603449 
72046452989879 -1.598783 -9.650713 -0.691389 
72046471747692 -1.603888 -9.641893 -0.794874 
72046490505556 -1.598994 -9.632880 -0.906215 
72046509263525 -1.593636 -9.622213 -1.021637 
72046528021338 -1.607356 -9.605538 -1.149090 
72046546779254 -1.605829 -9.587773 -1.290854 
72046565537119 -1.557200 -9.580335 -1.400961 
72046584294983 -1.471985 -9.584154 -1.465482 
72046603052848 -1.359206 -9.597718 -1.485509 
72046621810713 -1.225816 -9.618698 -1.465743 
72046640568629 -1.069261 -9.644721 -1.416477 
72046659326494 -0.889871 -9.675588 -1.327223 
72046678084358 -0.715370 -9.707922 -1.189478 
72046696842275 -0.624732 -9.731312 -1.040041 
72046715600140 -0.675265 -9.738193 -0.939147 
72046734358004 -0.782103 -9.734281 -0.895810 
72046753115921 -0.873659 -9.726815 -0.892295 
72046771873733 -0.991101 -9.712312 -0.926880 
72046790631650 -1.094993 -9.697044 -0.968865 
72046809389567 -1.153794 -9.690147 -0.969636 
72046828147379 -1.184203 -9.690336 -0.930288 
72046846905296 -1.209490 -9.694001 -0.856651 
72046865663160 -1.220262 -9.699331 -0.777379 
72046884421025 -1.205032 -9.707709 -0.691871 
72046903178942 -1.184691 -9.715852 -0.607543 
72046921936754 -1.186338 -9.719648 -0.539830 
72046940694671 -1.208616 -9.719380 -0.493242 
72046959452588 -1.236534 -9.717427 -0.461482 
72046978210400 -1.263242 -9.715130 -0.436869 
72046996968317 -1.282194 -9.713769 -0.411164 
72047015726233 -1.285817 -9.714516 -0.381115 
72047034484046 -1.278427 -9.716797 -0.346219 
72047053241963 -1.265303 -9.719720 -0.310552 
72047071999827 -1.254793 -9.722113 -0.276403 
72047090757692 -1.252143 -9.723290 -0.245282 
72047109515608 -1.254552 -9.723545 -0.221733 
72047128273421 -1.259342 -9.723325 -0.203464 
72047147031338 -1.264039 -9.723097 -0.184355 
72047165789254 -1.266410 -9.723137 -0.164916 
72047184547067 -1.262840 -9.723926 -0.144542 
72047203304983 -1.255215 -9.725170 -0.126056 
72047222062848 -1.247206 -9.726373 -0.111979 
72047240820713 -1.240966 -9.727294 -0.100652 
72047259578629 -1.236585 -9.727945 -0.091213 
72047278336494 -1.233828 -9.728346 -0.085678 
72047297094358 -1.229390 -9.728939 -0.082139 
72047315852275 -1.221457 -9.729979 -0.077071 
72047334610088 -1.212452 -9.731162 -0.069510 
72047353368004 -1.205158 -9.732113 -0.063078 
72047372125921 -1.187705 -9.734277 -0.059944 
72047390883785 -1.169153 -9.736537 -0.057460 
72047409641650 -1.152133 -9.738591 -0.053033 
72047428399567 -1.137590 -9.740336 -0.046076 
72047447157379 -1.128068 -9.741463 -0.041844 
72047465915296 -1.119178 -9.742505 -0.037466 
72047484673213 -1.112261 -9.743322 -0.030734 
72047503431025 -1.105890 -9.744057 -0.027446 
72047522188942 -1.100480 -9.744684 -0.021509 
72047540946858 -1.098993 -9.744857 -0.019120 
72047559704671 -1.094441 -9.745379 -0.012907 
72047578462588 -1.091637 -9.745699 -0.008611 
72047597220504 -1.089452 -9.745947 -0.001025 
72047615978317 -1.084816 -9.746463 0.005297 
72047634736233 -1.080127 -9.746980 0.009367 
72047653494098 -1.081045 -9.746876 0.012708 
72047672251963 -1.082304 -9.746735 0.012995 
72047691009879 -1.077477 -9.747268 0.014894 
72047709767744 -1.075181 -9.747520 0.014889 
72047728525608 -1.071346 -9.747944 0.013942 
72047747283525 -1.064710 -9.748672 0.013852 
72047766041338 -1.060490 -9.749134 0.011553 
72047784799254 -1.055232 -9.749707 0.008817 
72047803557171 -1.047918 -9.750499 0.006213 
72047822314983 -1.039333 -9.751419 0.003684 
72047841072900 -1.035821 -9.751792 -0.002232 
72047859830817 -1.030271 -9.752378 -0.005786 
72047878588629 -1.027481 -9.752671 -0.008293 
72047897346546 -1.025692 -9.752858 -0.010508 
72047916104463 -1.020365 -9.753415 -0.011452 
72047934862275 -1.016338 -9.753829 -0.016656 
72047953620192 -1.008170 -9.754682 -0.013107 
72047972378056 -1.006228 -9.754887 -0.009125 
72047991135921 -1.010541 -9.754440 -0.008165 
72048009893838 -1.016682 -9.753804 -0.007489 
72048028651754 -1.016766 -9.753797 -0.006326 
72048047409567 -1.015506 -9.753929 -0.002065 
72048066167483 -1.018176 -9.753651 0.001141 
72048084925400 -1.025291 -9.752906 -0.000047 
72048103683213 -1.026873 -9.752739 -0.000864 
72048122441129 -1.023360 -9.753099 0.013655 
72048141199046 -1.024808 -9.752904 0.032185 
72048159956858 -1.028083 -9.752509 0.044693 
72048178714775 -1.029177 -9.752321 0.058237 
72048197472640 -1.017569 -9.753375 0.081385 
72048216230504 -1.001689 -9.754542 0.126082 
72048234988421 -1.009931 -9.753119 0.164578 
72048253746338 -1.031900 -9.750498 0.182594 
72048272504150 -1.050746 -9.748411 0.186535 
72048291262067 -1.072202 -9.746073 0.186703 
72048310019983 -1.085113 -9.744491 0.194454 
72048328777796 -1.089164 -9.743720 0.209854 
72048347535713 -1.076808 -9.744550 0.233741 
72048366293577 -1.050515 -9.747083 0.247335 
72048385051442 -1.026505 -9.749557 0.250586 
72048403809358 -1.018031 -9.750134 0.262501 
72048422567275 -1.010394 -9.749659 0.306008 
72048441325088 -1.015393 -9.748069 0.338393 
72048460083004 -1.038102 -9.745535 0.342450 
72048478840921 -1.074831 -9.742822 0.304211 
72048497598733 -1.102963 -9.740687 0.269974 
72048516356650 -1.115882 -9.740945 0.197964 
72048535114567 -1.117476 -9.742396 0.085746 
72048553872379 -1.109784 -9.743364 -0.074784 
72048572630296 -1.085146 -9.742264 -0.284837 
72048591388213 -1.041391 -9.736045 -0.543429 
72048610146025 -0.981327 -9.721296 -0.838925 
72048628903942 -0.903595 -9.695988 -1.158327 
72048647661858 -0.780763 -9.661255 -1.490288 
72048666419671 -0.602955 -9.614288 -1.836377 
72048685177588 -0.408016 -9.550620 -2.188509 
72048703935504 -0.305748 -9.460122 -2.565736 
72048722693317 -0.314731 -9.376586 -2.854990 
72048741451233 -0.373642 -9.308497 -3.063113 
72048760209150 -0.452072 -9.249865 -3.225836 
72048778966963 -0.520363 -9.208219 -3.332916 
72048797724879 -0.571538 -9.182381 -3.395237 
72048816482744 -0.604878 -9.168286 -3.427397 
72048835240660 -0.619872 -9.164673 -3.434375 
72048853998525 -0.619597 -9.167615 -3.426563 
72048872756442 -0.606429 -9.176656 -3.404647 
72048891514254 -0.584191 -9.192005 -3.366921 
72048910272171 -0.566495 -9.208344 -3.325039 
72048929030088 -0.575688 -9.219606 -3.292084 
72048947787952 -0.603511 -9.222725 -3.278340 
72048966545817 -0.623297 -9.227621 -3.260812 
72048985303733 -0.658044 -9.234941 -3.233149 
72049004061598 -0.693531 -9.238958 -3.214196 
72049022819463 -0.716634 -9.236598 -3.215909 
72049041577379 -0.722823 -9.234280 -3.221180 
72049060335296 -0.711895 -9.233804 -3.224977 
72049079093108 -0.695763 -9.232903 -3.231070 
72049097851025 -0.682530 -9.233213 -3.233006 
72049116608942 -0.667726 -9.239438 -3.218277 
72049135366754 -0.643748 -9.257462 -3.171023 
72049154124671 -0.617949 -9.290789 -3.077300 
72049172882588 -0.598412 -9.338517 -2.933324 
72049191640452 -0.593453 -9.398417 -2.736413 
72049210398317 -0.625365 -9.456985 -2.518874 
72049229156233 -0.636959 -9.496805 -2.361221 
72049247914098 -0.610967 -9.505520 -2.332853 
72049266671963 -0.592708 -9.496980 -2.372018 
72049285429879 -0.559831 -9.512451 -2.317380 
72049304187744 -0.540571 -9.570004 -2.072004 
72049322945608 -0.559580 -9.624825 -1.794437 
72049341703525 -0.519912 -9.660384 -1.605318 
72049360461390 -0.437650 -9.689305 -1.447831 
72049379219254 -0.378649 -9.718692 -1.254606 
72049397977171 -0.405136 -9.743184 -1.037601 
72049416735088 -0.471173 -9.761300 -0.815724 
72049435492900 -0.531761 -9.774464 -0.589478 
72049454250817 -0.577624 -9.782590 -0.371055 
72049473008733 -0.608218 -9.786112 -0.180166 
72049491766598 -0.633638 -9.786153 0.010880 
72049510524463 -0.665958 -9.781728 0.211382 
72049529282379 -0.693329 -9.773582 0.408370 
72049548040192 -0.726855 -9.762059 0.586746 
72049566798108 -0.770831 -9.747794 0.746141 
72049585556025 -0.821408 -9.731745 0.888163 
72049604313890 -0.873242 -9.714430 1.018670 
72049623071754 -0.923064 -9.695738 1.144989 
72049641829671 -0.975055 -9.674475 1.274436 
72049660587588 -1.031163 -9.649558 1.411779 
72049679345400 -1.099326 -9.621024 1.548476 
72049698103317 -1.179870 -9.589606 1.678615 
72049716861233 -1.259398 -9.556499 1.804889 
72049735619046 -1.327057 -9.526936 1.909665 
72049754376963 -1.368225 -9.505647 1.985203 
72049773134879 -1.392913 -9.494273 2.022115 
72049791892692 -1.413600 -9.493921 2.009376 
72049810650608 -1.419977 -9.505284 1.950291 
72049829408525 -1.414327 -9.531936 1.819966 
72049848166390 -1.402026 -9.573797 1.595968 
72049866924254 -1.354293 -9.630836 1.258285 
72049885682171 -1.249090 -9.693454 0.804435 
72049904440035 -1.102822 -9.740602 0.273579 
72049923197900 -0.946636 -9.757567 -0.253262 
72049941955817 -0.804244 -9.744217 -0.757502 
72049960713733 -0.642037 -9.708941 -1.222555 
72049979471546 -0.420153 -9.667999 -1.588602 
72049998229463 -0.193022 -9.625324 -1.867153 
72050016987379 0.005662 -9.562927 -2.172736 
72050035745192 0.172702 -9.484711 -2.486128 
72050054503108 0.304324 -9.400758 -2.775525 
72050073261025 0.382820 -9.308571 -3.061755 
72050092018838 0.416054 -9.207216 -3.350291 
72050110776754 0.413437 -9.106633 -3.615063 
72050129534619 0.391970 -9.020738 -3.826623 
72050148292535 0.347773 -8.945102 -4.004323 
72050167050400 0.302864 -8.891564 -4.125380 
72050185808317 0.278410 -8.862841 -4.188429 
72050204566233 0.274404 -8.858462 -4.197947 
72050223324046 0.282612 -8.874450 -4.163490 
72050242081963 0.280592 -8.914262 -4.077696 
72050260839879 0.261375 -8.986279 -3.917763 
72050279597692 0.218838 -9.086847 -3.681265 
72050298355608 0.147458 -9.197569 -3.399024 
72050317113525 0.066793 -9.293280 -3.130637 
72050335871390 0.004683 -9.336644 -2.999572 
72050354629254 -0.022619 -9.277744 -3.177000 
72050373387171 0.020474 -9.169869 -3.476129 
72050392145088 0.111984 -9.088696 -3.681502 
72050410902900 0.156775 -9.056406 -3.758631 
72050429660817 0.140125 -9.092564 -3.670972 
72050448418733 0.059966 -9.176064 -3.459281 
72050467176598 0.003390 -9.170005 -3.475831 
72050485934463 0.124363 -9.110060 -3.627913 
72050504692379 0.255413 -9.164374 -3.481291 
72050523450244 0.216746 -9.260433 -3.219906 
72050542208108 0.122115 -9.384388 -2.844071 
72050560966025 0.004284 -9.494139 -2.455950 
72050579723942 -0.016570 -9.563169 -2.171620 
72050598481754 -0.014641 -9.614170 -1.933363 
72050617239671 -0.073423 -9.664813 -1.660234 
72050635997588 -0.178287 -9.714697 -1.327882 
72050654755400 -0.294758 -9.751060 -1.000169 
72050673513317 -0.366939 -9.774327 -0.705873 
72050692271233 -0.398800 -9.788740 -0.438077 
72050711029098 -0.451507 -9.794209 -0.200008 
72050729786963 -0.509028 -9.793377 0.032347 
72050748544879 -0.541946 -9.788877 0.233637 
72050767302744 -0.572941 -9.781006 0.417202 
72050786060608 -0.633416 -9.768802 0.582835 
72050804818525 -0.707398 -9.752883 0.742475 
72050823576442 -0.788753 -9.733037 0.903466 
72050842334254 -0.884274 -9.708099 1.068291 
72050861092171 -0.984557 -9.677602 1.243005 
72050879850035 -1.082672 -9.642762 1.419631 
72050898607900 -1.183310 -9.606071 1.579103 
72050917365817 -1.284954 -9.571000 1.707407 
72050936123733 -1.366595 -9.541330 1.807154 
72050954881546 -1.430990 -9.520935 1.863985 
72050973639463 -1.476309 -9.510717 1.880734 
72050992397379 -1.518969 -9.509218 1.854158 
72051011155192 -1.556589 -9.523880 1.744455 
72051029913108 -1.558487 -9.560200 1.531041 
72051048671025 -1.491334 -9.617426 1.204754 
72051067428890 -1.361642 -9.680733 0.774427 
72051086186754 -1.215809 -9.727585 0.257435 
72051104944671 -1.049168 -9.745916 -0.294544 
72051123702535 -0.871639 -9.730324 -0.855241 
72051142460400 -0.703398 -9.683529 -1.380175 
72051161218317 -0.487719 -9.628886 -1.793619 
72051179976181 -0.258842 -9.580135 -2.079518 
72051198734046 -0.053566 -9.512441 -2.383481 
72051217491963 0.117869 -9.426636 -2.700933 
72051236249879 0.263667 -9.331899 -3.002754 
72051255007692 0.341976 -9.228748 -3.299037 
72051273765608 0.357286 -9.112635 -3.605916 
72051292523525 0.332476 -8.997740 -3.885939 
72051311281338 0.279028 -8.892544 -4.124947 
72051330039254 0.179804 -8.796211 -4.331827 
72051348797171 0.072453 -8.722255 -4.481899 
72051367554983 -0.011150 -8.685974 -4.552374 
72051386312900 -0.041203 -8.693894 -4.537057 
72051405070817 -0.032195 -8.733921 -4.459593 
72051423828681 -0.010604 -8.793711 -4.340614 
72051442586546 0.002154 -8.876214 -4.169319 
72051461344463 0.000590 -8.978865 -3.943395 
72051480102327 -0.033554 -9.091146 -3.676999 
72051498860192 -0.107654 -9.194944 -3.407610 
72051517618108 -0.200183 -9.258799 -3.225673 
72051536376025 -0.285256 -9.244030 -3.261431 
72051555133838 -0.248359 -9.156226 -3.503173 
72051573891754 -0.109497 -9.075454 -3.714100 
72051592649671 0.013197 -9.032676 -3.818505 
72051611407483 0.079997 -9.064814 -3.740741 
72051630165400 0.027287 -9.152390 -3.521843 
72051648923317 -0.047470 -9.162390 -3.495534 
72051667681129 0.034737 -9.074952 -3.716778 
72051686439046 0.210294 -9.093023 -3.666483 
72051705196963 0.260237 -9.179992 -3.439536 
72051723954775 0.219980 -9.312931 -3.064524 
72051742712692 0.162492 -9.437016 -2.662090 
72051761470608 0.148237 -9.517721 -2.358262 
72051780228473 0.154782 -9.571467 -2.129185 
72051798986338 0.096336 -9.626915 -1.866448 
72051817744202 0.000195 -9.689562 -1.510890 
72051836502119 -0.109614 -9.740254 -1.133942 
72051855259983 -0.201864 -9.770188 -0.820398 
72051874017900 -0.270967 -9.787516 -0.549091 
72051892775765 -0.346789 -9.796213 -0.290387 
72051911533629 -0.426892 -9.797248 -0.045621 
72051930291546 -0.458227 -9.794205 0.184280 
72051949049410 -0.481174 -9.786451 0.405245 
72051967807275 -0.541736 -9.772415 0.613853 
72051986565192 -0.624908 -9.754128 0.798034 
72052005323056 -0.716638 -9.732138 0.970723 
72052024080921 -0.818735 -9.706278 1.134999 
72052042838838 -0.928191 -9.675257 1.303164 
72052061596702 -1.040052 -9.640154 1.468375 
72052080354567 -1.149500 -9.602337 1.626090 
72052099112483 -1.250443 -9.565462 1.763157 
72052117870348 -1.342051 -9.533252 1.867188 
72052136628213 -1.417396 -9.508769 1.935123 
72052155386129 -1.476835 -9.494094 1.962537 
72052174143994 -1.511581 -9.488177 1.964691 
72052192901858 -1.528172 -9.494458 1.921025 
72052211659775 -1.532638 -9.516150 1.806739 
72052230417640 -1.499241 -9.555500 1.617121 
72052249175504 -1.423499 -9.608797 1.347242 
72052267933421 -1.328311 -9.667928 0.968067 
72052286691285 -1.233017 -9.717326 0.472892 
72052305449150 -1.141316 -9.739783 -0.066202 
72052324207067 -1.051844 -9.731083 -0.608302 
72052342964931 -0.969515 -9.691991 -1.138310 
72052361722796 -0.840369 -9.638443 -1.601430 
72052380480713 -0.688451 -9.579627 -1.981711 
72052399238525 -0.544718 -9.512793 -2.319581 
72052417996442 -0.427806 -9.430305 -2.656449 
72052436754358 -0.290753 -9.343481 -2.963987 
72052455512171 -0.185070 -9.249703 -3.252556 
72052474270088 -0.134082 -9.141129 -3.548542 
72052493028004 -0.103781 -9.031340 -3.820278 
72052511785817 -0.099792 -8.928447 -4.055030 
72052530543733 -0.141008 -8.835070 -4.253477 
72052549301650 -0.206851 -8.766756 -4.389943 
72052568059463 -0.266881 -8.731349 -4.456759 
72052586817379 -0.291305 -8.726420 -4.464876 
72052605575296 -0.292081 -8.745415 -4.427505 
72052624333108 -0.288809 -8.787508 -4.343578 
72052643091025 -0.291820 -8.859546 -4.194482 
72052661848942 -0.298639 -8.964917 -3.963769 
72052680606754 -0.320863 -9.087369 -3.672488 
72052699364671 -0.363656 -9.201836 -3.371107 
72052718122588 -0.415216 -9.278155 -3.148622 
72052736880400 -0.472252 -9.269073 -3.167277 
72052755638317 -0.475829 -9.172537 -3.436356 
72052774396181 -0.403178 -9.074650 -3.695748 
72052793154046 -0.320635 -9.014950 -3.846852 
72052811911963 -0.269969 -9.032342 -3.809765 
72052830669879 -0.254647 -9.123642 -3.586740 
72052849427692 -0.262915 -9.205995 -3.369114 
72052868185608 -0.157461 -9.164286 -3.487326 
72052886943525 0.053787 -9.163350 -3.492920 
72052905701338 0.083990 -9.224921 -3.326284 
72052924459254 0.016553 -9.334868 -3.005055 
72052943217171 -0.024796 -9.466903 -2.558815 
72052961974983 -0.046458 -9.573256 -2.126262 
72052980732900 -0.033572 -9.636073 -1.820814 
72052999490765 -0.079659 -9.687527 -1.521793 
72053018248629 -0.205974 -9.736173 -1.155377 
72053037006546 -0.363696 -9.768999 -0.777669 
72053055764410 -0.478972 -9.784981 -0.441722 
72053074522275 -0.545072 -9.790246 -0.156062 
72053093280192 -0.609507 -9.787288 0.088802 
72053112038056 -0.664769 -9.779732 0.292115 
72053130795921 -0.723817 -9.768620 0.469627 
72053149553785 -0.773826 -9.755434 0.634894 
72053168311650 -0.819216 -9.738572 0.812084 
72053187069567 -0.868489 -9.719266 0.975693 
72053205827483 -0.943205 -9.696127 1.125113 
72053224585296 -1.046582 -9.666764 1.276213 
72053243343213 -1.167890 -9.631100 1.431205 
72053262101077 -1.289944 -9.589521 1.596093 
72053280858942 -1.410938 -9.546334 1.745609 
72053299616858 -1.517940 -9.508334 1.859522 
72053318374723 -1.597548 -9.479416 1.938788 
72053337132588 -1.656432 -9.462787 1.970350 
72053355890504 -1.690727 -9.456676 1.970559 
72053374648317 -1.705377 -9.460233 1.940636 
72053393406233 -1.701233 -9.481540 1.837554 
72053412164150 -1.662474 -9.525583 1.633961 
72053430921963 -1.581660 -9.586125 1.332269 
72053449679879 -1.444469 -9.654264 0.937585 
72053468437744 -1.281466 -9.711358 0.466651 
72053487195608 -1.140784 -9.739817 -0.070458 
72053505953525 -1.007427 -9.733205 -0.648230 
72053524711338 -0.881583 -9.695881 -1.176044 
72053543469254 -0.727426 -9.647123 -1.604444 
72053562227171 -0.516166 -9.595503 -1.957109 
72053580984983 -0.302765 -9.534563 -2.273943 
72053599742900 -0.097955 -9.453061 -2.607764 
72053618500713 0.088519 -9.358850 -2.928221 
72053637258629 0.183603 -9.248449 -3.256205 
72053656016546 0.188504 -9.124339 -3.589051 
72053674774358 0.169353 -8.999548 -3.892280 
72053693532275 0.131790 -8.875431 -4.168901 
72053712290192 0.061177 -8.769248 -4.389411 
72053731048004 -0.029709 -8.696505 -4.532142 
72053749805921 -0.113066 -8.659145 -4.601827 
72053768563785 -0.146618 -8.658769 -4.601590 
72053787321650 -0.141391 -8.695324 -4.532300 
72053806079567 -0.124414 -8.766319 -4.393923 
72053824837431 -0.114613 -8.872815 -4.174973 
72053843595296 -0.124459 -9.009505 -3.870883 
72053862353213 -0.173004 -9.148497 -3.527812 
72053881111025 -0.274248 -9.252244 -3.239006 
72053899868942 -0.427119 -9.287824 -3.118378 
72053918626806 -0.546673 -9.201449 -3.347369 
72053937384671 -0.514086 -9.078758 -3.671821 
72053956142588 -0.462968 -8.998040 -3.871863 
72053974900452 -0.419587 -8.980200 -3.917952 
72053993658317 -0.436435 -9.030413 -3.798888 
72054012416233 -0.514577 -9.097075 -3.626132 
72054031174046 -0.426438 -9.043368 -3.769088 
72054049931910 -0.250712 -9.040041 -3.792782 
72054068689827 -0.167722 -9.120503 -3.599818 
72054087447692 -0.160181 -9.246545 -3.262843 
72054106205608 -0.252445 -9.380848 -2.847167 
72054124963421 -0.311772 -9.484138 -2.474737 
72054143721338 -0.287959 -9.559563 -2.168467 
72054162479254 -0.298559 -9.623594 -1.862168 
72054181237067 -0.363947 -9.681890 -1.516220 
72054199994983 -0.479844 -9.728920 -1.135009 
72054218752848 -0.586215 -9.758551 -0.772923 
72054237510713 -0.635409 -9.776074 -0.441596 
72054256268629 -0.677675 -9.782123 -0.145646 
72054275026442 -0.740868 -9.777942 0.115598 
72054293784358 -0.778010 -9.769585 0.346846 
72054312542223 -0.821834 -9.756305 0.556336 
72054331300088 -0.884648 -9.737332 0.756395 
72054350058004 -0.956576 -9.713495 0.950460 
72054368815817 -1.038096 -9.685856 1.130013 
72054387573733 -1.138358 -9.652932 1.302084 
72054406331650 -1.259879 -9.614058 1.467299 
72054425089463 -1.389023 -9.571769 1.619340 
72054443847379 -1.514411 -9.527773 1.760255 
72054462605192 -1.629092 -9.485736 1.880759 
72054481363108 -1.722994 -9.451416 1.967844 
72054500120973 -1.792404 -9.428075 2.017195 
72054518878838 -1.845383 -9.413673 2.036590 
72054537636702 -1.880597 -9.408877 2.026516 
72054556394567 -1.900509 -9.417327 1.967842 
72054575152483 -1.901387 -9.445918 1.824761 
72054593910348 -1.837795 -9.499733 1.596233 
72054612668213 -1.702583 -9.570887 1.292180 
72054631426129 -1.545606 -9.641106 0.911358 
72054650183942 -1.420128 -9.693880 0.426959 
72054668941858 -1.314231 -9.717566 -0.110054 
72054687699723 -1.197238 -9.711301 -0.653947 
72054706457588 -1.077576 -9.673776 -1.194680 
72054725215504 -0.904125 -9.629117 -1.622669 
72054743973317 -0.681041 -9.584486 -1.960660 
72054762731233 -0.481158 -9.520543 -2.301766 
72054781489098 -0.318625 -9.445566 -2.617278 
72054800246963 -0.173497 -9.364070 -2.907660 
72054819004879 -0.081879 -9.263422 -3.217562 
72054837762692 -0.042710 -9.151126 -3.524977 
72054856520608 -0.040226 -9.045077 -3.788845 
72054875278473 -0.070620 -8.950116 -4.007595 
72054894036338 -0.115766 -8.869406 -4.182178 
72054912794254 -0.163652 -8.815974 -4.292109 
72054931552067 -0.199093 -8.789814 -4.343953 
72054950309983 -0.204742 -8.788251 -4.346851 
72054969067848 -0.192501 -8.812791 -4.297447 
72054987825713 -0.181087 -8.869758 -4.179115 
72055006583629 -0.179243 -8.958185 -3.986120 
72055025341442 -0.186671 -9.063574 -3.739945 
72055044099306 -0.223364 -9.170566 -3.467163 
72055062857223 -0.269084 -9.261568 -3.212682 
72055081615088 -0.327121 -9.305471 -3.077593 
72055100373004 -0.386757 -9.259111 -3.207751 
72055119130817 -0.353307 -9.151285 -3.507072 
72055137888733 -0.268778 -9.052192 -3.762440 
72055156646598 -0.219484 -9.013827 -3.856570 
72055175404463 -0.180549 -9.067118 -3.731643 
72055194162379 -0.176553 -9.178899 -3.447757 
72055212920192 -0.233214 -9.239851 -3.277370 
72055231678108 -0.155431 -9.176054 -3.456335 
72055250435973 0.002444 -9.185987 -3.433367 
72055269193838 0.065303 -9.263687 -3.217175 
72055287951754 0.009297 -9.383051 -2.851079 
72055306709567 -0.097925 -9.509022 -2.395685 
72055325467431 -0.154624 -9.603172 -1.981305 
72055344225348 -0.170217 -9.656007 -1.703808 
72055362983213 -0.227478 -9.698458 -1.434765 
72055381741077 -0.345570 -9.735359 -1.128609 
72055400498942 -0.469651 -9.761260 -0.817073 
72055419256858 -0.542890 -9.777520 -0.525137 
72055438014723 -0.587214 -9.785418 -0.266765 
72055456772588 -0.653647 -9.784819 -0.021793 
72055475530504 -0.725259 -9.777817 0.196672 
72055494288317 -0.753286 -9.770020 0.386845 
72055513046233 -0.770708 -9.759629 0.571001 
72055531804046 -0.819727 -9.742861 0.758354 
72055550561910 -0.891141 -9.721498 0.932055 
72055569319827 -0.981478 -9.695423 1.098119 
72055588077692 -1.090412 -9.662663 1.270554 
72055606835608 -1.203736 -9.623225 1.454277 
72055625593421 -1.323120 -9.578608 1.634025 
72055644351338 -1.442755 -9.534459 1.784076 
72055663109202 -1.558073 -9.496284 1.887694 
72055681867067 -1.640978 -9.467128 1.962414 
72055700624983 -1.689664 -9.449922 2.003596 
72055719382796 -1.717824 -9.445151 2.002143 
72055738140713 -1.741726 -9.447727 1.969067 
72055756898525 -1.759328 -9.463432 1.875793 
72055775656442 -1.751194 -9.496344 1.709732 
72055794414254 -1.686024 -9.548530 1.467409 
72055813172171 -1.581766 -9.610712 1.141321 
72055831930088 -1.470180 -9.670499 0.700295 
72055850687900 -1.354655 -9.711166 0.168981 
72055869445817 -1.230648 -9.721981 -0.372753 
72055888203681 -1.114562 -9.702386 -0.889856 
72055906961546 -0.980290 -9.662790 -1.356430 
72055925719410 -0.765774 -9.620566 -1.740307 
72055944477275 -0.555422 -9.573377 -2.052401 
72055963235192 -0.403326 -9.507221 -2.370750 
72055981993004 -0.284806 -9.424621 -2.695515 
72056000750921 -0.192767 -9.332448 -3.006432 
72056019508785 -0.161726 -9.226489 -3.319053 
72056038266650 -0.144303 -9.114311 -3.616475 
72056057024567 -0.137459 -9.012969 -3.862366 
72056075782379 -0.177147 -8.916435 -4.078750 
72056094540296 -0.230688 -8.831658 -4.256638 
72056113298160 -0.276772 -8.780078 -4.359361 
72056132056025 -0.288959 -8.769191 -4.380432 
72056150813942 -0.271764 -8.792099 -4.335381 
72056169571754 -0.252672 -8.838676 -4.240795 
72056188329671 -0.247505 -8.904816 -4.100413 
72056207087535 -0.245128 -8.984737 -3.922346 
72056225845400 -0.263452 -9.071295 -3.716527 
72056244603265 -0.325441 -9.158399 -3.491162 
72056263361129 -0.406827 -9.220769 -3.313954 
72056282119046 -0.500457 -9.237781 -3.253205 
72056300876910 -0.547181 -9.189175 -3.380839 
72056319634775 -0.498488 -9.107279 -3.602688 
72056338392692 -0.396559 -9.043101 -3.772991 
72056357150504 -0.332697 -9.025154 -3.821818 
72056375908421 -0.355359 -9.077745 -3.693054 
72056394666285 -0.433023 -9.170616 -3.447127 
72056413424150 -0.466206 -9.177135 -3.425383 
72056432182067 -0.344242 -9.098320 -3.643137 
72056450939879 -0.093516 -9.133750 -3.568788 
72056469697744 -0.066863 -9.235925 -3.295998 
72056488455660 -0.081530 -9.349990 -2.956594 
72056507213525 -0.101038 -9.466900 -2.556947 
72056525971442 -0.102052 -9.545078 -2.247545 
72056544729254 -0.088885 -9.596483 -2.017424 
72056563487171 -0.178666 -9.649565 -1.739070 
72056582245035 -0.307605 -9.706054 -1.366856 
72056601002900 -0.418409 -9.751176 -0.953880 
72056619760817 -0.479320 -9.776551 -0.599731 
72056638518629 -0.511509 -9.788177 -0.316780 
72056657276546 -0.573506 -9.789705 -0.055968 
72056676034358 -0.630864 -9.784568 0.186090 
72056694792275 -0.657150 -9.776932 0.387506 
72056713550452 -0.704679 -9.764364 0.575318 
72056732308004 -0.771238 -9.746903 0.757256 
72056751065921 -0.842230 -9.725965 0.930933 
72056769823733 -0.924349 -9.702952 1.081058 
72056788581650 -1.023581 -9.675306 1.229268 
72056807339515 -1.127383 -9.642881 1.383556 
72056826097379 -1.232804 -9.605837 1.542227 
72056844855244 -1.346100 -9.564680 1.695667 
72056863613108 -1.461698 -9.523223 1.828128 
72056882371025 -1.568663 -9.487680 1.921873 
72056901128890 -1.644162 -9.460747 1.990324 
72056919886754 -1.688922 -9.443160 2.035842 
72056938644671 -1.720592 -9.435225 2.046095 
72056957402483 -1.746970 -9.437287 2.013970 
72056976160400 -1.766136 -9.455060 1.911279 
72056994918265 -1.746337 -9.495138 1.721352 
72057013676129 -1.675439 -9.551764 1.458453 
72057032433994 -1.558913 -9.619778 1.095473 
72057051191858 -1.424460 -9.682896 0.618723 
72057069949775 -1.305818 -9.718995 0.079740 
72057088707588 -1.196630 -9.719627 -0.517021 
72057107465504 -1.085252 -9.684951 -1.092860 
72057126223369 -0.939543 -9.634287 -1.571038 
72057144981233 -0.732098 -9.582730 -1.950821 
72057163739150 -0.509944 -9.527123 -2.268101 
72057182496963 -0.336867 -9.453102 -2.587617 
72057201254879 -0.183458 -9.362871 -2.910907 
72057220012744 -0.077779 -9.262115 -3.221419 
72057238770608 -0.033895 -9.149875 -3.528316 
72057257528473 -0.014354 -9.035623 -3.811523 
72057276286338 -0.019063 -8.929424 -4.054063 
72057295044254 -0.054521 -8.831720 -4.262410 
72057313802119 -0.114544 -8.756763 -4.413207 
72057332559983 -0.175507 -8.716166 -4.490883 
72057351317900 -0.212706 -8.713058 -4.495303 
72057370075713 -0.219343 -8.743448 -4.435582 
72057388833629 -0.213216 -8.801888 -4.318758 
72057407591442 -0.210915 -8.886649 -4.141661 
72057426349358 -0.216552 -8.993325 -3.904304 
72057445107223 -0.249419 -9.117634 -3.602350 
72057463865088 -0.334011 -9.246176 -3.250700 
72057482623004 -0.467280 -9.348770 -2.924471 
72057501380817 -0.621507 -9.378405 -2.798149 
72057520138733 -0.673689 -9.291268 -3.064126 
72057538896598 -0.544038 -9.183521 -3.396666 
72057557654463 -0.428972 -9.119433 -3.580824 
72057576412379 -0.383310 -9.118162 -3.589231 
72057595170192 -0.454592 -9.176511 -3.428612 
72057613928108 -0.502603 -9.227849 -3.280939 
72057632685973 -0.403994 -9.174854 -3.439365 
72057651443838 -0.195331 -9.163629 -3.487139 
72057670201754 -0.107603 -9.254005 -3.243795 
72057688959567 -0.189817 -9.353517 -2.940421 
72057707717483 -0.282530 -9.445457 -2.621816 
72057726475348 -0.313481 -9.514798 -2.353874 
72057745233213 -0.304972 -9.559022 -2.168520 
72057763991129 -0.308571 -9.601303 -1.972351 
72057782748942 -0.360081 -9.648249 -1.718147 
72057801506858 -0.429934 -9.693909 -1.419041 
72057820264723 -0.483876 -9.732960 -1.098064 
72057839022588 -0.508084 -9.760455 -0.803580 
72057857780452 -0.524096 -9.777649 -0.541559 
72057876538317 -0.565318 -9.785851 -0.296502 
72057895296233 -0.594293 -9.788388 -0.068291 
72057914054046 -0.627496 -9.785318 0.155538 
72057932811963 -0.688491 -9.775814 0.360305 
72057951569827 -0.763502 -9.761697 0.544716 
72057970327692 -0.847251 -9.743058 0.724822 
72057989085608 -0.940561 -9.719976 0.898770 
72058007843421 -1.046777 -9.692427 1.063723 
72058026601338 -1.153236 -9.661654 1.221833 
72058045359202 -1.255360 -9.629132 1.369040 
72058064117067 -1.349489 -9.597177 1.497817 
72058082874931 -1.437315 -9.567855 1.600205 
72058101632796 -1.507909 -9.546097 1.663921 
72058120390713 -1.545696 -9.533295 1.702203 
72058139148525 -1.567685 -9.529150 1.705302 
72058157906442 -1.592684 -9.531046 1.671194 
72058176664306 -1.603939 -9.541124 1.601475 
72058195422171 -1.579048 -9.563519 1.488666 
72058214180088 -1.514455 -9.597356 1.329493 
72058232937900 -1.443982 -9.636179 1.108764 
72058251695817 -1.379921 -9.676670 0.792639 
72058270453629 -1.321397 -9.709952 0.375680 
72058289211546 -1.276243 -9.722637 -0.109167 
72058307969410 -1.242698 -9.706699 -0.637235 
72058326727275 -1.180629 -9.664953 -1.168407 
72058345485192 -1.062171 -9.612192 -1.627249 
72058364243004 -0.928944 -9.549129 -2.030173 
72058383000869 -0.785197 -9.481475 -2.378126 
72058401758733 -0.654217 -9.409950 -2.682390 
72058420516650 -0.549677 -9.347036 -2.915677 
72058439274515 -0.445871 -9.279157 -3.141468 
72058458032379 -0.347076 -9.202953 -3.369803 
72058476790296 -0.276990 -9.129835 -3.569283 
72058495548108 -0.247609 -9.064496 -3.734164 
72058514306025 -0.244333 -8.999562 -3.888260 
72058533063890 -0.243606 -8.944267 -4.013866 
72058551821754 -0.241739 -8.911412 -4.086402 
72058570579619 -0.258834 -8.898875 -4.112594 
72058589337483 -0.287107 -8.899491 -4.109381 
72058608095400 -0.322633 -8.915301 -4.072309 
72058626853213 -0.369959 -8.951247 -3.988572 
72058645611129 -0.422366 -9.006592 -3.856590 
72058664368994 -0.471992 -9.078541 -3.678004 
72058683126858 -0.526690 -9.160234 -3.461661 
72058701884775 -0.584098 -9.239584 -3.234087 
72058720642588 -0.632553 -9.302489 -3.038743 
72058739400504 -0.657334 -9.337724 -2.923218 
72058758158317 -0.671748 -9.328605 -2.948946 
72058776916233 -0.672592 -9.267970 -3.134124 
72058795674098 -0.625623 -9.169516 -3.420376 
72058814431963 -0.555469 -9.080887 -3.660510 
72058833189879 -0.515112 -9.033709 -3.781157 
72058851947692 -0.540092 -9.039473 -3.763858 
72058870705608 -0.613191 -9.096042 -3.613368 
72058889463473 -0.702463 -9.168836 -3.407252 
72058908221338 -0.768306 -9.229988 -3.222951 
72058926979254 -0.781285 -9.261939 -3.126733 
72058945737067 -0.807091 -9.284887 -3.051206 
72058964494931 -0.803731 -9.313674 -2.963084 
72058983252796 -0.707216 -9.341967 -2.897915 
72059002010713 -0.667454 -9.396276 -2.726701 
72059020768525 -0.785203 -9.449330 -2.502798 
72059039526442 -0.930610 -9.487225 -2.301503 
72059058284358 -0.957093 -9.518517 -2.156890 
72059077042171 -0.917388 -9.547365 -2.043674 
72059095800088 -0.863929 -9.583280 -1.893345 
72059114557900 -0.841271 -9.616353 -1.728700 
72059133315817 -0.850891 -9.639204 -1.591260 
72059152073681 -0.857374 -9.659810 -1.457177 
72059170831546 -0.858941 -9.678097 -1.329298 
72059189589463 -0.867275 -9.692446 -1.214381 
72059208347275 -0.877486 -9.704551 -1.105485 
72059227105192 -0.875841 -9.716685 -0.994641 
72059245863004 -0.865733 -9.728759 -0.878714 
72059264620921 -0.853085 -9.739990 -0.758430 
72059283378785 -0.851408 -9.749093 -0.633002 
72059302136650 -0.864714 -9.755041 -0.511686 
72059320894567 -0.885707 -9.758294 -0.402008 
72059339652379 -0.905496 -9.759872 -0.308810 
72059358410296 -0.921938 -9.760482 -0.231127 
72059377168108 -0.926896 -9.761552 -0.152841 
72059395926025 -0.919646 -9.763241 -0.061429 
72059414683890 -0.908530 -9.764443 0.024636 
72059433441754 -0.895521 -9.765258 0.090462 
72059452199619 -0.882451 -9.765931 0.135117 
72059470957483 -0.883047 -9.765289 0.172407 
72059489715400 -0.890150 -9.764166 0.197725 
72059508473213 -0.887346 -9.763864 0.223513 
72059527231129 -0.870828 -9.764410 0.261401 
72059545988994 -0.866569 -9.763778 0.296808 
72059564746858 -0.877243 -9.761914 0.325370 
72059583504723 -0.886644 -9.760120 0.352596 
72059602262588 -0.896006 -9.758270 0.379105 
72059621020452 -0.904801 -9.756469 0.403764 
72059639778317 -0.907806 -9.755211 0.426776 
72059658536233 -0.907085 -9.754425 0.445824 
72059677294046 -0.912631 -9.753379 0.457264 
72059696051963 -0.925646 -9.751937 0.461817 
72059714809827 -0.945262 -9.750546 0.451357 
72059733567692 -0.970577 -9.749504 0.418965 
72059752325608 -1.000340 -9.748799 0.361411 
72059771083421 -1.033123 -9.748113 0.278116 
72059789841338 -1.059517 -9.747741 0.171390 
72059808599150 -1.073705 -9.747581 0.046943 
72059827357067 -1.078231 -9.746683 -0.099881 
72059846114931 -1.076228 -9.743581 -0.273399 
72059864872796 -1.072256 -9.735927 -0.482061 
72059883630660 -1.067490 -9.720856 -0.731989 
72059902388525 -1.061723 -9.694942 -1.025307 
72059921146442 -1.049985 -9.656366 -1.350001 
72059939904254 -1.023249 -9.609504 -1.667566 
72059958662171 -0.978397 -9.563679 -1.936276 
72059977419983 -0.953964 -9.516890 -2.165445 
72059996177900 -0.972175 -9.476667 -2.327668 
72060014935765 -1.002412 -9.452328 -2.412273 
72060033693629 -1.029337 -9.451015 -2.406065 
72060052451494 -1.039458 -9.471251 -2.320631 
72060071209358 -1.052886 -9.503652 -2.177711 
72060089967275 -1.066555 -9.545880 -1.977120 
72060108725088 -1.088941 -9.590648 -1.733224 
72060127483004 -1.130904 -9.629697 -1.469819 
72060146240817 -1.170304 -9.656409 -1.246808 
72060164998733 -1.171870 -9.672683 -1.111900 
72060183756598 -1.115006 -9.691261 -1.003303 
72060202514463 -1.062228 -9.707507 -0.897977 
72060221272327 -1.107386 -9.705099 -0.868984 
72060240030192 -1.209489 -9.693571 -0.861522 
72060258788108 -1.276458 -9.691079 -0.789959 
72060277545921 -1.307224 -9.695182 -0.681901 
72060296303838 -1.305978 -9.703303 -0.557406 
72060315061650 -1.279724 -9.713190 -0.432002 
72060333819567 -1.250350 -9.721318 -0.320915 
72060352577379 -1.246151 -9.724301 -0.235462 
72060371335296 -1.271678 -9.722156 -0.181386 
72060390093160 -1.309704 -9.717666 -0.148462 
72060408851025 -1.339951 -9.713926 -0.120628 
72060427608890 -1.349310 -9.712956 -0.090643 
72060446366754 -1.336927 -9.714930 -0.056147 
72060465124671 -1.313930 -9.718210 -0.018948 
72060483882483 -1.295981 -9.720628 0.014560 
72060502640400 -1.291374 -9.721187 0.035789 
72060521398213 -1.301269 -9.719812 0.048177 
72060540156129 -1.318959 -9.717353 0.061563 
72060558913942 -1.332759 -9.715322 0.081672 
72060577671858 -1.336421 -9.714501 0.113136 
72060596429723 -1.333219 -9.714457 0.149111 
72060615187588 -1.330258 -9.714319 0.181125 
72060633945452 -1.332712 -9.713556 0.202661 
72060652703317 -1.348373 -9.710990 0.221275 
72060671461181 -1.355492 -9.710144 0.214748 
72060690219046 -1.364564 -9.709133 0.202644 
72060708976963 -1.370064 -9.708661 0.187629 
72060727734775 -1.370938 -9.709044 0.159327 
72060746492692 -1.382354 -9.707675 0.143278 
72060765250504 -1.380500 -9.708279 0.118001 
72060784008421 -1.390020 -9.707183 0.094007 
72060802766285 -1.396066 -9.706543 0.066409 
72060821524150 -1.404368 -9.705432 0.052220 
72060840282015 -1.411814 -9.704348 0.053038 
72060859039827 -1.417862 -9.703372 0.068023 
72060877797744 -1.420832 -9.702824 0.082717 
72060896555608 -1.423792 -9.702298 0.092813 
72060915313525 -1.428851 -9.701531 0.095228 
72060934071338 -1.434315 -9.700765 0.091088 
72060952829254 -1.437776 -9.700354 0.079666 
72060971587067 -1.443214 -9.699647 0.066135 
72060990344983 -1.444317 -9.699554 0.054733 
72061009102796 -1.443832 -9.699668 0.046746 
72061027860713 -1.445021 -9.699502 0.044287 
72061046618577 -1.448102 -9.699047 0.043192 
72061065376442 -1.451329 -9.698579 0.040027 
72061084134306 -1.456104 -9.697873 0.037483 
72061102892171 -1.461324 -9.697096 0.035400 
72061121650035 -1.460429 -9.697227 0.036291 
72061140407900 -1.457503 -9.697655 0.039688 
72061159165765 -1.454272 -9.698135 0.040723 
72061177923629 -1.442429 -9.699945 0.029327 
72061196681546 -1.430065 -9.701809 0.014761 
72061215439358 -1.417426 -9.703673 -0.000111 
72061234197275 -1.406517 -9.705251 -0.014002 
72061252955088 -1.394847 -9.706928 -0.018432 
72061271713004 -1.421968 -9.702977 -0.024893 
72061290470817 -1.420892 -9.703142 -0.022076 
72061309228733 -1.450351 -9.698712 -0.043117 
72061327986598 -1.503403 -9.690457 -0.072229 
72061346744463 -1.520161 -9.687580 -0.101405 
72061365502327 -1.530077 -9.685933 -0.109345 
72061384260192 -1.566136 -9.680228 -0.103919 
72061403018056 -1.585349 -9.677279 -0.085462 
72061421775921 -1.593147 -9.676129 -0.069280 
72061440533785 -1.594272 -9.676003 -0.060443 
72061459291650 -1.547309 -9.683660 -0.054279 
72061478049567 -1.506272 -9.690089 -0.060805 
72061496807379 -1.519182 -9.687742 -0.100575 
72061515565296 -1.525017 -9.686098 -0.155623 
72061534323108 -1.538153 -9.682726 -0.221984 
72061553081025 -1.544182 -9.681979 -0.212532 
72061571838838 -1.577174 -9.677479 -0.171203 
72061590596754 -1.658837 -9.664097 -0.154526 
72061609354619 -1.699507 -9.657104 -0.149668 
72061628112483 -1.702239 -9.657068 -0.117463 
72061646870348 -1.649591 -9.666198 -0.117765 
72061665628213 -1.570966 -9.679070 -0.134369 
72061684386077 -1.528326 -9.686110 -0.117805 
72061703143942 -1.519836 -9.687433 -0.118847 
72061721901754 -1.514181 -9.688148 -0.132033 
72061740659671 -1.503021 -9.689786 -0.139173 
72061759417588 -1.461361 -9.696212 -0.135240 
72061778175400 -1.390028 -9.706823 -0.125661 
72061796933317 -1.315788 -9.717435 -0.102754 
72061815691129 -1.255847 -9.725585 -0.078981 
72061834449046 -1.183871 -9.734577 -0.082759 
72061853206858 -1.093777 -9.744998 -0.095225 
72061871964775 -0.986969 -9.756302 -0.104209 
72061890722640 -0.864162 -9.767766 -0.119827 
72061909480504 -0.734314 -9.778237 -0.131292 
72061928238369 -0.601978 -9.787262 -0.132333 
72061946996233 -0.469769 -9.794538 -0.129336 
72061965754098 -0.329014 -9.800233 -0.132580 
72061984511963 -0.162512 -9.804201 -0.147032 
72062003269827 0.035772 -9.805045 -0.173780 
72062022027692 0.254797 -9.801092 -0.209888 
72062040785608 0.512865 -9.790213 -0.243091 
72062059543421 0.769580 -9.771660 -0.304613 
72062078301338 1.000123 -9.746959 -0.408587 
72062097059150 1.205548 -9.718053 -0.525827 
72062115817067 1.409717 -9.682755 -0.653729 
72062134574879 1.641454 -9.641521 -0.719103 
72062153332796 1.867898 -9.598343 -0.743749 
72062172090660 2.124984 -9.547152 -0.711843 
72062190848525 2.421374 -9.480899 -0.648000 
72062209606390 2.721148 -9.406236 -0.537095 
72062228364254 2.998013 -9.327045 -0.434217 
72062247122119 3.251592 -9.243185 -0.401339 
72062265879983 3.507729 -9.150290 -0.372016 
72062284637900 3.818293 -9.031594 -0.146017 
72062303395713 4.144844 -8.885348 0.203073 
72062322153629 4.418092 -8.731988 0.635016 
72062340911442 4.624196 -8.576287 1.111071 
72062359669358 4.780122 -8.407362 1.623906 
72062378427171 4.763757 -8.273714 2.241129 
72062397185088 4.577453 -8.142262 2.986787 
72062415942952 4.277169 -7.879311 3.973999 
72062434700817 3.815855 -7.496987 5.040320 
72062453458681 3.160641 -7.078039 6.006839 
72062472216546 2.473172 -6.652417 6.767507 
72062490974410 2.077594 -6.299186 7.223174 
72062509732275 1.834661 -6.027309 7.515047 
72062528490192 1.705176 -5.798481 7.722719 
72062547248004 1.743346 -5.532354 7.907224 
72062566005921 1.818394 -5.204723 8.110160 
72062584763733 1.852747 -4.829626 8.331412 
72062603521598 1.838946 -4.483126 8.525858 
72062622279463 1.890544 -4.177197 8.668752 
72062641037379 1.968278 -3.844065 8.804513 
72062659795192 1.964391 -3.479067 8.955872 
72062678553056 1.864586 -3.133539 9.103551 
72062697310921 1.731736 -2.809810 9.234526 
72062716068838 1.677726 -2.491876 9.335211 
72062734826702 1.752094 -2.152258 9.405762 
72062753584567 1.874996 -1.762671 9.462968 
72062772342431 1.966391 -1.331027 9.514834 
72062791100296 2.025910 -0.887674 9.553958 
72062809858160 2.060678 -0.458272 9.576742 
72062828616025 2.061126 -0.059823 9.587417 
72062847373890 2.106670 0.258785 9.574203 
72062866131754 2.276705 0.475976 9.526828 
72062884889619 2.527952 0.583331 9.457250 
72062903647483 2.767373 0.580706 9.390143 
72062922405400 2.879056 0.515975 9.360299 
72062941163213 2.795916 0.434816 9.389579 
72062959921129 2.567500 0.364241 9.457571 
72062978678942 2.518289 0.453922 9.466920 
72062997436858 2.503176 0.609680 9.462177 
72063016194671 2.525515 0.800312 9.442016 
72063034952588 2.696710 0.912647 9.384307 
72063053710452 2.877424 0.909880 9.330752 
72063072468317 2.933290 0.899740 9.314326 
72063091226181 2.879696 0.910009 9.330038 
72063109984046 2.829979 0.915494 9.344704 
72063128741910 2.806468 0.928737 9.350485 
72063147499775 2.808524 0.953394 9.347385 
72063166257692 2.808034 1.010719 9.341508 
72063185015504 2.797735 1.109206 9.333420 
72063203773421 2.785932 1.231220 9.321645 
72063222531233 2.747931 1.351766 9.316222 
72063241289150 2.683666 1.470027 9.317046 
72063260047015 2.629831 1.600446 9.310905 
72063278804879 2.614353 1.750952 9.288149 
72063297562796 2.640366 1.922576 9.246759 
72063316320608 2.677683 2.094994 9.198446 
72063335078525 2.695589 2.243979 9.157989 
72063353836338 2.690658 2.371066 9.127366 
72063372594254 2.681159 2.478616 9.101551 
72063391352119 2.658092 2.574076 9.081799 
72063410109983 2.625894 2.645599 9.070605 
72063428867900 2.593167 2.723599 9.056925 
72063447625713 2.609445 2.793027 9.031067 
72063466383629 2.603688 2.825115 9.022745 
72063485141494 2.564442 2.835458 9.030737 
72063503899358 2.540661 2.845878 9.034180 
