# Created at Fri Jan 31 08:47:40 GMT+01:00 2025 in Burnaby Canada 
72030256750007 58.481251 101.043755 -58.050003 
72030276750007 58.312504 101.137505 -58.050003 
72030296750007 58.387501 101.156258 -58.462502 
72030316750007 56.887501 100.575005 -58.293751 
72030336750007 56.156254 100.218758 -58.087502 
72030356750007 53.643753 99.281258 -57.150002 
72030376750007 52.837502 99.206253 -57.243752 
72030396750007 52.275002 99.150002 -57.056252 
72030416750007 49.818752 98.643753 -56.081253 
72030436750007 47.550003 97.650002 -55.406254 
72030456750007 46.556252 97.237503 -54.862503 
72030476750007 46.593750 97.293755 -54.262501 
72030496750007 46.218750 96.843758 -53.662502 
72030516750007 47.550003 96.937508 -53.925003 
72030536750007 47.475002 96.225006 -53.287502 
72030556750007 47.193752 95.850006 -52.687504 
72030576750007 48.712502 95.531250 -52.687504 
72030596750007 50.193752 96.056252 -52.575001 
72030616750007 50.381252 96.300003 -52.537502 
72030636750007 51.037502 96.487503 -52.912502 
72030656750007 51.393753 97.050003 -53.100002 
72030676750007 51.656254 97.481255 -53.287502 
72030696750007 51.750004 98.325005 -53.625004 
72030716750007 51.487503 98.700005 -53.550003 
72030736750007 51.206253 99.112503 -53.512501 
72030756750007 49.950001 99.075005 -53.100002 
72030776750007 48.543751 99.300003 -51.956253 
72030796750007 46.575001 99.506256 -50.118752 
72030816750007 44.381252 100.387505 -48.206253 
72030836750007 41.681252 101.587502 -45.787502 
72030856750007 38.850002 102.750008 -42.431252 
72030876750007 36.131252 104.718758 -39.000000 
72030896750007 33.637501 107.400002 -35.531250 
72030916750007 31.931252 110.662506 -31.725000 
72030936750007 30.562502 113.737503 -28.181252 
72030956750007 29.156252 117.393753 -24.693750 
72030976750007 28.106251 120.450005 -21.412500 
72030996750007 27.937502 123.618752 -19.125000 
72031016750007 28.237501 126.581253 -17.325001 
72031036750007 28.087502 129.075012 -16.256250 
72031056750007 28.256250 131.025009 -15.243751 
72031076750007 28.593752 132.750000 -14.981251 
72031096750007 28.706251 134.062500 -14.568750 
72031116750007 28.950001 134.887512 -14.793751 
72031136750007 29.475000 135.806259 -15.300000 
72031156750007 29.831251 136.387512 -15.318750 
72031176750007 30.206251 136.912506 -15.825001 
72031196750007 31.350000 137.418762 -16.200001 
72031216750007 31.818750 137.775009 -16.593750 
72031236750007 32.212502 137.775009 -16.912500 
72031256750007 32.625000 138.318756 -17.493752 
72031276750007 33.168751 138.375000 -17.812500 
72031296750007 33.543751 138.318756 -17.925001 
72031316750007 33.750000 138.318756 -18.075001 
72031336750007 33.712502 138.356262 -17.887501 
72031356750007 33.712502 138.281250 -17.643751 
72031376750007 33.825001 138.262512 -17.475000 
72031396750007 33.656250 138.375000 -17.362501 
72031416750007 33.918751 138.356262 -17.268751 
72031436750007 34.068752 138.581253 -17.193750 
72031456750007 34.031250 138.825012 -17.081251 
72031476750007 34.143753 138.918762 -17.081251 
72031496750007 34.350002 139.068756 -16.968750 
72031516750007 34.425003 139.275009 -17.081251 
72031536750007 34.293751 139.500000 -17.343750 
72031556750007 34.350002 139.593750 -17.662500 
72031576750007 34.087502 139.256256 -18.000000 
72031596750007 34.050003 139.218750 -18.731251 
72031616750007 34.106251 138.993759 -19.312500 
72031636750007 34.012501 139.087509 -19.743752 
72031656750007 33.731251 138.900009 -20.550001 
72031676750007 33.525002 138.862503 -20.962502 
72031696750007 33.675003 138.918762 -21.487501 
72031716750007 33.918751 139.312500 -21.600000 
72031736750007 34.331253 140.137512 -21.525002 
72031756750007 35.081253 141.018753 -21.168751 
72031776750007 36.075001 142.350006 -20.943750 
72031796750007 37.143753 143.512512 -20.925001 
72031816750007 38.643753 145.293762 -20.981251 
72031836750007 40.031250 146.981262 -21.375000 
72031856750007 41.343750 148.575012 -21.525002 
72031876750007 42.768753 150.037506 -21.712502 
72031896750007 44.268753 151.481262 -22.012501 
72031916750007 45.487503 152.587509 -22.350000 
72031936750007 46.518753 153.412506 -22.893751 
72031956750007 47.737503 154.368759 -23.418751 
72031976750007 48.356251 154.931259 -23.475000 
72031996750007 49.012501 155.118759 -23.625000 
72032016750007 49.687504 155.493759 -23.325001 
72032036750007 50.231251 155.737503 -23.193750 
72032056750007 50.662502 155.887512 -23.081251 
72032076750007 50.925003 156.131256 -22.856251 
72032096750007 51.318752 156.337509 -22.312500 
72032116750007 51.206253 156.356262 -21.787500 
72032136750007 51.543751 156.262512 -21.600000 
72032156750007 52.293751 156.618759 -21.300001 
72032176750007 53.268753 157.031250 -21.562500 
72032196750007 54.112503 157.368759 -21.918751 
72032216750007 54.843754 157.368759 -22.331251 
72032236750007 55.687504 157.575012 -22.612501 
72032256750007 56.681252 158.006256 -23.043751 
72032276750007 58.275002 158.437500 -23.025002 
72032296750007 59.437504 158.925003 -23.437500 
72032316750007 60.600002 159.168762 -23.531250 
72032336750007 61.668751 159.281250 -23.831251 
72032356750007 63.056252 159.562500 -24.056252 
72032376750007 64.893753 159.900009 -24.337502 
72032396750007 66.975006 160.125000 -24.993752 
72032416750007 68.718750 160.012512 -25.537500 
72032436750007 70.350006 160.031250 -26.306252 
72032456750007 72.075005 159.787506 -26.643751 
72032476750007 73.968750 159.750000 -27.450001 
72032496750007 75.393753 159.431259 -27.918751 
72032516750007 76.987503 159.093750 -28.368752 
72032536750007 78.075005 158.906250 -28.743752 
72032556750007 79.031250 158.812500 -29.043751 
72032576750007 80.006256 158.568756 -29.456251 
72032596750007 80.718750 158.175003 -29.962502 
72032616750007 81.525002 157.950012 -30.506250 
72032636750007 81.675003 157.668762 -30.806252 
72032656750007 82.275002 157.443756 -30.975000 
72032676750007 82.387505 157.406250 -31.331251 
72032696750007 82.481255 157.331253 -31.650002 
72032716750007 82.500000 157.087509 -31.631250 
72032736750007 82.331253 157.012512 -31.275002 
72032756750007 82.500000 157.125000 -30.975000 
72032776750007 82.293755 157.218750 -30.656252 
72032796750007 82.462502 157.462509 -30.450001 
72032816750007 82.462502 157.875000 -29.925001 
72032836750007 82.368752 157.931259 -29.231251 
72032856750007 82.143753 158.081253 -28.050001 
72032876750007 81.956253 158.325012 -27.150002 
72032896750007 81.600006 158.381256 -25.987501 
72032916750007 81.018753 158.662506 -24.581251 
72032936750007 80.587502 158.906250 -22.931252 
72032956750007 79.781250 158.981262 -20.943750 
72032976750007 79.031250 158.943756 -19.537500 
72032996750007 78.243752 158.850006 -17.887501 
72033016750007 77.831253 158.737503 -16.706251 
72033036750007 77.400002 158.662506 -15.356251 
72033056750007 77.231255 158.756256 -14.568750 
72033076750007 77.025002 158.437500 -13.818750 
72033096750007 76.987503 158.175003 -13.106251 
72033116750007 76.875000 158.081253 -12.656251 
72033136750007 76.837502 157.875000 -12.112500 
72033156750007 76.631256 157.781250 -11.793751 
72033176750007 75.262505 157.781250 -11.268750 
72033196750007 73.987503 157.668762 -10.912500 
72033216750007 72.693756 157.537506 -10.500000 
72033236750007 71.231255 157.518753 -10.293751 
72033256750007 70.293755 157.706253 -10.650001 
72033276750007 69.356255 157.743759 -10.931251 
72033296750007 68.287506 157.781250 -11.325001 
72033316750007 67.612503 157.931259 -11.231251 
72033336750007 68.268753 158.100006 -11.831250 
72033356750007 68.887505 158.212509 -12.300000 
72033376750007 69.712502 158.550003 -12.768750 
72033396750007 70.387505 158.775009 -13.331250 
72033416750007 70.631256 159.018753 -13.500001 
72033436750007 71.062500 159.187500 -13.425000 
72033456750007 71.362503 159.543762 -13.387501 
72033476750007 71.925003 159.881256 -13.987500 
72033496750007 71.850006 159.937500 -14.118751 
72033516750007 71.887505 160.312500 -14.643750 
72033536750007 71.437500 160.237503 -15.431251 
72033556750007 71.550003 160.406250 -15.768750 
72033576750007 71.606255 160.556259 -16.406250 
72033596750007 71.737503 160.650009 -17.606251 
72033616750007 72.075005 160.818756 -18.787500 
72033636750007 71.700005 160.931259 -19.556252 
72033656750007 72.075005 161.212509 -20.925001 
72033676750007 72.150002 161.268753 -21.843750 
72033696750007 72.562500 161.643753 -22.743752 
72033716750007 72.675003 161.756256 -23.906250 
72033736750007 72.843750 161.868759 -24.900002 
72033756750007 73.068756 162.112503 -25.593752 
72033776750007 73.481255 162.075012 -26.081251 
72033796750007 74.250000 162.056259 -27.131250 
72033816750007 74.512505 162.000000 -27.656252 
72033836750007 74.681252 161.756256 -28.518751 
72033856750007 75.393753 161.662506 -29.100000 
72033876750007 76.256256 161.662506 -29.681252 
72033896750007 76.706253 161.456253 -30.356251 
72033916750007 76.856255 161.287506 -30.618752 
72033936750007 77.156250 161.193756 -31.368752 
72033956750007 77.456253 161.081253 -31.706251 
72033976750007 77.831253 160.950012 -32.118752 
72033996750007 78.262505 161.175003 -32.137501 
72034016750007 77.887505 161.156250 -32.175003 
72034036750007 78.093750 161.137512 -32.212502 
72034056750007 77.943756 161.325012 -31.856251 
72034076750007 78.000000 161.418762 -31.406252 
72034096750007 77.756256 161.681259 -30.431252 
72034116750007 77.250000 161.981262 -29.137501 
72034136750007 76.500000 162.112503 -27.562502 
72034156750007 75.693756 162.281250 -25.837502 
72034176750007 75.375000 162.600006 -24.018751 
72034196750007 74.043755 162.712509 -21.900002 
72034216750007 73.537506 162.543762 -19.481251 
72034236750007 72.825005 162.543762 -17.831251 
72034256750007 71.831253 162.206253 -15.656251 
72034276750007 71.493752 161.962509 -14.306251 
72034296750007 71.550003 161.756256 -12.900001 
72034316750007 71.175003 161.231262 -11.493751 
72034336750007 70.725006 160.743759 -10.162500 
72034356750007 70.631256 160.406250 -9.412500 
72034376750007 70.443756 160.068756 -8.718750 
72034396750007 70.275002 159.825012 -7.856250 
72034416750007 70.518753 159.731262 -7.968750 
72034436750007 70.143753 159.600006 -7.706250 
72034456750007 69.712502 159.712509 -7.706250 
72034476750007 69.918755 160.031250 -8.456250 
72034496750007 69.937500 160.181259 -9.168751 
72034516750007 70.256256 160.387512 -9.525001 
72034536750007 70.500000 160.575012 -10.125000 
72034556750007 70.837502 160.612503 -10.650001 
72034576750007 70.912506 160.612503 -10.668751 
72034596750007 71.156250 160.612503 -10.668751 
72034616750007 71.025002 160.537506 -10.631250 
72034636750007 71.287506 160.575012 -10.593750 
72034656750007 71.156250 160.368759 -10.106251 
72034676750007 70.968750 160.106262 -9.843750 
72034696750007 70.781250 160.050003 -9.712501 
72034716750007 70.725006 160.031250 -9.768750 
72034736750007 70.556252 160.181259 -9.900001 
72034756750007 70.575005 160.350006 -10.537500 
72034776750007 70.762505 160.500000 -11.568750 
72034796750007 70.556252 160.462509 -12.131250 
72034816750007 70.631256 160.668762 -13.143750 
72034836750007 70.725006 160.875000 -14.400001 
72034856750007 71.250000 161.231262 -15.806251 
72034876750007 71.418755 161.456253 -17.118752 
72034896750007 71.925003 161.681259 -18.843750 
72034916750007 72.093750 161.718750 -20.081251 
72034936750007 72.637505 161.662506 -21.093750 
72034956750007 73.200005 161.700012 -22.125000 
72034976750007 73.743752 161.662506 -23.550001 
72034996750007 73.818756 161.550003 -24.468752 
72035016750007 73.837502 161.456253 -25.181252 
72035036750007 74.118752 161.456253 -26.081251 
72035056750007 74.512505 161.250000 -27.093752 
72035076750007 75.056252 161.118759 -27.862501 
72035096750007 75.468750 161.325012 -28.631250 
72035116750007 75.862503 161.250000 -29.212502 
72035136750007 76.593750 161.231262 -29.625002 
72035156750007 77.268753 161.362503 -29.981251 
72035176750007 77.775002 161.343750 -30.150002 
72035196750007 78.168755 161.343750 -30.000002 
72035216750007 78.375000 161.493759 -29.437502 
72035236750007 78.450005 161.643753 -28.912500 
72035256750007 78.243752 161.437500 -27.731251 
72035276750007 77.943756 161.568756 -26.700001 
72035296750007 77.193756 161.587509 -25.293751 
72035316750007 76.387505 161.362503 -23.550001 
72035336750007 75.656250 161.325012 -21.956251 
72035356750007 74.550003 160.950012 -20.006250 
72035376750007 73.650002 160.650009 -18.131250 
72035396750007 72.562500 160.425003 -16.162500 
72035416750007 71.868752 160.050003 -14.381250 
72035436750007 71.081253 159.525009 -12.750001 
72035456750007 70.312500 158.943756 -10.912500 
72035476750007 69.993752 158.400009 -9.750000 
72035496750007 69.581253 157.893753 -8.587501 
72035516750007 69.637505 157.500000 -7.668750 
72035536750007 69.768753 157.200012 -7.031250 
72035556750007 70.200005 156.825012 -6.618750 
72035576750007 70.256256 156.675003 -6.600000 
72035596750007 70.462502 156.581253 -6.675000 
72035616750007 70.931252 156.731262 -7.350000 
72035636750007 71.175003 156.975006 -7.931250 
72035656750007 71.381256 156.881256 -8.756250 
72035676750007 71.643753 157.162506 -9.768750 
72035696750007 71.681252 157.237503 -10.200001 
72035716750007 71.887505 157.518753 -10.725000 
72035736750007 72.037506 157.706253 -11.025001 
72035756750007 72.168755 157.593750 -11.062500 
72035776750007 71.681252 157.443756 -11.193750 
72035796750007 71.850006 157.518753 -11.550000 
72035816750007 71.737503 157.575012 -11.362500 
72035836750007 71.925003 157.500000 -11.100000 
72035856750007 72.112503 157.612503 -11.287500 
72035876750007 72.112503 157.650009 -11.756250 
72035896750007 72.318756 157.875000 -12.375001 
72035916750007 72.525002 158.137512 -13.162500 
72035936750007 73.518753 158.587509 -13.950001 
72035956750007 73.743752 158.868759 -14.568750 
72035976750007 74.456253 159.206253 -15.806251 
72035996750007 74.812500 159.281250 -17.062500 
72036016750007 75.075005 159.431259 -18.450001 
72036036750007 75.487503 159.356262 -19.387501 
72036056750007 75.637505 159.168762 -20.193750 
72036076750007 75.918755 159.206253 -21.037500 
72036096750007 76.162506 159.150009 -22.143751 
72036116750007 76.912506 159.000000 -23.231251 
72036136750007 77.343750 158.962509 -24.093752 
72036156750007 77.587502 158.925003 -24.937502 
72036176750007 78.150002 158.662506 -25.743752 
72036196750007 78.825005 158.681259 -26.868752 
72036216750007 79.518753 158.493759 -27.975000 
72036236750007 80.325005 158.231262 -29.306252 
72036256750007 80.887505 158.025009 -29.812502 
72036276750007 81.356255 157.912506 -30.337502 
72036296750007 82.031250 157.593750 -31.012501 
72036316750007 82.650002 157.350006 -31.537500 
72036336750007 83.006256 157.181259 -31.781252 
72036356750007 83.175003 156.900009 -31.612501 
72036376750007 83.625000 156.900009 -31.800001 
72036396750007 83.737503 156.993759 -31.312502 
72036416750007 83.943756 157.181259 -31.050001 
72036436750007 83.718750 157.331253 -30.337502 
72036456750007 83.306252 157.800003 -29.306252 
72036476750007 83.137505 158.193756 -28.068750 
72036496750007 82.612503 158.625000 -26.418751 
72036516750007 81.862503 159.018753 -24.825001 
72036536750007 81.300003 159.675003 -22.893751 
72036556750007 80.775002 160.143753 -21.318750 
72036576750007 80.175003 160.706253 -19.781250 
72036596750007 79.875000 161.062500 -18.562500 
72036616750007 79.518753 161.250000 -17.175001 
72036636750007 78.862503 161.493759 -16.050001 
72036656750007 78.618752 161.868759 -15.262501 
72036676750007 78.393753 162.056259 -14.887501 
72036696750007 78.206253 162.018753 -14.493751 
72036716750007 77.812500 162.075012 -14.212501 
72036736750007 77.081253 161.943756 -14.043751 
72036756750007 76.762505 162.112503 -14.156251 
72036776750007 76.612503 162.337509 -14.493751 
72036796750007 76.443756 162.468750 -14.962501 
72036816750007 76.293755 162.581253 -15.825001 
72036836750007 76.162506 162.825012 -16.575001 
72036856750007 76.218750 163.462509 -17.681252 
72036876750007 76.293755 163.875000 -18.506250 
72036896750007 76.800003 164.250000 -18.993752 
72036916750007 76.706253 164.775009 -19.181252 
72036936750007 76.481255 164.962509 -19.256250 
72036956750007 76.425003 165.487503 -19.575001 
72036976750007 76.462502 165.843750 -19.687500 
72036996750007 76.575005 166.350006 -19.368752 
72037016750007 76.087502 166.368759 -18.881250 
72037036750007 75.656250 166.481262 -18.581251 
72037056750007 75.468750 166.575012 -18.975000 
72037076750007 75.393753 166.706253 -19.443750 
72037096750007 75.506256 166.968750 -20.362501 
72037116750007 75.431252 167.006256 -21.131250 
72037136750007 75.375000 167.043762 -22.087502 
72037156750007 75.618752 166.912506 -23.587502 
72037176750007 75.993752 166.931259 -24.937502 
72037196750007 76.725006 167.100006 -26.606251 
72037216750007 77.175003 167.118759 -27.975000 
72037236750007 77.606255 166.893753 -29.250002 
72037256750007 77.925003 166.593750 -30.506250 
72037276750007 78.731255 166.706253 -31.462502 
72037296750007 79.125000 166.481262 -32.175003 
72037316750007 79.612503 166.425003 -32.868752 
72037336750007 80.268753 166.275009 -33.937500 
72037356750007 80.475006 166.068756 -34.631252 
72037376750007 81.056252 165.956253 -35.100002 
72037396750007 81.731255 165.600006 -35.681252 
72037416750007 82.368752 165.506256 -35.700001 
72037436750007 82.687500 165.075012 -36.431252 
72037456750007 83.325005 164.868759 -36.900002 
72037476750007 83.812500 164.625000 -37.218750 
72037496750007 83.943756 164.550003 -37.200001 
72037516750007 84.656250 164.362503 -37.087502 
72037536750007 84.431252 164.025009 -36.975002 
72037556750007 84.356255 164.118759 -36.900002 
72037576750007 84.412506 164.287506 -36.806252 
72037596750007 84.468750 164.550003 -36.187500 
72037616750007 84.243752 164.850006 -35.268753 
72037636750007 83.587502 165.356262 -33.918751 
72037656750007 83.118752 165.562500 -32.362503 
72037676750007 82.143753 165.825012 -30.225000 
72037696750007 81.806252 166.350006 -28.237501 
72037716750007 80.793755 166.725006 -25.650002 
72037736750007 79.743752 166.762512 -23.362501 
72037756750007 78.806252 166.950012 -21.056252 
72037776750007 78.093750 167.100006 -18.956251 
72037796750007 77.531250 166.931259 -17.118752 
72037816750007 76.893753 166.856262 -15.393750 
72037836750007 76.387505 166.837509 -14.475000 
72037856750007 75.693756 166.631256 -13.387501 
72037876750007 75.262505 166.425003 -12.750001 
72037896750007 74.718750 166.312500 -12.131250 
72037916750007 74.212502 165.993759 -11.512501 
72037936750007 73.687500 166.012512 -11.400001 
72037956750007 73.312500 165.975006 -11.475000 
72037976750007 72.975006 166.068756 -11.756250 
72037996750007 72.956253 166.237503 -12.300000 
72038016750007 72.768753 166.593750 -12.693750 
72038036750007 72.862503 166.912506 -13.593751 
72038056750007 72.768753 167.325012 -14.325001 
72038076750007 71.568756 167.343750 -14.287500 
72038096750007 71.793755 167.287506 -14.568750 
72038116750007 71.662506 167.437500 -14.756250 
72038136750007 71.531250 167.550003 -14.700001 
72038156750007 70.950005 167.343750 -14.306251 
72038176750007 71.043755 167.156250 -14.231251 
72038196750007 70.893753 167.212509 -13.818750 
72038216750007 71.193756 167.325012 -13.800000 
72038236750007 72.600006 167.831253 -14.437501 
72038256750007 72.075005 167.850006 -14.493751 
72038276750007 72.225006 168.000000 -15.112500 
72038296750007 72.581253 168.243759 -16.143751 
72038316750007 72.731255 168.675003 -17.212502 
72038336750007 73.143753 169.031250 -18.693750 
72038356750007 73.556252 169.237503 -19.931252 
72038376750007 73.968750 169.218750 -21.562500 
72038396750007 74.437500 169.125000 -23.343750 
72038416750007 75.112503 169.537506 -25.162500 
72038436750007 75.787506 169.706253 -26.531252 
72038456750007 76.181252 169.593750 -27.900002 
72038476750007 76.818756 169.406250 -29.512501 
72038496750007 77.100006 169.218750 -30.375002 
72038516750007 77.718750 168.937500 -31.800001 
72038536750007 77.981255 168.918762 -32.531250 
72038556750007 78.318756 168.787506 -33.356251 
72038576750007 78.900002 168.525009 -34.162502 
72038596750007 79.331253 168.281250 -34.800003 
72038616750007 80.137505 168.187500 -35.531250 
72038636750007 81.000000 168.318756 -35.925003 
72038656750007 81.712502 168.168762 -36.843750 
72038676750007 82.068756 167.925003 -36.956253 
72038696750007 82.575005 167.850006 -37.293751 
72038716750007 82.987503 167.793762 -37.162502 
72038736750007 83.418755 167.831253 -37.200001 
72038756750007 83.325005 168.000000 -37.125000 
72038776750007 83.137505 168.187500 -36.393753 
72038796750007 82.912506 168.318756 -35.343750 
72038816750007 82.312500 168.750000 -33.637501 
72038836750007 82.012505 169.425003 -32.175003 
72038856750007 81.543755 169.818756 -29.943750 
72038876750007 80.381256 170.100006 -27.693750 
72038896750007 79.331253 170.568756 -24.900002 
72038916750007 78.656250 170.681259 -22.537500 
72038936750007 77.718750 170.887512 -19.968750 
72038956750007 76.668755 170.962509 -17.662500 
72038976750007 75.618752 170.737503 -15.675000 
72038996750007 74.568756 170.268753 -13.537500 
72039016750007 73.518753 169.875000 -12.056251 
72039036750007 73.518753 169.706253 -10.856251 
72039056750007 73.125000 169.443756 -10.031250 
72039076750007 72.900002 169.275009 -8.887501 
72039096750007 72.881256 168.937500 -8.325001 
72039116750007 72.468750 168.675003 -8.081250 
72039136750007 72.412506 168.768753 -8.062500 
72039156750007 72.450005 168.993759 -8.418751 
72039176750007 72.581253 169.425003 -8.700001 
72039196750007 72.075005 169.668762 -9.412500 
72039216750007 72.206253 169.912506 -10.162500 
72039236750007 72.281250 170.100006 -10.687500 
72039256750007 72.318756 170.400009 -11.175000 
72039276750007 72.600006 170.643753 -11.287500 
72039296750007 72.862503 170.812500 -11.212501 
72039316750007 72.543755 170.962509 -10.931251 
72039336750007 72.431252 170.850006 -11.175000 
72039356750007 72.618752 171.037506 -10.912500 
72039376750007 72.056252 170.812500 -10.612500 
72039396750007 71.531250 170.868759 -10.443750 
72039416750007 70.893753 170.906250 -10.481251 
72039436750007 70.875000 171.206253 -11.006250 
72039456750007 70.275002 171.337509 -11.775001 
72039476750007 70.275002 171.468750 -12.787500 
72039496750007 70.425003 171.787506 -13.500001 
72039516750007 70.331253 172.031250 -14.475000 
72039536750007 70.931252 172.500000 -15.843751 
72039556750007 71.400002 172.762512 -17.850000 
72039576750007 72.075005 173.156250 -19.650002 
72039596750007 72.243752 173.156250 -21.393751 
72039616750007 73.031250 173.175003 -22.856251 
72039636750007 73.312500 173.175003 -24.337502 
72039656750007 73.912506 173.156250 -25.837502 
72039676750007 74.850006 173.156250 -27.412500 
72039696750007 75.356255 173.081253 -28.556252 
72039716750007 75.862503 173.062500 -29.437502 
72039736750007 76.368752 172.800003 -30.262501 
72039756750007 77.081253 172.706253 -30.918751 
72039776750007 78.093750 172.631256 -31.612501 
72039796750007 79.143753 172.762512 -32.381252 
72039816750007 79.706253 172.612503 -33.093750 
72039836750007 80.137505 172.331253 -33.581253 
72039856750007 80.981255 172.218750 -34.237503 
72039876750007 81.506256 172.050003 -34.537502 
72039896750007 81.825005 172.143753 -34.668751 
72039916750007 82.106255 172.256256 -34.668751 
72039936750007 81.693756 172.387512 -34.593750 
72039956750007 81.731255 172.312500 -33.881252 
72039976750007 81.787506 172.462509 -33.168751 
72039996750007 81.637505 172.781250 -31.912500 
72040016750007 80.793755 172.856262 -30.187502 
72040036750007 80.100006 173.043762 -28.012501 
72040056750007 79.443756 173.006256 -25.762501 
72040076750007 78.881256 173.025009 -23.343750 
72040096750007 78.412506 173.100006 -20.475000 
72040116750007 77.193756 172.987503 -17.718750 
72040136750007 75.975006 172.893753 -14.831250 
72040156750007 75.018753 172.706253 -12.375001 
72040176750007 74.493752 172.518753 -10.200001 
72040196750007 73.950005 172.162506 -8.475000 
72040216750007 73.425003 171.806259 -6.712500 
72040236750007 72.768753 171.206253 -5.231250 
72040256750007 72.375000 170.718750 -4.087500 
72040276750007 72.337502 170.362503 -3.337500 
72040296750007 72.562500 170.268753 -3.150000 
72040316750007 72.337502 170.006256 -2.925000 
72040336750007 72.037506 169.781250 -2.700000 
72040356750007 72.075005 169.893753 -3.168750 
72040376750007 72.262505 170.100006 -4.106250 
72040396750007 72.375000 170.587509 -5.250000 
72040416750007 72.618752 171.093750 -6.562500 
72040436750007 72.393753 171.468750 -7.462500 
72040456750007 72.093750 171.562500 -7.650000 
72040476750007 72.506256 171.825012 -8.193750 
72040496750007 72.656250 172.162506 -8.906250 
72040516750007 72.393753 172.406250 -9.187500 
72040536750007 72.337502 172.593750 -9.187500 
72040556750007 72.581253 172.650009 -9.131250 
72040576750007 72.281250 172.443756 -8.775001 
72040596750007 72.618752 172.406250 -8.718750 
72040616750007 72.675003 172.481262 -9.000000 
72040636750007 72.150002 172.612503 -9.131250 
72040656750007 72.206253 172.725006 -9.562500 
72040676750007 72.281250 172.500000 -10.218750 
72040696750007 71.943756 172.462509 -10.762501 
72040716750007 71.587502 172.593750 -11.137501 
72040736750007 71.793755 172.800003 -12.656251 
72040756750007 72.000000 173.156250 -14.306251 
72040776750007 72.056252 173.100006 -15.881250 
72040796750007 72.637505 173.081253 -17.718750 
72040816750007 72.768753 173.175003 -19.387501 
72040836750007 73.068756 173.400009 -20.718750 
72040856750007 73.443756 173.343750 -22.200001 
72040876750007 73.800003 173.400009 -24.037500 
72040896750007 74.137505 173.325012 -25.387501 
72040916750007 74.606255 173.025009 -26.512501 
72040936750007 75.375000 172.875000 -27.918751 
72040956750007 75.712502 172.743759 -28.875002 
72040976750007 76.256256 172.556259 -29.812502 
72040996750007 77.081253 172.406250 -30.843752 
72041016750007 78.168755 172.293762 -32.006252 
72041036750007 78.750000 171.881256 -32.606251 
72041056750007 79.181252 171.768753 -32.831253 
72041076750007 79.725006 171.656250 -33.225002 
72041096750007 79.800003 171.675003 -33.281250 
72041116750007 80.175003 171.281250 -33.393753 
72041136750007 80.512505 171.281250 -33.206253 
72041156750007 80.006256 170.868759 -32.362503 
72041176750007 79.668755 170.962509 -31.706251 
72041196750007 79.875000 171.337509 -30.637501 
72041216750007 79.706253 171.356262 -28.893751 
72041236750007 79.293755 171.356262 -26.925001 
72041256750007 79.050003 171.318756 -24.993752 
72041276750007 78.543755 171.506256 -22.818750 
72041296750007 77.906250 171.543762 -20.362501 
72041316750007 77.756256 171.731262 -18.318750 
72041336750007 77.193756 171.450012 -15.731251 
72041356750401 76.275002 170.962509 -13.706250 
72041376749567 75.393753 170.568756 -12.281251 
72041396749567 74.512505 170.362503 -10.462501 
72041416749567 73.893753 170.043762 -8.793751 
72041436749567 73.875000 169.725006 -7.350000 
72041456749567 73.537506 169.218750 -6.393750 
72041476749567 73.387505 169.068756 -5.343750 
72041496749567 73.218750 168.881256 -5.006250 
72041516749567 73.200005 168.712509 -4.575000 
72041536749567 73.350006 168.843750 -4.518750 
72041556749567 73.612503 168.975006 -5.175000 
72041576749567 73.593750 169.237503 -5.906250 
72041596749567 73.312500 169.518753 -6.956250 
72041616749567 73.668755 169.950012 -8.006250 
72041636749567 73.481255 170.137512 -9.206250 
72041656749567 73.443756 170.418762 -9.862500 
72041676749567 73.368752 170.718750 -10.200001 
72041696749567 73.537506 170.756256 -10.575001 
72041716749567 73.725006 170.812500 -10.912500 
72041736749567 74.062500 170.812500 -11.006250 
72041756749567 74.006256 171.000000 -11.156250 
72041776749567 73.668755 170.943756 -11.118751 
72041796749567 74.100006 171.075012 -11.400001 
72041816749567 74.175003 171.281250 -11.775001 
72041836749567 74.081253 171.300003 -12.393750 
72041856749567 73.668755 171.525009 -12.900001 
72041876749567 73.800003 171.787506 -13.481251 
72041896749567 73.837502 171.768753 -14.437501 
72041916749567 73.893753 171.975006 -15.187501 
72041936749567 73.968750 172.275009 -15.975000 
72041956749567 73.818756 172.443756 -16.687500 
72041976749567 73.781250 172.593750 -17.850000 
72041996749567 74.175003 172.725006 -19.050001 
72042016749567 74.643753 172.800003 -20.231251 
72042036749567 74.831253 172.706253 -21.468750 
72042056749567 75.037506 172.987503 -22.406250 
72042076749567 75.506256 172.912506 -23.400002 
72042096749567 75.825005 172.612503 -24.600000 
72042116749567 76.181252 172.425003 -25.500002 
72042136749567 76.462502 172.218750 -26.175001 
72042156749567 77.156250 172.125000 -27.056252 
72042176749567 77.306252 171.750000 -27.862501 
72042196749567 77.756256 171.693756 -28.518751 
72042216749567 78.243752 171.337509 -29.306252 
72042236749567 78.675003 171.206253 -29.962502 
72042256749567 79.256256 171.187500 -30.487501 
72042276749567 79.687500 171.150009 -31.125002 
72042296749567 80.287506 170.943756 -31.556252 
72042316749567 80.606255 170.850006 -31.893751 
72042336749567 81.525002 170.981262 -32.100002 
72042356749567 81.431252 170.793762 -32.137501 
72042376749567 81.506256 170.943756 -31.725000 
72042396749567 81.881256 170.962509 -31.237501 
72042416749567 82.050003 170.887512 -30.656252 
72042436749567 82.237503 170.831253 -29.962502 
72042456749567 82.012505 170.943756 -28.500002 
72042476749567 81.731255 170.643753 -27.187502 
72042496749567 81.375000 170.737503 -25.218752 
72042516749567 81.543755 170.662506 -23.212502 
72042536749567 81.300003 170.493759 -21.262501 
72042556749567 80.625000 170.193756 -19.218750 
72042576749567 80.362503 170.231262 -16.875000 
72042596749567 80.175003 170.156250 -14.718751 
72042616749567 80.043755 170.100006 -13.218751 
72042636749567 79.837502 170.268753 -11.568750 
72042656749567 79.631256 170.025009 -10.556251 
72042676749567 79.237503 169.987503 -9.412500 
72042696749567 79.218750 169.968750 -8.606251 
72042716749567 78.993752 169.762512 -8.081250 
72042736749567 78.937500 169.537506 -7.743750 
72042756749567 78.712502 169.293762 -7.706250 
72042776749567 79.106255 169.087509 -7.987500 
72042796749567 79.087502 169.106262 -8.325001 
72042816749567 79.518753 169.218750 -9.056251 
72042836749567 79.950005 169.331253 -10.181251 
72042856749567 79.950005 169.256256 -11.268750 
72042876749567 80.325005 169.706253 -12.375001 
72042896749567 80.137505 169.987503 -13.312501 
72042916749567 80.212502 170.306259 -14.325001 
72042936749567 80.231255 170.718750 -15.000001 
72042956749567 80.043755 170.775009 -15.918751 
72042976749567 79.631256 170.943756 -16.331251 
72042996749567 79.275002 171.131256 -16.818750 
72043016749567 79.350006 171.375000 -17.437500 
72043036749567 79.406250 171.281250 -17.943750 
72043056749567 79.668755 171.337509 -18.600000 
72043076749567 79.781250 171.243759 -18.918751 
72043096749567 79.650002 171.056259 -19.481251 
72043116749567 80.006256 171.093750 -20.193750 
72043136749567 80.325005 170.700012 -20.868752 
72043156749567 80.850006 170.737503 -21.712502 
72043176749567 81.112503 170.568756 -21.975000 
72043196749567 81.393753 170.606262 -22.387501 
72043216749567 81.581253 170.531250 -23.118752 
72043236749567 82.106255 170.775009 -23.887501 
72043256749567 82.575005 170.737503 -24.787500 
72043276749567 82.950005 170.625000 -25.218752 
72043296749567 83.062500 170.718750 -25.818750 
72043316749567 82.856255 170.662506 -25.931252 
72043336749567 82.912506 170.775009 -26.568750 
72043356749567 82.968750 170.681259 -26.943750 
72043376749567 82.968750 170.662506 -27.337502 
72043396749567 82.706253 170.437500 -27.843752 
72043416749567 82.425003 170.306259 -27.768751 
72043436749567 82.312500 170.287506 -27.956251 
72043456749567 82.518753 170.493759 -28.331251 
72043476749567 82.368752 170.287506 -28.800001 
72043496749567 82.181252 169.968750 -28.743752 
72043516749567 82.162506 169.987503 -29.193750 
72043536749567 81.975006 169.743759 -29.437502 
72043556749567 82.125000 169.912506 -29.400002 
72043576749567 82.406250 170.212509 -29.793751 
72043596749567 81.975006 170.212509 -29.812502 
72043616749567 81.787506 170.212509 -29.906252 
72043636749567 82.125000 170.437500 -30.000002 
72043656749567 82.443756 170.887512 -30.375002 
72043676749567 82.481255 170.868759 -30.562502 
72043696749567 82.762505 170.943756 -30.787500 
72043716749567 82.837502 170.868759 -30.975000 
72043736749567 82.143753 170.812500 -30.956251 
72043756749567 82.368752 170.981262 -31.181252 
72043776749567 82.481255 170.850006 -31.162500 
72043796749567 82.612503 170.756256 -31.218752 
72043816749567 82.518753 170.681259 -31.425001 
72043836749567 82.631256 170.681259 -31.237501 
72043856749567 82.518753 170.756256 -30.881250 
72043876749567 82.481255 170.662506 -30.768751 
72043896749567 83.062500 170.756256 -30.768751 
72043916749567 83.568756 170.831253 -30.675001 
72043936749567 83.756256 170.943756 -30.712502 
72043956749567 83.831253 170.925003 -30.656252 
72043976749567 83.962502 170.812500 -30.393751 
72043996749567 83.906250 170.981262 -30.337502 
72044016749567 84.300003 171.187500 -30.393751 
72044036749567 84.056252 171.225006 -30.225000 
72044056749567 84.187500 171.037506 -30.225000 
72044076749567 84.037506 171.056259 -30.093752 
72044096749567 84.037506 171.206253 -30.131250 
72044116749567 83.887505 171.281250 -30.018751 
72044136749567 83.775002 171.093750 -29.981251 
72044156749567 83.700005 170.850006 -29.943750 
72044176749567 83.662506 170.718750 -29.906252 
72044196749567 83.812500 170.662506 -30.131250 
72044216749567 83.587502 170.625000 -29.943750 
72044236749567 83.681252 170.493759 -30.056252 
72044256749567 83.681252 170.193756 -29.643751 
72044276749567 83.643753 170.250000 -29.531252 
72044296749567 83.756256 170.381256 -29.437502 
72044316749567 83.906250 170.512512 -29.118752 
72044336749567 83.906250 170.456253 -29.100000 
72044356749567 83.981255 170.512512 -28.556252 
72044376749567 84.018753 170.568756 -28.387501 
72044396749567 84.112503 170.531250 -28.143751 
72044416749567 84.112503 170.662506 -28.200001 
72044436749567 84.262505 170.437500 -28.106251 
72044456749567 84.225006 170.550003 -28.031252 
72044476749567 83.850006 170.437500 -28.068750 
72044496749567 83.831253 170.643753 -27.881250 
72044516749567 83.981255 170.737503 -28.443750 
72044536749567 84.243752 170.793762 -28.368752 
72044556749567 84.056252 170.925003 -28.481251 
72044576749567 84.000000 170.925003 -28.462502 
72044596749567 84.150002 171.112503 -28.406252 
72044616749567 84.337502 171.131256 -28.331251 
72044636749567 84.806252 171.243759 -28.350000 
72044656749567 84.787506 171.037506 -28.443750 
72044676749567 84.731255 170.962509 -27.993752 
72044696749567 84.956253 171.056259 -28.387501 
72044716749567 85.012505 170.775009 -28.275002 
72044736749567 84.806252 170.700012 -28.368752 
72044756749567 84.393753 170.681259 -28.087502 
72044776749567 84.150002 170.550003 -28.106251 
72044796749567 84.318756 170.568756 -28.237501 
72044816749567 84.318756 170.662506 -28.218752 
72044836749567 84.393753 170.531250 -28.312502 
72044856749567 84.168755 170.343750 -28.031252 
72044876749567 84.487503 170.531250 -28.218752 
72044896749567 84.806252 170.531250 -28.087502 
72044916749567 85.200005 170.362503 -28.687502 
72044936749567 85.500000 170.231262 -28.893751 
72044956749567 85.387505 170.081253 -29.043751 
72044976749567 85.406250 169.781250 -29.006250 
72044996749567 85.350006 169.743759 -29.175001 
72045016749567 85.462502 169.856262 -29.212502 
72045036749567 85.500000 169.950012 -29.193750 
72045056749567 85.481255 170.081253 -29.681252 
72045076749567 85.687500 170.418762 -29.662500 
72045096749567 85.668755 170.700012 -29.587502 
72045116749567 85.312500 171.056259 -29.118752 
72045136749567 85.293755 171.318756 -29.006250 
72045156749567 85.050003 171.581253 -28.556252 
72045176749567 84.768753 171.750000 -28.387501 
72045196749567 84.168755 171.956253 -27.843752 
72045216749567 83.493752 172.331253 -26.775002 
72045236749567 82.481255 172.500000 -25.893751 
72045256749567 81.487503 172.706253 -25.350000 
72045276749567 80.400002 172.893753 -24.862501 
72045296749567 79.125000 173.268753 -24.225000 
72045316749567 78.206253 173.756256 -24.262501 
72045336749567 76.818756 173.981262 -24.356251 
72045356749567 75.281250 174.318756 -24.487501 
72045376749567 73.837502 174.637512 -25.012501 
72045396749567 72.618752 174.956253 -25.800001 
72045416749567 71.325005 175.350006 -26.381250 
72045436749567 70.181252 175.668762 -27.375002 
72045456749567 68.981255 175.893753 -28.687502 
72045476749567 67.818756 176.006256 -29.343752 
72045496749567 66.693756 176.193756 -29.943750 
72045516749567 65.925003 176.100006 -30.900002 
72045536749567 65.231255 176.043762 -31.687502 
72045556749567 64.031250 175.800003 -32.137501 
72045576749567 63.356251 175.706253 -32.718750 
72045596749567 62.943752 175.443756 -33.168751 
72045616749567 62.475002 175.443756 -33.412502 
72045636749567 61.518753 175.293762 -33.787502 
72045656749567 60.956253 175.218750 -33.918751 
72045676749567 60.618752 175.331253 -33.937500 
72045696749567 60.356251 175.275009 -34.218750 
72045716749567 60.487503 175.518753 -34.500000 
72045736749567 60.450001 175.668762 -34.631252 
72045756749567 60.300003 176.062500 -34.762501 
72045776749567 60.112503 175.931259 -34.800003 
72045796749567 60.506252 175.875000 -34.743752 
72045816749567 61.050003 176.006256 -35.175003 
72045836749567 61.200001 176.118759 -35.643753 
72045856749567 61.237503 176.118759 -35.737503 
72045876749567 61.200001 175.968750 -35.793751 
72045896749567 61.350002 175.968750 -35.850002 
72045916749567 61.406254 175.668762 -36.225002 
72045936749567 61.443752 175.762512 -36.300003 
72045956749567 61.200001 175.818756 -36.506252 
72045976749567 60.525002 175.800003 -36.281250 
72045996749567 60.225002 175.650009 -35.775002 
72046016749567 60.337502 175.668762 -35.531250 
72046036749567 60.431252 175.762512 -35.400002 
72046056749567 60.187504 175.575012 -35.137501 
72046076749567 60.037502 175.650009 -34.518753 
72046096749567 60.150002 175.762512 -34.481251 
72046116749567 60.206253 175.893753 -34.162502 
72046136749567 60.168751 176.025009 -33.956253 
72046156749567 60.075001 175.968750 -33.712502 
72046176749567 59.793751 176.081253 -33.450001 
72046196749567 59.625004 176.212509 -33.131252 
72046216749567 59.475002 176.362503 -33.112503 
72046236749567 59.325001 176.400009 -33.112503 
72046256749567 59.568752 176.531250 -32.681252 
72046276749567 59.718754 176.456253 -32.587502 
72046296749567 59.962502 176.325012 -32.362503 
72046316749567 59.925003 176.362503 -32.081253 
72046336749567 60.037502 176.193756 -31.743752 
72046356749567 60.300003 176.043762 -31.481251 
72046376749567 60.450001 176.081253 -30.731251 
72046396749567 60.600002 176.043762 -30.093752 
72046416749567 60.412502 175.931259 -29.625002 
72046436749567 60.543751 176.100006 -29.250002 
72046456749567 60.787502 176.193756 -28.725000 
72046476749567 60.825001 176.250000 -28.218752 
72046496749567 60.693752 176.212509 -27.618752 
72046516749567 60.506252 176.250000 -26.981251 
72046536749567 60.487503 176.156250 -26.343752 
72046556749567 60.675003 176.137512 -25.556252 
72046576749567 60.468754 176.118759 -24.543751 
72046596749567 60.093754 175.968750 -23.343750 
72046616749567 59.756252 175.856262 -22.518751 
72046636749567 59.756252 175.837509 -21.881250 
72046656749567 59.475002 175.650009 -20.925001 
72046676749567 58.968754 175.537506 -20.306252 
72046696749567 58.500004 175.556259 -20.025002 
72046716749567 57.731251 175.537506 -20.306252 
72046736749567 57.131252 175.350006 -20.156250 
72046756749567 56.362503 175.087509 -20.343750 
72046776749567 56.006252 174.975006 -20.475000 
72046796749567 55.893753 174.956253 -20.550001 
72046816749567 55.781254 175.050003 -21.075001 
72046836749567 55.837502 174.956253 -21.281250 
72046856749567 55.725002 174.787506 -21.468750 
72046876749567 56.287502 174.843750 -21.281250 
72046896749567 56.550003 174.787506 -21.862501 
72046916749567 57.000004 174.918762 -21.975000 
72046936749567 57.243752 175.068756 -21.993752 
72046956749567 57.206253 175.200012 -22.481251 
72046976749567 57.375004 175.275009 -22.968750 
72046996749567 57.337502 175.293762 -23.325001 
72047016749567 57.600002 175.593750 -23.681252 
72047036749567 57.562504 175.631256 -24.018751 
72047056749567 57.675003 175.725006 -24.037500 
72047076749567 57.843754 175.781250 -24.450001 
72047096749567 57.637501 175.800003 -24.862501 
72047116749567 57.600002 175.650009 -24.806252 
72047136749567 57.768753 175.893753 -24.787500 
72047156749567 57.806252 176.137512 -24.918751 
72047176749567 57.900002 175.950012 -25.031252 
72047196749567 57.918751 175.893753 -25.237501 
72047216749567 57.993752 176.193756 -25.556252 
72047236749567 57.900002 176.325012 -25.406252 
72047256749567 58.125004 176.306259 -25.818750 
72047276749567 58.256252 176.456253 -26.062502 
72047296749567 58.181252 176.400009 -26.175001 
72047316749567 58.350002 176.287506 -26.100000 
72047336749567 58.350002 176.287506 -26.175001 
72047356749567 58.162502 176.268753 -26.156252 
72047376749567 57.956253 176.006256 -26.100000 
72047396749567 58.275002 175.950012 -26.268751 
72047416749567 58.331253 175.893753 -26.118752 
72047436749567 58.275002 175.837509 -26.062502 
72047456749567 58.331253 175.800003 -26.100000 
72047476749567 58.125004 175.856262 -26.193750 
72047496749567 58.087502 175.912506 -26.268751 
72047516749567 58.031254 176.062500 -26.193750 
72047536749567 57.900002 175.893753 -26.193750 
72047556749567 57.600002 175.893753 -26.268751 
72047576749567 57.506252 176.043762 -26.400002 
72047596749567 57.562504 176.156250 -26.587502 
72047616749567 57.562504 176.156250 -26.456251 
72047636749567 57.487503 175.968750 -26.456251 
72047656749567 57.337502 175.800003 -26.306252 
72047676749567 57.468754 175.650009 -26.306252 
72047696749567 57.543751 175.837509 -26.381250 
72047716749567 57.468754 175.875000 -26.287500 
72047736749567 57.243752 175.687500 -26.156252 
72047756749567 57.168751 175.425003 -26.175001 
72047776749567 57.112503 175.331253 -26.156252 
72047796749567 57.300003 175.462509 -26.287500 
72047816749567 57.375004 175.537506 -26.475000 
72047836749567 57.150002 175.575012 -26.493752 
72047856749567 56.868752 175.518753 -26.625002 
72047876749567 57.000004 175.275009 -26.793751 
72047896749567 56.925003 175.350006 -26.662500 
72047916749567 56.962502 175.537506 -26.625002 
72047936749567 56.943752 175.706253 -26.662500 
72047956749567 56.756252 175.575012 -26.643751 
72047976749567 56.793751 175.800003 -26.400002 
72047996749567 56.981251 175.968750 -26.268751 
72048016749567 57.637501 175.968750 -26.193750 
72048036749567 57.806252 176.231262 -26.231251 
72048056749567 58.050003 176.231262 -26.325001 
72048076749567 58.068752 176.250000 -26.212502 
72048096749567 58.143753 176.231262 -26.362501 
72048116749567 58.237503 176.418762 -26.512501 
72048136749567 57.975002 176.175003 -26.756250 
72048156749567 57.825001 175.856262 -27.000002 
72048176749567 57.431252 175.837509 -27.000002 
72048196749567 57.243752 175.725006 -27.131250 
72048216749567 57.206253 175.837509 -26.943750 
72048236749567 56.981251 175.668762 -26.737501 
72048256749567 56.625004 175.481262 -26.625002 
72048276749567 56.643753 175.368759 -26.456251 
72048296749567 56.718754 175.368759 -26.531252 
72048316749567 56.831253 175.500000 -26.531252 
72048336749567 56.850002 175.668762 -26.456251 
72048356749567 56.756252 175.537506 -26.231251 
72048376749567 56.925003 175.500000 -26.831251 
72048396749567 57.018753 175.537506 -27.243752 
72048416749567 57.300003 175.743759 -27.356251 
72048436749567 57.356251 175.893753 -27.656252 
72048456749567 57.637501 175.931259 -27.712502 
72048476749567 57.712502 175.968750 -27.825001 
72048496749567 58.275002 176.006256 -27.918751 
72048516749567 58.725002 176.212509 -28.087502 
72048536749567 58.800003 176.118759 -27.937502 
72048556749567 59.118752 176.100006 -27.487501 
72048576749567 59.400002 176.118759 -27.393751 
72048596749567 59.512501 176.175003 -26.906252 
72048616749567 59.606251 176.268753 -26.137501 
72048636749567 59.718754 176.156250 -25.518751 
72048656749567 59.587502 175.950012 -24.993752 
72048676749567 59.400002 175.837509 -23.831251 
72048696749567 59.025002 175.875000 -22.181252 
72048716749567 58.743752 175.687500 -20.887501 
72048736749567 57.900002 175.125000 -19.012501 
72048756749567 57.243752 174.450012 -17.137501 
72048776749567 56.700001 173.831253 -15.318750 
72048796749567 56.212502 173.381256 -13.368751 
72048816749567 55.875004 172.875000 -11.400001 
72048836749567 55.481251 172.368759 -9.768750 
72048856749567 55.087502 171.543762 -8.268750 
72048876749567 55.050003 171.168762 -7.256250 
72048896749567 55.631252 171.112503 -6.300000 
72048916749567 56.025002 171.018753 -5.718750 
72048936749567 56.175003 171.018753 -5.418750 
72048956749567 56.475002 170.925003 -5.381250 
72048976749567 56.493752 171.000000 -5.268750 
72048996749567 56.831253 170.981262 -5.381250 
72049016749567 57.637501 171.206253 -5.831250 
72049036749567 57.768753 171.318756 -5.812500 
72049056749567 57.993752 171.300003 -6.206250 
72049076749567 58.200001 171.412506 -6.450000 
72049096749567 58.706253 171.450012 -6.637500 
72049116749567 58.725002 171.412506 -6.431250 
72049136749567 58.950001 171.375000 -6.468750 
72049156749567 59.025002 171.487503 -6.618750 
72049176749567 58.875004 171.431259 -6.525000 
72049196749567 59.156254 171.412506 -6.618750 
72049216749567 59.025002 171.637512 -7.012500 
72049236749567 59.175003 171.843750 -7.387500 
72049256749567 59.006252 172.106262 -8.043751 
72049276749567 59.193752 172.631256 -8.868751 
72049296749567 59.212502 172.931259 -9.243751 
72049316749567 59.231251 173.137512 -9.487500 
72049336749567 59.175003 173.625000 -10.518750 
72049356749567 58.987503 173.981262 -11.587501 
72049376749567 59.025002 174.187500 -12.318750 
72049396749567 58.725002 174.337509 -13.425000 
72049416749567 58.593754 174.393753 -14.250001 
72049436749567 58.650002 174.356262 -15.318750 
72049456749567 58.706253 174.543762 -16.912500 
72049476749567 58.612503 174.712509 -18.712502 
72049496749567 58.837502 175.068756 -20.100000 
72049516749567 59.062504 175.087509 -21.300001 
72049536749567 59.175003 175.293762 -22.462502 
72049556749567 59.306252 175.293762 -23.531250 
72049576749567 59.793751 175.537506 -24.675001 
72049596749567 59.718754 175.706253 -25.893751 
72049616749567 59.962502 175.800003 -26.981251 
72049636749567 60.356251 175.762512 -27.862501 
72049656749567 60.468754 175.687500 -28.631250 
72049676749567 60.750004 175.725006 -29.756250 
72049696749567 61.181252 175.556259 -30.843752 
72049716749567 61.556252 175.556259 -31.725000 
72049736749567 61.875004 175.443756 -32.906250 
72049756749567 62.400002 175.312500 -33.843750 
72049776749567 62.756252 175.256256 -34.950001 
72049796749567 63.225002 175.256256 -35.925003 
72049816749567 63.450001 174.768753 -36.675003 
72049836749567 63.712502 174.731262 -37.350002 
72049856749567 63.937504 174.768753 -37.668751 
72049876749567 64.537506 175.012512 -37.612503 
72049896749567 64.875000 175.275009 -37.106251 
72049916749567 65.025002 175.518753 -36.243752 
72049936749567 64.931252 175.725006 -34.687500 
72049956749567 64.593750 175.856262 -32.568752 
72049976749567 64.612503 176.268753 -30.656252 
72049996749567 64.406250 176.418762 -28.575001 
72050016749567 63.862503 176.268753 -26.325001 
72050036749567 62.906254 175.875000 -24.337502 
72050056749567 61.762501 175.425003 -21.937500 
72050076749567 60.768753 174.862503 -19.837502 
72050096749567 59.737503 174.337509 -17.906250 
72050116749567 59.025002 173.906250 -16.350000 
72050136749567 58.181252 173.212509 -14.756250 
72050156749567 57.337502 172.537506 -12.825001 
72050176749567 56.887501 171.881256 -11.156250 
72050196749567 56.587502 171.450012 -9.412500 
72050216749567 56.531254 171.093750 -8.175000 
72050236749567 56.343754 170.812500 -6.806250 
72050256749567 56.325001 170.287506 -5.887500 
72050276749567 56.175003 169.856262 -5.043750 
72050296749567 56.325001 169.781250 -4.800000 
72050316749567 56.437504 169.781250 -4.818750 
72050336749567 56.381252 170.025009 -5.493750 
72050356749567 56.906254 170.475006 -6.318750 
72050376749567 56.775002 170.568756 -6.731250 
72050396749567 56.981251 170.868759 -7.293750 
72050416749567 56.906254 171.056259 -7.350000 
72050436749567 57.093754 171.243759 -7.950000 
72050456749567 57.150002 171.543762 -7.950000 
72050476749567 57.337502 171.787506 -7.987500 
72050496749567 57.318752 171.937500 -7.518750 
72050516749567 56.868752 171.787506 -7.050000 
72050536749567 56.887501 172.087509 -7.481250 
72050556749567 56.981251 172.275009 -8.212501 
72050576749567 57.225002 172.706253 -9.525001 
72050596749567 57.337502 173.343750 -10.856251 
72050616749567 57.450001 173.793762 -12.431251 
72050636749567 57.337502 174.056259 -13.950001 
72050656749567 57.431252 174.318756 -15.562501 
72050676749567 57.750004 174.862503 -17.418751 
72050696749567 57.881252 175.181259 -19.125000 
72050716749567 58.256252 175.462509 -20.775002 
72050736749567 58.556252 175.781250 -22.443750 
72050756749567 58.931252 176.006256 -23.700001 
72050776749567 59.325001 176.156250 -24.900002 
72050796749567 59.681252 176.287506 -26.475000 
72050816749567 60.506252 176.568756 -28.331251 
72050836749567 60.637501 176.756256 -29.831251 
72050856749567 61.312504 176.775009 -31.331251 
72050876749567 61.593754 176.793762 -32.643753 
72050896749567 61.987503 176.737503 -33.787502 
72050916749567 62.418751 176.531250 -35.156250 
72050936749567 62.868752 176.437500 -36.618752 
72050956749567 63.487503 176.456253 -37.687500 
72050976749567 63.768753 176.306259 -38.418751 
72050996749567 64.612503 175.987503 -39.356251 
72051016749567 65.062500 175.631256 -40.050003 
72051036749567 65.662506 175.650009 -40.687500 
72051056749567 66.300003 175.725006 -40.893753 
72051076749567 66.675003 175.856262 -40.575001 
72051096749567 66.581253 175.875000 -39.712502 
72051116749567 66.356255 175.931259 -38.268753 
72051136749567 66.018753 176.325012 -36.637501 
72051156749567 65.418755 176.812500 -34.500000 
72051176749567 64.725006 177.262512 -31.968752 
72051196749567 63.712502 177.393753 -29.006250 
72051216749567 62.700001 177.562500 -26.306252 
72051236749567 61.200001 177.300003 -23.531250 
72051256749567 60.150002 177.093750 -20.662500 
72051276749567 59.081253 176.700012 -18.187500 
72051296749567 58.275002 176.118759 -15.431251 
72051316749567 57.393753 175.087509 -13.125001 
72051336749567 56.568752 174.262512 -11.137501 
72051356749567 56.118752 173.400009 -9.300000 
72051376749567 55.875004 172.368759 -7.087500 
72051396749567 56.156254 171.656250 -5.193750 
72051416749567 56.325001 170.793762 -3.656250 
72051436749567 56.718754 170.268753 -2.568750 
72051456749567 56.606251 169.481262 -2.062500 
72051476749567 56.962502 169.312500 -1.687500 
72051496749567 57.431252 169.162506 -1.518750 
72051516749567 57.712502 169.275009 -1.650000 
72051536749567 57.750004 169.462509 -2.512500 
72051556749567 57.900002 169.762512 -3.225000 
72051576749567 58.181252 170.212509 -4.068750 
72051596749567 58.162502 170.325012 -4.706250 
72051616749567 58.218754 170.643753 -5.025000 
72051636749567 58.200001 170.756256 -5.175000 
72051656749567 58.087502 170.775009 -5.250000 
72051676749567 58.068752 170.606262 -5.231250 
72051696749567 58.106251 170.231262 -4.687500 
72051716749567 57.843754 170.025009 -4.800000 
72051736749567 57.431252 169.856262 -5.062500 
72051756749567 57.393753 170.043762 -5.325000 
72051776749567 57.675003 170.175003 -6.206250 
72051796749567 57.787502 170.212509 -7.237500 
72051816749567 57.787502 170.493759 -8.306251 
72051836749567 57.918751 170.793762 -9.731251 
72051856749567 57.956253 171.431259 -11.831250 
72051876749567 58.237503 171.656250 -13.556251 
72051896749567 58.725002 172.125000 -15.281251 
72051916749567 59.081253 172.425003 -17.212502 
72051936749567 59.568752 172.706253 -19.087502 
72051956749567 60.000004 173.118759 -21.112501 
72051976749567 60.506252 173.306259 -23.025002 
72051996749567 60.825001 173.512512 -24.656252 
72052016749567 61.443752 173.606262 -25.912500 
72052036749567 61.912502 173.943756 -27.262501 
72052056749567 62.531254 173.850006 -28.631250 
72052076749567 62.887501 173.793762 -29.793751 
72052096749567 63.337502 173.850006 -30.843752 
72052116749567 63.675003 173.606262 -31.725000 
72052136749567 64.012505 173.400009 -32.568752 
72052156749567 64.537506 173.175003 -33.356251 
72052176749567 65.043755 172.856262 -34.125000 
72052196749567 65.868752 172.781250 -34.800003 
72052216749567 66.337502 172.818756 -35.043751 
72052236749567 66.768753 172.781250 -35.437500 
72052256749567 67.143753 172.706253 -35.662502 
72052276749567 67.462502 172.743759 -35.287502 
72052296749567 67.762505 172.987503 -34.575001 
72052316749567 67.537506 173.081253 -33.600002 
72052336749567 67.537506 173.437500 -32.100002 
72052356749567 66.975006 173.306259 -30.300001 
72052376749567 66.468750 173.118759 -28.275002 
72052396749567 65.906250 173.175003 -25.931252 
72052416749567 64.968750 172.987503 -23.325001 
72052436749567 64.218750 172.687500 -20.906250 
72052456749567 63.337502 172.237503 -18.412500 
72052476749567 62.906254 171.825012 -16.181252 
72052496749567 61.856251 171.075012 -13.987500 
72052516749567 60.768753 170.418762 -11.775001 
72052536749567 60.131252 169.725006 -9.918751 
72052556749567 59.700001 168.825012 -7.856250 
72052576749567 59.606251 167.962509 -5.962500 
72052596749567 59.456253 167.287506 -4.312500 
72052616749567 59.662502 166.631256 -3.000000 
72052636749567 59.531254 166.181259 -1.668750 
72052656749567 59.700001 165.675003 -0.862500 
72052676749567 60.131252 165.300003 -0.356250 
72052696749567 60.187504 165.262512 -0.093750 
72052716749567 60.300003 165.356262 -0.187500 
72052736749567 60.393753 165.768753 -0.787500 
72052756749567 60.431252 166.406250 -1.556250 
72052776749567 60.337502 166.743759 -2.193750 
72052796749567 60.506252 166.968750 -2.737500 
72052816749567 60.543751 167.156250 -2.812500 
72052836749567 60.356251 167.250000 -2.737500 
72052856749567 60.056252 167.212509 -3.000000 
72052876749567 59.793751 167.250000 -3.300000 
72052896749567 59.325001 166.837509 -3.243750 
72052916749567 58.762501 166.406250 -3.112500 
72052936749567 57.918751 166.181259 -3.356250 
72052956749567 57.281254 166.050003 -3.975000 
72052976749567 56.606251 166.312500 -5.137500 
72052996749567 56.062504 166.706253 -6.731250 
72053016749567 55.631252 167.100006 -8.100000 
72053036749567 55.331253 167.418762 -9.468750 
72053056749567 54.993752 168.056259 -11.043751 
72053076749567 55.275002 168.712509 -13.012501 
72053096749567 55.800003 169.331253 -14.868751 
72053116749567 56.100002 169.968750 -17.006250 
72053136749567 56.568752 170.418762 -18.975000 
72053156749567 57.131252 170.756256 -20.775002 
72053176749567 57.750004 171.093750 -22.312500 
72053196749567 58.406254 171.431259 -23.887501 
72053216749567 59.062504 171.600006 -25.462502 
72053236749567 59.531254 171.581253 -26.700001 
72053256749567 59.962502 171.656250 -27.768751 
72053276749567 60.375004 171.562500 -28.556252 
72053296749567 60.806252 171.543762 -29.362501 
72053316749567 61.350002 171.543762 -30.356251 
72053336749567 61.818752 171.431259 -31.368752 
72053356749567 61.987503 171.018753 -32.118752 
72053376749567 62.306252 170.793762 -32.737503 
72053396749567 62.568752 170.700012 -33.206253 
72053416749567 62.887501 170.568756 -33.712502 
72053436749567 63.037502 170.606262 -33.862503 
72053456749567 63.168751 170.625000 -33.825001 
72053476749567 62.906254 170.531250 -33.281250 
72053496749567 62.662502 170.456253 -32.343750 
72053516749567 62.325001 170.512512 -31.031252 
72053536749567 61.650002 170.362503 -29.212502 
72053556749567 60.918751 170.287506 -27.131250 
72053576749567 60.093754 169.968750 -24.750002 
72053596749567 59.306252 169.537506 -22.350000 
72053616749567 58.256252 169.068756 -20.100000 
72053636749567 57.506252 168.581253 -17.681252 
72053656749567 56.662502 167.962509 -15.318750 
72053676749567 56.025002 167.381256 -13.293751 
72053696749567 55.331253 166.650009 -11.512501 
72053716749567 54.993752 165.787506 -9.562500 
72053736749567 54.487503 164.756256 -7.668750 
72053756749567 54.506252 163.987503 -5.793750 
72053776749567 54.618752 162.843750 -4.031250 
72053796749567 54.750004 162.131256 -2.475000 
72053816749567 55.087502 161.512512 -1.293750 
72053836749567 55.312504 161.025009 -0.468750 
72053856749567 55.931252 160.968750 0.000000 
72053876749567 56.118752 161.043762 -0.187500 
72053896749567 56.625004 161.493759 -0.768750 
72053916749567 56.756252 161.718750 -1.462500 
72053936749567 57.131252 162.375000 -1.893750 
72053956749567 57.525002 162.656250 -2.193750 
72053976749567 57.525002 162.918762 -2.493750 
72053996749567 57.581253 163.125000 -2.606250 
72054016749567 57.806252 163.256256 -2.756250 
72054036749567 58.125004 163.181259 -2.718750 
72054056749567 58.256252 163.050003 -2.381250 
72054076749567 58.087502 162.918762 -1.950000 
72054096749567 57.487503 162.618759 -1.856250 
72054116749567 57.112503 162.731262 -2.456250 
72054136749567 56.906254 162.975006 -3.262500 
72054156749567 56.868752 163.443756 -4.293750 
72054176749567 56.456253 163.706253 -5.287500 
72054196749567 56.156254 164.100006 -6.150000 
72054216749567 55.743752 164.662506 -7.706250 
72054236749567 55.931252 165.262512 -9.618751 
72054256749567 56.212502 165.918762 -11.587501 
72054276749567 56.568752 166.556259 -13.331250 
72054296749567 56.756252 167.025009 -15.056251 
72054316749567 57.018753 167.287506 -16.762501 
72054336749567 56.981251 167.606262 -18.300001 
72054356749567 56.681252 167.681259 -19.800001 
72054376749567 56.362503 167.718750 -20.943750 
72054396749567 55.912502 167.568756 -22.143751 
72054416749567 55.725002 167.662506 -23.531250 
72054436749567 55.106251 167.343750 -24.375002 
72054456749567 55.125004 167.250000 -25.725000 
72054476749567 55.031254 167.006256 -26.831251 
72054496749567 55.462502 166.781250 -27.731251 
72054516749567 56.362503 166.837509 -28.818750 
72054536749567 57.731251 167.025009 -30.037500 
72054556749567 58.856251 167.268753 -30.862501 
72054576749567 59.756252 167.381256 -31.312502 
72054596749567 60.956253 167.587509 -31.893751 
72054616749567 61.537502 167.456253 -31.668751 
72054636749567 62.025002 167.587509 -31.350000 
72054656749567 62.212502 167.681259 -30.750002 
72054676749567 62.062504 167.568756 -30.131250 
72054696749567 61.687504 167.212509 -29.081251 
72054716749567 61.181252 166.893753 -27.618752 
72054736749567 60.637501 166.518753 -26.025002 
72054756749567 59.868752 166.087509 -24.393751 
72054776749567 59.118752 165.731262 -22.668751 
72054796749567 58.331253 165.075012 -20.756250 
72054816749567 57.543751 164.475006 -19.256250 
72054836749567 56.756252 163.687500 -17.512501 
72054856749567 56.156254 162.937500 -15.862500 
72054876749567 55.725002 162.131256 -14.418751 
72054896749567 55.387501 161.231262 -12.918751 
72054916749567 54.975002 160.387512 -11.287500 
72054936749567 54.937504 159.693756 -9.731251 
72054956749567 55.050003 158.943756 -8.512501 
72054976749567 55.293751 158.231262 -7.312500 
72054996749567 55.481251 157.800003 -6.543750 
72055016749567 55.406254 157.331253 -5.775000 
72055036749567 55.218754 157.012512 -5.381250 
72055056749567 55.350002 156.993759 -5.062500 
72055076749567 55.575001 157.031250 -5.493750 
72055096749567 55.818752 157.162506 -6.375000 
72055116749567 55.762501 157.500000 -6.881250 
72055136749567 55.968754 157.781250 -7.368750 
72055156749567 56.006252 157.800003 -7.331250 
72055176749567 56.250004 157.950012 -7.462500 
72055196749567 56.531254 158.006256 -7.668750 
72055216749567 56.437504 158.062500 -8.137501 
72055236749567 56.381252 157.875000 -8.381250 
72055256749567 56.062504 157.725006 -8.306251 
72055276749567 55.968754 157.575012 -8.756250 
72055296749567 55.706253 157.706253 -9.281250 
72055316749567 55.612503 158.043762 -10.500000 
72055336749567 55.537502 158.568756 -11.962501 
72055356749567 55.462502 159.112503 -13.181251 
72055376749567 55.668751 159.300003 -14.606251 
72055396749567 55.912502 159.750000 -15.881250 
72055416749567 56.231251 160.237503 -17.325001 
72055436749567 56.550003 160.631256 -18.712502 
72055456749567 56.943752 160.875000 -20.193750 
72055476749567 57.243752 161.156250 -21.525002 
72055496749567 57.506252 161.062500 -22.856251 
72055516749567 57.731251 161.043762 -24.412500 
72055536749567 57.862503 161.100006 -25.575001 
72055556749567 58.050003 161.175003 -26.868752 
72055576749567 58.331253 161.043762 -27.993752 
72055596749567 58.762501 161.043762 -29.175001 
72055616749567 59.231251 161.025009 -30.281252 
72055636749567 59.662502 160.856262 -31.556252 
72055656749567 59.943752 160.781250 -32.437500 
72055676749567 60.506252 160.781250 -33.075001 
72055696749567 61.293751 160.818756 -34.031250 
72055716749567 62.193752 160.912506 -34.912502 
72055736749567 62.906254 161.062500 -35.775002 
72055756749567 63.318752 161.118759 -36.487503 
72055776749567 63.825001 161.006256 -37.012501 
72055796749567 64.387505 160.968750 -37.106251 
72055816749567 64.912506 161.118759 -37.293751 
72055836749567 64.950005 161.268753 -36.956253 
72055856749567 64.968750 161.418762 -36.225002 
72055876749567 64.575005 161.568756 -35.081253 
72055896749567 64.425003 161.606262 -33.843750 
72055916749567 64.012505 161.700012 -32.193752 
72055936749567 63.506252 161.943756 -30.506250 
72055956749567 62.981251 162.018753 -28.537500 
72055976749567 62.456253 162.112503 -26.512501 
72055996749567 62.250004 161.925003 -24.843752 
72056016749567 61.650002 161.793762 -22.856251 
72056036749567 61.218754 161.531250 -21.150002 
72056056749567 60.562504 161.212509 -19.612501 
72056076749567 60.431252 160.950012 -18.093750 
72056096749567 60.112503 160.481262 -16.593750 
72056116749567 59.981251 160.162506 -15.487500 
72056136749567 59.850002 159.693756 -14.100000 
72056156749567 59.643753 159.450012 -12.712501 
72056176749567 59.643753 159.112503 -11.737500 
72056196749567 59.775002 158.906250 -11.025001 
72056216749567 59.850002 158.756256 -10.181251 
72056236749567 59.587502 158.493759 -10.068750 
72056256749567 59.737503 158.493759 -9.993751 
72056276749567 59.625004 158.606262 -9.956250 
72056296749567 59.700001 159.000000 -10.425000 
72056316749567 59.887501 159.281250 -10.818750 
72056336749567 60.093754 159.487503 -11.568750 
72056356749567 60.150002 159.600006 -11.568750 
72056376749567 60.131252 159.618759 -11.887501 
72056396749567 60.412502 159.768753 -11.887501 
72056416749567 60.581253 159.937500 -12.112500 
72056436749567 60.637501 160.181259 -12.187501 
72056456749567 60.356251 159.993759 -11.925000 
72056476749567 59.962502 159.881256 -12.056251 
72056496749567 59.625004 159.956253 -12.300000 
72056516749567 59.212502 159.993759 -13.125001 
72056536749567 59.156254 160.331253 -14.043751 
72056556749567 58.818752 160.856262 -14.868751 
72056576749567 58.500004 161.081253 -15.825001 
72056596749567 58.518753 161.250000 -16.950001 
72056616749567 58.837502 161.662506 -18.543751 
72056636749567 59.325001 162.037506 -19.912500 
72056656749567 59.662502 162.375000 -21.506250 
72056676749567 59.868752 162.693756 -23.118752 
72056696749567 59.925003 162.900009 -24.393751 
72056716749567 60.412502 162.918762 -25.762501 
72056736749567 60.675003 163.068756 -27.206251 
72056756749567 60.937504 163.050003 -28.368752 
72056776749567 61.218754 163.031250 -29.587502 
72056796749567 61.500004 162.918762 -30.881250 
72056816749567 61.725002 162.918762 -31.650002 
72056836749567 62.268753 162.993759 -32.325001 
72056856749567 62.925003 163.087509 -33.318752 
72056876749567 63.243752 162.825012 -34.068752 
72056896749567 63.581253 162.637512 -34.875000 
72056916749567 64.087502 162.656250 -35.700001 
72056936749567 64.462502 162.412506 -36.281250 
72056956749567 64.893753 162.487503 -36.918751 
72056976749567 65.400002 162.356262 -37.425003 
72056996749567 65.812500 162.056259 -37.931252 
72057016749567 66.262505 162.018753 -38.250000 
72057036749567 66.431252 162.318756 -38.531250 
72057056749567 66.712502 162.468750 -38.062500 
72057076749567 66.487503 162.468750 -37.368752 
72057096749567 66.300003 162.900009 -36.206253 
72057116749567 65.868752 162.993759 -34.762501 
72057136749567 65.456253 163.181259 -33.150002 
72057156749567 65.006256 163.425003 -31.106251 
72057176749567 63.993752 163.350006 -28.818750 
72057196749567 63.262501 163.218750 -26.418751 
72057216749567 62.475002 162.937500 -24.318750 
72057236749567 61.818752 162.693756 -22.256250 
72057256749567 61.200001 162.262512 -20.268751 
72057276749567 60.300003 161.737503 -18.318750 
72057296749567 59.625004 161.306259 -16.218750 
72057316749567 59.043751 160.987503 -14.550000 
72057336749567 58.987503 160.406250 -12.712501 
72057356749567 58.837502 159.843750 -11.381250 
72057376749567 58.668751 159.506256 -10.068750 
72057396749567 58.631252 159.225006 -9.056251 
72057416749567 58.556252 158.850006 -8.343750 
72057436749567 58.875004 158.718750 -7.706250 
72057456749567 59.025002 158.681259 -7.856250 
72057476749567 59.062504 158.662506 -8.062500 
72057496749567 59.081253 158.943756 -8.793751 
72057516749567 59.118752 159.131256 -9.618751 
72057536749567 59.418751 159.468750 -10.237500 
72057556749567 59.531254 159.693756 -11.043751 
72057576749567 59.568752 159.900009 -11.400001 
72057596749567 59.512501 159.918762 -11.662500 
72057616749567 59.531254 160.031250 -11.643750 
72057636749567 59.587502 160.106262 -11.775001 
72057656749567 59.700001 159.993759 -11.662500 
72057676749567 59.625004 159.862503 -11.400001 
72057696749567 59.025002 159.618759 -11.437500 
72057716749567 58.725002 159.543762 -11.568750 
72057736749567 58.687504 159.618759 -12.168751 
72057756749567 58.856251 160.068756 -13.012501 
72057776749567 59.043751 160.181259 -14.118751 
72057796749567 58.800003 160.087509 -15.112500 
72057816749567 58.650002 160.387512 -16.237501 
72057836749567 58.893753 160.706253 -17.381250 
72057856749567 59.325001 161.062500 -18.618752 
72057876749567 59.550003 161.362503 -19.743752 
72057896749567 60.000004 161.812500 -21.243752 
72057916749567 59.831253 161.925003 -22.518751 
72057936749567 59.812504 162.018753 -23.587502 
72057956749567 60.337502 162.300003 -24.825001 
72057976749567 60.712502 162.412506 -25.950001 
72057996749567 60.843754 162.375000 -27.206251 
72058016749567 61.087502 162.337509 -28.350000 
72058036749567 61.387501 162.318756 -29.343752 
72058056749567 61.537502 161.906250 -30.093752 
72058076749567 62.100002 161.887512 -30.993752 
72058096749567 62.418751 161.718750 -31.800001 
72058116749567 62.475002 161.456253 -32.493752 
72058136749567 62.700001 161.362503 -33.262501 
72058156749567 63.056252 161.362503 -33.787502 
72058176749567 63.487503 161.362503 -34.162502 
72058196749567 63.693752 161.193756 -34.593750 
72058216749567 63.637501 161.287506 -34.781250 
72058236749567 63.787502 161.175003 -34.987503 
72058256749567 64.012505 161.418762 -34.837502 
72058276749567 64.368752 161.662506 -34.537502 
72058296749567 64.218750 161.681259 -33.825001 
72058316749567 64.012505 161.962509 -33.018753 
72058336749567 63.581253 162.037506 -31.518751 
72058356749567 63.318752 162.093750 -29.962502 
72058376749567 63.206253 162.075012 -28.443750 
72058396749567 62.737503 161.962509 -26.625002 
72058416749567 62.343754 161.812500 -24.825001 
72058436749567 61.837502 161.625000 -23.081251 
72058456749567 61.481251 161.268753 -21.337502 
72058476749567 60.918751 160.706253 -19.968750 
72058496749567 60.656254 160.312500 -18.825001 
72058516749567 60.243752 160.106262 -17.475000 
72058536749567 59.906254 159.693756 -16.237501 
72058556749567 59.587502 159.412506 -15.206250 
72058576749567 59.250004 159.018753 -14.493751 
72058596749567 58.818752 158.512512 -13.612500 
72058616749567 58.856251 158.493759 -13.031251 
72058636749567 58.818752 158.400009 -12.037500 
72058656749567 58.556252 158.156250 -11.437500 
72058676749567 58.500004 157.950012 -11.362500 
72058696749567 58.425003 157.950012 -11.437500 
72058716749567 58.406254 157.893753 -11.568750 
72058736749567 58.331253 158.043762 -11.700001 
72058756749567 58.425003 158.193756 -11.925000 
72058776749567 58.462502 158.325012 -12.281251 
72058796749567 58.593754 158.362503 -12.881250 
72058816749567 58.837502 158.606262 -13.293751 
72058836749567 58.818752 158.643753 -13.237500 
72058856749567 58.762501 158.493759 -12.862500 
72058876749567 58.781254 158.456253 -12.600000 
72058896749567 58.818752 158.250000 -12.281251 
72058916749567 58.800003 158.287506 -12.168751 
72058936749567 58.537502 158.062500 -11.981251 
72058956749567 58.500004 157.912506 -11.718750 
72058976749567 58.237503 157.668762 -11.850000 
72058996749567 58.462502 157.781250 -12.318750 
72059016749567 58.481251 158.081253 -13.106251 
72059036749567 58.425003 158.043762 -13.818750 
72059056749567 58.312504 158.193756 -14.700001 
72059076749567 58.593754 158.475006 -15.431251 
72059096749567 58.931252 158.812500 -16.293751 
72059116749567 58.931252 159.168762 -17.212502 
72059136749567 59.437504 159.675003 -17.943750 
72059156749567 59.493752 159.693756 -18.600000 
72059176749567 59.568752 159.806259 -19.106251 
72059196749567 59.681252 159.956253 -19.687500 
72059216749567 59.925003 160.143753 -20.343750 
72059236749567 60.037502 160.275009 -20.981251 
72059256749567 59.925003 160.143753 -21.581251 
72059276749567 60.093754 160.125000 -21.975000 
72059296749567 59.662502 160.050003 -22.575001 
72059316749567 59.568752 160.200012 -23.325001 
72059336749567 59.512501 160.143753 -23.793751 
72059356749567 59.531254 160.237503 -24.356251 
72059376749567 59.550003 160.181259 -24.637501 
72059396749567 59.418751 160.012512 -24.918751 
72059416749567 59.287502 159.956253 -25.162500 
72059436749567 59.362503 160.031250 -25.612501 
72059456749567 59.268753 159.993759 -25.875002 
72059476749567 59.437504 160.068756 -26.043751 
72059496749567 59.493752 160.087509 -26.343752 
72059516749567 59.681252 160.125000 -26.606251 
72059536749567 59.512501 160.237503 -26.981251 
72059556749567 59.475002 160.368759 -27.262501 
72059576749567 59.512501 160.443756 -27.468752 
72059596749567 59.250004 160.556259 -27.750002 
72059616749567 59.493752 160.612503 -28.087502 
72059636749567 59.493752 160.350006 -28.256250 
72059656749567 59.531254 160.443756 -28.800001 
72059676749567 59.362503 160.612503 -28.893751 
72059696749567 59.400002 160.668762 -29.062502 
72059716749567 59.418751 160.537506 -29.456251 
72059736749567 59.475002 160.537506 -29.681252 
72059756749567 59.831253 160.443756 -29.887501 
72059776749567 60.018753 160.312500 -30.093752 
72059796749567 60.018753 160.425003 -30.206251 
72059816749567 60.150002 160.293762 -29.887501 
72059836749567 60.225002 160.050003 -29.850000 
72059856749567 60.206253 160.031250 -29.812502 
72059876749567 60.243752 160.068756 -29.156252 
72059896749567 60.281254 160.162506 -28.800001 
72059916749567 60.318752 160.181259 -28.218752 
72059936749567 60.168751 160.293762 -27.375002 
72059956749567 60.056252 160.312500 -26.381250 
72059976749567 60.018753 160.387512 -25.443750 
72059996749567 59.981251 160.406250 -24.431252 
72060016749567 60.131252 160.387512 -23.137501 
72060036749567 60.225002 160.406250 -22.350000 
72060056749567 60.187504 160.256256 -21.412500 
72060076749567 60.000004 160.031250 -20.606251 
72060096749567 60.112503 160.068756 -20.175001 
72060116749567 60.206253 160.068756 -20.062500 
72060136749567 60.337502 160.050003 -20.325001 
72060156749567 60.581253 160.068756 -20.737501 
72060176749567 60.581253 159.975006 -21.412500 
72060196749567 60.600002 159.975006 -22.181252 
72060216749567 60.656254 160.143753 -23.118752 
72060236749567 60.600002 160.200012 -23.925001 
72060256749567 60.562504 160.087509 -24.656252 
72060276749567 60.600002 160.050003 -25.537500 
72060296749567 60.506252 160.125000 -25.968752 
72060316749567 60.393753 160.256256 -26.493752 
72060336749567 60.600002 160.312500 -26.868752 
72060356749567 60.693752 160.368759 -27.150002 
72060376749567 60.956253 160.481262 -27.412500 
72060396749567 61.125004 160.593750 -27.825001 
72060416749567 61.087502 160.706253 -28.200001 
72060436749567 61.275002 160.781250 -28.350000 
72060456749567 61.331253 160.650009 -28.518751 
72060476749567 61.237503 160.687500 -28.593752 
72060496749567 61.125004 160.706253 -28.912500 
72060516749567 61.050003 160.575012 -29.043751 
72060536749567 60.918751 160.443756 -29.100000 
72060556749567 60.843754 160.368759 -29.062502 
72060576749567 61.143753 160.443756 -28.987501 
72060596749567 61.125004 160.368759 -28.950001 
72060616749567 61.237503 160.481262 -28.875002 
72060636749567 61.293751 160.200012 -28.743752 
72060656749567 61.256252 160.087509 -28.462502 
72060676749567 61.087502 160.162506 -28.500002 
72060696749567 61.143753 160.200012 -28.631250 
72060716749567 61.350002 160.312500 -28.500002 
72060736749567 61.312504 160.256256 -28.406252 
72060756749567 61.293751 160.406250 -28.293751 
72060776749567 61.143753 160.537506 -28.500002 
72060796749567 61.087502 160.781250 -28.575001 
72060816749567 61.237503 161.006256 -28.856251 
72060836749567 61.143753 161.006256 -28.968752 
72060856749567 60.825001 160.818756 -28.631250 
72060876749567 60.600002 160.743759 -28.556252 
72060896749567 60.487503 160.800003 -28.593752 
72060916749567 60.431252 160.875000 -28.818750 
72060936749567 60.562504 160.762512 -28.706251 
72060956749567 60.543751 160.650009 -28.856251 
72060976749567 60.487503 160.612503 -28.668751 
72060996749567 60.675003 160.500000 -28.612501 
72061016749567 60.862503 160.612503 -28.762501 
72061036749567 61.106251 160.612503 -29.062502 
72061056749567 61.162502 160.556259 -29.081251 
72061076749567 60.993752 160.481262 -28.650002 
72061096749567 60.862503 160.425003 -28.781252 
72061116749567 61.143753 160.537506 -28.706251 
72061136749567 61.350002 160.443756 -28.631250 
72061156749567 61.593754 160.518753 -28.706251 
72061176749567 61.687504 160.575012 -28.743752 
72061196749567 61.631252 160.612503 -28.687502 
72061216749567 61.818752 160.575012 -28.706251 
72061236749567 61.931252 160.556259 -29.175001 
72061256749567 62.137501 160.856262 -29.062502 
72061276749567 62.137501 160.950012 -29.137501 
72061296749567 61.968754 160.987503 -29.062502 
72061316749567 61.743752 160.912506 -28.687502 
72061336749567 61.987503 160.931259 -28.500002 
72061356749567 62.137501 160.856262 -28.612501 
72061376749567 61.950001 161.006256 -28.762501 
72061396749567 62.043751 161.137512 -28.650002 
72061416749567 62.212502 161.212509 -28.893751 
72061436749567 62.250004 160.968750 -28.912500 
72061456749567 62.287502 160.856262 -29.043751 
72061476749567 62.512501 161.062500 -29.306252 
72061496749567 62.456253 160.912506 -29.193750 
72061516749567 62.456253 161.062500 -29.025002 
72061536749567 62.681252 161.118759 -28.781252 
72061556749567 62.981251 161.081253 -28.668751 
72061576749567 62.887501 160.875000 -28.350000 
72061596749567 62.737503 160.987503 -28.125002 
72061616749567 62.737503 161.081253 -27.918751 
72061636749567 63.075001 160.912506 -27.787500 
72061656749567 63.037502 161.006256 -27.937502 
72061676749567 63.075001 160.875000 -27.862501 
72061696749567 62.925003 160.743759 -27.862501 
72061716749567 62.625004 160.668762 -27.956251 
72061736749567 62.512501 160.631256 -28.125002 
72061756749567 62.606251 160.650009 -28.312502 
72061776749567 62.681252 160.668762 -28.650002 
72061796749567 62.118752 160.875000 -28.687502 
72061816749567 61.931252 160.818756 -28.725000 
72061836749567 61.612503 160.912506 -28.725000 
72061856749567 61.556252 160.912506 -29.062502 
72061876749567 61.143753 160.912506 -29.043751 
72061896749567 60.993752 160.762512 -28.875002 
72061916749567 60.618752 160.800003 -28.893751 
72061936749567 60.243752 160.612503 -28.968752 
72061956749567 59.793751 160.556259 -29.100000 
72061976749567 59.512501 160.631256 -29.325001 
72061996749567 58.968754 160.331253 -29.662500 
72062016749567 58.181252 159.993759 -29.681252 
72062036749567 58.031254 159.806259 -29.943750 
72062056749567 57.225002 159.581253 -30.431252 
72062076749567 56.550003 159.225006 -30.693750 
72062096749567 55.912502 159.168762 -30.693750 
72062116749567 55.050003 158.625000 -30.487501 
72062136749567 54.131252 158.325012 -30.431252 
72062156749567 53.475002 158.100006 -30.112501 
72062176749567 52.856251 157.818756 -30.075001 
72062196749567 51.956253 157.537506 -30.018751 
72062216749567 51.243752 157.012512 -30.093752 
72062236749567 48.281254 156.187500 -29.081251 
72062256749567 43.500000 155.025009 -27.862501 
72062276749567 39.525002 154.050003 -26.793751 
72062296749567 37.968750 153.206253 -26.718752 
72062316749567 36.356251 152.081253 -27.093752 
72062336749567 34.612503 151.012512 -27.731251 
72062356749567 33.112503 149.643753 -28.518751 
72062376749567 31.931252 148.631256 -29.681252 
72062396749567 31.612501 147.412506 -31.125002 
72062416749567 33.243752 146.775009 -33.731251 
72062436749567 35.850002 146.043762 -36.806252 
72062456749567 36.693752 144.787506 -40.237503 
72062476749567 38.212502 143.925003 -43.237503 
72062496749567 40.068752 142.556259 -46.556252 
72062516749567 41.943752 141.656250 -49.031254 
72062536749567 43.631252 139.893753 -50.925003 
72062556749567 47.512501 138.600006 -54.825001 
72062576749567 50.906254 136.800003 -57.187504 
72062596749567 53.437504 135.037506 -60.131252 
72062616749567 54.600002 133.350006 -60.225002 
72062636749567 55.931252 131.268753 -61.593754 
72062656749567 55.537502 129.637512 -60.937504 
72062676749567 56.793751 127.781258 -62.231251 
72062696749567 58.181252 126.487503 -63.037502 
72062716749567 58.762501 125.025002 -62.962502 
72062736749567 59.587502 123.675003 -63.243752 
72062756749567 59.981251 122.456253 -62.568752 
72062776749567 61.293751 121.293755 -63.487503 
72062796749567 61.650002 120.318756 -62.962502 
72062816749567 63.731251 119.137505 -63.993752 
72062836749567 63.900002 117.900002 -63.093754 
72062856749567 64.275002 116.812508 -63.450001 
72062876749567 64.668755 115.800003 -62.887501 
72062896749567 64.537506 114.506256 -63.093754 
72062916749567 64.368752 113.362503 -62.962502 
72062936749567 63.881252 112.275002 -62.362503 
72062956749567 63.787502 111.168755 -62.250004 
72062976749567 63.637501 110.662506 -61.893753 
72062996749567 63.750004 110.062508 -62.231251 
72063016749567 63.768753 109.612503 -61.950001 
72063036749567 63.525002 109.031258 -62.250004 
72063056749567 64.087502 109.200005 -62.250004 
72063076749567 64.406250 108.937508 -62.550003 
72063096749567 64.800003 108.918755 -62.737503 
72063116749567 64.950005 109.068756 -62.850002 
72063136749567 65.381256 109.200005 -62.775002 
72063156749567 65.587502 109.312508 -62.887501 
72063176749567 65.700005 109.350006 -62.587502 
72063196749567 65.925003 109.650002 -62.681252 
72063216749567 65.906250 109.518753 -62.475002 
72063236749567 66.300003 109.537506 -62.343754 
72063256749567 66.543755 109.218758 -62.250004 
72063276749567 67.162506 109.031258 -62.287502 
72063296749567 67.162506 108.337502 -62.493752 
72063316749567 67.200005 107.606255 -62.306252 
72063336749567 66.937500 106.968758 -61.987503 
72063356749567 66.975006 106.181252 -61.556252 
72063376749567 67.125000 105.468758 -61.312504 
72063396749567 67.143753 104.700005 -61.068752 
72063416749567 67.162506 104.100006 -61.012501 
72063436749567 66.900002 103.612503 -60.506252 
72063456749567 66.787506 103.050003 -60.056252 
72063476749567 66.675003 102.562508 -59.625004 
72063496749567 66.600006 102.262505 -59.475002 
72063516749567 66.525002 102.056252 -59.287502 
