# Created at Fri Jan 31 08:47:40 GMT+01:00 2025 in Burnaby Canada 
72030256750007 -9.693750 -18.168751 -31.406252 
72030276750007 -9.843750 -18.093750 -31.406252 
72030296750007 -9.768750 -18.056252 -31.818750 
72030316750007 -11.268750 -18.637501 -31.650002 
72030336750007 -12.000000 -19.012501 -31.443750 
72030356750007 -14.512501 -19.931252 -30.506250 
72030376750007 -15.318750 -20.025002 -30.600000 
72030396750007 -15.881250 -20.081251 -30.431252 
72030416750007 -18.337502 -20.568750 -29.437502 
72030436750007 -20.606251 -21.581251 -28.762501 
72030456750007 -21.618752 -21.993752 -28.237501 
72030476750007 -21.562500 -21.937500 -27.618752 
72030496750007 -21.956251 -22.387501 -27.018751 
72030516750007 -20.625000 -22.275002 -27.281252 
72030536750007 -20.681252 -22.987501 -26.643751 
72030556750007 -20.962502 -23.381250 -26.043751 
72030576750007 -19.462502 -23.681252 -26.043751 
72030596750007 -17.962502 -23.156250 -25.931252 
72030616750007 -17.775002 -22.931252 -25.912500 
72030636750007 -17.137501 -22.725000 -26.268751 
72030656750007 -16.781250 -22.181252 -26.456251 
72030676750007 -16.500000 -21.731251 -26.643751 
72030696750007 -16.406250 -20.887501 -26.981251 
72030716750007 -16.668751 -20.531250 -26.906252 
72030736750007 -16.950001 -20.118752 -26.868752 
72030756750007 -18.225000 -20.137501 -26.456251 
72030776750007 -19.612501 -19.931252 -25.312502 
72030796750007 -21.281250 -19.481251 -23.662500 
72030816750007 -23.475000 -18.581251 -21.750000 
72030836750007 -26.175001 -17.400002 -19.331251 
72030856750007 -29.006250 -16.218750 -15.956250 
72030876750007 -31.368752 -14.025001 -12.731251 
72030896750007 -33.862503 -11.343750 -9.243751 
72030916750007 -35.568752 -8.081250 -5.437500 
72030936750007 -36.937500 -5.006250 -1.912500 
72030956750007 -38.343750 -1.331250 1.593750 
72030976750007 -39.393753 1.706250 4.875000 
72030996750007 -39.562500 4.875000 7.162500 
72031016750007 -39.262501 7.837500 8.943750 
72031036750007 -39.412502 10.331250 10.031250 
72031056750007 -39.243752 12.281251 11.025001 
72031076750007 -38.906250 14.006250 11.306251 
72031096750007 -38.793751 15.318750 11.700001 
72031116750007 -38.550003 16.162500 11.493751 
72031136750007 -38.025002 17.062500 10.987500 
72031156750007 -37.668751 17.662500 10.968750 
72031176750007 -37.293751 18.168751 10.462501 
72031196750007 -36.150002 18.675001 10.087501 
72031216750007 -35.681252 19.031250 9.693750 
72031236750007 -35.287502 19.031250 9.356251 
72031256750007 -34.875000 19.575001 8.793751 
72031276750007 -34.331253 19.631250 8.456250 
72031296750007 -33.956253 19.593750 8.362500 
72031316750007 -33.750000 19.593750 8.212501 
72031336750007 -33.787502 19.612501 8.400001 
72031356750007 -33.787502 19.556252 8.643750 
72031376750007 -33.675003 19.518751 8.812500 
72031396750007 -33.843750 19.631250 8.906250 
72031416750007 -33.581253 19.612501 9.018750 
72031436750007 -33.431252 19.837502 9.075001 
72031456750007 -33.468750 20.081251 9.206250 
72031476750007 -33.356251 20.175001 9.206250 
72031496750007 -33.150002 20.325001 9.300000 
72031516750007 -33.075001 20.531250 9.206250 
72031536750007 -33.206253 20.756250 8.943750 
72031556750007 -33.150002 20.850000 8.625000 
72031576750007 -33.412502 20.512501 8.268750 
72031596750007 -33.450001 20.475000 7.556250 
72031616750007 -33.393753 20.268751 6.975000 
72031636750007 -33.487503 20.343750 6.543750 
72031656750007 -33.768753 20.156250 5.737500 
72031676750007 -33.975002 20.118752 5.325000 
72031696750007 -33.825001 20.175001 4.781250 
72031716750007 -33.581253 20.568750 4.687500 
72031736750007 -33.168751 21.412500 4.743750 
72031756750007 -32.418751 22.275002 5.118750 
72031776750007 -31.425001 23.606251 5.343750 
72031796750007 -30.356251 24.768751 5.343750 
72031816750007 -28.856251 26.550001 5.287500 
72031836750007 -27.468752 28.256250 4.893750 
72031856750007 -26.156252 29.850000 4.743750 
72031876750007 -24.731251 31.293751 4.556250 
72031896750007 -23.231251 32.737503 4.275000 
72031916750007 -22.012501 33.843750 3.937500 
72031936750007 -20.981251 34.687500 3.375000 
72031956750007 -19.762501 35.643753 2.868750 
72031976750007 -19.143751 36.187500 2.793750 
72031996750007 -18.487501 36.375000 2.643750 
72032016750007 -17.812500 36.768753 2.962500 
72032036750007 -17.268751 36.993752 3.093750 
72032056750007 -16.837502 37.143753 3.206250 
72032076750007 -16.575001 37.387501 3.412500 
72032096750007 -16.181252 37.612503 3.975000 
72032116750007 -16.293751 37.612503 4.481250 
72032136750007 -15.956250 37.537502 4.687500 
72032156750007 -15.206250 37.893753 4.968750 
72032176750007 -14.231251 38.287502 4.706250 
72032196750007 -13.387501 38.625000 4.368750 
72032216750007 -12.656251 38.625000 3.937500 
72032236750007 -11.812500 38.831253 3.675000 
72032256750007 -10.818750 39.262501 3.243750 
72032276750007 -9.225000 39.693752 3.243750 
72032296750007 -8.062500 40.200001 2.850000 
72032316750007 -6.900000 40.443752 2.756250 
72032336750007 -5.831250 40.556252 2.456250 
72032356750007 -4.443750 40.837502 2.212500 
72032376750007 -2.606250 41.156250 1.931250 
72032396750007 -0.525000 41.381252 1.293750 
72032416750007 1.218750 41.287502 0.750000 
72032436750007 2.850000 41.287502 -0.037500 
72032456750007 4.575000 41.062500 -0.375000 
72032476750007 6.468750 41.006252 -1.181250 
72032496750007 7.893750 40.706253 -1.650000 
72032516750007 9.487500 40.350002 -2.100000 
72032536750007 10.575001 40.181252 -2.456250 
72032556750007 11.531250 40.068752 -2.756250 
72032576750007 12.506250 39.825001 -3.187500 
72032596750007 13.218751 39.431252 -3.675000 
72032616750007 14.025001 39.206253 -4.237500 
72032636750007 14.175000 38.925003 -4.537500 
72032656750007 14.775001 38.700001 -4.706250 
72032676750007 14.887501 38.662502 -5.043750 
72032696750007 14.981251 38.587502 -5.381250 
72032716750007 15.000001 38.343750 -5.343750 
72032736750007 14.831250 38.268753 -5.006250 
72032756750007 15.000001 38.400002 -4.687500 
72032776750007 14.793751 38.493752 -4.387500 
72032796750007 14.962501 38.718750 -4.162500 
72032816750007 14.962501 39.131252 -3.637500 
72032836750007 14.868751 39.187500 -2.962500 
72032856750007 14.643750 39.356251 -1.762500 
72032876750007 14.456250 39.581253 -0.862500 
72032896750007 14.100000 39.637501 0.300000 
72032916750007 13.518750 39.918751 1.706250 
72032936750007 13.087501 40.162502 3.356250 
72032956750007 12.281251 40.237503 5.343750 
72032976750007 11.531250 40.200001 6.731250 
72032996750007 10.743751 40.106251 8.400001 
72033016750007 10.331250 39.993752 9.581250 
72033036750007 9.900001 39.918751 10.931251 
72033056750007 9.731251 40.031250 11.718750 
72033076750007 9.525001 39.693752 12.468751 
72033096750007 9.487500 39.450001 13.181251 
72033116750007 9.262501 39.525002 13.556251 
72033136750007 9.225000 39.318752 14.100000 
72033156750007 9.018750 39.225002 14.418751 
72033176750007 7.650000 39.225002 14.962501 
72033196750007 6.356250 39.112503 15.300000 
72033216750007 5.062500 38.981251 15.712501 
72033236750007 3.618750 38.962502 15.937501 
72033256750007 2.662500 39.131252 15.562501 
72033276750007 1.743750 39.187500 15.281251 
72033296750007 0.675000 39.225002 14.906251 
72033316750007 -0.000000 39.375000 14.981251 
72033336750007 0.637500 39.525002 14.400001 
72033356750007 1.256250 39.656250 13.912500 
72033376750007 2.100000 39.993752 13.443750 
72033396750007 2.775000 40.218750 12.900001 
72033416750007 3.018750 40.462502 12.731251 
72033436750007 3.450000 40.631252 12.806251 
72033456750007 3.750000 40.987503 12.825001 
72033476750007 4.312500 41.306252 12.225000 
72033496750007 4.237500 41.381252 12.093751 
72033516750007 4.256250 41.737503 11.587501 
72033536750007 3.825000 41.662502 10.781250 
72033556750007 3.918750 41.850002 10.443750 
72033576750007 3.993750 41.981251 9.806251 
72033596750007 4.125000 42.093750 8.606251 
72033616750007 4.443750 42.262501 7.443750 
72033636750007 4.087500 42.375000 6.656250 
72033656750007 4.462500 42.656250 5.306250 
72033676750007 4.537500 42.693752 4.368750 
72033696750007 4.950000 43.068752 3.468750 
72033716750007 5.043750 43.200001 2.306250 
72033736750007 5.212500 43.312500 1.331250 
72033756750007 5.381250 43.612503 0.862500 
72033776750007 5.793750 43.575001 0.393750 
72033796750007 6.562500 43.556252 -0.675000 
72033816750007 6.825000 43.500000 -1.200000 
72033836750007 6.993750 43.256252 -2.062500 
72033856750007 7.725000 43.162502 -2.643750 
72033876750007 8.587501 43.162502 -3.225000 
72033896750007 9.018750 42.956253 -3.900000 
72033916750007 9.168751 42.787502 -4.143750 
72033936750007 9.468750 42.693752 -4.893750 
72033956750007 9.768750 42.581253 -5.250000 
72033976750007 10.143750 42.450001 -5.662500 
72033996750007 10.575001 42.675003 -5.681250 
72034016750007 10.200001 42.656250 -5.718750 
72034036750007 10.425000 42.637501 -5.756250 
72034056750007 10.275001 42.825001 -5.400000 
72034076750007 10.331250 42.918751 -4.950000 
72034096750007 10.068750 43.181252 -3.975000 
72034116750007 9.581250 43.481251 -2.662500 
72034136750007 8.831250 43.612503 -1.087500 
72034156750007 8.025001 43.781250 0.637500 
72034176750007 7.687500 44.100002 2.437500 
72034196750007 6.375000 44.212502 4.556250 
72034216750007 5.850000 44.043751 6.975000 
72034236750007 5.156250 44.043751 8.625000 
72034256750007 4.143750 43.706253 10.800000 
72034276750007 3.825000 43.462502 12.150001 
72034296750007 3.862500 43.256252 13.575001 
72034316750007 3.506250 42.731251 14.962501 
72034336750007 3.037500 42.243752 16.293751 
72034356750007 2.775000 41.962502 17.100000 
72034376750007 2.587500 41.625000 17.793751 
72034396750007 2.400000 41.381252 18.656250 
72034416750007 2.662500 41.306252 18.543751 
72034436750007 2.287500 41.175003 18.806252 
72034456750007 1.856250 41.268753 18.825001 
72034476750007 2.062500 41.606251 18.075001 
72034496750007 2.062500 41.737503 17.343750 
72034516750007 2.400000 41.943752 16.987501 
72034536750007 2.643750 42.150002 16.387501 
72034556750007 2.981250 42.168751 15.881250 
72034576750007 3.056250 42.168751 15.862500 
72034596750007 3.300000 42.168751 15.843751 
72034616750007 3.168750 42.093750 15.881250 
72034636750007 3.431250 42.131252 15.918751 
72034656750007 3.300000 41.925003 16.406250 
72034676750007 3.112500 41.662502 16.668751 
72034696750007 2.925000 41.606251 16.800001 
72034716750007 2.868750 41.587502 16.743752 
72034736750007 2.681250 41.737503 16.631250 
72034756750007 2.718750 41.925003 15.975000 
72034776750007 2.906250 42.056252 14.962501 
72034796750007 2.700000 42.018753 14.400001 
72034816750007 2.756250 42.225002 13.368751 
72034836750007 2.868750 42.431252 12.131250 
72034856750007 3.375000 42.787502 10.706250 
72034876750007 3.562500 43.012501 9.393750 
72034896750007 4.050000 43.237503 7.668750 
72034916750007 4.237500 43.275002 6.431250 
72034936750007 4.781250 43.218750 5.418750 
72034956750007 5.325000 43.256252 4.387500 
72034976750007 5.887500 43.218750 2.981250 
72034996750007 5.962500 43.106251 2.062500 
72035016750007 5.981250 43.012501 1.331250 
72035036750007 6.262500 43.031250 0.431250 
72035056750007 6.656250 42.825001 -0.562500 
72035076750007 7.200000 42.675003 -1.331250 
72035096750007 7.612500 42.881252 -2.118750 
72035116750007 7.987500 42.806252 -2.700000 
72035136750007 8.737500 42.787502 -3.093750 
72035156750007 9.412500 42.918751 -3.468750 
72035176750007 9.900001 42.900002 -3.618750 
72035196750007 10.312500 42.900002 -3.487500 
72035216750007 10.518750 43.050003 -2.906250 
72035236750007 10.593750 43.200001 -2.400000 
72035256750007 10.387501 42.993752 -1.218750 
72035276750007 10.087501 43.125000 -0.187500 
72035296750007 9.337501 43.143753 1.237500 
72035316750007 8.531250 42.937500 2.962500 
72035336750007 7.800000 42.881252 4.575000 
72035356750007 6.693750 42.506252 6.506250 
72035376750007 5.793750 42.206253 8.381250 
72035396750007 4.706250 41.981251 10.350000 
72035416750007 4.012500 41.606251 12.131250 
72035436750007 3.225000 41.100002 13.762501 
72035456750007 2.437500 40.500000 15.618751 
72035476750007 2.137500 39.956253 16.781250 
72035496750007 1.725000 39.450001 17.943750 
72035516750007 1.781250 39.075001 18.862501 
72035536750007 1.893750 38.756252 19.481251 
72035556750007 2.325000 38.381252 19.912500 
72035576750007 2.400000 38.231251 19.912500 
72035596750007 2.606250 38.137501 19.856251 
72035616750007 3.075000 38.287502 19.162500 
72035636750007 3.318750 38.531250 18.581251 
72035656750007 3.506250 38.456253 17.756250 
72035676750007 3.787500 38.718750 16.743752 
72035696750007 3.825000 38.793751 16.331251 
72035716750007 4.031250 39.093750 15.806251 
72035736750007 4.162500 39.262501 15.506250 
72035756750007 4.312500 39.168751 15.468751 
72035776750007 3.825000 39.018753 15.337501 
72035796750007 3.993750 39.075001 14.962501 
72035816750007 3.881250 39.150002 15.168751 
72035836750007 4.068750 39.056252 15.431251 
72035856750007 4.237500 39.168751 15.225000 
72035876750007 4.256250 39.206253 14.756250 
72035896750007 4.443750 39.431252 14.137501 
72035916750007 4.668750 39.693752 13.368751 
72035936750007 5.643750 40.143753 12.562501 
72035956750007 5.887500 40.425003 11.943750 
72035976750007 6.600000 40.762501 10.725000 
72035996750007 6.937500 40.856251 9.468750 
72036016750007 7.218750 41.006252 8.081250 
72036036750007 7.631250 40.931252 7.143750 
72036056750007 7.781250 40.725002 6.337500 
72036076750007 8.062500 40.762501 5.475000 
72036096750007 8.306251 40.706253 4.368750 
72036116750007 9.037500 40.556252 3.281250 
72036136750007 9.487500 40.518753 2.418750 
72036156750007 9.731251 40.481251 1.593750 
72036176750007 10.275001 40.237503 0.768750 
72036196750007 10.968750 40.237503 -0.337500 
72036216750007 11.643750 40.050003 -1.462500 
72036236750007 12.468751 39.787502 -2.793750 
72036256750007 13.012501 39.581253 -3.300000 
72036276750007 13.500001 39.468750 -3.825000 
72036296750007 14.175000 39.150002 -4.481250 
72036316750007 14.793751 38.906250 -5.025000 
72036336750007 15.150001 38.737503 -5.250000 
72036356750007 15.300000 38.456253 -5.100000 
72036376750007 15.768750 38.456253 -5.287500 
72036396750007 15.881250 38.568752 -4.800000 
72036416750007 16.087502 38.756252 -4.537500 
72036436750007 15.862500 38.887501 -3.825000 
72036456750007 15.450001 39.356251 -2.793750 
72036476750007 15.281251 39.768753 -1.556250 
72036496750007 14.756250 40.181252 0.093750 
72036516750007 13.987500 40.575001 1.706250 
72036536750007 13.425000 41.231251 3.637500 
72036556750007 12.918751 41.700001 5.193750 
72036576750007 12.318750 42.262501 6.750000 
72036596750007 12.018750 42.618752 7.950000 
72036616750007 11.662500 42.806252 9.337501 
72036636750007 11.006250 43.050003 10.481251 
72036656750007 10.762501 43.425003 11.250000 
72036676750007 10.537500 43.612503 11.625000 
72036696750007 10.350000 43.575001 12.018750 
72036716750007 9.956250 43.631252 12.300000 
72036736750007 9.225000 43.518753 12.468751 
72036756750007 8.906250 43.668751 12.375001 
72036776750007 8.737500 43.893753 12.018750 
72036796750007 8.587501 44.025002 11.550000 
72036816750007 8.437500 44.156250 10.687500 
72036836750007 8.287500 44.400002 9.937500 
72036856750007 8.362500 45.018753 8.831250 
72036876750007 8.437500 45.431252 8.025001 
72036896750007 8.943750 45.806252 7.537500 
72036916750007 8.831250 46.331253 7.350000 
72036936750007 8.606251 46.518753 7.256250 
72036956750007 8.568750 47.043751 6.956250 
72036976750007 8.606251 47.400002 6.825000 
72036996750007 8.718750 47.906250 7.162500 
72037016750007 8.231251 47.925003 7.631250 
72037036750007 7.800000 48.056252 7.931250 
72037056750007 7.612500 48.131252 7.537500 
72037076750007 7.537500 48.262501 7.068750 
72037096750007 7.650000 48.525002 6.168750 
72037116750007 7.575000 48.562504 5.381250 
72037136750007 7.518750 48.600002 4.443750 
72037156750007 7.762500 48.468754 2.925000 
72037176750007 8.137501 48.506252 1.575000 
72037196750007 8.868751 48.656254 -0.075000 
72037216750007 9.300000 48.675003 -1.443750 
72037236750007 9.750000 48.468754 -2.737500 
72037256750007 10.068750 48.150002 -3.993750 
72037276750007 10.818750 48.093754 -4.875000 
72037296750007 11.212501 47.850002 -5.606250 
72037316750007 11.700001 47.793751 -6.300000 
72037336750007 12.356251 47.643753 -7.350000 
72037356750007 12.562501 47.456253 -8.043751 
72037376750007 13.143750 47.343750 -8.512501 
72037396750007 13.800000 46.968750 -9.112500 
72037416750007 14.456250 46.893753 -9.112500 
72037436750007 14.756250 46.443752 -9.843750 
72037456750007 15.412500 46.237503 -10.312500 
72037476750007 15.900001 46.012501 -10.631250 
72037496750007 16.031250 45.937500 -10.612500 
72037516750007 16.725000 45.731251 -10.500000 
72037536750007 16.518751 45.393753 -10.406250 
72037556750007 16.425001 45.506252 -10.312500 
72037576750007 16.500000 45.675003 -10.218750 
72037596750007 16.537500 45.937500 -9.600000 
72037616750007 16.331251 46.218750 -8.700001 
72037636750007 15.675000 46.725002 -7.331250 
72037656750007 15.187501 46.931252 -5.793750 
72037676750007 14.231251 47.193752 -3.656250 
72037696750007 13.893750 47.737503 -1.650000 
72037716750007 12.862500 48.093754 0.937500 
72037736750007 11.831250 48.150002 3.206250 
72037756750007 10.893750 48.337502 5.512500 
72037776750007 10.162500 48.468754 7.612500 
72037796750007 9.618751 48.318752 9.468750 
72037816750007 8.981251 48.243752 11.175000 
72037836750007 8.475000 48.206253 12.093751 
72037856750007 7.762500 48.018753 13.200001 
72037876750007 7.331250 47.550003 13.893750 
72037896750007 6.806250 47.456253 14.512501 
72037916750007 6.281250 47.137501 15.112500 
72037936750007 5.756250 47.156250 15.243751 
72037956750007 5.400000 47.118752 15.168751 
72037976750007 5.062500 47.212502 14.887501 
72037996750007 5.025000 47.381252 14.343751 
72038016750007 4.837500 47.718750 13.950001 
72038036750007 4.950000 48.056252 13.050000 
72038056750007 4.856250 48.468754 12.318750 
72038076750007 3.656250 48.487503 12.356251 
72038096750007 3.881250 48.431252 12.075001 
72038116750007 3.731250 48.581253 11.887501 
72038136750007 3.618750 48.693752 11.943750 
72038156750007 3.037500 48.468754 12.318750 
72038176750007 3.131250 48.300003 12.412500 
72038196750007 2.962500 48.356251 12.825001 
72038216750007 3.262500 48.468754 12.843751 
72038236750007 4.687500 48.975002 12.206250 
72038256750007 4.162500 48.975002 12.131250 
72038276750007 4.312500 49.125004 11.531250 
72038296750007 4.650000 49.387501 10.500000 
72038316750007 4.818750 49.818752 9.431251 
72038336750007 5.231250 50.175003 7.950000 
72038356750007 5.625000 50.381252 6.693750 
72038376750007 6.037500 50.362503 5.081250 
72038396750007 6.506250 50.268753 3.300000 
72038416750007 7.200000 50.681252 1.481250 
72038436750007 7.875000 50.831253 0.112500 
72038456750007 8.250000 50.718754 -1.256250 
72038476750007 8.906250 50.175003 -2.700000 
72038496750007 9.187500 49.987503 -3.562500 
72038516750007 9.806251 49.706253 -4.987500 
72038536750007 10.068750 49.706253 -5.718750 
72038556750007 10.406250 49.575001 -6.543750 
72038576750007 10.987500 49.293751 -7.331250 
72038596750007 11.418751 49.068752 -7.968750 
72038616750007 12.206250 48.956253 -8.718750 
72038636750007 13.068750 49.106251 -9.093750 
72038656750007 13.800000 48.956253 -10.031250 
72038676750007 14.137501 48.693752 -10.143750 
72038696750007 14.662500 48.618752 -10.462501 
72038716750007 15.075001 48.581253 -10.350000 
72038736750007 15.506250 48.600002 -10.387501 
72038756750007 15.412500 48.787502 -10.293751 
72038776750007 15.225000 48.975002 -9.562500 
72038796750007 15.000001 49.087502 -8.512501 
72038816750007 14.381250 49.518753 -6.825000 
72038836750007 14.081250 50.212502 -5.343750 
72038856750007 13.631250 50.587502 -3.131250 
72038876750007 12.450001 50.887501 -0.881250 
72038896750007 11.418751 51.356251 1.931250 
72038916750007 10.743751 51.468754 4.275000 
72038936750007 9.787500 51.675003 6.843750 
72038956750007 8.756250 51.750004 9.168751 
72038976750007 7.706250 51.506252 11.137501 
72038996750007 6.637500 51.056252 13.293751 
72039016750007 5.587500 50.643753 14.775001 
72039036750007 5.606250 50.475002 15.956250 
72039056750007 5.212500 50.212502 16.781250 
72039076750007 4.912500 49.875004 17.925001 
72039096750007 4.912500 49.537502 18.506250 
72039116750007 4.500000 49.275002 18.750000 
72039136750007 4.425000 49.368752 18.750000 
72039156750007 4.481250 49.593754 18.393751 
72039176750007 4.612500 50.025002 18.131250 
72039196750007 4.106250 50.268753 17.400002 
72039216750007 4.218750 50.512501 16.650002 
72039236750007 4.312500 50.700001 16.125000 
72039256750007 4.350000 51.000004 15.637501 
72039276750007 4.612500 51.243752 15.525001 
72039296750007 4.875000 51.412502 15.618751 
72039316750007 4.575000 51.562504 15.881250 
72039336750007 4.443750 51.450001 15.637501 
72039356750007 4.631250 51.637501 15.900001 
72039376750007 4.068750 51.412502 16.218750 
72039396750007 3.543750 51.468754 16.368752 
72039416750007 2.925000 51.506252 16.350000 
72039436750007 2.906250 51.806252 15.825001 
72039456750007 2.306250 51.937504 15.037500 
72039476750007 2.287500 52.068752 14.043751 
72039496750007 2.437500 52.387501 13.331250 
72039516750007 2.362500 52.631252 12.337501 
72039536750007 2.943750 53.100002 10.968750 
72039556750007 3.412500 53.362503 8.981251 
72039576750007 4.087500 53.756252 7.181250 
72039596750007 4.256250 53.756252 5.437500 
72039616750007 5.062500 53.775002 3.956250 
72039636750007 5.381250 53.587502 2.550000 
72039656750007 5.981250 53.587502 1.031250 
72039676750007 6.918750 53.568752 -0.525000 
72039696750007 7.443750 53.512501 -1.687500 
72039716750007 7.931250 53.493752 -2.568750 
72039736750007 8.456250 53.212502 -3.375000 
72039756750007 9.150001 53.118752 -4.031250 
72039776750007 10.162500 53.043751 -4.743750 
72039796750007 11.212501 53.175003 -5.512500 
72039816750007 11.793751 53.025002 -6.206250 
72039836750007 12.206250 52.743752 -6.693750 
72039856750007 13.050000 52.631252 -7.350000 
72039876750007 13.593751 52.462502 -7.650000 
72039896750007 13.912500 52.556252 -7.781250 
72039916750007 14.175000 52.668751 -7.781250 
72039936750007 13.781251 52.800003 -7.725000 
72039956750007 13.818750 52.725002 -7.012500 
72039976750007 13.856251 52.875004 -6.300000 
72039996750007 13.706250 53.193752 -5.025000 
72040016750007 12.881250 53.268753 -3.300000 
72040036750007 12.187501 53.456253 -1.143750 
72040056750007 11.531250 53.418751 1.106250 
72040076750007 10.968750 53.437504 3.525000 
72040096750007 10.500000 53.512501 6.412500 
72040116750007 9.262501 53.400002 9.150001 
72040136750007 8.062500 53.325001 12.056251 
72040156750007 7.106250 53.118752 14.512501 
72040176750007 6.581250 52.931252 16.687500 
72040196750007 6.018750 52.593754 18.393751 
72040216750007 5.512500 52.237503 20.156250 
72040236750007 4.837500 51.637501 21.656250 
72040256750007 4.443750 51.131252 22.800001 
72040276750007 4.425000 50.793751 23.550001 
72040296750007 4.631250 50.681252 23.718750 
72040316750007 4.406250 50.418751 23.943750 
72040336750007 4.106250 50.193752 24.168751 
72040356750007 4.143750 50.306252 23.718750 
72040376750007 4.331250 50.531254 22.781250 
72040396750007 4.462500 51.018753 21.637501 
72040416750007 4.687500 51.506252 20.325001 
72040436750007 4.481250 51.900002 19.425001 
72040456750007 4.181250 51.975002 19.218750 
72040476750007 4.575000 52.256252 18.693750 
72040496750007 4.725000 52.593754 17.962502 
72040516750007 4.462500 52.837502 17.700001 
72040536750007 4.406250 53.006252 17.700001 
72040556750007 4.650000 53.081253 17.756250 
72040576750007 4.350000 52.856251 18.112501 
72040596750007 4.706250 52.837502 18.168751 
72040616750007 4.762500 52.912502 17.887501 
72040636750007 4.218750 53.025002 17.737501 
72040656750007 4.293750 53.156254 17.325001 
72040676750007 4.350000 52.931252 16.650002 
72040696750007 4.031250 52.875004 16.125000 
72040716750007 3.675000 53.025002 15.731251 
72040736750007 3.881250 53.212502 14.212501 
72040756750007 4.068750 53.587502 12.581250 
72040776750007 4.143750 53.512501 11.006250 
72040796750007 4.725000 53.512501 9.168751 
72040816750007 4.856250 53.587502 7.500000 
72040836750007 5.156250 53.812504 6.168750 
72040856750007 5.512500 53.756252 4.687500 
72040876750007 5.887500 53.812504 2.831250 
72040896750007 6.225000 53.737503 1.500000 
72040916750007 6.693750 53.437504 0.356250 
72040936750007 7.443750 53.287502 -1.050000 
72040956750007 7.781250 53.175003 -2.006250 
72040976750007 8.343750 52.968754 -2.925000 
72040996750007 9.168751 52.818752 -3.975000 
72041016750007 10.256250 52.706253 -5.137500 
72041036750007 10.837501 52.312504 -5.718750 
72041056750007 11.268750 52.181252 -5.943750 
72041076750007 11.812500 52.068752 -6.356250 
72041096750007 11.887501 52.087502 -6.393750 
72041116750007 12.243751 51.712502 -6.506250 
72041136750007 12.600000 51.693752 -6.318750 
72041156750007 12.093751 51.300003 -5.475000 
72041176750007 11.737500 51.375004 -4.818750 
72041196750007 11.962501 51.750004 -3.768750 
72041216750007 11.793751 51.768753 -2.006250 
72041236750007 11.381250 51.787502 -0.056250 
72041256750007 11.137501 51.731251 1.893750 
72041276750007 10.612500 51.937504 4.068750 
72041296750007 9.975000 51.956253 6.506250 
72041316750007 9.843750 52.143753 8.568750 
72041336750007 9.281250 51.862503 11.156250 
72041356750401 8.343750 51.375004 13.181251 
72041376749567 7.481250 50.981251 14.606251 
72041396749567 6.600000 50.775002 16.406250 
72041416749567 5.981250 50.475002 18.075001 
72041436749567 5.962500 50.156254 19.537500 
72041456749567 5.625000 49.650002 20.475000 
72041476749567 5.512500 49.368752 21.356251 
72041496749567 5.362500 49.181252 21.693750 
72041516749567 5.343750 49.012501 22.125000 
72041536749567 5.493750 49.143753 22.181252 
72041556749567 5.756250 49.275002 21.525002 
72041576749567 5.718750 49.537502 20.793751 
72041596749567 5.456250 49.818752 19.743752 
72041616749567 5.812500 50.250004 18.693750 
72041636749567 5.606250 50.437504 17.493752 
72041656749567 5.568750 50.718754 16.837502 
72041676749567 5.493750 51.018753 16.500000 
72041696749567 5.681250 51.056252 16.125000 
72041716749567 5.868750 51.112503 15.787500 
72041736749567 6.187500 51.112503 15.693750 
72041756749567 6.150000 51.300003 15.543751 
72041776749567 5.793750 51.243752 15.581250 
72041796749567 6.243750 51.375004 15.300000 
72041816749567 6.300000 51.581253 14.925000 
72041836749567 6.225000 51.600002 14.306251 
72041856749567 5.812500 51.825001 13.800000 
72041876749567 5.925000 52.087502 13.218751 
72041896749567 5.981250 52.068752 12.262501 
72041916749567 6.037500 52.275002 11.512501 
72041936749567 6.112500 52.575001 10.725000 
72041956749567 5.943750 52.743752 10.012501 
72041976749567 5.925000 52.893753 8.850000 
72041996749567 6.318750 53.025002 7.650000 
72042016749567 6.787500 53.100002 6.468750 
72042036749567 6.975000 53.006252 5.231250 
72042056749567 7.181250 53.287502 4.293750 
72042076749567 7.650000 53.212502 3.300000 
72042096749567 7.950000 52.912502 2.100000 
72042116749567 8.325001 52.725002 1.200000 
72042136749567 8.587501 52.518753 0.525000 
72042156749567 9.281250 52.425003 -0.356250 
72042176749567 9.450001 52.050003 -1.162500 
72042196749567 9.900001 51.993752 -1.818750 
72042216749567 10.387501 51.637501 -2.606250 
72042236749567 10.818750 51.506252 -3.262500 
72042256749567 11.381250 51.487503 -3.787500 
72042276749567 11.812500 51.450001 -4.425000 
72042296749567 12.431251 51.243752 -4.856250 
72042316749567 12.750001 51.150002 -5.193750 
72042336749567 13.668751 51.281254 -5.400000 
72042356749567 13.575001 51.093754 -5.437500 
72042376749567 13.650001 51.243752 -5.025000 
72042396749567 14.006250 51.262501 -4.537500 
72042416749567 14.193750 51.187504 -3.956250 
72042436749567 14.381250 51.131252 -3.262500 
72042456749567 14.137501 51.243752 -1.800000 
72042476749567 13.875001 50.943752 -0.487500 
72042496749567 13.518750 51.037502 1.481250 
72042516749567 13.687501 50.962502 3.487500 
72042536749567 13.443750 50.793751 5.437500 
72042556749567 12.768750 50.493752 7.481250 
72042576749567 12.506250 50.531254 9.825001 
72042596749567 12.300000 50.456253 11.981251 
72042616749567 12.187501 50.400002 13.481251 
72042636749567 11.981251 50.568752 15.131250 
72042656749567 11.775001 50.325001 16.143751 
72042676749567 11.381250 50.287502 17.287500 
72042696749567 11.362500 50.268753 18.093750 
72042716749567 11.137501 50.062504 18.618752 
72042736749567 11.081250 49.837502 18.956251 
72042756749567 10.837501 49.593754 18.993752 
72042776749567 11.231251 49.387501 18.712502 
72042796749567 11.231251 49.406254 18.375000 
72042816749567 11.662500 49.518753 17.643751 
72042836749567 12.075001 49.631252 16.518751 
72042856749567 12.093751 49.556252 15.431251 
72042876749567 12.468751 50.006252 14.325001 
72042896749567 12.281251 50.287502 13.387501 
72042916749567 12.356251 50.606251 12.375001 
72042936749567 12.375001 51.018753 11.700001 
72042956749567 12.187501 51.075001 10.781250 
72042976749567 11.775001 51.243752 10.368751 
72042996749567 11.418751 51.431252 9.881250 
72043016749567 11.475000 51.675003 9.262501 
72043036749567 11.550000 51.581253 8.756250 
72043056749567 11.812500 51.637501 8.100000 
72043076749567 11.925000 51.543751 7.781250 
72043096749567 11.793751 51.356251 7.218750 
72043116749567 12.131250 51.393753 6.506250 
72043136749567 12.468751 51.000004 5.831250 
72043156749567 12.993751 51.037502 4.987500 
72043176749567 13.256250 50.868752 4.725000 
72043196749567 13.537500 50.906254 4.312500 
72043216749567 13.725000 50.831253 3.581250 
72043236749567 14.231251 51.075001 2.812500 
72043256749567 14.718751 51.037502 1.912500 
72043276749567 15.093751 50.925003 1.481250 
72043296749567 15.187501 51.018753 0.881250 
72043316749567 15.000001 50.962502 0.768750 
72043336749567 15.056251 51.075001 0.131250 
72043356749567 15.112500 50.981251 -0.243750 
72043376749567 15.112500 50.962502 -0.637500 
72043396749567 14.850000 50.737503 -1.143750 
72043416749567 14.568750 50.606251 -1.068750 
72043436749567 14.456250 50.587502 -1.256250 
72043456749567 14.662500 50.793751 -1.631250 
72043476749567 14.512501 50.587502 -2.100000 
72043496749567 14.325001 50.268753 -2.043750 
72043516749567 14.306251 50.287502 -2.493750 
72043536749567 14.118751 50.043751 -2.737500 
72043556749567 14.268750 50.212502 -2.700000 
72043576749567 14.550000 50.512501 -3.093750 
72043596749567 14.118751 50.512501 -3.112500 
72043616749567 13.912500 50.512501 -3.206250 
72043636749567 14.268750 50.737503 -3.300000 
72043656749567 14.587501 51.187504 -3.675000 
72043676749567 14.625001 51.168751 -3.862500 
72043696749567 14.887501 51.243752 -4.087500 
72043716749567 14.981251 51.168751 -4.275000 
72043736749567 14.287500 51.112503 -4.256250 
72043756749567 14.512501 51.281254 -4.481250 
72043776749567 14.625001 51.150002 -4.462500 
72043796749567 14.737500 51.056252 -4.518750 
72043816749567 14.662500 50.981251 -4.725000 
72043836749567 14.775001 50.981251 -4.537500 
72043856749567 14.643750 51.056252 -4.181250 
72043876749567 14.606251 50.962502 -4.068750 
72043896749567 15.206250 51.056252 -4.068750 
72043916749567 15.712501 51.131252 -3.975000 
72043936749567 15.900001 51.243752 -4.012500 
72043956749567 15.956250 51.225002 -3.956250 
72043976749567 16.106251 51.112503 -3.693750 
72043996749567 16.050001 51.281254 -3.637500 
72044016749567 16.425001 51.487503 -3.693750 
72044036749567 16.200001 51.525002 -3.525000 
72044056749567 16.331251 51.337502 -3.525000 
72044076749567 16.162500 51.356251 -3.393750 
72044096749567 16.181252 51.506252 -3.431250 
72044116749567 16.031250 51.581253 -3.318750 
72044136749567 15.918751 51.393753 -3.281250 
72044156749567 15.843751 51.150002 -3.243750 
72044176749567 15.806251 51.018753 -3.206250 
72044196749567 15.956250 50.962502 -3.431250 
72044216749567 15.731251 50.925003 -3.243750 
72044236749567 15.806251 50.793751 -3.356250 
72044256749567 15.825001 50.493752 -2.943750 
72044276749567 15.787500 50.550003 -2.831250 
72044296749567 15.900001 50.681252 -2.737500 
72044316749567 16.031250 50.812504 -2.418750 
72044336749567 16.050001 50.756252 -2.400000 
72044356749567 16.125000 50.812504 -1.856250 
72044376749567 16.162500 50.868752 -1.687500 
72044396749567 16.256250 50.831253 -1.443750 
72044416749567 16.256250 50.962502 -1.500000 
72044436749567 16.406250 50.737503 -1.406250 
72044456749567 16.368752 50.850002 -1.331250 
72044476749567 15.993751 50.737503 -1.368750 
72044496749567 15.975000 50.943752 -1.181250 
72044516749567 16.125000 51.037502 -1.743750 
72044536749567 16.387501 51.093754 -1.668750 
72044556749567 16.181252 51.225002 -1.781250 
72044576749567 16.143751 51.225002 -1.762500 
72044596749567 16.293751 51.412502 -1.706250 
72044616749567 16.481251 51.431252 -1.631250 
72044636749567 16.950001 51.543751 -1.650000 
72044656749567 16.931252 51.337502 -1.743750 
72044676749567 16.875000 51.262501 -1.293750 
72044696749567 17.100000 51.356251 -1.687500 
72044716749567 17.156250 51.075001 -1.575000 
72044736749567 16.931252 51.000004 -1.668750 
72044756749567 16.537500 50.981251 -1.387500 
72044776749567 16.275002 50.850002 -1.406250 
72044796749567 16.443750 50.868752 -1.537500 
72044816749567 16.443750 50.962502 -1.518750 
72044836749567 16.537500 50.831253 -1.612500 
72044856749567 16.312500 50.643753 -1.331250 
72044876749567 16.612501 50.831253 -1.518750 
72044896749567 16.950001 50.831253 -1.387500 
72044916749567 17.343750 50.662502 -1.987500 
72044936749567 17.643751 50.531254 -2.193750 
72044956749567 17.531250 50.381252 -2.343750 
72044976749567 17.531250 50.081253 -2.306250 
72044996749567 17.475000 50.043751 -2.475000 
72045016749567 17.606251 50.156254 -2.512500 
72045036749567 17.643751 50.250004 -2.493750 
72045056749567 17.625000 50.381252 -2.981250 
72045076749567 17.831251 50.718754 -2.962500 
72045096749567 17.793751 51.000004 -2.887500 
72045116749567 17.456251 51.356251 -2.418750 
72045136749567 17.418751 51.618752 -2.306250 
72045156749567 17.175001 51.881252 -1.856250 
72045176749567 16.912500 52.050003 -1.687500 
72045196749567 16.293751 52.256252 -1.143750 
72045216749567 15.637501 52.631252 -0.075000 
72045236749567 14.625001 52.800003 0.806250 
72045256749567 13.631250 53.006252 1.350000 
72045276749567 12.525001 53.193752 1.837500 
72045296749567 11.268750 53.568752 2.475000 
72045316749567 10.350000 54.056252 2.437500 
72045336749567 8.962501 54.281254 2.343750 
72045356749567 7.425000 54.618752 1.912500 
72045376749567 5.981250 54.937504 1.387500 
72045396749567 4.762500 55.256252 0.600000 
72045416749567 3.468750 55.650002 0.018750 
72045436749567 2.306250 55.968754 -0.975000 
72045456749567 1.125000 56.193752 -2.287500 
72045476749567 -0.037500 56.306252 -2.943750 
72045496749567 -1.162500 56.493752 -3.543750 
72045516749567 -1.931250 56.400002 -4.500000 
72045536749567 -2.625000 56.343754 -5.287500 
72045556749567 -3.900000 56.156254 -5.925000 
72045576749567 -4.556250 56.062504 -6.506250 
72045596749567 -4.968750 55.800003 -6.937500 
72045616749567 -5.437500 55.800003 -7.181250 
72045636749567 -6.393750 55.650002 -7.556250 
72045656749567 -6.975000 55.575001 -7.706250 
72045676749567 -7.312500 55.687504 -7.725000 
72045696749567 -7.575000 55.631252 -8.006250 
72045716749567 -7.425000 55.893753 -8.268750 
72045736749567 -7.462500 56.025002 -8.400001 
72045756749567 -7.612500 56.418751 -8.531250 
72045776749567 -7.800000 56.287502 -8.587501 
72045796749567 -7.406250 56.231251 -8.531250 
72045816749567 -6.862500 56.362503 -8.943750 
72045836749567 -6.712500 56.475002 -9.431251 
72045856749567 -6.675000 56.475002 -9.525001 
72045876749567 -6.731250 56.325001 -9.581250 
72045896749567 -6.562500 56.325001 -9.618751 
72045916749567 -6.506250 56.025002 -10.012501 
72045936749567 -6.468750 56.118752 -10.087501 
72045956749567 -6.712500 56.175003 -10.293751 
72045976749567 -7.406250 56.156254 -10.050000 
72045996749567 -7.687500 56.006252 -9.562500 
72046016749567 -7.575000 56.043751 -9.318750 
72046036749567 -7.481250 56.137501 -9.187500 
72046056749567 -7.743750 55.931252 -8.925000 
72046076749567 -7.875000 56.006252 -8.306251 
72046096749567 -7.762500 56.137501 -8.268750 
72046116749567 -7.725000 56.250004 -7.931250 
72046136749567 -7.762500 56.381252 -7.743750 
72046156749567 -7.837500 56.325001 -7.500000 
72046176749567 -8.118751 56.437504 -7.218750 
72046196749567 -8.287500 56.568752 -6.918750 
72046216749567 -8.456250 56.718754 -6.881250 
72046236749567 -8.587501 56.756252 -6.900000 
72046256749567 -8.343750 56.887501 -6.468750 
72046276749567 -8.193750 56.812504 -6.375000 
72046296749567 -7.950000 56.681252 -6.150000 
72046316749567 -8.006250 56.718754 -5.868750 
72046336749567 -7.875000 56.568752 -5.531250 
72046356749567 -7.612500 56.418751 -5.250000 
72046376749567 -7.481250 56.456253 -4.518750 
72046396749567 -7.312500 56.400002 -3.862500 
72046416749567 -7.518750 56.287502 -3.393750 
72046436749567 -7.368750 56.456253 -3.037500 
72046456749567 -7.143750 56.550003 -2.493750 
72046476749567 -7.106250 56.606251 -2.006250 
72046496749567 -7.237500 56.568752 -1.387500 
72046516749567 -7.425000 56.606251 -0.768750 
72046536749567 -7.443750 56.512501 -0.131250 
72046556749567 -7.256250 56.493752 0.675000 
72046576749567 -7.462500 56.493752 1.687500 
72046596749567 -7.837500 56.343754 2.868750 
72046616749567 -8.156250 56.231251 3.693750 
72046636749567 -8.156250 56.193752 4.331250 
72046656749567 -8.456250 56.006252 5.287500 
72046676749567 -8.943750 55.893753 5.925000 
72046696749567 -9.412500 55.912502 6.187500 
72046716749567 -10.181251 55.893753 5.906250 
72046736749567 -10.781250 55.706253 6.075000 
72046756749567 -11.550000 55.443752 5.887500 
72046776749567 -11.906250 55.331253 5.737500 
72046796749567 -12.037500 55.312504 5.662500 
72046816749567 -12.150001 55.406254 5.137500 
72046836749567 -12.093751 55.331253 4.931250 
72046856749567 -12.206250 55.143753 4.762500 
72046876749567 -11.625000 55.200001 4.931250 
72046896749567 -11.362500 55.143753 4.368750 
72046916749567 -10.931251 55.275002 4.256250 
72046936749567 -10.668751 55.443752 4.237500 
72046956749567 -10.725000 55.556252 3.750000 
72046976749567 -10.556251 55.631252 3.243750 
72046996749567 -10.593750 55.650002 2.887500 
72047016749567 -10.312500 55.950001 2.531250 
72047036749567 -10.368751 56.006252 2.193750 
72047056749567 -10.237500 56.081253 2.175000 
72047076749567 -10.087501 56.156254 1.762500 
72047096749567 -10.275001 56.156254 1.368750 
72047116749567 -10.331250 56.006252 1.425000 
72047136749567 -10.162500 56.250004 1.425000 
72047156749567 -10.106251 56.493752 1.293750 
72047176749567 -10.012501 56.325001 1.200000 
72047196749567 -9.993751 56.250004 0.993750 
72047216749567 -9.918751 56.550003 0.675000 
72047236749567 -10.012501 56.681252 0.806250 
72047256749567 -9.806251 56.662502 0.412500 
72047276749567 -9.656250 56.812504 0.168750 
72047296749567 -9.731251 56.756252 0.056250 
72047316749567 -9.562500 56.643753 0.112500 
72047336749567 -9.562500 56.643753 0.037500 
72047356749567 -9.768750 56.643753 0.056250 
72047376749567 -9.956250 56.362503 0.112500 
72047396749567 -9.656250 56.306252 -0.037500 
72047416749567 -9.600000 56.250004 0.112500 
72047436749567 -9.637501 56.193752 0.168750 
72047456749567 -9.600000 56.156254 0.112500 
72047476749567 -9.787500 56.212502 0.037500 
72047496749567 -9.825001 56.268753 -0.037500 
72047516749567 -9.900001 56.418751 0.018750 
72047536749567 -10.012501 56.250004 0.018750 
72047556749567 -10.331250 56.250004 -0.056250 
72047576749567 -10.425000 56.400002 -0.187500 
72047596749567 -10.350000 56.512501 -0.375000 
72047616749567 -10.368751 56.512501 -0.243750 
72047636749567 -10.425000 56.325001 -0.243750 
72047656749567 -10.575001 56.156254 -0.093750 
72047676749567 -10.443750 56.006252 -0.075000 
72047696749567 -10.368751 56.212502 -0.168750 
72047716749567 -10.462501 56.231251 -0.075000 
72047736749567 -10.668751 56.043751 0.056250 
72047756749567 -10.762501 55.781254 0.056250 
72047776749567 -10.818750 55.687504 0.056250 
72047796749567 -10.612500 55.818752 -0.075000 
72047816749567 -10.556251 55.893753 -0.262500 
72047836749567 -10.781250 55.931252 -0.262500 
72047856749567 -11.062500 55.893753 -0.393750 
72047876749567 -10.931251 55.650002 -0.581250 
72047896749567 -10.987500 55.706253 -0.450000 
72047916749567 -10.950001 55.893753 -0.393750 
72047936749567 -10.968750 56.062504 -0.450000 
72047956749567 -11.156250 55.931252 -0.412500 
72047976749567 -11.118751 56.156254 -0.187500 
72047996749567 -10.931251 56.325001 -0.037500 
72048016749567 -10.275001 56.325001 0.018750 
72048036749567 -10.125000 56.606251 -0.000000 
72048056749567 -9.881250 56.587502 -0.112500 
72048076749567 -9.862500 56.606251 0.000000 
72048096749567 -9.768750 56.587502 -0.150000 
72048116749567 -9.675000 56.775002 -0.300000 
72048136749567 -9.937500 56.531254 -0.543750 
72048156749567 -10.087501 56.212502 -0.787500 
72048176749567 -10.481251 56.193752 -0.768750 
72048196749567 -10.668751 56.081253 -0.918750 
72048216749567 -10.706250 56.212502 -0.712500 
72048236749567 -10.950001 56.025002 -0.506250 
72048256749567 -11.306251 55.837502 -0.393750 
72048276749567 -11.268750 55.725002 -0.225000 
72048296749567 -11.193750 55.725002 -0.300000 
72048316749567 -11.081250 55.856251 -0.300000 
72048336749567 -11.081250 56.025002 -0.243750 
72048356749567 -11.175000 55.893753 -0.018750 
72048376749567 -10.987500 55.856251 -0.618750 
72048396749567 -10.893750 55.893753 -1.031250 
72048416749567 -10.631250 56.100002 -1.143750 
72048436749567 -10.556251 56.250004 -1.443750 
72048456749567 -10.275001 56.287502 -1.500000 
72048476749567 -10.200001 56.325001 -1.612500 
72048496749567 -9.637501 56.362503 -1.687500 
72048516749567 -9.206250 56.568752 -1.856250 
72048536749567 -9.112500 56.493752 -1.725000 
72048556749567 -8.812500 56.456253 -1.256250 
72048576749567 -8.531250 56.475002 -1.181250 
72048596749567 -8.400001 56.531254 -0.675000 
72048616749567 -8.325001 56.625004 0.075000 
72048636749567 -8.193750 56.512501 0.712500 
72048656749567 -8.343750 56.306252 1.237500 
72048676749567 -8.512501 56.212502 2.381250 
72048696749567 -8.887501 56.231251 4.050000 
72048716749567 -9.187500 56.062504 5.343750 
72048736749567 -10.012501 55.481251 7.200000 
72048756749567 -10.668751 54.806252 9.093750 
72048776749567 -11.231251 54.187504 10.893750 
72048796749567 -11.718750 53.737503 12.843751 
72048816749567 -12.037500 53.231251 14.831250 
72048836749567 -12.450001 52.725002 16.443750 
72048856749567 -12.843751 51.900002 17.943750 
72048876749567 -12.862500 51.525002 18.956251 
72048896749567 -12.281251 51.487503 19.912500 
72048916749567 -11.887501 51.375004 20.493752 
72048936749567 -11.737500 51.393753 20.793751 
72048956749567 -11.437500 51.281254 20.850000 
72048976749567 -11.437500 51.375004 20.943750 
72048996749567 -11.100000 51.337502 20.850000 
72049016749567 -10.275001 51.562504 20.381250 
72049036749567 -10.162500 51.675003 20.400002 
72049056749567 -9.918751 51.656254 20.025002 
72049076749567 -9.712501 51.768753 19.781250 
72049096749567 -9.206250 51.825001 19.575001 
72049116749567 -9.206250 51.768753 19.781250 
72049136749567 -8.981251 51.750004 19.743752 
72049156749567 -8.906250 51.843754 19.593750 
72049176749567 -9.037500 51.806252 19.687500 
72049196749567 -8.756250 51.768753 19.612501 
72049216749567 -8.887501 52.012501 19.200001 
72049236749567 -8.737500 52.200001 18.825001 
72049256749567 -8.925000 52.462502 18.168751 
72049276749567 -8.737500 53.006252 17.362501 
72049296749567 -8.718750 53.306252 16.968750 
72049316749567 -8.681251 53.512501 16.725000 
72049336749567 -8.737500 53.981251 15.693750 
72049356749567 -8.925000 54.337502 14.643750 
72049376749567 -8.887501 54.562504 13.893750 
72049396749567 -9.206250 54.693752 12.787500 
72049416749567 -9.318750 54.768753 11.981251 
72049436749567 -9.262501 54.731251 10.893750 
72049456749567 -9.206250 54.900002 9.300000 
72049476749567 -9.300000 55.068752 7.500000 
72049496749567 -9.075001 55.425003 6.131250 
72049516749567 -8.850000 55.443752 4.931250 
72049536749567 -8.737500 55.650002 3.750000 
72049556749567 -8.606251 55.668751 2.700000 
72049576749567 -8.118751 55.912502 1.537500 
72049596749567 -8.212501 56.062504 0.318750 
72049616749567 -7.968750 56.156254 -0.750000 
72049636749567 -7.556250 56.118752 -1.631250 
72049656749567 -7.443750 56.043751 -2.418750 
72049676749567 -7.162500 56.081253 -3.543750 
72049696749567 -6.750000 55.912502 -4.612500 
72049716749567 -6.375000 55.912502 -5.493750 
72049736749567 -6.037500 55.800003 -6.675000 
72049756749567 -5.587500 55.800003 -7.800000 
72049776749567 -5.212500 55.725002 -8.925000 
72049796749567 -4.743750 55.743752 -9.900001 
72049816749567 -4.518750 55.256252 -10.631250 
72049836749567 -4.256250 55.218754 -11.306251 
72049856749567 -4.031250 55.256252 -11.625000 
72049876749567 -3.450000 55.500004 -11.568750 
72049896749567 -3.112500 55.762501 -11.062500 
72049916749567 -2.962500 56.006252 -10.218750 
72049936749567 -3.056250 56.193752 -8.643750 
72049956749567 -3.375000 56.343754 -6.525000 
72049976749567 -3.375000 56.756252 -4.612500 
72049996749567 -3.581250 56.887501 -2.531250 
72050016749567 -4.125000 56.737503 -0.281250 
72050036749567 -5.081250 56.343754 1.706250 
72050056749567 -6.225000 55.893753 4.106250 
72050076749567 -7.200000 55.350002 6.206250 
72050096749567 -8.250000 54.825001 8.137501 
72050116749567 -8.943750 54.393753 9.675000 
72050136749567 -9.787500 53.700001 11.287500 
72050156749567 -10.650001 53.006252 13.200001 
72050176749567 -11.100000 52.368752 14.887501 
72050196749567 -11.400001 51.937504 16.631250 
72050216749567 -11.456250 51.581253 17.850000 
72050236749567 -11.625000 51.281254 19.237501 
72050256749567 -11.662500 50.756252 20.156250 
72050276749567 -11.793751 50.343754 20.981251 
72050296749567 -11.643750 50.268753 21.225000 
72050316749567 -11.531250 50.268753 21.206251 
72050336749567 -11.606251 50.512501 20.531250 
72050356749567 -11.062500 50.962502 19.725000 
72050376749567 -11.193750 51.056252 19.312500 
72050396749567 -11.006250 51.337502 18.731251 
72050416749567 -11.062500 51.543751 18.693750 
72050436749567 -10.875000 51.731251 18.075001 
72050456749567 -10.818750 52.031254 18.093750 
72050476749567 -10.650001 52.275002 18.037500 
72050496749567 -10.650001 52.406254 18.525002 
72050516749567 -11.118751 52.256252 18.975000 
72050536749567 -11.081250 52.556252 18.562500 
72050556749567 -10.987500 52.743752 17.812500 
72050576749567 -10.743751 53.193752 16.518751 
72050596749567 -10.650001 53.812504 15.168751 
72050616749567 -10.537500 54.281254 13.612500 
72050636749567 -10.650001 54.543751 12.093751 
72050656749567 -10.556251 54.806252 10.481251 
72050676749567 -10.237500 55.331253 8.606251 
72050696749567 -10.087501 55.650002 6.918750 
72050716749567 -9.712501 55.931252 5.268750 
72050736749567 -9.412500 56.268753 3.600000 
72050756749567 -9.037500 56.493752 2.343750 
72050776749567 -8.662500 56.643753 1.143750 
72050796749567 -8.287500 56.775002 -0.431250 
72050816749567 -7.462500 57.056252 -2.287500 
72050836749567 -7.350000 57.225002 -3.806250 
72050856749567 -6.656250 57.262501 -5.287500 
72050876749567 -6.393750 57.281254 -6.600000 
72050896749567 -5.981250 57.225002 -7.743750 
72050916749567 -5.568750 57.018753 -9.112500 
72050936749567 -5.100000 56.925003 -10.575001 
72050956749567 -4.500000 56.925003 -11.662500 
72050976749567 -4.218750 56.793751 -12.393750 
72050996749567 -3.375000 56.456253 -13.331250 
72051016749567 -2.925000 56.118752 -14.006250 
72051036749567 -2.325000 56.137501 -14.643750 
72051056749567 -1.687500 56.212502 -14.850000 
72051076749567 -1.293750 56.343754 -14.531251 
72051096749567 -1.406250 56.362503 -13.668751 
72051116749567 -1.631250 56.418751 -12.225000 
72051136749567 -1.968750 56.793751 -10.593750 
72051156749567 -2.568750 57.300003 -8.456250 
72051176749567 -3.262500 57.731251 -5.925000 
72051196749567 -4.256250 57.881252 -2.962500 
72051216749567 -5.287500 58.031254 -0.262500 
72051236749567 -6.768750 57.768753 2.493750 
72051256749567 -7.837500 57.581253 5.381250 
72051276749567 -8.906250 57.168751 7.856250 
72051296749567 -9.693750 56.606251 10.612500 
72051316749567 -10.593750 55.762501 12.918751 
72051336749567 -11.418751 54.918751 14.906251 
72051356749567 -11.868751 54.056252 16.725000 
72051376749567 -12.093751 53.025002 18.956251 
72051396749567 -11.831250 52.312504 20.850000 
72051416749567 -11.662500 51.450001 22.387501 
72051436749567 -11.268750 50.925003 23.475000 
72051456749567 -11.381250 50.137501 23.981251 
72051476749567 -11.025001 49.968754 24.356251 
72051496749567 -10.556251 49.818752 24.525002 
72051516749567 -10.275001 49.931252 24.393751 
72051536749567 -10.237500 50.118752 23.512501 
72051556749567 -10.087501 50.418751 22.800001 
72051576749567 -9.806251 50.868752 21.956251 
72051596749567 -9.825001 50.981251 21.337502 
72051616749567 -9.768750 51.300003 21.018751 
72051636749567 -9.768750 51.412502 20.868752 
72051656749567 -9.900001 51.431252 20.793751 
72051676749567 -9.900001 51.262501 20.793751 
72051696749567 -9.862500 50.887501 21.356251 
72051716749567 -10.143750 50.681252 21.243752 
72051736749567 -10.556251 50.512501 20.981251 
72051756749567 -10.575001 50.700001 20.718750 
72051776749567 -10.293751 50.831253 19.837502 
72051796749567 -10.200001 50.868752 18.787500 
72051816749567 -10.200001 51.168751 17.718750 
72051836749567 -10.050000 51.450001 16.312500 
72051856749567 -10.012501 52.106251 14.212501 
72051876749567 -9.731251 52.312504 12.487500 
72051896749567 -9.243751 52.781254 10.762501 
72051916749567 -8.887501 53.081253 8.831250 
72051936749567 -8.418751 53.381252 6.956250 
72051956749567 -7.987500 53.775002 4.931250 
72051976749567 -7.481250 53.962502 3.018750 
72051996749567 -7.162500 54.168751 1.387500 
72052016749567 -6.525000 54.262501 0.112500 
72052036749567 -6.056250 54.600002 -1.218750 
72052056749567 -5.437500 54.506252 -2.587500 
72052076749567 -5.081250 54.450001 -3.750000 
72052096749567 -4.650000 54.506252 -4.800000 
72052116749567 -4.312500 54.281254 -5.681250 
72052136749567 -3.975000 54.056252 -6.525000 
72052156749567 -3.450000 53.850002 -7.312500 
72052176749567 -2.943750 53.512501 -8.081250 
72052196749567 -2.100000 53.456253 -8.756250 
72052216749567 -1.631250 53.493752 -9.000000 
72052236749567 -1.218750 53.437504 -9.412500 
72052256749567 -0.825000 53.381252 -9.618751 
72052276749567 -0.525000 53.400002 -9.243751 
72052296749567 -0.225000 53.643753 -8.531250 
72052316749567 -0.450000 53.737503 -7.556250 
72052336749567 -0.450000 54.112503 -6.075000 
72052356749567 -0.993750 53.962502 -4.256250 
72052376749567 -1.518750 53.775002 -2.231250 
72052396749567 -2.081250 53.850002 0.093750 
72052416749567 -3.018750 53.662502 2.718750 
72052436749567 -3.768750 53.343754 5.137500 
72052456749567 -4.650000 52.893753 7.631250 
72052476749567 -5.081250 52.481251 9.862500 
72052496749567 -6.131250 51.731251 12.056251 
72052516749567 -7.218750 51.075001 14.268750 
72052536749567 -7.856250 50.381252 16.125000 
72052556749567 -8.268750 49.481251 18.187500 
72052576749567 -8.362500 48.618752 20.081251 
72052596749567 -8.512501 47.943752 21.731251 
72052616749567 -8.325001 47.287502 23.043751 
72052636749567 -8.456250 46.837502 24.375002 
72052656749567 -8.287500 46.331253 25.181252 
72052676749567 -7.856250 45.956253 25.687502 
72052696749567 -7.781250 45.918751 25.950001 
72052716749567 -7.668750 46.012501 25.856251 
72052736749567 -7.575000 46.443752 25.237501 
72052756749567 -7.537500 47.062500 24.487501 
72052776749567 -7.631250 47.418751 23.831251 
72052796749567 -7.481250 47.643753 23.287500 
72052816749567 -7.443750 47.812500 23.231251 
72052836749567 -7.612500 47.906250 23.306252 
72052856749567 -7.912500 47.868752 23.043751 
72052876749567 -8.175000 47.906250 22.743752 
72052896749567 -8.643750 47.493752 22.800001 
72052916749567 -9.206250 47.062500 22.931252 
72052936749567 -10.068750 46.837502 22.687500 
72052956749567 -10.706250 46.706253 22.068750 
72052976749567 -11.381250 46.987503 20.906250 
72052996749567 -11.925000 47.381252 19.293751 
72053016749567 -12.356251 47.756252 17.925001 
72053036749567 -12.637501 48.075001 16.556252 
72053056749567 -12.993751 48.712502 15.000001 
72053076749567 -12.712501 49.368752 13.012501 
72053096749567 -12.187501 49.987503 11.175000 
72053116749567 -11.887501 50.643753 9.037500 
72053136749567 -11.418751 51.075001 7.068750 
72053156749567 -10.837501 51.412502 5.268750 
72053176749567 -10.218750 51.768753 3.731250 
72053196749567 -9.506250 52.087502 1.912500 
72053216749567 -8.850000 52.275002 0.337500 
72053236749567 -8.381250 52.237503 -0.900000 
72053256749567 -7.950000 52.312504 -1.968750 
72053276749567 -7.556250 52.218754 -2.756250 
72053296749567 -7.106250 52.200001 -3.562500 
72053316749567 -6.562500 52.200001 -4.556250 
72053336749567 -6.112500 52.087502 -5.568750 
72053356749567 -5.925000 51.675003 -6.318750 
72053376749567 -5.606250 51.450001 -6.937500 
72053396749567 -5.343750 51.356251 -7.406250 
72053416749567 -5.025000 51.225002 -7.912500 
72053436749567 -4.875000 51.262501 -8.062500 
72053456749567 -4.743750 51.281254 -8.025001 
72053476749567 -5.006250 51.187504 -7.481250 
72053496749567 -5.250000 51.131252 -6.543750 
72053516749567 -5.606250 51.168751 -5.231250 
72053536749567 -6.281250 51.018753 -3.412500 
72053556749567 -6.993750 50.962502 -1.331250 
72053576749567 -7.837500 50.625004 1.050000 
72053596749567 -8.606251 50.193752 3.450000 
72053616749567 -9.656250 49.725002 5.700000 
72053636749567 -10.425000 49.237503 8.118751 
72053656749567 -11.268750 48.618752 10.481251 
72053676749567 -11.887501 48.056252 12.506250 
72053696749567 -12.581250 47.306252 14.287500 
72053716749567 -12.937501 46.443752 16.237501 
72053736749567 -13.443750 45.412502 18.131250 
72053756749567 -13.106251 44.587502 19.950001 
72053776749567 -12.993751 43.443752 21.712502 
72053796749567 -12.881250 42.731251 23.250000 
72053816749567 -12.543751 42.112503 24.450001 
72053836749567 -12.318750 41.625000 25.275002 
72053856749567 -11.681251 41.568752 25.743752 
72053876749567 -11.512501 41.643753 25.556252 
72053896749567 -11.006250 42.093750 24.975000 
72053916749567 -10.875000 42.318752 24.281252 
72053936749567 -10.481251 42.975002 23.831251 
72053956749567 -10.106251 43.256252 23.550001 
72053976749567 -10.106251 43.518753 23.250000 
72053996749567 -10.031250 43.725002 23.137501 
72054016749567 -9.825001 43.856251 22.987501 
72054036749567 -9.487500 43.781250 23.025002 
72054056749567 -9.375000 43.650002 23.362501 
72054076749567 -9.525001 43.518753 23.793751 
72054096749567 -10.143750 43.218750 23.887501 
72054116749567 -10.500000 43.331253 23.287500 
72054136749567 -10.725000 43.575001 22.481251 
72054156749567 -10.743751 44.043751 21.450001 
72054176749567 -11.156250 44.306252 20.456251 
72054196749567 -11.456250 44.700001 19.593750 
72054216749567 -11.868751 45.262501 18.037500 
72054236749567 -11.681251 45.862503 16.125000 
72054256749567 -11.400001 46.518753 14.137501 
72054276749567 -11.062500 47.156250 12.412500 
72054296749567 -10.875000 47.625000 10.687500 
72054316749567 -10.593750 47.887501 8.981251 
72054336749567 -10.631250 48.206253 7.425000 
72054356749567 -10.631250 48.281254 5.943750 
72054376749567 -10.950001 48.318752 4.800000 
72054396749567 -11.400001 48.168751 3.581250 
72054416749567 -11.606251 48.262501 2.212500 
72054436749567 -12.225000 47.943752 1.368750 
72054456749567 -12.206250 47.850002 0.018750 
72054476749567 -12.300000 47.606251 -1.087500 
72054496749567 -11.850000 47.381252 -2.006250 
72054516749567 -10.950001 47.437500 -3.075000 
72054536749567 -9.600000 47.625000 -4.293750 
72054556749567 -8.456250 47.868752 -5.118750 
72054576749567 -7.556250 47.981251 -5.568750 
72054596749567 -6.375000 48.187504 -6.150000 
72054616749567 -5.775000 48.056252 -5.925000 
72054636749567 -5.306250 48.187504 -5.606250 
72054656749567 -5.100000 48.281254 -5.006250 
72054676749567 -5.250000 48.168751 -4.406250 
72054696749567 -5.625000 47.812500 -3.337500 
72054716749567 -6.131250 47.493752 -1.893750 
72054736749567 -6.675000 47.118752 -0.281250 
72054756749567 -7.443750 46.687500 1.350000 
72054776749567 -8.193750 46.331253 3.075000 
72054796749567 -9.000000 45.675003 4.987500 
72054816749567 -9.787500 45.075001 6.487500 
72054836749567 -10.556251 44.287502 8.212501 
72054856749567 -11.175000 43.537502 9.881250 
72054876749567 -11.587501 42.731251 11.306251 
72054896749567 -11.925000 41.831253 12.825001 
72054916749567 -12.337501 40.987503 14.456250 
72054936749567 -12.375001 40.293751 15.993751 
72054956749567 -11.962501 39.468750 17.287500 
72054976749567 -11.737500 38.775002 18.487501 
72054996749567 -11.531250 38.343750 19.256250 
72055016749567 -11.606251 37.875000 20.025002 
72055036749567 -11.812500 37.537502 20.418751 
72055056749567 -11.681251 37.537502 20.737501 
72055076749567 -11.437500 37.575001 20.306252 
72055096749567 -11.193750 37.706253 19.425001 
72055116749567 -11.250000 38.043751 18.918751 
72055136749567 -11.062500 38.325001 18.431252 
72055156749567 -11.025001 38.343750 18.468750 
72055176749567 -10.781250 38.493752 18.337502 
72055196749567 -10.500000 38.550003 18.131250 
72055216749567 -10.575001 38.606251 17.662500 
72055236749567 -10.650001 38.400002 17.418751 
72055256749567 -10.950001 38.268753 17.493752 
72055276749567 -11.043751 38.118752 17.043751 
72055296749567 -11.325001 38.250000 16.518751 
72055316749567 -11.400001 38.587502 15.300000 
72055336749567 -11.475000 39.093750 13.837501 
72055356749567 -11.550000 39.656250 12.618751 
72055376749567 -11.343750 39.843750 11.193750 
72055396749567 -11.118751 40.275002 9.918751 
72055416749567 -10.781250 40.762501 8.475000 
72055436749567 -10.462501 41.156250 7.087500 
72055456749567 -10.068750 41.400002 5.606250 
72055476749567 -9.768750 41.700001 4.275000 
72055496749567 -9.506250 41.606251 2.943750 
72055516749567 -9.300000 41.587502 1.387500 
72055536749567 -9.168751 41.643753 0.225000 
72055556749567 -8.681251 41.850002 -0.993750 
72055576749567 -8.381250 41.700001 -2.137500 
72055596749567 -7.950000 41.700001 -3.318750 
72055616749567 -7.481250 41.681252 -4.425000 
72055636749567 -7.050000 41.531250 -5.681250 
72055656749567 -6.787500 41.437500 -6.562500 
72055676749567 -6.206250 41.437500 -7.218750 
72055696749567 -5.437500 41.493752 -8.156250 
72055716749567 -4.518750 41.568752 -9.037500 
72055736749567 -3.825000 41.718750 -9.918751 
72055756749567 -3.412500 41.775002 -10.631250 
72055776749567 -2.906250 41.681252 -11.156250 
72055796749567 -2.343750 41.625000 -11.231251 
72055816749567 -1.818750 41.793751 -11.437500 
72055836749567 -1.781250 41.925003 -11.100000 
72055856749567 -1.743750 42.075001 -10.350000 
72055876749567 -2.137500 42.225002 -9.225000 
72055896749567 -2.306250 42.262501 -7.987500 
72055916749567 -2.700000 42.356251 -6.318750 
72055936749567 -3.206250 42.600002 -4.631250 
72055956749567 -3.750000 42.675003 -2.662500 
72055976749567 -4.275000 42.787502 -0.656250 
72055996749567 -4.481250 42.581253 1.012500 
72056016749567 -5.062500 42.450001 3.000000 
72056036749567 -5.493750 42.206253 4.706250 
72056056749567 -6.168750 41.868752 6.243750 
72056076749567 -6.281250 41.606251 7.781250 
72056096749567 -6.618750 41.137501 9.262501 
72056116749567 -6.731250 40.818752 10.368751 
72056136749567 -6.862500 40.350002 11.756250 
72056156749567 -7.068750 40.106251 13.143750 
72056176749567 -7.068750 39.768753 14.118751 
72056196749567 -6.956250 39.562500 14.831250 
72056216749567 -6.881250 39.431252 15.675000 
72056236749567 -7.125000 39.150002 15.787500 
72056256749567 -6.993750 39.150002 15.862500 
72056276749567 -7.087500 39.262501 15.900001 
72056296749567 -7.012500 39.675003 15.450001 
72056316749567 -6.825000 39.937500 15.037500 
72056336749567 -6.637500 40.143753 14.287500 
72056356749567 -6.581250 40.256252 14.306251 
72056376749567 -6.581250 40.275002 13.968751 
72056396749567 -6.300000 40.425003 13.987500 
72056416749567 -6.150000 40.593750 13.762501 
72056436749567 -6.075000 40.837502 13.668751 
72056456749567 -6.375000 40.650002 13.931251 
72056476749567 -6.750000 40.537502 13.800000 
72056496749567 -7.087500 40.612503 13.556251 
72056516749567 -7.500000 40.650002 12.731251 
72056536749567 -7.575000 40.987503 11.812500 
72056556749567 -7.912500 41.512501 10.987500 
72056576749567 -8.231251 41.737503 10.031250 
72056596749567 -8.193750 41.906250 8.906250 
72056616749567 -7.893750 42.318752 7.312500 
72056636749567 -7.387500 42.693752 5.943750 
72056656749567 -7.050000 43.031250 4.350000 
72056676749567 -6.843750 43.350002 2.737500 
72056696749567 -6.787500 43.556252 1.462500 
72056716749567 -6.300000 43.575001 0.093750 
72056736749567 -6.037500 43.743752 -1.350000 
72056756749567 -5.793750 43.481251 -2.156250 
72056776749567 -5.493750 43.462502 -3.375000 
72056796749567 -5.212500 43.350002 -4.668750 
72056816749567 -4.987500 43.331253 -5.437500 
72056836749567 -4.443750 43.406250 -6.112500 
72056856749567 -3.806250 43.500000 -7.087500 
72056876749567 -3.468750 43.237503 -7.856250 
72056896749567 -3.131250 43.068752 -8.662500 
72056916749567 -2.643750 43.068752 -9.487500 
72056936749567 -2.268750 42.825001 -10.068750 
72056956749567 -1.818750 42.900002 -10.706250 
72056976749567 -1.331250 42.787502 -11.212501 
72056996749567 -0.918750 42.468750 -11.718750 
72057016749567 -0.450000 42.431252 -12.018750 
72057036749567 -0.281250 42.731251 -12.300000 
72057056749567 -0.018750 42.881252 -11.850000 
72057076749567 -0.225000 42.881252 -11.156250 
72057096749567 -0.431250 43.312500 -9.975000 
72057116749567 -0.843750 43.406250 -8.550000 
72057136749567 -1.256250 43.593750 -6.937500 
72057156749567 -1.706250 43.837502 -4.893750 
72057176749567 -2.718750 43.762501 -2.606250 
72057196749567 -3.468750 43.631252 -0.206250 
72057216749567 -4.237500 43.368752 1.912500 
72057236749567 -4.912500 43.125000 3.956250 
72057256749567 -5.512500 42.693752 5.943750 
72057276749567 -6.412500 42.168751 7.893750 
72057296749567 -7.087500 41.737503 9.993751 
72057316749567 -7.668750 41.418751 11.662500 
72057336749567 -7.725000 40.818752 13.500001 
72057356749567 -7.875000 40.275002 14.831250 
72057376749567 -8.043751 39.937500 16.162500 
72057396749567 -8.081250 39.637501 17.156250 
72057416749567 -8.156250 39.281250 17.887501 
72057436749567 -7.856250 39.150002 18.525002 
72057456749567 -7.687500 39.112503 18.356251 
72057476749567 -7.668750 39.075001 18.150002 
72057496749567 -7.631250 39.375000 17.418751 
72057516749567 -7.593750 39.543751 16.593750 
72057536749567 -7.312500 39.881252 15.975000 
72057556749567 -7.181250 40.125000 15.187501 
72057576749567 -7.162500 40.331253 14.812501 
72057596749567 -7.200000 40.331253 14.568750 
72057616749567 -7.181250 40.443752 14.568750 
72057636749567 -7.125000 40.518753 14.437501 
72057656749567 -7.031250 40.406250 14.568750 
72057676749567 -7.087500 40.293751 14.831250 
72057696749567 -7.706250 40.050003 14.793751 
72057716749567 -8.006250 39.956253 14.662500 
72057736749567 -8.043751 40.050003 14.062501 
72057756749567 -7.856250 40.500000 13.218751 
72057776749567 -7.687500 40.593750 12.093751 
72057796749567 -7.931250 40.500000 11.100000 
72057816749567 -8.062500 40.818752 9.975000 
72057836749567 -7.837500 41.137501 8.850000 
72057856749567 -7.387500 41.493752 7.593750 
72057876749567 -7.162500 41.775002 6.468750 
72057896749567 -6.731250 42.225002 4.987500 
72057916749567 -6.881250 42.356251 3.693750 
72057936749567 -6.900000 42.450001 2.625000 
72057956749567 -6.375000 42.731251 1.406250 
72057976749567 -6.018750 42.825001 0.262500 
72057996749567 -5.887500 42.787502 -0.975000 
72058016749567 -5.625000 42.768753 -2.118750 
72058036749567 -5.343750 42.750000 -3.131250 
72058056749567 -5.193750 42.337502 -3.881250 
72058076749567 -4.612500 42.300003 -4.781250 
72058096749567 -4.293750 42.131252 -5.587500 
72058116749567 -4.237500 41.887501 -6.281250 
72058136749567 -4.031250 41.775002 -7.050000 
72058156749567 -3.656250 41.793751 -7.556250 
72058176749567 -3.243750 41.775002 -7.950000 
72058196749567 -3.037500 41.606251 -8.381250 
72058216749567 -3.075000 41.700001 -8.568750 
72058236749567 -2.943750 41.587502 -8.775001 
72058256749567 -2.700000 41.831253 -8.625000 
72058276749567 -2.343750 42.093750 -8.306251 
72058296749567 -2.493750 42.093750 -7.612500 
72058316749567 -2.718750 42.393753 -6.787500 
72058336749567 -3.131250 42.450001 -5.306250 
72058356749567 -3.412500 42.506252 -3.731250 
72058376749567 -3.525000 42.487503 -2.212500 
72058396749567 -3.975000 42.375000 -0.412500 
72058416749567 -4.368750 42.225002 1.387500 
72058436749567 -4.875000 42.037502 3.150000 
72058456749567 -5.231250 41.681252 4.875000 
72058476749567 -5.812500 41.118752 6.262500 
72058496749567 -6.075000 40.743752 7.406250 
72058516749567 -6.487500 40.537502 8.756250 
72058536749567 -6.825000 40.125000 9.975000 
72058556749567 -7.125000 39.843750 11.006250 
72058576749567 -7.481250 39.450001 11.718750 
72058596749567 -7.893750 38.925003 12.600000 
72058616749567 -7.856250 38.906250 13.200001 
72058636749567 -7.912500 38.812500 14.175000 
72058656749567 -8.156250 38.587502 14.775001 
72058676749567 -8.212501 38.362503 14.850000 
72058696749567 -8.287500 38.381252 14.775001 
72058716749567 -8.306251 38.306252 14.662500 
72058736749567 -8.381250 38.475002 14.512501 
72058756749567 -8.306251 38.606251 14.287500 
72058776749567 -8.268750 38.756252 13.931251 
72058796749567 -8.137501 38.793751 13.350000 
72058816749567 -7.875000 39.018753 12.937501 
72058836749567 -7.893750 39.075001 12.993751 
72058856749567 -7.950000 38.906250 13.368751 
72058876749567 -7.931250 38.943752 13.800000 
72058896749567 -7.893750 38.718750 14.118751 
72058916749567 -7.931250 38.775002 14.231251 
72058936749567 -8.175000 38.550003 14.418751 
72058956749567 -8.212501 38.400002 14.681251 
72058976749567 -8.475000 38.137501 14.550000 
72058996749567 -8.268750 38.268753 14.081250 
72059016749567 -8.231251 38.568752 13.293751 
72059036749567 -8.287500 38.531250 12.581250 
72059056749567 -8.400001 38.662502 11.700001 
72059076749567 -8.137501 38.962502 10.968750 
72059096749567 -7.781250 39.300003 10.106251 
72059116749567 -7.800000 39.656250 9.187500 
72059136749567 -7.275000 40.143753 8.456250 
72059156749567 -7.218750 40.181252 7.800000 
72059176749567 -7.143750 40.275002 7.293750 
72059196749567 -7.031250 40.443752 6.712500 
72059216749567 -6.806250 40.631252 6.056250 
72059236749567 -6.675000 40.762501 5.418750 
72059256749567 -6.787500 40.612503 4.818750 
72059276749567 -6.618750 40.612503 4.425000 
72059296749567 -7.068750 40.537502 3.825000 
72059316749567 -7.162500 40.668751 3.075000 
72059336749567 -7.200000 40.631252 2.606250 
72059356749567 -7.200000 40.725002 2.043750 
72059376749567 -7.181250 40.668751 1.762500 
72059396749567 -7.312500 40.500000 1.481250 
72059416749567 -7.443750 40.443752 1.237500 
72059436749567 -7.350000 40.518753 0.787500 
72059456749567 -7.443750 40.462502 0.525000 
72059476749567 -7.275000 40.556252 0.356250 
72059496749567 -7.218750 40.556252 0.056250 
72059516749567 -7.050000 40.612503 -0.206250 
72059536749567 -7.218750 40.725002 -0.581250 
72059556749567 -7.237500 40.856251 -0.862500 
72059576749567 -7.218750 40.931252 -1.068750 
72059596749567 -7.462500 41.025002 -1.350000 
72059616749567 -7.237500 41.100002 -1.687500 
72059636749567 -7.218750 40.837502 -1.856250 
72059656749567 -7.200000 40.912502 -2.400000 
72059676749567 -7.350000 41.100002 -2.493750 
72059696749567 -7.312500 41.137501 -2.662500 
72059716749567 -7.293750 41.006252 -3.056250 
72059736749567 -7.237500 41.025002 -3.281250 
72059756749567 -6.881250 40.931252 -3.487500 
72059776749567 -6.712500 40.781250 -3.693750 
72059796749567 -6.693750 40.912502 -3.806250 
72059816749567 -6.581250 40.781250 -3.487500 
72059836749567 -6.506250 40.537502 -3.450000 
72059856749567 -6.525000 40.518753 -3.412500 
72059876749567 -6.487500 40.556252 -2.756250 
72059896749567 -6.431250 40.631252 -2.400000 
72059916749567 -6.412500 40.668751 -1.818750 
72059936749567 -6.562500 40.762501 -0.975000 
72059956749567 -6.675000 40.781250 0.018750 
72059976749567 -6.693750 40.875000 0.956250 
72059996749567 -6.731250 40.875000 1.968750 
72060016749567 -6.600000 40.875000 3.262500 
72060036749567 -6.487500 40.875000 4.050000 
72060056749567 -6.525000 40.725002 4.987500 
72060076749567 -6.712500 40.518753 5.793750 
72060096749567 -6.618750 40.556252 6.225000 
72060116749567 -6.506250 40.537502 6.337500 
72060136749567 -6.375000 40.537502 6.075000 
72060156749567 -6.131250 40.556252 5.662500 
72060176749567 -6.131250 40.443752 4.987500 
72060196749567 -6.112500 40.443752 4.218750 
72060216749567 -6.056250 40.612503 3.281250 
72060236749567 -6.112500 40.687500 2.475000 
72060256749567 -6.150000 40.575001 1.743750 
72060276749567 -6.112500 40.537502 0.862500 
72060296749567 -6.225000 40.593750 0.431250 
72060316749567 -6.318750 40.743752 -0.093750 
72060336749567 -6.131250 40.781250 -0.468750 
72060356749567 -6.037500 40.856251 -0.750000 
72060376749567 -5.756250 40.968750 -1.012500 
72060396749567 -5.587500 41.062500 -1.425000 
72060416749567 -5.625000 41.193752 -1.800000 
72060436749567 -5.456250 41.268753 -1.950000 
72060456749567 -5.400000 41.137501 -2.118750 
72060476749567 -5.475000 41.156250 -2.193750 
72060496749567 -5.587500 41.175003 -2.512500 
72060516749567 -5.662500 41.062500 -2.643750 
72060536749567 -5.812500 40.931252 -2.700000 
72060556749567 -5.887500 40.837502 -2.662500 
72060576749567 -5.587500 40.931252 -2.587500 
72060596749567 -5.606250 40.856251 -2.550000 
72060616749567 -5.493750 40.968750 -2.475000 
72060636749567 -5.418750 40.668751 -2.343750 
72060656749567 -5.475000 40.575001 -2.062500 
72060676749567 -5.625000 40.650002 -2.100000 
72060696749567 -5.568750 40.687500 -2.231250 
72060716749567 -5.381250 40.781250 -2.100000 
72060736749567 -5.400000 40.743752 -2.006250 
72060756749567 -5.437500 40.893753 -1.893750 
72060776749567 -5.587500 41.006252 -2.100000 
72060796749567 -5.625000 41.268753 -2.175000 
72060816749567 -5.475000 41.493752 -2.456250 
72060836749567 -5.587500 41.493752 -2.568750 
72060856749567 -5.887500 41.287502 -2.231250 
72060876749567 -6.112500 41.231251 -2.156250 
72060896749567 -6.225000 41.287502 -2.193750 
72060916749567 -6.281250 41.362503 -2.418750 
72060936749567 -6.168750 41.231251 -2.306250 
72060956749567 -6.187500 41.118752 -2.456250 
72060976749567 -6.225000 41.081253 -2.268750 
72060996749567 -6.037500 40.968750 -2.212500 
72061016749567 -5.850000 41.100002 -2.362500 
72061036749567 -5.625000 41.100002 -2.662500 
72061056749567 -5.568750 41.025002 -2.681250 
72061076749567 -5.718750 40.950001 -2.250000 
72061096749567 -5.850000 40.912502 -2.381250 
72061116749567 -5.568750 41.006252 -2.306250 
72061136749567 -5.362500 40.912502 -2.231250 
72061156749567 -5.118750 41.006252 -2.306250 
72061176749567 -5.043750 41.062500 -2.343750 
72061196749567 -5.081250 41.100002 -2.287500 
72061216749567 -4.893750 41.062500 -2.306250 
72061236749567 -4.781250 41.025002 -2.775000 
72061256749567 -4.575000 41.343750 -2.662500 
72061276749567 -4.575000 41.437500 -2.737500 
72061296749567 -4.743750 41.475002 -2.662500 
72061316749567 -4.968750 41.400002 -2.287500 
72061336749567 -4.725000 41.418751 -2.100000 
72061356749567 -4.575000 41.343750 -2.212500 
72061376749567 -4.781250 41.493752 -2.362500 
72061396749567 -4.687500 41.625000 -2.250000 
72061416749567 -4.500000 41.700001 -2.493750 
72061436749567 -4.481250 41.456253 -2.512500 
72061456749567 -4.425000 41.325001 -2.643750 
72061476749567 -4.200000 41.531250 -2.906250 
72061496749567 -4.275000 41.381252 -2.793750 
72061516749567 -4.256250 41.550003 -2.625000 
72061536749567 -4.031250 41.587502 -2.381250 
72061556749567 -3.750000 41.550003 -2.268750 
72061576749567 -3.843750 41.362503 -1.950000 
72061596749567 -3.975000 41.475002 -1.725000 
72061616749567 -3.993750 41.568752 -1.518750 
72061636749567 -3.656250 41.400002 -1.387500 
72061656749567 -3.693750 41.493752 -1.537500 
72061676749567 -3.637500 41.343750 -1.462500 
72061696749567 -3.787500 41.212502 -1.462500 
72061716749567 -4.106250 41.137501 -1.556250 
72061736749567 -4.218750 41.118752 -1.725000 
72061756749567 -4.106250 41.137501 -1.912500 
72061776749567 -4.050000 41.156250 -2.250000 
72061796749567 -4.612500 41.362503 -2.287500 
72061816749567 -4.800000 41.287502 -2.325000 
72061836749567 -5.118750 41.381252 -2.325000 
72061856749567 -5.175000 41.400002 -2.662500 
72061876749567 -5.587500 41.381252 -2.643750 
72061896749567 -5.718750 41.231251 -2.475000 
72061916749567 -6.093750 41.268753 -2.493750 
72061936749567 -6.487500 41.100002 -2.568750 
72061956749567 -6.918750 41.025002 -2.700000 
72061976749567 -7.218750 41.118752 -2.925000 
72061996749567 -7.762500 40.818752 -3.262500 
72062016749567 -8.550000 40.462502 -3.281250 
72062036749567 -8.700001 40.275002 -3.543750 
72062056749567 -9.506250 40.068752 -4.031250 
72062076749567 -10.162500 39.712502 -4.293750 
72062096749567 -10.818750 39.637501 -4.293750 
72062116749567 -11.681251 39.112503 -4.087500 
72062136749567 -12.581250 38.812500 -4.031250 
72062156749567 -13.256250 38.587502 -3.712500 
72062176749567 -13.875001 38.287502 -3.675000 
72062196749567 -14.756250 38.006252 -3.618750 
72062216749567 -15.468751 37.500000 -3.693750 
72062236749567 -18.450001 36.675003 -2.681250 
72062256749567 -23.212502 35.512501 -1.462500 
72062276749567 -27.187502 34.518753 -0.393750 
72062296749567 -28.762501 33.693752 -0.318750 
72062316749567 -30.356251 32.550003 -0.693750 
72062336749567 -32.100002 31.500002 -1.331250 
72062356749567 -33.618752 30.112501 -2.118750 
72062376749567 -34.800003 29.100000 -3.281250 
72062396749567 -35.118752 27.900002 -4.725000 
72062416749567 -33.468750 27.243752 -7.331250 
72062436749567 -30.862501 26.531252 -10.406250 
72062456749567 -30.018751 25.275002 -13.837501 
72062476749567 -28.500002 24.581251 -16.837502 
72062496749567 -26.643751 23.212502 -20.156250 
72062516749567 -24.787500 22.312500 -22.631250 
72062536749567 -23.100000 20.550001 -24.525002 
72062556749567 -19.218750 19.256250 -28.425001 
72062576749567 -15.806251 17.456251 -30.787500 
72062596749567 -13.275001 15.693750 -33.731251 
72062616749567 -12.112500 14.006250 -33.825001 
72062636749567 -10.593750 11.981251 -35.137501 
72062656749567 -11.006250 10.350000 -34.481251 
72062676749567 -9.750000 8.493751 -35.775002 
72062696749567 -8.343750 7.200000 -36.581253 
72062716749567 -7.781250 5.737500 -36.506252 
72062736749567 -6.937500 4.387500 -36.768753 
72062756749567 -6.562500 3.187500 -36.093750 
72062776749567 -5.250000 2.006250 -37.012501 
72062796749567 -4.893750 1.050000 -36.506252 
72062816749567 -2.812500 -0.131250 -37.537502 
72062836749567 -2.643750 -1.368750 -36.618752 
72062856749567 -2.268750 -2.475000 -36.993752 
72062876749567 -1.875000 -3.468750 -36.431252 
72062896749567 -1.987500 -4.781250 -36.637501 
72062916749567 -2.006250 -5.850000 -36.375000 
72062936749567 -2.475000 -6.956250 -35.793751 
72062956749567 -2.587500 -8.062500 -35.681252 
72062976749567 -2.718750 -8.550000 -35.306252 
72062996749567 -2.606250 -9.150001 -35.662502 
72063016749567 -2.606250 -9.600000 -35.362503 
72063036749567 -2.850000 -10.181251 -35.662502 
72063056749567 -2.268750 -10.031250 -35.681252 
72063076749567 -1.950000 -10.293751 -35.962502 
72063096749567 -1.556250 -10.293751 -36.150002 
72063116749567 -1.406250 -10.143750 -36.281250 
72063136749567 -0.975000 -10.031250 -36.206253 
72063156749567 -0.787500 -9.918751 -36.318752 
72063176749567 -0.656250 -9.862500 -36.018753 
72063196749567 -0.431250 -9.562500 -36.093750 
72063216749567 -0.450000 -9.693750 -35.887501 
72063236749567 -0.056250 -9.693750 -35.775002 
72063256749567 0.187500 -9.993751 -35.662502 
72063276749567 0.806250 -10.181251 -35.700001 
72063296749567 0.806250 -10.893750 -35.925003 
72063316749567 0.843750 -11.606251 -35.718750 
72063336749567 0.581250 -12.243751 -35.418751 
72063356749567 0.618750 -13.031251 -34.968750 
72063376749567 0.768750 -13.762501 -34.725002 
72063396749567 0.787500 -14.512501 -34.500000 
72063416749567 0.806250 -15.131250 -34.443752 
72063436749567 0.543750 -15.618751 -33.918751 
72063456749567 0.412500 -16.162500 -33.487503 
72063476749567 0.318750 -16.668751 -33.037502 
72063496749567 0.243750 -16.950001 -32.906250 
72063516749567 0.168750 -17.175001 -32.700001 
