# Created at Fri Mar 14 12:54:19 GMT+01:00 2025 in Burnaby Canada 
626081003099242 984.276611 
626081043137367 984.291016 
626081083091534 984.310791 
626081123098565 984.319336 
626081163098669 984.322998 
626081203092888 984.324951 
626081243099398 984.318848 
626081283099606 984.304932 
626081323097888 984.288818 
626081363089294 984.279541 
626081403092211 984.271729 
626081443098356 984.267334 
626081483101742 984.267822 
626081523090284 984.279541 
626081563099190 984.290039 
626081603098773 984.281982 
626081643137106 984.253662 
626081683083773 984.250977 
626081723100127 984.232178 
626081763097940 984.220459 
626081803099763 984.217529 
626081843098773 984.207764 
626081883099242 984.215820 
626081923099502 984.225098 
626081963137575 984.221436 
626082003092523 984.228760 
626082043098461 984.224609 
626082083099659 984.229736 
626082123090596 984.232422 
626082163099554 984.235107 
626082203099242 984.243164 
626082243099502 984.243164 
626082283090336 984.255615 
626082323077211 984.258057 
626082363098565 984.264404 
626082403099867 984.273193 
626082443099294 984.269531 
626082483099242 984.263916 
626082523099554 984.266602 
626082563137002 984.272461 
626082603092002 984.277100 
626082643098304 984.279297 
626082683100127 984.285156 
626082723090804 984.278564 
626082763099502 984.281006 
626082803099398 984.283447 
626082843098825 984.285156 
626082883090336 984.283691 
626082923076898 984.286865 
626082963097679 984.300293 
626083003099763 984.295898 
626083043078409 984.289063 
626083083099346 984.288086 
626083123099294 984.293701 
626083163137367 984.286865 
626083203092992 984.281982 
626083243099971 984.279785 
626083283098252 984.336670 
626083323090336 984.318115 
626083363099242 984.312256 
626083403099242 984.320801 
626083443101950 984.309082 
626083483090856 984.286133 
626083523097784 984.283691 
626083563098825 984.258789 
626083603099294 984.232910 
626083643076638 984.246826 
626083683092054 984.295654 
626083723077888 984.351318 
626083763098356 984.378174 
626083803098044 984.404053 
626083843099919 984.410156 
626083883096690 984.364502 
626083923098825 984.317871 
626083963099763 984.293701 
626084003090336 984.294434 
626084043092211 984.288330 
626084083097523 984.286865 
626084123099711 984.289307 
626084163090284 984.317871 
626084203099554 984.393066 
626084243099242 984.369873 
626084283137211 984.347168 
626084323077367 984.324463 
626084363098513 984.319824 
626084403097940 984.298828 
626084443101898 984.281494 
626084483099398 984.268799 
626084523100336 984.244629 
626084563099346 984.235840 
626084603137575 984.247803 
626084643092211 984.229736 
626084683098044 984.221924 
626084723099346 984.223389 
626084763089346 984.238037 
626084803099815 984.297607 
626084843099450 984.381104 
626084883137263 984.561035 
626084923088513 984.702637 
626084963095596 984.883789 
626085003097263 985.043457 
626085043099554 985.442139 
626085083099606 985.623047 
626085123099867 985.754395 
626085163099346 986.049316 
626085203136846 986.070557 
626085243092575 985.808105 
626085283098304 985.207275 
626085323098565 984.342529 
626085363090284 983.729492 
626085403099450 983.462158 
626085443099294 983.479980 
626085483099346 983.784912 
626085523090284 984.320068 
626085563230075 984.725830 
626085603098409 985.061035 
626085643099659 985.063477 
626085683077002 984.668213 
626085723099346 984.253174 
626085763099502 983.889160 
626085803137419 983.656006 
626085843091846 983.520508 
626085883098929 983.473389 
626085923098565 983.488525 
626085963090336 983.566895 
626086003099815 983.718750 
626086043099659 983.830322 
626086083099242 983.810303 
626086123090544 983.830322 
626086163096950 983.990234 
626086203098461 984.029297 
626086243100284 984.035156 
626086283079763 984.061035 
626086323099450 984.121582 
626086363099086 984.185059 
626086403137054 984.212646 
626086443092315 984.244141 
626086483099294 984.236328 
626086523098252 984.250977 
626086563099502 984.259766 
626086603099502 984.275146 
626086643099346 984.312012 
626086683099398 984.326416 
626086723090284 984.341064 
626086763094346 984.346191 
626086803098773 984.332275 
626086843099294 984.333252 
626086883090284 984.327393 
626086923099398 984.320557 
626086963099346 984.321289 
626087003137315 984.336670 
626087043093252 984.353271 
626087083098356 984.363037 
626087123098096 984.373291 
626087163099867 984.371094 
626087203099606 984.324707 
626087243099294 984.333008 
626087283099190 984.318359 
626087323090544 984.286865 
626087363093096 984.285645 
626087403098044 984.318604 
626087443098617 984.322266 
626087483090284 984.318115 
626087523099294 984.369873 
626087563099138 984.432617 
626087603137211 984.481201 
626087643078617 984.539795 
626087683095284 984.503662 
626087723098929 984.416992 
626087763100179 984.583496 
626087803099346 984.618652 
626087843099606 984.343994 
626087883099346 984.217773 
626087923090544 984.272705 
626087963093617 984.278809 
626088003097940 984.288330 
626088043099398 984.298828 
626088083090284 984.331787 
626088123099606 984.420166 
626088163099242 984.484863 
626088203137106 984.495850 
626088243091586 984.547119 
626088283204554 984.608887 
626088323098565 984.588379 
626088363099554 984.549805 
626088403099294 984.584229 
626088443099294 984.644043 
626088483099398 984.679199 
626088523137002 984.723877 
626088563092106 984.763916 
626088603098356 984.758789 
626088643099763 984.772949 
626088683090075 984.667480 
626088723099606 984.413330 
626088763099606 984.339355 
626088803099450 984.492676 
626088843090804 984.646729 
626088883077106 984.794922 
626088923098356 984.923828 
626088963099867 985.091064 
626089003077263 985.320801 
626089043099450 985.530029 
626089083099554 985.597168 
626089123137367 985.397949 
626089163091534 985.032227 
626089203098304 984.389404 
626089243097992 984.645752 
626089283090284 983.767578 
626089323099242 983.174805 
626089363101377 982.974854 
626089403098773 983.231689 
626089443090284 983.364746 
626089483094763 983.476563 
626089523097940 983.655762 
626089563099606 983.795898 
626089603075909 983.894043 
626089643099554 984.133301 
626089683099346 984.365967 
626089723136794 984.471436 
626089763091117 984.564697 
626089803098200 984.548828 
626089843098252 984.376465 
626089883099242 984.286621 
626089923099606 984.192627 
626089963099919 984.179688 
626090003099190 984.221191 
626090043090023 984.291504 
626090083092836 984.360107 
626090123097836 984.420166 
626090163098721 984.559570 
626090203090596 985.016602 
626090243099242 985.308838 
626090283098929 985.273438 
626090323137106 985.061768 
626090363204659 984.771484 
626090403098252 984.393799 
626090443098565 984.576416 
626090483098929 983.898682 
626090523097992 983.409180 
626090563099346 983.256592 
626090603099346 983.513428 
626090643090544 983.557861 
626090683092315 983.653076 
626090723098304 983.888428 
626090763099190 983.999512 
626090803090804 984.164795 
626090843099971 984.312744 
626090883100075 984.375732 
626090923137159 984.501709 
626090963078044 984.594238 
626091003100648 984.599854 
626091043098356 984.455566 
626091083098096 984.394531 
626091123099450 984.226074 
626091163099242 984.272217 
626091203099034 984.299805 
626091243091221 984.331055 
626091283253981 984.399170 
626091323098877 984.478516 
626091363099763 984.565674 
626091403089034 984.792236 
626091443099294 985.178467 
626091483099606 985.390625 
626091523136690 985.316406 
626091563094659 985.069336 
626091603098252 984.478027 
626091643098461 984.615723 
626091683099502 983.839111 
626091723099294 983.295898 
626091763098773 983.044189 
626091803099502 983.241943 
626091843138929 983.333252 
626091883092784 983.408936 
626091923098304 983.574707 
626091963098461 983.775146 
626092003090284 983.964844 
626092043099815 984.121826 
626092083099398 984.188721 
626092123101273 984.356934 
626092163090544 984.552734 
626092203110648 984.592285 
626092243097992 984.474609 
626092283099606 984.344482 
626092323076690 984.262695 
626092363099294 984.295654 
626092403101273 984.329834 
626092443137054 984.380127 
626092483094659 984.454346 
626092523098252 984.558838 
626092563099554 984.650635 
626092603090544 984.799805 
626092643100440 985.118652 
626092683099450 985.292969 
626092723099190 984.879883 
626092763089763 984.389648 
626092803092263 984.557129 
626092843097471 983.806885 
626092883098929 983.371582 
626092923076534 983.213135 
626092963099450 983.354736 
626093003099242 983.359131 
626093043137106 983.500977 
626093083092054 983.718262 
626093123190440 983.881104 
626093163098513 984.071045 
626093203092367 984.206055 
626093243099190 984.309082 
626093283099242 984.425293 
626093323099659 984.593018 
626093363090284 984.618408 
626093403089606 984.646973 
626093443100440 984.479980 
626093483099190 984.275146 
626093523090284 984.227295 
626093563099606 984.247803 
626093603099086 984.317627 
626093643137263 984.386719 
626093683122419 984.460205 
626093723098356 984.556641 
626093763098565 984.741211 
626093803099711 985.039063 
626093843099190 985.144775 
626093883099554 985.007568 
626093923099190 984.784912 
626093963090596 984.287109 
626094003092106 984.579834 
626094043098044 983.915283 
626094083099606 983.495605 
626094123090284 983.336426 
626094163100075 983.551025 
626094203099242 983.609131 
626094243136846 983.705811 
626094283078565 983.884521 
626094323098200 984.046875 
626094363098200 984.227051 
626094403098669 984.359375 
626094443098981 984.450684 
626094483099659 984.623291 
626094523099242 984.677490 
626094563090284 984.542480 
626094603132471 984.323486 
626094643098461 984.297852 
626094683099554 984.314941 
626094723089763 984.304688 
626094763099711 984.355225 
626094803099398 984.415283 
626094843137106 984.504150 
626094883075648 984.714600 
626094923094294 985.135254 
626094963098409 985.406006 
626095003099450 985.336182 
626095043097940 985.103027 
626095083099294 984.564697 
626095123099242 984.409180 
626095163139346 984.396240 
626095203092211 983.656494 
626095243098513 983.281738 
626095283099294 983.187988 
626095323090231 983.440674 
626095363099242 983.637451 
626095403099502 983.689209 
626095443099294 983.762451 
626095483090231 984.052246 
626095523098252 984.178467 
626095563100336 984.217285 
626095603099606 984.421143 
626095643099294 984.517578 
626095683099502 984.614502 
626095723099294 984.526855 
626095763136586 984.467529 
626095803092836 984.254639 
626095843098461 984.202393 
626095883099711 984.184326 
626095923090752 984.213867 
626095963099763 984.291992 
626096003099606 984.403809 
626096043099346 984.535400 
626096083090231 984.956299 
626096123096534 985.288330 
626096163097419 985.200928 
626096203099711 985.005127 
626096243078252 984.730469 
626096283099606 984.790527 
626096323099034 984.098389 
626096363137054 983.619141 
626096403091742 983.428711 
626096443098825 983.557129 
626096483098825 983.589355 
626096523091013 983.638428 
626096563099450 983.757813 
626096603099450 983.879395 
626096643099554 984.006104 
626096683090544 984.183594 
626096723092627 984.368408 
626096763097471 984.391357 
626096803098617 984.547607 
626096843094971 984.670898 
626096883099190 984.655273 
626096923099034 984.631348 
626096963136377 984.474365 
626097003093044 984.261719 
626097043098044 984.194824 
626097083092106 984.179199 
626097123098096 984.229980 
626097163099606 984.298340 
626097203099034 984.388184 
626097243099346 984.498291 
626097283090284 984.730469 
626097323092106 985.239502 
626097363098513 985.499512 
626097403099554 985.358643 
626097443090804 985.286865 
626097483099294 985.232422 
626097523099190 984.499023 
626097563137575 983.874756 
626097603140909 983.539063 
626097643092471 983.452881 
626097683097992 983.430908 
626097723099815 983.476318 
626097763099190 983.597168 
626097803099502 983.714844 
626097843099450 983.800537 
626097883090284 983.870850 
626097923101013 983.961670 
626097963098617 984.215088 
626098003099606 984.343750 
626098043090231 984.322998 
626098083099554 984.457031 
626098123099971 984.523438 
626098163136950 984.465088 
626098203077263 984.323486 
626098243099034 984.202148 
626098283098252 984.205566 
626098323099763 984.294189 
626098363098044 984.377930 
626098403099138 984.463379 
626098443099450 984.576904 
626098483089763 984.744385 
626098523093513 985.093750 
626098563098461 985.511230 
626098603098565 985.624268 
626098643090231 985.423828 
626098683099398 985.040283 
626098723099190 985.008545 
626098763137054 984.246094 
626098803090492 983.643799 
626098843092575 983.449707 
626098883098825 983.490234 
626098923099659 983.529785 
626098963099450 983.635010 
626099003099502 983.754395 
626099043099294 983.917969 
626099083136950 984.106445 
626099123093877 984.291504 
626099163098461 984.339355 
626099203098148 984.534424 
626099243089554 984.618408 
626099283099502 984.577393 
626099323099242 984.515869 
626099363099242 984.338867 
626099403090231 984.248779 
626099443091377 984.196777 
626099483098200 984.181152 
626099523099606 984.233398 
626099563076690 984.315918 
626099603099450 984.409668 
626099643099398 984.579590 
626099683137627 985.064453 
626099723093148 985.444580 
626099763098304 985.450928 
626099803097992 985.208740 
626099843092836 984.866455 
626099883099034 984.874512 
626099923099554 984.196777 
626099963099242 983.627441 
626100003090284 983.348145 
626100043091846 983.423828 
626100083098513 983.476318 
626100123099815 983.523193 
626100163076690 983.659180 
626100203099554 983.812744 
626100243099294 983.994873 
626100283137575 984.195557 
626100323092419 984.228271 
626100363076950 984.229248 
626100403097992 984.485107 
626100443099450 984.617676 
626100483099294 984.558105 
626100523099606 984.531250 
626100563099450 984.392578 
626100603090544 984.253174 
626100643092159 984.197021 
626100683097940 984.212158 
626100723099711 984.244629 
626100763090544 984.309814 
626100803099450 984.406738 
626100843099554 984.531250 
626100883137679 984.791748 
626100923103825 985.167236 
626100963098148 985.374268 
626101003098513 985.294922 
626101043097992 985.069824 
626101083099190 984.689453 
626101123099450 984.947510 
626101163099450 984.323486 
626101203090231 983.711914 
626101243090961 983.397217 
626101283098304 983.348877 
626101323097940 983.484375 
626101363089190 983.587891 
626101403099659 983.689697 
626101443099138 983.828125 
626101483137575 984.001953 
626101523076690 984.171631 
626101563095648 984.269531 
626101603098461 984.240479 
626101643099294 984.447021 
626101683098200 984.601074 
626101723099138 984.555664 
626101763099815 984.531982 
626101803090231 984.424316 
626101843205909 984.280762 
626101883098356 984.246094 
626101923098044 984.281494 
626101963090284 984.353516 
626102003099606 984.422607 
626102043099554 984.527588 
626102083137575 984.852051 
626102123076846 985.256348 
626102163099346 985.465576 
626102203098304 985.353760 
626102243099294 985.259521 
626102283099190 985.045654 
626102323099502 984.362793 
626102363099659 983.785156 
626102403140961 983.475830 
626102443093148 983.391113 
626102483097888 983.436279 
626102523097940 983.510742 
626102563089034 983.640381 
626102603099763 983.760742 
626102643099398 983.850586 
626102683099242 983.996094 
626102723090231 984.258789 
626102763098669 984.343750 
626102803098200 984.319336 
626102843100127 984.526123 
626102883098096 984.609375 
626102923099190 984.489990 
626102963099346 984.464844 
626103003137419 984.286621 
626103043092940 984.197510 
626103083098096 984.176514 
626103123098565 984.241455 
626103163090492 984.323486 
626103203099606 984.406738 
626103243099450 984.511230 
626103283099554 984.634766 
626103323090804 984.967773 
626103363118929 985.320801 
626103403097940 985.360107 
626103443098200 985.133545 
626103483077367 984.863281 
626103523099606 984.912842 
626103563099346 984.275635 
626103603137419 983.716309 
626103643092419 983.444092 
626103683098356 983.542725 
626103723098356 983.564453 
626103763090700 983.590576 
626103803099294 983.705811 
626103843099294 983.835938 
626103883099763 983.944580 
626103923089763 984.096680 
626103963095596 984.363281 
626104003098877 984.351318 
626104043099763 984.383057 
626104083091534 984.604004 
626104123099867 984.624023 
626104163099554 984.596924 
626104203137315 984.413086 
626104243092471 984.295898 
626104283098617 984.208008 
626104323097679 984.181885 
626104363099502 984.214600 
626104403099554 984.318604 
626104443100231 984.448486 
626104483099450 984.565186 
626104523090284 984.784180 
626104563091794 985.197754 
626104603098356 985.446533 
626104643099971 985.321777 
626104683090336 985.104248 
626104723099294 984.862305 
626104763099242 984.625977 
626104803137367 983.973633 
626104843091534 983.499023 
626104883102159 983.322998 
626104923098513 983.373047 
626104963099606 983.473389 
626105003099294 983.703857 
626105043098929 983.845459 
626105083099606 984.036621 
626105123090284 984.277344 
626105163091013 984.335449 
626105203098409 984.312744 
626105243099450 984.544678 
626105283090023 984.669189 
626105323099554 984.633789 
626105363099346 984.614258 
626105403137888 984.430420 
626105443077054 984.299561 
626105483097627 984.277100 
626105523098513 984.251953 
626105563098773 984.270264 
626105603099242 984.343018 
626105643101117 984.459717 
626105683099502 984.650635 
626105723090284 985.125488 
626105763266638 985.483887 
626105803098461 985.425781 
626105843098565 985.182129 
626105883090544 985.139404 
626105923099138 984.560791 
626105963099502 983.958252 
626106003137523 983.533203 
626106043090284 983.458496 
626106083090544 983.492432 
626106123097419 983.535889 
626106163099763 983.643555 
626106203098200 983.770752 
626106243099502 983.885254 
626106283099346 983.967285 
626106323137419 984.237305 
626106363092836 984.243164 
626106403098356 984.243408 
626106443099294 984.495361 
626106483089971 984.613770 
626106523099554 984.558105 
626106563099554 984.417236 
626106603099554 984.286621 
626106643089711 984.241211 
626106683077419 984.197021 
626106723098096 984.218750 
626106763099242 984.304688 
626106803077002 984.401367 
626106843099711 984.520996 
626106883099502 984.735352 
626106923137002 985.147705 
626106963094034 985.291016 
626107003091898 985.096191 
626107043098356 984.968018 
626107083089242 984.620605 
626107123099138 984.606201 
626107163099190 984.031250 
626107203099242 983.630859 
626107243090284 983.515381 
626107283093669 983.590820 
626107323098304 983.695557 
626107363099346 983.823730 
626107403076586 983.933838 
626107443099190 984.035889 
626107483099502 984.159424 
626107523137159 984.370117 
626107563091169 984.465332 
626107603098148 984.440430 
626107643097992 984.630859 
626107683091325 984.659424 
626107723099450 984.627686 
626107763099242 984.606689 
626107803099294 984.362305 
626107843091794 984.286865 
626107883092002 984.260254 
626107923098304 984.261963 
626107963099554 984.293701 
626108003090752 984.365723 
626108043099450 984.618896 
626108083099502 985.095459 
626108123137159 985.431885 
626108163092523 985.469727 
626108203097888 985.220947 
626108243098617 984.856201 
626108283098356 984.891602 
626108323099294 984.247559 
626108363099190 983.643066 
626108403099242 983.337646 
626108443090284 983.329346 
626108483091481 983.465820 
626108523098044 983.520752 
626108563099971 983.635742 
626108603091273 983.784912 
626108643098825 983.882813 
626108683101169 984.044678 
626108723136638 984.289551 
626108763078148 984.258057 
626108803098773 984.418701 
626108843098252 984.588623 
626108883100231 984.573242 
626108923099450 984.538818 
626108963099450 984.470947 
626109003101377 984.236816 
626109043090856 984.208008 
626109083179971 984.256592 
626109123098356 984.317627 
626109163098200 984.396484 
626109203090284 984.475586 
626109243099242 984.559570 
626109283099554 984.804443 
626109323138877 985.230957 
626109363076690 985.443848 
626109403098304 985.328857 
626109443098721 985.117676 
626109483100127 984.687744 
626109523099242 984.842041 
626109563099346 984.311279 
626109603099294 983.694824 
626109643137419 983.406250 
626109683093356 983.353271 
626109723097992 983.569092 
626109763099815 983.659424 
626109803090284 983.753906 
626109843099190 983.877441 
626109883099554 984.008057 
626109923137367 984.172119 
626109963090284 984.298340 
626110003092836 984.268799 
626110043098200 984.351563 
626110083099294 984.572266 
626110123099450 984.678223 
626110163099450 984.680908 
626110203099815 984.585693 
626110243137106 984.515137 
626110283092419 984.288574 
626110323097211 984.226074 
626110363098044 984.250732 
626110403090284 984.295898 
626110443099606 984.375488 
626110483099554 984.455811 
626110523098252 984.544189 
626110563090336 984.703613 
626110603098304 985.044434 
626110643098148 985.305420 
626110683100023 985.302490 
626110723075127 985.129395 
626110763100284 984.777344 
626110803099606 984.708740 
626110843136846 984.043701 
626110883093617 983.577637 
626110923098565 983.471191 
626110963099450 983.572266 
626111003090231 983.589111 
626111043099606 983.671875 
626111083099450 983.927002 
626111123099502 984.052490 
626111163090023 984.280762 
626111203093148 984.352295 
626111243098617 984.303955 
626111283099815 984.541260 
626111323078669 984.645752 
626111363099554 984.588623 
626111403099190 984.572510 
626111443137054 984.378174 
626111483091846 984.221191 
626111523077315 984.212158 
626111563098356 984.241211 
626111603099242 984.308350 
626111643099190 984.397949 
626111683099294 984.509277 
626111723098669 984.608887 
626111763090284 984.810547 
626111803095961 985.158447 
626111843098617 985.345459 
626111883099450 985.218750 
626111923090336 984.947266 
626111963099815 984.545898 
626112003099502 984.749756 
626112043137106 984.049805 
626112083197367 983.601318 
626112123098356 983.441650 
626112163098721 983.635010 
626112203099190 983.679688 
626112243099450 983.737549 
626112283099294 983.887939 
626112323099138 984.022461 
626112363090804 984.142822 
626112403089971 984.294189 
626112443098252 984.464355 
626112483099398 984.520020 
626112523088773 984.690918 
626112563100284 984.781494 
626112603099242 984.712646 
626112643137002 984.586670 
626112683078096 984.370117 
626112723089867 984.274414 
626112763098513 984.205566 
626112803099815 984.233643 
626112843099034 984.331543 
626112883098825 984.428955 
626112923099242 984.524170 
626112963090023 984.653076 
626113003234502 985.081055 
626113043098565 985.440430 
626113083099606 985.444336 
626113123090284 985.192871 
626113163099450 984.791748 
626113203099294 984.903320 
626113243137002 984.157227 
626113283091950 983.592529 
626113323091273 983.314209 
626113363098304 983.415283 
626113403098929 983.422852 
626113443099554 983.481689 
626113483099294 983.630371 
626113523099294 983.786865 
626113563137106 983.907715 
626113603094971 984.074951 
626113643098252 984.312744 
626113683099450 984.305908 
626113723089711 984.433350 
626113763099086 984.655762 
626113803099346 984.588379 
626113843099398 984.497070 
626113883090023 984.353760 
626113923098252 984.201172 
626113963098096 984.201416 
626114003099606 984.215332 
626114043099554 984.262939 
626114083099242 984.324707 
626114123099502 984.413086 
626114163137002 984.521973 
626114203090856 985.130859 
626114243098565 985.334717 
626114283099867 985.187012 
626114323090492 984.977051 
626114363099086 984.650635 
626114403099606 984.594238 
626114443099450 984.036133 
626114483091273 983.625977 
626114523092367 983.454834 
626114563098096 983.536865 
626114603099554 983.637451 
626114643077888 983.684326 
626114683098461 983.777100 
626114723099554 983.927979 
626114763137211 984.123535 
626114803092002 984.320557 
626114843098773 984.338135 
626114883098565 984.391113 
626114923088981 984.658691 
626114963099294 984.693359 
626115003099138 984.678467 
626115043099450 984.540039 
626115083090284 984.350586 
626115123096013 984.282715 
626115163098200 984.220947 
626115203099659 984.230957 
626115243093669 984.308594 
626115283099606 984.390381 
626115323099346 984.498779 
626115363137367 984.611572 
626115403090700 984.927734 
626115443098096 985.183105 
626115483098252 985.156494 
626115523099502 984.959961 
626115563099606 984.572754 
626115603099294 984.411377 
626115643101429 984.241943 
626115683089450 983.742920 
626115723095856 983.494629 
626115763098252 983.448730 
626115803099242 983.666748 
626115843090023 983.784668 
626115883100075 983.865967 
626115923099190 983.967285 
626115963137159 984.161377 
626116003091273 984.350342 
626116043091586 984.345703 
626116083098200 984.288330 
626116123098981 984.477539 
626116163099450 984.670654 
626116203099190 984.658936 
626116243099554 984.591553 
626116283090284 984.482666 
626116323093981 984.340088 
626116363098252 984.264893 
626116403100075 984.220947 
626116443090284 984.222168 
626116483099450 984.283691 
626116523099190 984.375732 
626116563137002 984.487305 
626116603079034 984.643555 
626116643098825 984.984619 
626116683098200 985.259277 
626116723099711 985.219971 
626116763099294 985.005615 
626116803099450 984.673096 
626116843099138 984.621826 
626116883090284 984.244629 
626116923281221 983.742676 
626116963098825 983.452637 
626117003098304 983.411865 
626117043090492 983.518066 
626117083099971 983.569092 
626117123101377 983.652588 
626117163137159 983.774658 
626117203090492 983.910889 
626117243115336 984.098633 
626117283098356 984.323486 
626117323099450 984.373535 
626117363099554 984.625000 
626117403099502 984.618896 
626117443099294 984.515625 
626117483137315 984.476807 
626117523092367 984.310059 
626117563098513 984.262451 
626117603099242 984.259521 
626117643089034 984.304199 
626117683099450 984.386230 
626117723099502 984.455078 
626117763101325 984.543945 
626117803090544 984.765381 
626117843097888 985.138672 
626117883098304 985.301758 
626117923099815 985.176514 
626117963099294 984.960693 
626118003099190 984.639648 
626118043099294 984.671143 
626118083136481 984.069092 
626118123091117 983.633545 
626118163098356 983.485107 
626118203101690 983.601318 
626118243090544 983.633057 
626118283099815 983.691650 
626118323099294 983.819580 
626118363099190 983.925781 
626118403090284 984.053955 
626118443173773 984.244385 
626118483099971 984.449219 
626118523099450 984.465332 
626118563077211 984.606934 
626118603099190 984.652100 
626118643099294 984.628418 
626118683137263 984.393311 
626118723092106 984.231934 
626118763077575 984.229980 
626118803098200 984.240479 
626118843090804 984.251221 
626118883099502 984.311523 
626118923099190 984.393555 
626118963101377 984.548828 
626119003090231 984.947754 
626119043092679 985.292969 
626119083098304 985.379883 
626119123099554 985.195801 
626119163091325 984.944092 
626119203099606 984.797119 
626119243099294 984.210449 
626119283137367 983.670898 
626119323091950 983.381348 
626119363098461 983.362549 
626119403097784 983.465576 
626119443099450 983.546387 
626119483099242 983.687256 
626119523099919 983.828613 
626119563099711 983.977295 
626119603090231 984.215820 
626119643090856 984.329346 
626119683098669 984.313965 
626119723100179 984.556885 
626119763090544 984.646973 
626119803099606 984.639160 
626119843099242 984.583496 
626119883137263 984.356201 
626119923078148 984.272705 
626119963092836 984.261719 
626120003098304 984.285156 
626120043099867 984.332031 
626120083099034 984.395264 
626120123099294 984.481201 
626120163099711 984.645752 
626120203092888 985.044434 
626120243106898 985.350098 
626120283098252 985.329590 
626120323099711 985.086914 
626120363089034 984.773682 
626120403099502 984.397949 
626120443099502 983.798096 
626120483137575 983.440674 
626120523079242 983.369141 
626120563097679 983.369141 
626120603098513 983.585205 
626120643099138 983.746826 
626120683099606 983.854248 
626120723099502 984.047363 
626120763099554 984.371826 
626120803137627 984.393799 
626120843093461 984.309814 
626120883098461 984.550781 
626120923098252 984.725342 
626120963090544 984.676514 
626121003099294 984.567871 
626121043099971 984.397461 
626121083137784 984.296631 
626121123090231 984.295410 
626121163092836 984.276123 
626121203098565 984.319336 
626121243099502 984.390137 
626121283098200 984.494385 
626121323099294 984.659912 
626121363099294 985.040283 
626121403137263 985.375244 
626121443092836 985.392822 
626121483097679 985.149414 
626121523098929 984.719482 
626121563090023 984.896973 
626121603099294 984.157715 
626121643099606 983.620605 
626121683099346 983.401611 
626121723090492 983.497803 
626121763077002 983.604736 
626121803098721 983.673340 
626121843099346 983.795898 
626121883077054 983.929688 
626121923099606 984.034424 
626121963099554 984.218262 
626122003137211 984.441895 
626122043091273 984.447510 
626122083098356 984.563232 
626122123099502 984.650879 
626122163090023 984.637695 
626122203099450 984.485596 
626122243098981 984.290039 
626122283100075 984.245605 
626122323089711 984.237305 
626122363096117 984.237549 
626122403098200 984.306396 
626122443099554 984.432129 
626122483075961 984.571533 
626122523101586 984.795410 
626122563099606 985.193359 
626122603137315 985.503174 
626122643090596 985.525391 
626122683098304 985.254395 
626122723097992 984.930908 
626122763099711 984.895996 
626122803099502 984.174316 
626122843099502 983.583252 
626122883099450 983.295410 
626122923090075 983.340088 
626122963093044 983.410645 
626123003097940 983.463623 
626123043099971 983.588623 
626123083090284 983.720703 
626123123099450 983.883545 
626123163099606 984.097168 
626123203137263 984.199219 
626123243180961 984.201172 
626123283098565 984.395752 
626123323098513 984.554932 
626123363100127 984.548584 
626123403099606 984.488037 
626123443101586 984.298828 
626123483099346 984.214355 
626123523089711 984.223145 
626123563090544 984.319092 
626123603097992 984.407715 
626123643100075 984.499023 
626123683089502 984.628906 
626123723099971 984.914063 
626123763099398 985.164551 
626123803137106 985.252686 
626123843079190 985.066162 
626123883099242 984.859863 
626123923098356 984.750244 
626123963098304 984.316650 
626124003099242 983.797852 
626124043099554 983.486328 
626124083099554 983.475342 
626124123090284 983.510010 
626124163179502 983.527100 
626124203098356 983.645020 
626124243100075 983.806641 
626124283090544 983.938477 
626124323099606 984.045410 
626124363099450 984.164307 
626124403137263 984.320557 
626124443076534 984.308594 
626124483092471 984.485352 
626124523098096 984.656982 
626124563099190 984.668701 
626124603099554 984.567627 
626124643098773 984.346436 
626124683099190 984.290283 
626124723141221 984.305176 
626124763092523 984.344727 
626124803098461 984.403564 
626124843098304 984.472900 
626124883090544 984.554688 
626124923099086 984.689941 
626124963099502 985.074951 
626125003099450 985.363525 
626125043090284 985.354004 
626125083093409 985.122803 
626125123097888 984.690186 
626125163099190 984.775391 
626125203099242 984.157715 
626125243099554 983.625244 
626125283099502 983.385986 
626125323099502 983.446777 
626125363090909 983.563721 
626125403091950 983.614746 
626125443099554 983.719971 
626125483090284 983.843994 
626125523099242 983.937744 
626125563099294 984.040283 
626125603099242 984.251709 
626125643090284 984.225830 
626125683138096 984.237793 
626125723098565 984.521973 
626125763099242 984.574707 
626125803076794 984.484131 
626125843099502 984.496338 
626125883099711 984.325684 
626125923137159 984.249756 
626125963093461 984.233887 
626126003098669 984.280029 
626126043100440 984.338623 
626126083093044 984.419678 
626126123100388 984.520264 
626126163099554 984.661133 
626126203099190 985.003418 
626126243090544 985.343750 
626126283094502 985.360352 
626126323097940 985.170654 
626126363098409 985.095215 
626126403083617 984.810303 
626126443100075 984.283936 
626126483099450 983.811523 
626126523136638 983.579834 
626126563096846 983.471436 
626126603076898 983.534668 
626126643098461 983.609619 
626126683099971 983.702881 
626126723099242 983.914795 
626126763099763 984.071777 
626126803099190 984.343750 
626126843090284 984.453613 
626126883091898 984.462158 
626126923098981 984.626221 
626126963097679 984.651123 
626127003088981 984.604004 
626127043099242 984.318604 
626127083099138 984.247559 
626127123137523 984.216553 
626127163150023 984.217773 
626127203092992 984.256836 
626127243098356 984.308594 
626127283099606 984.399170 
626127323097940 984.571533 
626127363099294 984.952148 
626127403100023 985.202393 
626127443091065 985.261230 
626127483093200 985.111084 
626127523098981 984.955811 
626127563099815 984.818359 
626127603090544 984.333252 
626127643099034 983.830322 
626127683099711 983.552734 
626127723137054 983.480469 
626127763076690 983.512939 
626127803230700 983.583740 
626127843098252 983.679932 
626127883098565 983.804443 
626127923101898 983.969727 
626127963100075 984.173340 
626128003099502 984.318848 
626128043090231 984.255615 
626128083181013 984.385254 
626128123097940 984.625977 
626128163100023 984.623047 
626128203090284 984.539307 
626128243099450 984.484619 
626128283099554 984.286621 
626128323137106 984.226563 
626128363094971 984.208252 
626128403139138 984.243652 
626128443098981 984.311768 
626128483099554 984.418457 
626128523099711 984.548096 
626128563099502 984.745850 
626128603099659 985.208008 
626128643136586 985.536133 
626128683092627 985.465820 
626128723098461 985.186768 
626128763099815 984.738525 
626128803090492 984.684570 
626128843099242 983.975830 
626128883099763 983.476563 
626128923099763 983.307861 
626128963090544 983.455322 
626129003098773 983.486328 
626129043099138 983.557129 
626129083098877 983.709473 
626129123099450 983.871582 
626129163099502 983.998047 
626129203099554 984.092529 
626129243137211 984.344727 
626129283091013 984.346436 
626129323098356 984.541992 
626129363100075 984.674805 
626129403089815 984.586914 
626129443099554 984.445801 
626129483099554 984.287598 
626129523099346 984.212402 
626129563090284 984.188965 
626129603208461 984.240234 
626129643098513 984.330811 
626129683098513 984.436279 
626129723076690 984.531982 
626129763099815 984.739990 
626129803099554 985.180420 
626129843137523 985.367432 
626129883097367 985.161133 
626129923098200 984.751221 
626129963098200 984.787354 
626130003176638 984.085938 
626130043101273 983.566406 
626130083099398 983.344971 
626130123099606 983.431152 
626130163090179 983.508301 
626130203095961 983.573486 
626130243098565 983.698730 
626130283098513 983.824219 
626130323089294 983.972412 
626130363099294 984.093994 
626130403098929 984.322754 
626130443137159 984.382813 
626130483097575 984.531250 
626130523098252 984.672119 
626130563091638 984.640625 
626130603099606 984.558594 
626130643098929 984.368408 
626130683099450 984.296143 
626130723099034 984.294189 
626130763089971 984.304932 
626130803091742 984.356934 
626130843098409 984.427979 
626130883100023 984.513672 
626130923090804 984.667969 
626130963099502 985.122803 
626131003099450 985.467773 
626131043137315 985.385254 
626131083093773 985.149170 
626131123091742 984.642822 
626131163098304 984.852051 
626131203099606 984.129883 
626131243099450 983.590088 
626131283099554 983.381592 
626131323099606 983.386475 
626131363090544 983.556152 
626131403127106 983.610596 
626131443098200 983.705566 
626131483099450 983.835205 
626131523089919 984.012207 
626131563099450 984.219727 
626131603099190 984.273926 
626131643136846 984.229248 
626131683077471 984.465576 
626131723098148 984.599854 
626131763098617 984.592529 
626131803099971 984.574707 
626131843099138 984.390381 
626131883099138 984.278076 
626131923099242 984.266357 
626131963091325 984.305420 
626132003093200 984.353516 
626132043098252 984.394287 
626132083097992 984.440918 
626132123090544 984.516602 
626132163099346 984.928711 
626132203101846 985.316650 
626132243137627 985.372559 
626132283091065 985.146729 
626132323098044 984.929688 
626132363098929 984.742188 
626132403099688 984.576660 
626132443101251 983.994141 
626132483100470 983.574707 
626132523100001 983.478271 
626132563137032 983.572998 
626132603092813 983.577393 
626132643092553 983.633545 
626132683098855 983.762207 
626132723089897 983.888428 
626132763099688 983.982666 
626132803100209 984.113525 
626132843099636 984.316895 
626132883090730 984.441650 
626132923077188 984.505371 
626132963099011 984.726074 
626133003099845 984.634766 
626133043077032 984.362793 
626133083099688 984.260498 
626133123098907 984.231689 
626133163137293 984.236328 
626133203092761 984.257813 
626133243100626 984.336670 
626133283100053 984.413818 
626133323093022 984.506836 
626133363099688 984.814941 
626133403099168 985.239502 
626133443099636 985.392090 
626133483090418 985.204834 
626133523096043 985.068359 
626133563099063 984.976074 
626133603098386 984.469727 
626133643080313 983.898438 
626133683099636 983.554932 
626133723099636 983.539551 
626133763137240 983.559814 
626133803091720 983.593262 
626133843091251 983.681885 
626133883098595 983.783447 
626133923098490 983.890137 
626133963099428 984.005371 
626134003102032 984.156494 
626134043100105 984.360596 
626134083090938 984.358643 
626134123092240 984.530518 
626134163099011 984.638916 
626134203100313 984.642090 
626134243089793 984.439453 
626134283099740 984.258789 
626134323099845 984.209473 
626134363137761 984.205322 
626134403125990 984.226074 
626134443098438 984.317383 
626134483099272 984.454102 
626134523098907 984.578613 
626134563099376 984.950928 
626134603099636 985.406006 
626134643099428 985.601318 
626134683090157 985.402832 
626134723091668 985.120361 
626134763098543 985.093750 
626134803101668 984.418213 
626134843090418 983.786621 
626134883099636 983.417236 
626134923099688 983.430664 
626134963137345 983.447021 
626135003080678 983.471924 
626135043098647 983.586670 
626135083098386 983.733643 
626135123099324 983.881836 
626135163099376 983.956787 
626135203099324 984.170166 
626135243099480 984.336426 
626135283090365 984.268066 
626135323093543 984.452148 
626135363098386 984.580078 
626135403100626 984.583984 
626135443090418 984.541260 
626135483099584 984.309814 
626135523099584 984.166748 
626135563137240 984.139893 
626135603075574 984.179443 
626135643092084 984.260986 
626135683098959 984.355957 
626135723099532 984.480957 
626135763099480 984.624023 
626135803099376 985.027588 
626135843099324 985.349365 
626135883137136 985.378662 
626135923092345 985.145508 
626135963098230 984.810791 
626136003100157 984.553955 
626136043090678 984.270020 
626136083099324 983.406250 
626136123100105 983.337891 
626136163100105 983.479492 
626136203090678 983.628906 
626136243098595 983.752197 
626136283098595 983.861572 
626136323100001 983.977051 
626136363098490 984.181396 
626136403099376 984.399170 
626136443099428 984.395508 
626136483137501 984.535645 
626136523093178 984.681396 
626136563098907 984.681641 
626136603099636 984.706299 
626136643089480 984.544678 
626136683099480 984.381836 
626136723099168 984.308838 
626136763099428 984.269043 
626136803090418 984.258301 
626136843077397 984.309326 
626136883098595 984.394043 
626136923100105 984.495117 
626136963076459 984.874268 
626137003099428 985.274658 
626137043099740 985.378174 
626137083136459 985.161377 
626137123094011 984.946777 
626137163098855 984.902832 
626137203098595 984.239502 
626137243090678 983.704346 
626137283099532 983.437744 
626137323099793 983.468506 
626137363101824 983.534424 
626137403090678 983.604004 
626137443099011 983.764404 
626137483098595 983.904297 
626137523099897 983.985107 
626137563076615 984.110352 
626137603099584 984.395996 
626137643099428 984.416260 
626137683137188 984.525391 
626137723093595 984.671387 
626137763098386 984.703125 
626137803098074 984.635010 
626137843099636 984.403076 
626137883099636 984.241699 
626137923099949 984.145508 
626137963099584 984.122070 
626138003089897 984.183594 
626138043093334 984.273682 
626138083098751 984.386475 
626138123099636 984.504883 
626138163089168 984.855469 
626138203099480 985.304688 
626138243099428 985.502686 
626138283137188 985.365234 
626138323198334 985.085938 
626138363092449 984.905518 
626138403098907 984.536621 
626138443100157 983.857178 
626138483099584 983.435547 
626138523099428 983.299561 
626138563099793 983.420654 
626138603091199 983.461182 
626138643096615 983.552246 
626138683098386 983.690186 
626138723099740 983.802490 
626138763090678 983.967773 
626138803099949 984.223389 
626138843101876 984.239258 
626138883136928 984.353271 
626138923077397 984.590088 
626138963094584 984.618652 
626139003098647 984.508301 
626139043099897 984.482910 
626139083100001 984.319824 
626139123099324 984.250732 
626139163099636 984.197021 
626139203090990 984.291504 
626139243091720 984.355469 
626139283098595 984.435059 
626139323098490 984.602295 
626139363091199 984.922607 
626139403099272 985.076172 
626139443099584 985.022217 
626139483137449 984.856445 
626139523083386 984.746826 
626139563092709 984.350342 
626139603098699 984.585938 
626139643099428 984.048340 
626139683099584 983.676514 
626139723098907 983.563232 
626139763099897 983.640137 
626139803137501 983.739502 
626139843093230 983.796387 
626139883098230 983.889893 
626139923099428 984.097412 
626139963090678 984.388428 
626140003099324 984.409912 
626140043099636 984.336914 
626140083099428 984.545898 
626140123089949 984.736084 
626140163098334 984.720703 
626140203098438 984.635254 
626140243099949 984.617188 
626140283098386 984.390381 
626140323099168 984.290283 
626140363099584 984.245850 
626140403137293 984.282227 
626140443090261 984.357422 
626140483098907 984.430664 
626140523098647 984.525879 
626140563090418 984.670166 
626140603099688 985.064697 
626140643099636 985.356445 
626140683099636 985.291748 
626140723090886 985.087646 
626140763212761 984.640869 
626140803098386 984.718018 
626140843099376 984.080566 
626140883078022 983.628174 
626140923099636 983.449951 
626140963099480 983.602539 
626141003137136 983.690430 
626141043093647 983.760986 
626141083098490 983.854980 
626141123098907 983.989014 
626141163090418 984.112549 
626141203099324 984.339111 
626141243099584 984.386475 
626141283099688 984.411865 
626141323091199 984.656738 
626141363099480 984.677979 
626141403098438 984.645264 
626141443099584 984.568359 
626141483094584 984.349121 
626141523099636 984.287109 
626141563099324 984.244629 
626141603137293 984.249268 
626141643092709 984.306641 
626141683098074 984.377197 
626141723098751 984.463135 
626141763100365 984.613525 
626141803099688 985.069336 
626141843099636 985.378906 
626141883100001 985.340088 
626141923090418 985.136475 
626141963090574 984.864746 
626142003098751 984.660156 
626142043100261 984.060547 
626142083090678 983.620850 
626142123099584 983.515137 
626142163099740 983.529541 
626142203137449 983.575439 
626142243092084 983.650391 
626142283101147 983.916992 
626142323098647 984.071289 
626142363099168 984.165527 
626142403098438 984.338867 
626142443099115 984.349609 
626142483099688 984.444824 
626142523090678 984.647461 
626142563114949 984.640381 
626142603098699 984.562744 
626142643099584 984.481201 
626142683090418 984.309326 
626142723099688 984.238525 
626142763099584 984.231445 
626142803137240 984.287842 
626142843078699 984.375244 
626142883098855 984.456299 
626142923099011 984.532227 
626142963099740 984.700439 
626143003099324 985.077148 
626143043099428 985.366455 
626143083099793 985.363770 
626143123090678 985.175049 
626143163093543 984.710205 
626143203099011 984.771729 
626143243098855 984.367920 
626143283090105 983.741211 
626143323099272 983.406250 
626143363099063 983.375000 
626143403138334 983.553955 
626143443090678 983.612793 
626143483091668 983.665039 
626143523098751 983.745361 
626143563099584 983.867920 
626143603099636 984.087402 
626143643099688 984.272949 
626168905194011 984.375732 
626168945194428 984.355957 
626168985186355 984.334961 
626169025194532 984.327881 
626169065194584 984.318604 
626169105195365 984.302979 
626169145193543 984.313965 
626169185193595 984.307617 
626169225194063 984.320068 
626169265195001 984.317627 
626169305188595 984.314941 
626169345194532 984.329346 
626169385196043 984.327881 
626169425184845 984.308594 
626169465203282 984.278564 
626169505194011 984.264160 
626169545195365 984.267090 
626169585185834 984.275879 
626169625194272 984.258789 
626169665194324 984.260986 
626169705188907 984.262207 
626169745173022 984.267822 
626169785193855 984.279053 
626169825194428 984.284180 
626169865195261 984.286865 
626169905191563 984.297607 
626169945194532 984.303955 
626169985195834 984.294189 
