# Created at Fri Jan 31 09:00:26 GMT+01:00 2025 in Burnaby Canada 
72796552538667 -0.742794 3.775211 9.020333 
72796571296792 -0.703131 3.841153 8.995640 
72796590054813 -0.674996 3.953408 8.949040 
72796608812938 -0.689973 4.047006 8.905956 
72796627571167 -0.729468 4.082966 8.886374 
72796646329292 -0.739997 4.077529 8.888000 
72796665087313 -0.732861 4.098059 8.879144 
72796683845438 -0.718167 4.147058 8.857569 
72796702603563 -0.622438 4.185560 8.846696 
72796721361688 -0.481861 4.238695 8.830156 
72796740119813 -0.368623 4.332505 8.789989 
72796758877938 -0.135036 4.371581 8.777326 
72796777636063 0.085812 4.335794 8.795675 
72796796394188 0.083577 4.269169 8.828228 
72796815152313 -0.078746 4.184620 8.868660 
72796833910438 -0.099222 4.124740 8.896464 
72796852668563 -0.225694 4.144351 8.885033 
72796871426688 -0.431090 4.230096 8.836903 
72796890184813 -0.504667 4.345678 8.776718 
72796908942938 -0.502254 4.463180 8.717691 
72796927701063 -0.488760 4.555034 8.670823 
72796946459188 -0.551234 4.593544 8.646726 
72796965217313 -0.644468 4.568046 8.653786 
72796983975438 -0.701083 4.508218 8.680716 
72797002733563 -0.670847 4.487038 8.694070 
72797021491584 -0.609527 4.573560 8.653404 
72797040249709 -0.538246 4.752845 8.561025 
72797059007834 -0.300638 4.898019 8.490549 
72797077765959 0.135334 4.893492 8.497400 
72797096524084 0.704750 4.764983 8.542171 
72797115282209 1.275496 4.600690 8.566047 
72797134040334 1.798933 4.495268 8.528001 
72797152798459 2.396731 4.482287 8.386607 
72797171556584 2.799020 4.592011 8.200568 
72797190314709 2.981637 4.781520 8.026038 
72797209072834 3.146333 4.950455 7.859006 
72797227830959 3.230062 5.026336 7.776441 
72797246588980 3.222121 5.024583 7.780868 
72797265347105 3.244397 4.975410 7.803177 
72797284105230 3.431607 4.928459 7.752725 
72797302863355 3.699910 4.907058 7.642110 
72797321621480 3.834253 4.877187 7.594862 
72797340379605 3.786788 4.828361 7.649676 
72797359137730 3.689266 4.794144 7.718542 
72797377895855 3.668608 4.767976 7.744554 
72797396653980 3.675785 4.732180 7.763083 
72797415412105 3.671113 4.647839 7.816068 
72797434170230 3.700159 4.503917 7.886313 
72797452928355 3.720286 4.358813 7.958053 
72797471686480 3.725902 4.265474 8.005858 
72797490444501 3.697099 4.248145 8.028393 
72797509202626 3.596784 4.290092 8.051624 
72797527960751 3.512675 4.340446 8.061765 
72797546718876 3.505321 4.343188 8.063488 
72797565477001 3.495458 4.295227 8.093404 
72797584235126 3.400798 4.221223 8.172284 
72797602993251 3.258769 4.153049 8.264564 
72797621751376 3.141032 4.112916 8.329961 
72797640509501 3.048983 4.109465 8.365788 
72797659267626 2.975894 4.114312 8.389689 
72797678025751 2.896274 4.101302 8.423854 
72797696783876 2.854416 4.083907 8.446562 
72797715542001 2.812628 4.096226 8.454611 
72797734300022 2.702869 4.146323 8.465984 
72797753058147 2.510916 4.203795 8.496694 
72797771816272 2.327342 4.229306 8.536208 
72797790574397 2.209459 4.253733 8.555375 
72797809332522 2.095325 4.314848 8.553484 
72797828090647 2.015365 4.346542 8.556649 
72797846848772 1.937484 4.330509 8.582729 
72797865606897 1.737091 4.341473 8.620007 
72797884365022 1.448712 4.363480 8.662081 
72797903123147 1.220950 4.337685 8.710003 
72797921881272 1.074211 4.297754 8.749043 
72797940639397 0.954284 4.258206 8.782222 
72797959397522 0.762679 4.199038 8.829315 
72797978155647 0.611926 4.176341 8.851785 
72797996913772 0.545574 4.226079 8.832498 
72798015671897 0.547446 4.316760 8.788418 
72798034430022 0.535853 4.403870 8.745809 
72798053188147 0.537631 4.412920 8.741137 
72798071946272 0.548061 4.341122 8.776369 
72798090704397 0.577279 4.269538 8.809551 
72798109462417 0.638063 4.248539 8.815509 
72798128220542 0.693859 4.258564 8.806452 
72798146978667 0.743665 4.279627 8.792164 
72798165736792 0.788454 4.269978 8.792953 
72798184494917 0.817036 4.203669 8.822246 
72798203253042 0.846018 4.116661 8.860458 
72798222011167 0.863200 4.063424 8.883348 
72798240769292 0.815912 4.057827 8.890372 
72798259527417 0.756011 4.080612 8.885238 
72798278285542 0.720671 4.111144 8.874092 
72798297043667 0.637362 4.144050 8.865157 
72798315801792 0.580484 4.145629 8.868325 
72798334559917 0.566756 4.102691 8.889156 
72798353318042 0.527182 4.059482 8.911401 
72798372076167 0.458046 4.075434 8.907941 
72798390834292 0.322322 4.171111 8.869516 
72798409592417 0.203578 4.371040 8.776272 
72798428350542 0.076046 4.737785 8.585918 
72798447108667 -0.045579 5.166673 8.335094 
72798465866792 -0.213473 5.492043 8.121716 
72798484624917 -0.426510 5.653660 8.001537 
72798503383042 -0.644949 5.613863 8.014921 
72798522141167 -0.709324 5.457040 8.117140 
72798540899292 -0.700787 5.229810 8.266098 
72798559657417 -0.737184 4.945724 8.436039 
72798578415647 -0.972633 4.631211 8.589312 
72798641726949 -2.758404 2.871702 8.961859 
72798660485074 -3.150613 2.435695 8.961663 
72798679243199 -3.433511 2.080211 8.947296 
72798698001324 -3.639230 1.716066 8.943238 
72798716759449 -3.958443 1.264816 8.882643 
72798735517574 -4.364783 0.626023 8.759403 
72798754275699 -5.015577 -0.128348 8.426024 
72798773033824 -5.879060 -0.940862 7.792421 
72798791792001 -6.630554 -1.714997 7.018898 
72798810550126 -6.861029 -2.468208 6.557791 
72798829308251 -7.014361 -3.268492 6.023793 
72798848066376 -7.094440 -3.914626 5.524041 
72798866824501 -7.147025 -4.324301 5.137202 
72798885582626 -7.202744 -4.585279 4.823494 
72798904340751 -7.339019 -4.805044 4.384145 
72798923098876 -7.608034 -4.935665 3.731944 
72798941857053 -7.936943 -4.981586 2.891214 
72798960615178 -8.164672 -5.069206 1.952350 
72798979373303 -8.194557 -5.292955 1.002123 
72798998131428 -8.033731 -5.620889 0.187553 
72799016889553 -7.795177 -5.930749 -0.481487 
72799035647678 -7.608973 -6.125945 -0.864124 
72799054405855 -7.487800 -6.267439 -0.906889 
72799073163980 -7.253919 -6.534712 -0.921186 
72799091922105 -6.802130 -6.994936 -0.986049 
72799110680230 -6.208627 -7.526556 -0.987067 
72799129438355 -5.781477 -7.863261 -0.956051 
72799148196532 -5.542571 -7.997986 -1.217590 
72799166954657 -5.158652 -8.184020 -1.606400 
72799185712782 -4.641413 -8.436533 -1.858108 
72799204470907 -4.164605 -8.653915 -1.983983 
72799223229084 -3.801043 -8.770402 -2.191462 
72799241987209 -3.641387 -8.863231 -2.086583 
72799260745334 -3.505352 -8.955440 -1.919116 
72799279503459 -3.407501 -9.039979 -1.684662 
72799298261584 -3.230032 -9.139777 -1.483830 
72799317019761 -2.857391 -9.272147 -1.425829 
72799335777886 -2.212582 -9.406334 -1.672054 
72799354536011 -1.547874 -9.506221 -1.845598 
72799373294188 -1.576269 -9.552251 -1.562134 
72799392052313 -1.775928 -9.578177 -1.129148 
72799410810438 -1.787531 -9.605871 -0.838068 
72799429568615 -1.573134 -9.639720 -0.878306 
72799448326740 -0.483157 -9.715105 -1.246465 
72799467084865 0.765105 -9.593500 -1.884079 
72799485843042 1.088320 -9.524856 -2.064717 
72799504601167 0.870768 -9.615308 -1.719885 
72799523359292 0.823787 -9.652040 -1.526401 
72799542117469 0.954940 -9.673698 -1.295394 
72799560875594 1.035335 -9.696188 -1.040392 
72799579633772 1.025423 -9.701909 -0.995918 
72799598391897 1.004823 -9.689852 -1.125836 
72799617150022 0.996263 -9.682658 -1.193301 
72799635908199 1.024157 -9.688968 -1.115972 
72799654666324 1.098083 -9.701548 -0.919002 
72799673424501 1.201043 -9.710307 -0.661680 
72799692182626 1.312716 -9.711552 -0.364602 
72799710940751 1.426335 -9.702301 -0.036298 
72799729698928 1.545376 -9.678024 0.343581 
72799748457053 1.708773 -9.625314 0.777067 
72799767215230 1.901044 -9.543312 1.217213 
72799785973355 2.043144 -9.464698 1.554171 
72799804731532 2.116755 -9.417553 1.731887 
72799823489657 2.246260 -9.364898 1.850241 
72799842247834 2.522284 -9.258369 2.022640 
72799861005959 2.777916 -9.131965 2.249621 
72799879764136 2.982064 -9.008471 2.474899 
72799898522261 3.174066 -8.898973 2.627543 
72799917280438 3.318625 -8.805251 2.761282 
72799936038563 3.402174 -8.733980 2.883260 
72799954796740 3.470768 -8.687343 2.941806 
72799973554865 3.504773 -8.660669 2.979892 
72799992313042 3.468341 -8.656988 3.032748 
72800011071167 3.388669 -8.681319 3.053194 
72800029829344 3.292909 -8.725321 3.032477 
72800048587522 3.181597 -8.778335 2.998111 
72800067345647 3.058828 -8.829182 2.976493 
72800086103824 2.944864 -8.866117 2.981636 
72800104861949 2.867146 -8.882907 3.007294 
72800123620126 2.846191 -8.878018 3.041444 
72800142378303 2.881223 -8.852048 3.083862 
72800161136428 2.946284 -8.801233 3.166713 
72800179894605 3.009786 -8.729091 3.303717 
72800198652782 3.062186 -8.651454 3.456262 
72800217410907 3.117790 -8.582610 3.576112 
72800236169084 3.182004 -8.529933 3.644924 
72800254927209 3.206127 -8.503870 3.684472 
72800273685386 3.204143 -8.526312 3.633988 
72800292443563 3.168909 -8.565201 3.572918 
72800311201740 3.086367 -8.609973 3.537384 
72800329959865 2.936758 -8.669886 3.518373 
72800348718042 2.690156 -8.745344 3.528795 
72800367476219 2.411268 -8.844409 3.483190 
72800386234344 2.144710 -8.992505 3.271919 
72800404992522 2.014493 -9.127201 2.967561 
72800423750699 2.086762 -9.158592 2.817089 
72800442508876 2.074311 -9.182779 2.746670 
72800461267001 1.810820 -9.297334 2.539866 
72800480025178 1.480532 -9.467323 2.085231 
72800498783355 1.235543 -9.610252 1.512242 
72800517541532 1.044331 -9.701050 0.984576 
72800536299709 0.856005 -9.748896 0.629826 
72800555057834 0.714807 -9.771908 0.411416 
72800573816011 0.614657 -9.784027 0.255741 
72800592574188 0.491393 -9.793287 0.142963 
72800611332365 0.353442 -9.800243 0.025973 
72800630090490 0.231675 -9.802610 -0.159846 
72800648848667 0.113111 -9.797198 -0.415313 
72800667606844 0.008999 -9.782630 -0.685885 
72800686365022 -0.059363 -9.758980 -0.963936 
72800705123199 -0.101394 -9.724373 -1.263598 
72800723881376 -0.094847 -9.683920 -1.543728 
72800742639553 -0.026978 -9.651936 -1.734875 
72800761397730 0.068906 -9.628079 -1.861646 
72800780155855 0.151385 -9.607406 -1.960928 
72800798914032 0.219730 -9.592291 -2.027330 
72800817672209 0.242499 -9.583857 -2.064286 
72800836430386 0.214399 -9.579011 -2.089733 
72800855188563 0.174120 -9.574918 -2.112114 
72800873946740 0.161194 -9.580828 -2.086177 
72800892704917 0.210018 -9.602381 -1.980043 
72800911463094 0.298893 -9.636781 -1.792628 
72800930221272 0.403639 -9.683986 -1.492610 
72800948979449 0.482946 -9.733963 -1.089553 
72800967737574 0.533564 -9.773619 -0.601746 
72800986495803 0.574289 -9.789430 -0.087439 
72801005253928 0.601168 -9.781489 0.362566 
72801024012105 0.649502 -9.754497 0.773516 
72801042770282 0.723689 -9.707880 1.184794 
72801061528459 0.821278 -9.643259 1.582231 
72801080286636 0.955773 -9.554956 1.989901 
72801099044813 1.150533 -9.445096 2.374200 
72801117802990 1.407725 -9.322276 2.698863 
72801136561167 1.697773 -9.181973 2.996549 
72801155319344 1.979997 -9.001559 3.349916 
72801174077522 2.200078 -8.769794 3.797467 
72801192835699 2.369399 -8.517910 4.242824 
72801211593876 2.500194 -8.310867 4.566058 
72801230352053 2.603620 -8.222883 4.666448 
72801249110230 2.681593 -8.185518 4.687937 
72801267868407 2.742085 -8.172083 4.676367 
72801286626584 2.748953 -8.200357 4.622530 
72801305384761 2.670482 -8.280357 4.524886 
72801324142938 2.520789 -8.403436 4.381583 
72801342901167 2.317890 -8.558231 4.189801 
72801361659344 2.110116 -8.730636 3.936217 
72801380417522 1.935372 -8.886925 3.667054 
72801399175699 1.857496 -8.978022 3.480692 
72801417933876 2.037602 -8.946882 3.460038 
72801436692001 2.321510 -8.787251 3.683095 
72801455450230 2.352532 -8.608393 4.065902 
72801474208407 2.385319 -8.458970 4.350456 
72801492966584 2.559812 -8.347064 4.465901 
72801511724761 2.702354 -8.343651 4.387613 
72801530482938 2.670031 -8.471840 4.155631 
72801549241115 2.374310 -8.689061 3.877275 
72801567999292 2.021376 -8.808015 3.808321 
72801586757522 1.924561 -8.832934 3.800753 
72801605515699 1.935963 -8.921760 3.581151 
72801624273876 2.054142 -9.028755 3.229934 
72801643032053 2.047438 -9.142735 2.896339 
72801661790230 1.699613 -9.341081 2.454773 
72801680548407 1.284300 -9.536540 1.890864 
72801699306584 0.972538 -9.660761 1.376314 
72801718064761 0.739148 -9.721875 1.053185 
72801736822990 0.634413 -9.744842 0.897754 
72801755581115 0.589163 -9.757511 0.783746 
72801774339344 0.482989 -9.776088 0.604326 
72801793097469 0.335358 -9.794608 0.351530 
72801811855699 0.176633 -9.804630 0.091803 
72801830613876 0.046884 -9.804339 -0.207661 
72801849372053 -0.036157 -9.790014 -0.569814 
72801868130282 -0.079256 -9.760065 -0.951442 
72801886888459 -0.067861 -9.723158 -1.275140 
72801905646636 -0.015368 -9.685031 -1.539589 
72801924404813 0.065709 -9.651210 -1.737879 
72801943162990 0.170912 -9.626663 -1.862399 
72801961921167 0.266715 -9.601418 -1.977885 
72801980679397 0.309696 -9.578940 -2.078071 
72801999437574 0.287142 -9.561670 -2.159259 
72802018195751 0.256089 -9.547890 -2.223198 
72802036953928 0.206075 -9.535375 -2.281351 
72802055712105 0.176263 -9.530023 -2.306078 
72802074470282 0.241245 -9.554113 -2.197979 
72802093228459 0.360775 -9.599492 -1.972307 
72802111986688 0.461881 -9.657901 -1.637683 
72802130744865 0.552835 -9.724280 -1.141546 
72802149503042 0.625167 -9.771811 -0.539692 
72802168261219 0.658319 -9.784528 -0.004922 
72802187019397 0.658810 -9.776489 0.395742 
72802205777626 0.701887 -9.748244 0.805902 
72802224535803 0.811810 -9.688744 1.280473 
72802243293980 0.955526 -9.598418 1.768540 
72802262052157 1.130783 -9.468438 2.289192 
72802280810334 1.365268 -9.310074 2.762055 
72802299568511 1.640082 -9.149380 3.125600 
72802318326740 1.933520 -8.989482 3.408976 
72802337084917 2.200814 -8.805314 3.713926 
72802355843042 2.386817 -8.591609 4.081389 
72802374601272 2.526769 -8.376138 4.430140 
72802393359501 2.661617 -8.214755 4.648008 
72802412117678 2.760090 -8.135303 4.729601 
72802430875855 2.842911 -8.098568 4.743568 
72802449634032 2.906934 -8.112061 4.681303 
72802468392209 2.888290 -8.184449 4.565410 
72802487150438 2.763578 -8.310586 4.412163 
72802505908615 2.556615 -8.485266 4.199330 
72802524666792 2.305112 -8.693092 3.909857 
72802543424969 2.062916 -8.879802 3.614399 
72802562183147 1.976202 -8.968837 3.438748 
72802580941376 2.221633 -8.933969 3.379190 
72802599699501 2.599566 -8.780701 3.508841 
72802618457730 2.707783 -8.561065 3.942902 
72802637215907 2.683271 -8.364783 4.358999 
72802655974084 2.824905 -8.228737 4.525285 
72802674732313 2.996400 -8.210518 4.447401 
72802693490490 2.852645 -8.382147 4.215735 
72802712248667 2.373654 -8.633258 4.000375 
72802731006844 2.015186 -8.767384 3.904151 
72802749765022 2.057789 -8.800580 3.806007 
72802768523199 2.294324 -8.833684 3.587827 
72802787281428 2.317836 -8.963227 3.233972 
72802806039605 1.902356 -9.195821 2.826360 
72802824797782 1.425078 -9.431978 2.275373 
72802843555959 1.105513 -9.592990 1.709614 
72802862314188 0.853203 -9.681173 1.310460 
72802881072365 0.699342 -9.725923 1.042949 
72802899830542 0.627765 -9.751100 0.832074 
72802918588719 0.522801 -9.772397 0.630338 
72802937346897 0.395631 -9.788779 0.440069 
72802956105074 0.271742 -9.801089 0.187590 
72802974863303 0.163215 -9.804359 -0.135233 
72802993621428 0.082546 -9.791953 -0.530301 
72803012379657 0.038392 -9.759001 -0.964781 
72803031137834 0.041279 -9.710402 -1.369956 
72803049896011 0.081652 -9.659595 -1.689950 
72803068654240 0.143165 -9.610729 -1.945196 
72803087412417 0.227726 -9.575455 -2.104567 
72803106170594 0.319148 -9.552003 -2.197225 
72803124928772 0.353583 -9.532833 -2.273865 
72803143686949 0.345967 -9.519329 -2.330894 
72803162445126 0.322775 -9.512310 -2.362661 
72803181203303 0.277314 -9.507616 -2.387201 
72803199961532 0.277770 -9.526995 -2.308595 
72803218719709 0.371947 -9.578056 -2.071929 
72803237477886 0.467426 -9.647604 -1.695770 
72803256236063 0.506417 -9.724955 -1.157237 
72803274994240 0.509679 -9.779509 -0.521362 
72803293752469 0.492648 -9.794203 0.035839 
72803312510647 0.445060 -9.787116 0.429736 
72803331268824 0.466050 -9.761700 0.813876 
72803350027001 0.554944 -9.709054 1.263605 
72803368785178 0.684818 -9.625115 1.748877 
72803387543355 0.865845 -9.497628 2.283804 
72803406301532 1.091870 -9.349190 2.751518 
72803425059761 1.362774 -9.201627 3.105364 
72803443817938 1.669465 -9.043531 3.405557 
72803462576115 1.946759 -8.846524 3.757596 
72803481334292 2.168930 -8.604403 4.174972 
72803500092417 2.352198 -8.347356 4.578123 
72803518850647 2.528261 -8.151972 4.829455 
72803537608824 2.663246 -8.059134 4.912015 
72803556367053 2.754362 -8.024019 4.919247 
72803575125230 2.828170 -8.036940 4.855868 
72803593883407 2.814889 -8.111941 4.737424 
72803612641584 2.688957 -8.248214 4.572405 
72803631399761 2.474684 -8.424121 4.368124 
72803650157938 2.232186 -8.620000 4.108936 
72803668916115 2.009850 -8.815112 3.797983 
72803687674292 1.910338 -8.918364 3.603302 
72803706432469 2.129320 -8.862264 3.618931 
72803725190699 2.500142 -8.686154 3.803999 
72803743948876 2.540240 -8.509906 4.159214 
72803762707053 2.524804 -8.377928 4.427875 
72803781465230 2.719798 -8.255013 4.541788 
72803800223407 2.988012 -8.158255 4.548081 
72803818981584 2.932127 -8.257993 4.402109 
72803837739761 2.488629 -8.516040 4.177819 
72803856497938 2.244828 -8.634132 4.072211 
72803875256167 2.386092 -8.636309 3.986367 
72803894014292 2.590728 -8.688398 3.737678 
72803912772522 2.460091 -8.874916 3.369601 
72803931530699 1.894813 -9.160076 2.945010 
72803950288876 1.339213 -9.426769 2.347959 
72803969047053 1.016848 -9.603916 1.703292 
72803987805230 0.824809 -9.689002 1.270166 
72804006563407 0.722607 -9.723128 1.053085 
72804025321584 0.669945 -9.741549 0.907641 
72804044079761 0.580071 -9.760524 0.752387 
72804062837938 0.451419 -9.782811 0.513038 
72804081596115 0.306711 -9.799880 0.196652 
72804100354292 0.174004 -9.803685 -0.166937 
72804119112469 0.091321 -9.788002 -0.597547 
72804137870647 0.061316 -9.749837 -1.052284 
72804156628824 0.080374 -9.697270 -1.458377 
72804175387053 0.139260 -9.647068 -1.756434 
72804194145230 0.218629 -9.611114 -1.936256 
72804212903407 0.310889 -9.592015 -2.016678 
72804231661584 0.372541 -9.573263 -2.093857 
72804250419761 0.362485 -9.550638 -2.196427 
72804269177938 0.339802 -9.534642 -2.268372 
72804287936115 0.298730 -9.530761 -2.290361 
72804306694292 0.246406 -9.535265 -2.277805 
72804325452469 0.270304 -9.561060 -2.164129 
72804344210647 0.389184 -9.610716 -1.911301 
72804362968824 0.513085 -9.674331 -1.521335 
72804381727001 0.597324 -9.743179 -0.940235 
72804400485178 0.635880 -9.781900 -0.283663 
72804419243355 0.596511 -9.786368 0.203856 
72804438001532 0.478908 -9.777016 0.592475 
72804456759709 0.493924 -9.738217 1.045732 
72804475517886 0.627274 -9.667067 1.524707 
72804494276063 0.821080 -9.560975 2.020887 
72804513034240 1.067858 -9.405383 2.562973 
72804531792417 1.314327 -9.228495 3.045953 
72804550550594 1.547549 -9.065820 3.403878 
72804569308719 1.804271 -8.915772 3.663878 
72804588066949 2.062974 -8.748614 3.921257 
72804606825126 2.278423 -8.551908 4.224218 
72804625583303 2.444504 -8.361537 4.503276 
72804644341480 2.576218 -8.232121 4.665370 
72804663099657 2.645839 -8.181373 4.715407 
72804681857834 2.689738 -8.176155 4.699594 
72804700616011 2.719180 -8.216702 4.611103 
72804719374188 2.674048 -8.314637 4.459446 
72804738132365 2.516709 -8.464662 4.264512 
72804756890542 2.269248 -8.648977 4.026921 
72804775648719 1.993455 -8.846070 3.734110 
72804794406897 1.796148 -8.973419 3.524482 
72804813165074 1.874464 -8.948360 3.547340 
72804831923251 2.268569 -8.806425 3.670268 
72804850681428 2.459228 -8.623680 3.969223 
72804869439553 2.470298 -8.457594 4.305477 
72804888197730 2.586793 -8.331453 4.479485 
72804906955907 2.789433 -8.273446 4.465372 
72804925714084 2.851371 -8.349095 4.281666 
72804944472261 2.569428 -8.537930 4.083157 
72804963230438 2.134771 -8.679759 4.034218 
72804981988615 1.980312 -8.748138 3.964696 
72805000746792 2.076712 -8.825030 3.738517 
72805019504969 2.267707 -8.943754 3.322222 
72805038263147 2.090894 -9.139878 2.874228 
72805057021272 1.608966 -9.380282 2.364723 
72805075779449 1.233156 -9.571549 1.742176 
72805094537626 0.983761 -9.681765 1.210802 
72805113295803 0.791226 -9.733779 0.893243 
72805132053980 0.694831 -9.757428 0.692953 
72805150812157 0.607250 -9.774778 0.505323 
72805169570334 0.480431 -9.789878 0.312844 
72805188328459 0.348599 -9.799961 0.098115 
72805207086636 0.230712 -9.801859 -0.201757 
72805225844813 0.132536 -9.788060 -0.588813 
72805244602990 0.070624 -9.752698 -1.024835 
72805263361167 0.038426 -9.702184 -1.427080 
72805282119344 0.045073 -9.649956 -1.745483 
72805300877522 0.074062 -9.601884 -1.992165 
72805319635647 0.150721 -9.565105 -2.157875 
72805338393824 0.271390 -9.543120 -2.241778 
72805357152001 0.354113 -9.523772 -2.311441 
72805375910178 0.364298 -9.506783 -2.378814 
72805394668355 0.361491 -9.497949 -2.414265 
72805413426480 0.323992 -9.492526 -2.440772 
72805432184657 0.312516 -9.506836 -2.385954 
72805450942834 0.419148 -9.558890 -2.149960 
72805469701011 0.570311 -9.629096 -1.767950 
72805488459188 0.660719 -9.707248 -1.226038 
72805507217313 0.688734 -9.765931 -0.567998 
72805525975490 0.663435 -9.784113 -0.037090 
72805544733667 0.565532 -9.783773 0.358244 
72805563491844 0.572816 -9.756383 0.809484 
72805582249969 0.678965 -9.696657 1.297774 
72805601008147 0.816216 -9.605259 1.800886 
72805619766272 1.012933 -9.469296 2.340249 
72805638524449 1.237373 -9.305257 2.837513 
72805657282626 1.457690 -9.150759 3.210784 
72805676040803 1.706910 -9.022270 3.443182 
72805694798928 1.992457 -8.895937 3.614252 
72805713557105 2.227175 -8.732442 3.867110 
72805732315282 2.367031 -8.531009 4.217755 
72805751073459 2.485224 -8.324841 4.548747 
72805769831584 2.585616 -8.212157 4.695257 
72805788589761 2.627928 -8.225592 4.648012 
72805807347938 2.653093 -8.278174 4.539088 
72805826106063 2.622872 -8.369246 4.387103 
72805844864240 2.481193 -8.506557 4.201498 
72805863622417 2.231610 -8.673652 3.994755 
72805882380594 1.926575 -8.844984 3.771600 
72805901138719 1.703657 -8.967843 3.584095 
72805919896897 1.737142 -8.987978 3.516957 
72805938655074 2.138181 -8.874714 3.583015 
72805957413199 2.443552 -8.684381 3.844602 
72805976171376 2.470468 -8.504166 4.212642 
72805994929553 2.526188 -8.366006 4.449575 
72806013687678 2.675787 -8.291195 4.501847 
72806032445855 2.657822 -8.372788 4.359218 
72806051204032 2.314768 -8.606160 4.092217 
72806069962157 1.835898 -8.804456 3.909145 
72806088720334 1.743348 -8.884959 3.766778 
72806107478511 1.942879 -8.905881 3.616752 
72806126236636 2.196126 -8.942871 3.372309 
72806144994813 2.083227 -9.109075 2.975790 
72806163752938 1.551859 -9.354097 2.502597 
72806182511115 1.015842 -9.570541 1.882336 
72806201269292 0.715466 -9.696910 1.276102 
72806220027417 0.512793 -9.751288 0.905438 
72806238785594 0.432524 -9.773160 0.684595 
72806257543772 0.429626 -9.784040 0.508282 
72806276301897 0.349782 -9.794261 0.347101 
72806295060074 0.227155 -9.802802 0.154476 
72806313818199 0.118779 -9.804492 -0.167977 
72806332576376 0.026133 -9.789442 -0.580109 
72806351334501 -0.011840 -9.752739 -1.026812 
72806370092678 0.005934 -9.700066 -1.441895 
72806388850803 0.051561 -9.647391 -1.759421 
72806407608980 0.104647 -9.604262 -1.979285 
72806426367157 0.185520 -9.576202 -2.105308 
72806445125282 0.272406 -9.558287 -2.176085 
72806463883459 0.313810 -9.538687 -2.255077 
72806482641584 0.310252 -9.516153 -2.348821 
72806501399761 0.300357 -9.501874 -2.407190 
72806520157886 0.255951 -9.496959 -2.431594 
72806538916063 0.247306 -9.510038 -2.380836 
72806557674240 0.329381 -9.552585 -2.193177 
72806576432365 0.458134 -9.616843 -1.864629 
72806595190542 0.545698 -9.692353 -1.389559 
72806613948667 0.580584 -9.761501 -0.739195 
72806632706844 0.575965 -9.788924 -0.124901 
72806651464969 0.498415 -9.789132 0.307995 
72806670223147 0.510702 -9.765608 0.736513 
72806688981272 0.626506 -9.709239 1.228234 
72806707739397 0.736085 -9.627009 1.717338 
72806726497574 0.895426 -9.506948 2.233054 
72806745255699 1.125352 -9.352106 2.728019 
72806764013876 1.360894 -9.199390 3.112806 
72806782772001 1.603814 -9.058697 3.396789 
72806801530178 1.868293 -8.906455 3.654442 
72806820288303 2.111317 -8.722398 3.953797 
72806839046480 2.285561 -8.508104 4.307986 
72806857804605 2.418546 -8.307072 4.616664 
72806876562782 2.525167 -8.189004 4.768034 
72806895320907 2.569629 -8.161605 4.791200 
72806914079084 2.594331 -8.183054 4.741041 
72806932837209 2.585750 -8.260729 4.609191 
72806951595334 2.493163 -8.396706 4.410201 
72806970353511 2.308110 -8.572881 4.165182 
72806989111636 2.067501 -8.777889 3.852852 
72807007869813 1.828269 -8.970521 3.515333 
72807026627938 1.685889 -9.047558 3.386718 
72807045386063 1.956582 -8.942599 3.517398 
72807064144240 2.359197 -8.751542 3.743673 
72807082902365 2.433433 -8.543351 4.154508 
72807101660490 2.510251 -8.357430 4.474639 
72807120418667 2.738701 -8.234409 4.567756 
72807139176792 2.828568 -8.279935 4.428574 
72807157934969 2.558217 -8.542313 4.081028 
72807176693094 2.083926 -8.745525 3.917069 
72807195451219 1.877515 -8.796451 3.907401 
72807214209397 1.979640 -8.843614 3.747255 
72807232967522 2.181969 -8.929995 3.415347 
72807251725647 2.193744 -9.074104 3.003081 
72807270483824 1.766081 -9.302156 2.553669 
72807289241949 1.258614 -9.523260 1.973272 
72807308000074 0.920907 -9.664818 1.383336 
72807326758251 0.686363 -9.733774 0.976181 
72807345516376 0.578390 -9.761508 0.740815 
72807364274501 0.540134 -9.774770 0.576646 
72807383032678 0.462142 -9.787199 0.409302 
72807401790803 0.364438 -9.798383 0.171066 
72807420548928 0.267822 -9.802134 -0.129752 
72807439307053 0.193470 -9.792576 -0.488274 
72807458065230 0.158426 -9.763747 -0.902525 
72807476823355 0.152563 -9.717269 -1.312175 
72807495581480 0.172917 -9.668453 -1.631409 
72807514339605 0.214218 -9.629070 -1.845401 
72807533097782 0.285596 -9.598311 -1.990290 
72807551855907 0.385962 -9.572138 -2.096568 
72807570614032 0.469802 -9.546700 -2.193214 
72807589372209 0.491278 -9.525862 -2.277495 
72807608130334 0.492813 -9.513692 -2.327484 
72807626888459 0.460244 -9.510550 -2.346914 
72807645646584 0.413399 -9.515455 -2.335721 
72807664404761 0.442475 -9.549622 -2.186167 
72807683162886 0.550121 -9.610451 -1.872694 
72807701921011 0.633872 -9.683408 -1.414288 
72807720679136 0.682954 -9.750463 -0.795259 
72807739437261 0.710799 -9.779162 -0.182040 
72807758195386 0.647712 -9.781949 0.253630 
72807776953563 0.615245 -9.765365 0.655373 
72807795711688 0.696660 -9.717914 1.116790 
72807814469813 0.808885 -9.640959 1.602499 
72807833227938 0.962422 -9.521666 2.140566 
72807851986063 1.161031 -9.364223 2.670901 
72807870744188 1.379222 -9.210029 3.073028 
72807889502365 1.629837 -9.071071 3.351076 
72807908260490 1.910876 -8.937057 3.556396 
72807927018199 2.166638 -8.780197 3.792650 
72807945776740 2.355665 -8.593571 4.095337 
72807964534813 2.514836 -8.391221 4.408332 
72807983293042 2.669731 -8.231544 4.613525 
72808002051167 2.753111 -8.193636 4.631964 
72808020809292 2.762259 -8.229966 4.561574 
72808039567417 2.729895 -8.304924 4.443681 
72808058325542 2.632150 -8.415358 4.292311 
72808077083667 2.455882 -8.543546 4.140877 
72808095841792 2.223476 -8.683208 3.978497 
72808114599917 1.987874 -8.829000 3.777236 
72808133358042 1.844108 -8.924159 3.623402 
72808152116219 1.943361 -8.917083 3.588784 
72808170874344 2.338737 -8.774542 3.702448 
72808189632417 2.567070 -8.591804 3.970068 
72808208390542 2.561835 -8.451206 4.264328 
72808227148719 2.578322 -8.349657 4.450377 
72808245906844 2.681532 -8.284966 4.509890 
72808264664969 2.731190 -8.322061 4.410702 
72808283423094 2.585075 -8.500473 4.150873 
72808302181219 2.277816 -8.663498 3.990707 
72808320939344 2.081430 -8.727873 3.957560 
72808339697469 2.059590 -8.797598 3.811921 
72808358455594 2.216517 -8.853931 3.586828 
72808377213719 2.332996 -8.941499 3.282849 
72808395971844 1.970488 -9.145344 2.941133 
72808414729969 1.398330 -9.372726 2.523303 
72808433488094 1.024262 -9.546287 1.997424 
72808452246219 0.811931 -9.647785 1.559290 
72808471004344 0.658371 -9.700233 1.281568 
72808489762469 0.577047 -9.725728 1.116978 
72808508520594 0.524772 -9.743162 0.982746 
72808527278719 0.443258 -9.763488 0.805117 
72808546036844 0.327044 -9.786917 0.528844 
72808564794969 0.213051 -9.802037 0.212240 
72808583553094 0.134187 -9.804784 -0.136391 
72808602311219 0.090438 -9.792913 -0.510935 
72808621069344 0.073325 -9.768250 -0.863899 
72808639827469 0.085787 -9.731074 -1.212117 
72808658585594 0.145457 -9.685215 -1.531614 
72808677343719 0.246930 -9.647876 -1.740091 
72808696101844 0.349158 -9.627604 -1.832410 
72808714859969 0.428761 -9.618765 -1.861702 
72808733618094 0.450519 -9.612761 -1.887388 
72808752376219 0.442080 -9.606565 -1.920642 
72808771134344 0.416853 -9.599679 -1.960303 
72808789892469 0.390527 -9.599651 -1.965850 
72808808650542 0.416425 -9.616751 -1.874853 
72808827408667 0.507983 -9.649099 -1.675473 
72808846166792 0.589402 -9.693194 -1.365638 
72808864924917 0.620980 -9.739401 -0.963761 
72808883683042 0.664639 -9.772303 -0.480356 
72808902441167 0.722309 -9.779822 0.061143 
72808921199292 0.762959 -9.761257 0.553285 
72808939957417 0.790200 -9.727242 0.962664 
72808958715490 0.765594 -9.681131 1.363805 
72808977473615 0.690858 -9.618162 1.784395 
72808996231740 0.663686 -9.536604 2.187034 
72809014989865 0.718529 -9.445841 2.535784 
72809033747990 0.850600 -9.370150 2.765352 
72809052506115 1.059159 -9.305650 2.907479 
72809071264240 1.303602 -9.236391 3.026566 
72809090022313 1.520760 -9.154930 3.169374 
72809108780438 1.695548 -9.044785 3.389303 
72809127538563 1.849378 -8.912729 3.648762 
72809146296688 1.995464 -8.773656 3.900189 
72809165054761 2.113572 -8.655743 4.096500 
72809183812886 2.166947 -8.604413 4.175979 
72809202571011 2.153766 -8.644837 4.098593 
72809221329136 2.086163 -8.747952 3.910452 
72809240087261 1.971012 -8.881971 3.660067 
72809258845386 1.835912 -9.024170 3.371078 
72809277603459 1.710890 -9.147001 3.094447 
72809296361584 1.622320 -9.226756 2.899215 
72809315119709 1.596325 -9.245808 2.852572 
72809333877834 1.672087 -9.193531 2.975483 
72809352635907 1.839917 -9.090266 3.186243 
72809371394032 1.964790 -8.985514 3.401547 
72809390152157 2.026390 -8.889275 3.611778 
72809408910282 2.069023 -8.818929 3.757128 
72809427668355 2.099023 -8.796757 3.792304 
72809446426480 2.054681 -8.839602 3.716195 
72809465184605 1.949859 -8.947494 3.508675 
72809483942730 1.838785 -9.100331 3.158041 
72809502700803 1.786805 -9.223776 2.810636 
72809521458928 1.766819 -9.266271 2.680480 
72809540217053 1.751303 -9.251863 2.739776 
72809558975126 1.799983 -9.242415 2.740108 
72809577733251 1.778368 -9.290936 2.585788 
72809596491376 1.726143 -9.355118 2.381721 
72809615249449 1.650863 -9.407964 2.221545 
72809634007574 1.478923 -9.464782 2.097875 
72809652765699 1.291630 -9.524750 1.944539 
72809671523824 1.133369 -9.573707 1.797225 
72809690281897 1.021454 -9.602067 1.710944 
72809709040022 0.952454 -9.624988 1.619511 
72809727798147 0.897841 -9.651009 1.490740 
72809746556219 0.850336 -9.673167 1.370096 
72809765314344 0.772871 -9.696662 1.244110 
72809784072469 0.687788 -9.718557 1.116689 
72809802830542 0.611591 -9.735747 1.005766 
72809821588667 0.537351 -9.749551 0.909895 
72809840346740 0.490347 -9.758736 0.834882 
72809859104865 0.472336 -9.765262 0.766126 
72809877862990 0.467894 -9.770031 0.705658 
72809896621063 0.480553 -9.772851 0.656403 
72809915379188 0.496411 -9.774622 0.617035 
72809934137313 0.511349 -9.776601 0.571821 
72809952895386 0.524359 -9.778156 0.532061 
72809971653511 0.522910 -9.780784 0.482933 
72809990411584 0.523682 -9.783824 0.415841 
72810009169709 0.535280 -9.785907 0.346230 
72810027927834 0.545394 -9.787307 0.285577 
72810046685855 0.558544 -9.788023 0.230277 
72810065444032 0.574487 -9.788276 0.173200 
72810084202105 0.564850 -9.789754 0.109758 
72810102960230 0.532878 -9.792091 0.037104 
72810121718303 0.502829 -9.793726 -0.021998 
72810140476428 0.490557 -9.794088 -0.074591 
72810159234553 0.492058 -9.793026 -0.157874 
72810177992626 0.510674 -9.790324 -0.243241 
72810196750751 0.537645 -9.786534 -0.324132 
72810215508824 0.552000 -9.783356 -0.389390 
72810234266949 0.556125 -9.780911 -0.441454 
72810253025022 0.555442 -9.778746 -0.487847 
72810271783147 0.566826 -9.776589 -0.517108 
72810290541167 0.588821 -9.774693 -0.528267 
72810309299344 0.610378 -9.772019 -0.552690 
72810328057417 0.620358 -9.769903 -0.578385 
72810346815542 0.616715 -9.768663 -0.602722 
72810365573563 0.605773 -9.767823 -0.626930 
72810384331740 0.598333 -9.766853 -0.648817 
72810403089813 0.602704 -9.765370 -0.666837 
72810421847938 0.615584 -9.763540 -0.681707 
72810440606011 0.627817 -9.761638 -0.697616 
72810459364136 0.639835 -9.760541 -0.702026 
72810478122209 0.645323 -9.759942 -0.705316 
72810496880334 0.643201 -9.759419 -0.714422 
72810515638407 0.647534 -9.759747 -0.706005 
72810534396532 0.654075 -9.759696 -0.700653 
72810553154605 0.660354 -9.759052 -0.703716 
72810571912730 0.666801 -9.758843 -0.700534 
72810590670803 0.668813 -9.758796 -0.699260 
72810609428928 0.671214 -9.758621 -0.699396 
72810628187001 0.679126 -9.758159 -0.698216 
72810646945074 0.686656 -9.757332 -0.702410 
72810665703199 0.689136 -9.755972 -0.718663 
72810684461272 0.688147 -9.755037 -0.732178 
72810703219397 0.686889 -9.754441 -0.741243 
72810721977469 0.685273 -9.753871 -0.750200 
72810740735594 0.687561 -9.753469 -0.753310 
72810759493667 0.690640 -9.753407 -0.751303 
72810778251740 0.692286 -9.753586 -0.747468 
72810797009865 0.693626 -9.753936 -0.741617 
72810815767938 0.692867 -9.754313 -0.737368 
72810834526063 0.684862 -9.754773 -0.738762 
72810853284136 0.683049 -9.754627 -0.742337 
72810872042209 0.690716 -9.754872 -0.731970 
72810890800334 0.691511 -9.755823 -0.718414 
72810909558407 0.689054 -9.755839 -0.720562 
72810928316532 0.691206 -9.755627 -0.721364 
72810947074605 0.694018 -9.755789 -0.716452 
72810965832678 0.692538 -9.756026 -0.714653 
72810984590803 0.694177 -9.755699 -0.717517 
72811003348876 0.694149 -9.755631 -0.718473 
72811022106949 0.692358 -9.755282 -0.724907 
72811040865074 0.693097 -9.754943 -0.728757 
72811059623147 0.692632 -9.754942 -0.729210 
72811078381219 0.692270 -9.755116 -0.727249 
72811097139344 0.692198 -9.755380 -0.723743 
72811115897417 0.692137 -9.755016 -0.728690 
72811134655542 0.690799 -9.754662 -0.734675 
72811153413615 0.691800 -9.754829 -0.731506 
72811172171688 0.691016 -9.755453 -0.723889 
72811190929761 0.680511 -9.755759 -0.729691 
72811209687886 0.670598 -9.755969 -0.736047 
72811228445959 0.668947 -9.756411 -0.731666 
72811247204032 0.680067 -9.755926 -0.727877 
72811265962157 0.691091 -9.754718 -0.733665 
72811284720230 0.695088 -9.754520 -0.732509 
72811303478303 0.691493 -9.755114 -0.727997 
72811322236428 0.682757 -9.755585 -0.729940 
72811340994501 0.673628 -9.755776 -0.735821 
72811359752574 0.676339 -9.755891 -0.731808 
72811378510647 0.684599 -9.756480 -0.716107 
72811397268772 0.680456 -9.757745 -0.702701 
72811416026844 0.655760 -9.758558 -0.714785 
72811434784917 0.625432 -9.759006 -0.735564 
72811453543042 0.595779 -9.759876 -0.748498 
72811472301115 0.559833 -9.761895 -0.749925 
72811491059188 0.531825 -9.763707 -0.746706 
72811509817261 0.518060 -9.764591 -0.744828 
72811528575334 0.495238 -9.765311 -0.750879 
72811547333459 0.456756 -9.766221 -0.763332 
72811566091532 0.422442 -9.768457 -0.754429 
72811584849605 0.396315 -9.771789 -0.724906 
72811603607678 0.392753 -9.771426 -0.731690 
72811622365803 0.395258 -9.771103 -0.734654 
72811641123876 0.404968 -9.771468 -0.724432 
72811659881949 0.420810 -9.773808 -0.682630 
72811678640022 0.444663 -9.778139 -0.600554 
72811697398094 0.474834 -9.783681 -0.473824 
72811716156219 0.512252 -9.788862 -0.293549 
72811734914292 0.563771 -9.790256 -0.058764 
72811753672365 0.638886 -9.783411 0.216979 
72811772430438 0.723642 -9.765748 0.526207 
72811791188511 0.806051 -9.732669 0.892096 
72811809946636 0.939964 -9.662770 1.384817 
72811828704709 1.204415 -9.523391 2.006186 
72811847462782 1.522390 -9.356339 2.512296 
72811866220855 1.769414 -9.227457 2.809556 
72811884978928 1.972985 -9.092944 3.097756 
72811903737001 2.099013 -8.918848 3.495522 
72811922495074 2.108212 -8.743407 3.908792 
72811941253199 2.083873 -8.624137 4.177575 
72811960011272 2.071227 -8.559346 4.314860 
72811978769344 2.007941 -8.518036 4.425113 
72811997527417 1.917068 -8.499963 4.499541 
72812016285490 1.827244 -8.502742 4.531550 
72812035043563 1.718648 -8.526704 4.529012 
72812053801636 1.583932 -8.580361 4.476488 
72812072559761 1.450244 -8.671928 4.343367 
72812091317834 1.329374 -8.785263 4.149976 
72812110075907 1.220018 -8.909566 3.911723 
72812128833980 1.149350 -9.034792 3.636194 
72812147592053 1.163504 -9.150529 3.329336 
72812166350126 1.236921 -9.265839 2.963889 
72812185108199 1.294791 -9.353847 2.645648 
72812203866272 1.344594 -9.396934 2.461727 
72812222624344 1.463883 -9.416194 2.315754 
72812241382417 1.609352 -9.427993 2.166409 
72812260140490 1.694637 -9.455642 1.972161 
72812278898563 1.661911 -9.521994 1.655314 
72812297658251 1.520951 -9.621405 1.133864 
72812316414709 1.308370 -9.700042 0.606415 
72812335172782 1.122635 -9.735855 0.351013 
72812353930855 1.066103 -9.743463 0.314238 
72812372688928 1.055399 -9.742352 0.378280 
72812391447053 1.044358 -9.740097 0.458475 
72812410205074 1.032920 -9.737215 0.538618 
72812428963147 1.020969 -9.735130 0.596039 
72812447721219 1.006667 -9.736527 0.597525 
72812466479344 0.985502 -9.741527 0.549382 
72812485237417 0.963217 -9.747843 0.471343 
72812503995490 0.946552 -9.752507 0.403764 
72812522753563 0.914204 -9.757095 0.365647 
72812541511636 0.895207 -9.759386 0.351252 
72812560269657 0.901957 -9.759116 0.341368 
72812579027782 0.915184 -9.758970 0.308731 
72812597785855 0.898356 -9.762344 0.244936 
72812616543928 0.830194 -9.770363 0.145506 
72812635302001 0.770513 -9.776180 0.054831 
72812654060074 0.757242 -9.777356 0.016994 
72812672818147 0.775891 -9.775894 0.016304 
72812691576167 0.795073 -9.774357 0.014241 
72812710334292 0.786968 -9.775023 0.000939 
72812729092365 0.778945 -9.775661 -0.009753 
72812747850438 0.781518 -9.775447 -0.015878 
72812766608459 0.797011 -9.774179 -0.023903 
72812785366532 0.804308 -9.773606 -0.009167 
72812804124553 0.800914 -9.773890 -0.003538 
72812822882678 0.810035 -9.773134 0.008952 
72812841640699 0.854338 -9.769176 0.060634 
72812860398824 0.935518 -9.760987 0.135297 
72812879156897 1.022003 -9.750854 0.216174 
72812897914969 1.109180 -9.739121 0.299357 
72812916673042 1.209502 -9.724407 0.378669 
72812935431115 1.307435 -9.708779 0.447896 
72812954189188 1.375094 -9.697235 0.493084 
72812972947261 1.406141 -9.690957 0.527729 
72812991705334 1.386287 -9.692333 0.554310 
72813010463407 1.318059 -9.702065 0.550503 
72813029221428 1.206987 -9.720181 0.481310 
72813047979501 1.096030 -9.737591 0.385288 
72813066737574 1.045688 -9.746391 0.291164 
72813085495647 1.077953 -9.744995 0.208495 
72813104253719 1.131597 -9.740047 0.146189 
72813123011740 1.156356 -9.737885 0.082704 
72813141769865 1.182477 -9.735088 0.013928 
72813160527886 1.179777 -9.735423 0.007030 
72813179286011 1.128559 -9.741493 0.007958 
72813198044032 1.058950 -9.749303 -0.010244 
72813216802105 1.021469 -9.753266 0.028136 
72813235560178 1.014616 -9.753704 0.078590 
72813254318251 1.027363 -9.752277 0.089434 
72813273076272 1.045375 -9.750623 0.054142 
72813291834397 1.035324 -9.751841 -0.009050 
72813310592469 1.000197 -9.755334 -0.058792 
72813329350490 0.980841 -9.757339 -0.051716 
72813348108563 0.983099 -9.757244 -0.009203 
72813366866636 0.991236 -9.756403 0.020949 
72813385624657 0.997165 -9.755775 0.029958 
72813404382782 0.989365 -9.756579 0.026343 
72813423140855 0.972249 -9.758332 0.009396 
72813441898928 0.951201 -9.760409 0.003609 
72813460656949 0.922019 -9.763209 -0.001197 
72813479415022 0.888549 -9.766296 -0.018012 
72813498173094 0.861651 -9.768620 -0.044726 
72813516931167 0.845137 -9.769911 -0.070491 
72813535689240 0.835657 -9.770631 -0.082709 
72813554447261 0.824280 -9.771598 -0.082613 
72813573205334 0.803186 -9.773374 -0.080207 
72813591963303 0.772381 -9.775820 -0.084617 
72813610721480 0.741431 -9.778168 -0.090050 
72813629479553 0.707629 -9.780669 -0.090373 
72813648237574 0.657161 -9.784137 -0.095875 
72813666995647 0.607402 -9.787256 -0.105139 
72813685753719 0.571155 -9.789255 -0.121043 
72813704511792 0.529094 -9.791200 -0.151130 
72813723269813 0.492139 -9.792717 -0.175692 
72813742027886 0.478808 -9.793365 -0.176504 
72813760785959 0.476209 -9.793387 -0.182149 
72813779544032 0.495333 -9.792295 -0.189632 
72813798302105 0.547960 -9.789563 -0.185929 
72813817060126 0.617138 -9.785809 -0.165773 
72813835818199 0.665505 -9.782937 -0.147077 
72813854576272 0.679475 -9.782633 -0.093785 
72813873334292 0.634832 -9.786066 -0.017108 
72813892092365 0.549829 -9.791222 -0.006828 
72813910850438 0.481510 -9.794370 -0.094169 
72813929608511 0.463197 -9.793920 -0.187055 
72813948366532 0.447948 -9.793812 -0.225791 
72813967124553 0.448386 -9.794558 -0.189713 
72813985882678 0.458671 -9.793966 -0.195519 
72814004640699 0.473038 -9.792600 -0.227180 
72814023398772 0.471430 -9.792707 -0.225876 
72814042156844 0.443383 -9.793542 -0.245632 
72814060914917 0.453079 -9.792285 -0.276165 
72814079672938 0.509480 -9.789149 -0.288768 
72814098431011 0.545202 -9.787580 -0.276418 
72814117189084 0.550127 -9.786802 -0.293705 
72814135947105 0.557106 -9.784525 -0.350842 
72814154705178 0.542337 -9.783468 -0.400007 
72814173463251 0.490594 -9.784117 -0.448060 
72814192221272 0.451945 -9.785787 -0.452218 
72814210979344 0.459081 -9.787699 -0.400726 
72814229737417 0.473737 -9.787965 -0.376416 
72814248495438 0.491120 -9.786613 -0.389096 
72814267253511 0.498997 -9.785448 -0.407899 
72814286011584 0.490672 -9.784831 -0.432082 
72814304769605 0.481525 -9.784163 -0.456798 
72814323527678 0.460844 -9.784323 -0.474363 
72814342285751 0.423243 -9.785181 -0.491404 
72814361043772 0.396137 -9.785834 -0.500927 
72814379801844 0.389174 -9.785152 -0.519342 
72814398559917 0.377335 -9.784141 -0.546440 
72814417317938 0.350000 -9.783163 -0.581044 
72814436076011 0.320306 -9.782790 -0.603987 
72814454834032 0.302546 -9.782734 -0.613962 
72814473592105 0.305037 -9.782566 -0.615404 
72814492350178 0.311209 -9.781277 -0.632584 
72814511108199 0.302171 -9.778543 -0.677615 
72814529866272 0.281369 -9.776973 -0.708535 
72814548624292 0.256127 -9.777392 -0.712309 
72814567382365 0.236618 -9.777549 -0.716885 
72814586140438 0.229850 -9.777399 -0.721127 
72814604898511 0.240938 -9.778374 -0.704097 
72814623656532 0.257156 -9.779445 -0.683169 
72814642414605 0.259612 -9.779347 -0.683623 
72814661172626 0.257061 -9.779255 -0.685919 
72814679930699 0.255412 -9.780145 -0.673730 
72814698688719 0.247718 -9.781087 -0.662841 
72814717446792 0.237570 -9.780628 -0.673238 
72814736204865 0.242878 -9.781059 -0.665028 
72814754962886 0.243751 -9.781984 -0.650964 
72814773720959 0.228129 -9.781951 -0.657092 
72814792478980 0.213534 -9.781515 -0.668400 
72814811237053 0.213195 -9.782702 -0.650898 
72814829995074 0.223515 -9.784965 -0.612286 
72814848753094 0.236946 -9.786026 -0.589861 
72814867511219 0.243188 -9.786170 -0.584909 
72814886269240 0.240239 -9.787108 -0.570237 
72814905027313 0.242429 -9.788312 -0.548245 
72814923785334 0.252254 -9.787243 -0.562682 
72814942543407 0.273683 -9.787398 -0.549831 
72814961301428 0.289745 -9.786348 -0.560198 
72814980059501 0.286090 -9.784052 -0.600733 
72814998817522 0.288993 -9.784524 -0.591589 
72815017575594 0.311038 -9.786854 -0.539579 
72815036333615 0.324021 -9.786669 -0.535261 
72815055091688 0.315749 -9.784587 -0.576674 
72815073849709 0.311043 -9.783319 -0.600257 
72815092607782 0.324819 -9.782928 -0.599345 
72815111365803 0.346565 -9.783365 -0.579682 
72815130123876 0.361246 -9.783319 -0.571453 
72815148881897 0.363089 -9.782840 -0.578442 
72815167639969 0.359219 -9.782063 -0.593795 
72815186397990 0.362345 -9.780968 -0.609719 
72815205156063 0.381025 -9.780479 -0.606182 
72815223914084 0.406695 -9.780119 -0.595214 
72815242672157 0.420309 -9.780172 -0.584763 
72815261430178 0.412001 -9.780448 -0.586069 
72815280188251 0.391681 -9.780782 -0.594389 
72815298946272 0.375783 -9.781056 -0.600096 
72815317704344 0.379246 -9.781399 -0.592280 
72815336462365 0.402134 -9.781694 -0.571961 
72815355220438 0.425618 -9.782081 -0.547863 
72815373978459 0.442684 -9.782616 -0.524273 
72815392736532 0.453063 -9.782602 -0.515566 
72815411494553 0.452006 -9.782629 -0.515999 
72815430252626 0.442099 -9.782805 -0.521211 
72815449010647 0.428543 -9.783949 -0.510942 
72815467768719 0.415831 -9.786010 -0.481117 
72815486526740 0.384618 -9.788129 -0.463653 
72815505284813 0.322567 -9.789878 -0.473953 
72815524042834 0.258351 -9.790325 -0.503172 
72815542800855 0.226806 -9.790005 -0.524175 
72815561558928 0.238304 -9.789763 -0.523587 
72815580316949 0.261582 -9.789602 -0.515430 
72815599075022 0.258596 -9.789691 -0.515253 
72815617833042 0.225218 -9.788837 -0.546190 
72815636591063 0.180658 -9.785642 -0.615612 
72815655349084 0.137612 -9.782495 -0.673981 
72815674107157 0.096751 -9.778755 -0.732787 
72815692865230 0.058365 -9.773537 -0.803091 
72815711623251 0.021302 -9.768279 -0.866404 
72815730381324 -0.033880 -9.762268 -0.931320 
72815749139344 -0.101679 -9.754758 -1.002371 
72815767897365 -0.173134 -9.745940 -1.075672 
72815786655438 -0.230073 -9.734989 -1.160790 
72815805413407 -0.251127 -9.722304 -1.258613 
72815824171480 -0.244978 -9.706962 -1.373051 
72815842929501 -0.227029 -9.686832 -1.511336 
72815861687574 -0.206635 -9.661755 -1.666792 
72815880445594 -0.189165 -9.632934 -1.827893 
72815899203615 -0.164130 -9.602644 -1.983100 
72815917961688 -0.139263 -9.568538 -2.143380 
72815936719709 -0.132239 -9.533417 -2.294965 
72815955477730 -0.132881 -9.501498 -2.423691 
72815974235803 -0.116456 -9.478589 -2.512605 
72815992993824 -0.058580 -9.465202 -2.564547 
72816011751897 0.027249 -9.455838 -2.599376 
72816030509917 0.121845 -9.457974 -2.588872 
72816049267938 0.208138 -9.475435 -2.518569 
72816068025959 0.252719 -9.501064 -2.415846 
72816086784032 0.285930 -9.549984 -2.210528 
72816105542053 0.335232 -9.632659 -1.808279 
72816124300126 0.419273 -9.721874 -1.216452 
72816143058147 0.521493 -9.775725 -0.577590 
72816161816167 0.571412 -9.789810 -0.059198 
72816180574240 0.582541 -9.779284 0.443464 
72816199332261 0.654808 -9.730061 1.033219 
72816218090282 0.785569 -9.652761 1.541911 
72816236848303 0.995528 -9.566133 1.915308 
72816255606376 1.301139 -9.459435 2.235287 
72816274364397 1.665131 -9.310812 2.589693 
72816293122417 1.990361 -9.109618 3.037058 
72816311880490 2.205348 -8.855609 3.589571 
72816330638511 2.345635 -8.564520 4.161417 
72816349396532 2.501467 -8.243503 4.685905 
72816368154605 2.745177 -7.972738 5.006979 
72816386912626 2.928678 -7.868307 5.067836 
72816405670647 2.952989 -7.871033 5.049463 
72816424428667 2.910232 -7.939528 4.966369 
72816443186740 2.824116 -8.088848 4.771299 
72816461944761 2.634745 -8.307791 4.495454 
72816480702782 2.347096 -8.533340 4.224169 
72816499460803 2.031922 -8.683813 4.078365 
72816518218876 1.884605 -8.651593 4.215280 
72816536976897 2.091016 -8.526685 4.369633 
72816555734917 2.535313 -8.401855 4.376232 
72816574492938 2.891150 -8.240633 4.461346 
72816593251011 2.995141 -8.064674 4.707498 
72816612009032 2.956297 -7.932311 4.950670 
72816630767053 3.099575 -7.839307 5.010818 
72816649525074 3.296566 -7.784397 4.970534 
72816668283147 3.272378 -7.865727 4.857187 
72816687041167 2.832691 -8.125934 4.702707 
72816705799136 2.242644 -8.374293 4.583900 
72816724557209 2.020672 -8.501191 4.451631 
72816743315282 2.044611 -8.614668 4.216332 
72816762073303 2.229131 -8.687985 3.964878 
72816780831324 2.218388 -8.838060 3.624613 
72816799589344 1.861612 -9.095225 3.159376 
72816818347365 1.411513 -9.368535 2.531519 
72816837105438 1.109993 -9.564097 1.861808 
72816855863459 0.858066 -9.669836 1.388661 
72816874621480 0.652252 -9.725454 1.077261 
72816893379501 0.518350 -9.756983 0.838443 
72816912137522 0.420793 -9.776085 0.649211 
72816930895542 0.341262 -9.790724 0.442332 
72816949653615 0.273036 -9.801877 0.138001 
72816968411636 0.213795 -9.801377 -0.240188 
72816987169657 0.188783 -9.783990 -0.638982 
72817005927678 0.171016 -9.750850 -1.030568 
72817024685699 0.164283 -9.706676 -1.387022 
72817043443772 0.187740 -9.664353 -1.653907 
72817062201792 0.243768 -9.631503 -1.828962 
72817080959813 0.317520 -9.609226 -1.931925 
72817099717834 0.381755 -9.596652 -1.982146 
72817118475855 0.420438 -9.591109 -2.001062 
72817137233876 0.410143 -9.588127 -2.017419 
72817155991897 0.355732 -9.590236 -2.017727 
72817174749969 0.341845 -9.611054 -1.918635 
72817193507990 0.400180 -9.653217 -1.680960 
72817212266011 0.482295 -9.706916 -1.309033 
72817231024032 0.534337 -9.765208 -0.724966 
72817249782053 0.541834 -9.790795 -0.130935 
72817268540074 0.490357 -9.789080 0.322262 
72817287298094 0.453771 -9.767835 0.744232 
72817306056115 0.523501 -9.719620 1.193878 
72817324814188 0.639499 -9.644773 1.655229 
72817343572209 0.802523 -9.531838 2.161114 
72817362330230 0.995844 -9.379479 2.684035 
72817381088251 1.198303 -9.221064 3.115517 
72817399846272 1.433391 -9.071502 3.438548 
72817418604292 1.707171 -8.921694 3.695853 
72817437362313 1.952953 -8.736086 4.004641 
72817456120334 2.136778 -8.503667 4.392292 
72817474878355 2.321995 -8.255537 4.756559 
72817493636376 2.519117 -8.068463 4.972357 
72817512394397 2.610524 -8.021364 5.001327 
72817531152469 2.638880 -8.030356 4.971930 
72817549910490 2.610031 -8.085035 4.897994 
72817568668511 2.494992 -8.205628 4.755320 
72817587426532 2.281756 -8.370282 4.571910 
72817606184553 2.020355 -8.543135 4.370745 
72817624942574 1.795808 -8.696012 4.162311 
72817643700594 1.763718 -8.753716 4.053659 
72817662458615 2.038285 -8.692568 4.056483 
72817681216636 2.398709 -8.537794 4.186009 
72817699974657 2.553962 -8.356521 4.451544 
72817718732678 2.567720 -8.207644 4.712937 
72817737490699 2.665421 -8.099882 4.843330 
72817756248719 2.884717 -7.988281 4.902667 
72817775006740 2.942370 -7.973307 4.892774 
72817793764761 2.542619 -8.248345 4.655134 
72817812522730 2.002138 -8.518415 4.427012 
72817831280803 1.943367 -8.603588 4.286256 
72817850038824 2.170487 -8.662299 4.052647 
72817868796844 2.360047 -8.780242 3.675310 
72817887554865 2.130677 -9.006546 3.242335 
72817906312886 1.614409 -9.284651 2.712808 
72817925070907 1.215479 -9.510717 2.058944 
72817943828928 0.968400 -9.639765 1.519052 
72817962586949 0.766534 -9.706470 1.169301 
72817981344969 0.641890 -9.741029 0.933127 
72818000102990 0.554192 -9.763551 0.732355 
72818018861011 0.454519 -9.781967 0.526235 
72818037619032 0.351992 -9.796576 0.271228 
72818056377001 0.254826 -9.803088 -0.070247 
72818075135074 0.185459 -9.793002 -0.482813 
72818093893094 0.150139 -9.763210 -0.909706 
72818112651115 0.133400 -9.715192 -1.329528 
72818131409136 0.147701 -9.658509 -1.691680 
72818150167157 0.205603 -9.610799 -1.939241 
72818168925178 0.285376 -9.576708 -2.091793 
72818187683199 0.352203 -9.552853 -2.188457 
72818206441219 0.386848 -9.533852 -2.264158 
72818225199240 0.376351 -9.519135 -2.326969 
72818243957261 0.333201 -9.510421 -2.368812 
72818262715282 0.320460 -9.521500 -2.325668 
72818281473303 0.390402 -9.563265 -2.135867 
72818300231324 0.494109 -9.626743 -1.803341 
72818318989344 0.554983 -9.705684 -1.289213 
72818337747365 0.551052 -9.768908 -0.659673 
72818356505386 0.494466 -9.792935 -0.155899 
72818375263407 0.407552 -9.795860 0.213079 
72818394021428 0.435530 -9.773454 0.678458 
72818412779449 0.544789 -9.720980 1.173095 
72818431537469 0.720820 -9.629498 1.709849 
72818450295438 0.948169 -9.480037 2.323847 
72818469053459 1.158517 -9.299513 2.889166 
72818487811480 1.379439 -9.130511 3.301714 
72818506569501 1.668866 -8.973648 3.585931 
72818525327522 1.987749 -8.800561 3.843094 
72818544085490 2.234734 -8.588730 4.172536 
72818562843511 2.396770 -8.359046 4.533457 
72818581601532 2.570302 -8.137521 4.831635 
72818600359553 2.706156 -8.019826 4.952727 
72818619117574 2.754155 -8.030683 4.908477 
72818637875594 2.754982 -8.087736 4.813418 
72818656633615 2.681273 -8.203699 4.656232 
72818675391636 2.511151 -8.374763 4.441603 
72818694149657 2.262577 -8.559998 4.216346 
72818712907678 2.034031 -8.717327 4.005163 
72818731665647 1.987294 -8.746516 3.964781 
72818750423667 2.234412 -8.662417 4.017502 
72818769181688 2.607303 -8.511295 4.114634 
72818787939709 2.803008 -8.322123 4.365297 
72818806697730 2.831104 -8.177762 4.612967 
72818825455751 2.959517 -8.060499 4.737088 
72818844213772 3.117517 -7.955965 4.811870 
72818862971740 2.996515 -8.065194 4.705732 
72818881729761 2.568286 -8.373413 4.411376 
72818900487782 2.285646 -8.495956 4.331851 
72818919245803 2.285404 -8.548785 4.226770 
72818938003824 2.439939 -8.619501 3.990148 
72818956761792 2.456173 -8.788432 3.591804 
72818975519813 2.053013 -9.052627 3.163145 
72818994277834 1.487708 -9.331634 2.622544 
72819013035855 1.106275 -9.558926 1.890368 
72819031793876 0.846103 -9.681769 1.310659 
72819050551844 0.647801 -9.733634 1.003550 
72819069309865 0.563064 -9.756555 0.814247 
72819088067886 0.489769 -9.772117 0.660482 
72819106825907 0.398516 -9.787582 0.463466 
72819125583928 0.313324 -9.800399 0.156210 
72819144341949 0.239848 -9.800658 -0.244850 
72819163099917 0.207371 -9.779093 -0.704787 
72819181857938 0.203506 -9.733129 -1.181173 
72819200615959 0.225416 -9.674870 -1.586334 
72819219373980 0.272644 -9.622788 -1.870290 
72819238131949 0.336795 -9.580246 -2.067813 
72819256889969 0.420863 -9.554276 -2.170044 
72819275647990 0.489318 -9.538557 -2.224161 
72819294406011 0.536691 -9.526749 -2.263495 
72819313163980 0.536334 -9.517448 -2.302368 
72819331922001 0.491374 -9.515823 -2.319066 
72819350680022 0.478630 -9.536679 -2.234510 
72819369438042 0.565895 -9.586146 -1.988956 
72819388195959 0.690793 -9.652141 -1.590401 
72819406954032 0.741332 -9.726785 -1.005223 
72819425712053 0.716461 -9.772143 -0.402855 
72819444470074 0.609550 -9.787613 0.038196 
72819463228042 0.490081 -9.783954 0.452164 
72819481986063 0.502596 -9.750522 0.919301 
72819500744084 0.591362 -9.685143 1.420796 
72819519502053 0.770560 -9.571713 1.989709 
72819538260074 1.001800 -9.406249 2.586361 
72819557018094 1.217524 -9.228028 3.087313 
72819575776115 1.456791 -9.066731 3.441295 
72819594534084 1.755949 -8.917805 3.682359 
72819613292105 2.065458 -8.749251 3.918528 
72819632050126 2.280241 -8.531465 4.264387 
72819650808147 2.428873 -8.289149 4.643379 
72819669566115 2.592133 -8.072533 4.928026 
72819688324136 2.677341 -8.008666 4.986331 
72819707082157 2.722362 -8.039562 4.911677 
72819725840126 2.751991 -8.104959 4.786082 
72819744598147 2.686865 -8.229641 4.606969 
72819763356167 2.512603 -8.401894 4.389239 
72819782114136 2.245631 -8.595415 4.152875 
72819800872157 1.978252 -8.772514 3.911510 
72819819630178 1.902595 -8.830591 3.817221 
72819838388147 2.240302 -8.750669 3.818014 
72819857146167 2.676126 -8.581453 3.920127 
72819875904188 2.795748 -8.377712 4.262407 
72819894662157 2.842780 -8.205777 4.555678 
72819913420178 3.053759 -8.058625 4.680118 
72819932178199 3.223123 -7.988490 4.686780 
72819950936167 3.023591 -8.179296 4.486355 
72819969694188 2.531585 -8.475977 4.233117 
72819988452209 2.260801 -8.596676 4.142020 
72820007210178 2.283099 -8.658409 3.998725 
72820025968147 2.418279 -8.749444 3.710732 
72820044726167 2.371677 -8.930695 3.284545 
72820063484188 1.918608 -9.199896 2.802006 
72820082242209 1.379004 -9.464562 2.165824 
72820101000178 1.039266 -9.641716 1.458639 
72820119758199 0.801717 -9.726597 0.959663 
72820138516219 0.639992 -9.761165 0.693160 
72820157274188 0.565838 -9.776852 0.513205 
72820176032209 0.482815 -9.788474 0.350795 
72820194790230 0.378016 -9.798118 0.156133 
72820213548199 0.285876 -9.801214 -0.157636 
72820232306219 0.206750 -9.787560 -0.575595 
72820251064188 0.175502 -9.749232 -1.045015 
72820269822209 0.177723 -9.687546 -1.513356 
72820288580178 0.209730 -9.623837 -1.873014 
72820307338199 0.275177 -9.577266 -2.090611 
72820326096219 0.352285 -9.541463 -2.237581 
72820344854188 0.420583 -9.513471 -2.342515 
72820363612209 0.454191 -9.491997 -2.422002 
72820382370178 0.479206 -9.476501 -2.477230 
72820401128199 0.479458 -9.466985 -2.513303 
72820419886219 0.436374 -9.466133 -2.524339 
72820438644188 0.443253 -9.500325 -2.391180 
72820457402209 0.546758 -9.573165 -2.055707 
72820476160178 0.611649 -9.664856 -1.544935 
72820494918199 0.593154 -9.746849 -0.904154 
72820513676167 0.545429 -9.786613 -0.308378 
72820532434188 0.419186 -9.797046 0.112153 
72820551192209 0.390755 -9.783920 0.540907 
72820569950178 0.491479 -9.739345 1.036345 
72820588708199 0.628787 -9.664978 1.537273 
72820607466167 0.822973 -9.540433 2.115008 
72820626224188 1.029782 -9.374490 2.688658 
72820644982157 1.229120 -9.211825 3.130803 
72820663740126 1.488028 -9.063164 3.437329 
72820682498147 1.800553 -8.908987 3.682166 
72820701256167 2.056400 -8.710895 4.007732 
72820720014188 2.212115 -8.483288 4.394400 
72820738772157 2.354324 -8.257242 4.737668 
72820757530178 2.494941 -8.114650 4.908985 
72820776288147 2.547780 -8.119330 4.873980 
72820795046167 2.566250 -8.179542 4.762338 
72820813804136 2.523594 -8.285274 4.599576 
72820832562157 2.390781 -8.441117 4.382020 
72820851320126 2.167314 -8.617184 4.149371 
72820870078147 1.902014 -8.788181 3.914155 
72820888836115 1.723606 -8.884652 3.776576 
72820907594136 1.865780 -8.844524 3.803110 
72820926352105 2.296968 -8.702810 3.892998 
72820945110126 2.552153 -8.519447 4.132304 
72820963868042 2.620715 -8.366441 4.393735 
72820982626115 2.702944 -8.250019 4.560884 
72821001384084 2.869098 -8.137760 4.659990 
72821020142105 2.896180 -8.132035 4.653228 
72821038900074 2.576511 -8.382709 4.388870 
72821057658094 2.259150 -8.581169 4.174946 
72821076416063 2.257467 -8.623724 4.087250 
72821095174084 2.405020 -8.667878 3.905656 
72821113932053 2.553503 -8.755135 3.605225 
72821132690074 2.246872 -8.999110 3.184019 
72821151448042 1.648011 -9.277235 2.717969 
72821170206063 1.175458 -9.514226 2.065957 
72821188964032 0.911855 -9.659064 1.428768 
72821207722001 0.713055 -9.723163 1.059271 
72821226479709 0.623886 -9.747148 0.879932 
72821245237990 0.567751 -9.761332 0.751307 
72821263996011 0.483658 -9.776546 0.596331 
72821282753980 0.382791 -9.794125 0.314614 
72821301512001 0.283258 -9.802483 -0.038546 
72821320269969 0.207590 -9.793614 -0.460881 
72821339027990 0.167812 -9.761134 -0.928707 
72821357786509 0.170341 -9.709331 -1.367576 
72821376544530 0.216790 -9.655296 -1.702540 
72821395302499 0.304356 -9.613094 -1.914726 
72821414060519 0.406097 -9.587708 -2.020233 
72821432818436 0.476861 -9.568308 -2.095345 
72821451576457 0.501525 -9.550731 -2.168502 
72821470334478 0.510191 -9.532513 -2.245285 
72821489092447 0.486084 -9.517282 -2.314187 
72821507850467 0.457300 -9.512979 -2.337630 
72821526608436 0.479160 -9.531124 -2.257975 
72821545366405 0.563581 -9.573193 -2.051034 
72821564124426 0.645075 -9.639009 -1.686348 
72821582882394 0.663931 -9.715964 -1.153100 
72821601640415 0.646925 -9.767990 -0.581575 
72821620398384 0.598840 -9.787185 -0.150962 
72821639156405 0.584544 -9.786386 0.235227 
72821657914374 0.653552 -9.759832 0.699241 
72821676672342 0.752727 -9.703301 1.204055 
72821695430363 0.886281 -9.605391 1.766740 
72821714188332 1.037861 -9.464178 2.350011 
72821732946301 1.191999 -9.311729 2.835705 
72821751704322 1.380643 -9.186689 3.141491 
72821770462290 1.639342 -9.074308 3.337643 
72821789220311 1.906065 -8.936439 3.560531 
72821807978280 2.093028 -8.754077 3.893041 
72821826736249 2.216675 -8.541254 4.278286 
72821845494269 2.369541 -8.321826 4.615504 
72821864252238 2.512229 -8.196733 4.761581 
72821883010259 2.586874 -8.196079 4.722580 
72821901768228 2.618613 -8.241261 4.625462 
72821920526197 2.572037 -8.340082 4.471919 
72821939284217 2.432390 -8.485680 4.271665 
72821958042134 2.206594 -8.650662 4.058001 
72821976800155 1.958942 -8.813978 3.827105 
72821995558176 1.820669 -8.921288 3.642274 
72822014316144 1.951787 -8.915040 3.589287 
72822033074165 2.314091 -8.784226 3.694963 
72822051832134 2.516640 -8.623287 3.933934 
72822070590103 2.565300 -8.480961 4.202729 
72822089348124 2.640347 -8.354454 4.404776 
72822108106092 2.725451 -8.281685 4.489544 
72822126864061 2.566781 -8.382505 4.394953 
72822145622030 2.257816 -8.635440 4.062244 
72822164380051 2.050648 -8.758643 3.905304 
72822183138019 2.123654 -8.747960 3.890202 
72822201896040 2.256486 -8.802385 3.687367 
72822220654009 2.362205 -8.902648 3.366485 
72822239411978 2.123715 -9.083410 3.025205 
72822258169999 1.648351 -9.321460 2.561977 
72822276927967 1.229815 -9.527734 1.969834 
72822295685936 0.932306 -9.650250 1.474398 
72822314443957 0.742216 -9.709498 1.159800 
72822333201926 0.673649 -9.737333 0.949176 
72822351959894 0.617583 -9.756910 0.769207 
72822370717915 0.539177 -9.775082 0.572230 
72822389475884 0.451834 -9.791098 0.317216 
72822408233853 0.369388 -9.799604 0.041234 
72822426991822 0.300900 -9.798167 -0.275257 
72822445749842 0.251182 -9.781014 -0.662609 
72822464507811 0.214726 -9.741598 -1.107043 
72822483265780 0.226530 -9.687289 -1.508477 
72822502023801 0.283925 -9.636788 -1.795015 
72822520781769 0.375717 -9.602462 -1.954981 
72822539539738 0.458365 -9.579681 -2.046949 
72822558297759 0.516437 -9.567829 -2.088140 
72822577055728 0.539363 -9.556745 -2.132632 
72822595813697 0.521821 -9.545692 -2.185828 
72822614571665 0.473745 -9.536501 -2.236314 
72822633329686 0.447371 -9.541731 -2.219373 
72822652087655 0.490163 -9.570247 -2.083391 
72822670845624 0.580945 -9.617290 -1.827740 
72822689603644 0.648878 -9.680250 -1.429020 
72822708361613 0.669333 -9.744032 -0.881023 
72822727119582 0.659073 -9.779256 -0.319633 
72822745877551 0.612756 -9.786839 0.112684 
72822764635572 0.589145 -9.776302 0.497217 
72822783393540 0.664310 -9.738799 0.940675 
72822802151509 0.749271 -9.674700 1.417454 
72822820909530 0.828730 -9.582220 1.914328 
72822839667499 0.943732 -9.459400 2.408216 
72822858425467 1.099877 -9.334286 2.798527 
72822877183436 1.308851 -9.222448 3.066554 
72822895941457 1.487924 -9.121135 3.280452 
72822914699426 1.500785 -8.969707 3.669115 
72822933457394 1.571829 -8.740200 4.160367 
72822952215363 1.836641 -8.495080 4.542109 
72822970973384 2.181336 -8.314884 4.719625 
72822989731353 2.402119 -8.222898 4.773275 
72823008489322 2.495729 -8.192164 4.778090 
72823027247342 2.531946 -8.219713 4.711259 
72823046005311 2.497563 -8.311037 4.567190 
72823064763280 2.367384 -8.443661 4.389815 
72823083521249 2.179393 -8.588121 4.202952 
72823102279217 1.983675 -8.732430 3.997510 
72823121037186 1.830815 -8.850449 3.806319 
72823139795155 1.830217 -8.887394 3.719533 
72823158553176 2.060561 -8.823655 3.750676 
72823177311144 2.357278 -8.679854 3.908164 
72823196069113 2.489167 -8.521981 4.165364 
72823214827082 2.532163 -8.398164 4.385132 
72823233585051 2.649839 -8.315758 4.471790 
72823252343072 2.802150 -8.267426 4.468558 
72823271101040 2.828296 -8.279067 4.430368 
72823289859009 2.587330 -8.412553 4.324934 
72823308616978 2.194425 -8.576015 4.219819 
72823327374999 2.026194 -8.659955 4.131598 
72823346133019 2.090978 -8.743805 3.917150 
72823364890988 2.293204 -8.805972 3.656018 
72823383648957 2.387917 -8.873481 3.424846 
72823402406926 2.013317 -9.069764 3.139480 
72823421164947 1.508083 -9.309566 2.688503 
72823439922915 1.166585 -9.499207 2.138818 
72823458680884 0.912582 -9.616345 1.692182 
72823477438853 0.742165 -9.676616 1.408078 
72823496196822 0.670301 -9.708920 1.207459 
72823514954842 0.610596 -9.735156 1.012073 
72823533712811 0.536823 -9.758519 0.808404 
72823552470780 0.437865 -9.779853 0.577188 
72823571228749 0.334145 -9.795201 0.335805 
72823589986665 0.227736 -9.803785 0.065687 
72823608744738 0.142949 -9.801881 -0.270340 
72823627502707 0.089674 -9.786394 -0.623568 
72823646260676 0.074561 -9.756475 -0.987941 
72823665018644 0.108107 -9.712599 -1.350605 
72823683776613 0.203379 -9.669259 -1.623099 
72823702534634 0.315522 -9.637187 -1.787588 
72823721292603 0.410812 -9.618745 -1.865844 
72823740050572 0.452501 -9.609818 -1.901844 
72823758808540 0.449571 -9.606019 -1.921632 
72823777566509 0.409603 -9.601623 -1.952296 
72823796324530 0.363216 -9.597122 -1.983356 
72823815082499 0.356667 -9.607134 -1.935502 
72823833840467 0.411780 -9.633933 -1.785538 
72823852598436 0.508149 -9.675681 -1.514383 
72823871356405 0.584499 -9.722054 -1.144730 
72823890114374 0.665085 -9.761892 -0.658408 
72823908872394 0.756208 -9.777003 -0.093485 
72823927630363 0.838273 -9.761930 0.415228 
72823946388019 0.925836 -9.724236 0.867429 
72823965146301 0.958443 -9.676056 1.275038 
72823983904269 0.952191 -9.621308 1.641387 
72824002662238 0.992143 -9.546774 2.011259 
72824021420207 1.076434 -9.455433 2.367796 
72824040178228 1.206451 -9.377670 2.602721 
72824058936197 1.390308 -9.305329 2.765554 
72824077694165 1.598977 -9.221649 2.928287 
72824096452134 1.813915 -9.120208 3.114789 
72824115210103 2.012757 -8.993114 3.353073 
72824133968072 2.186968 -8.841034 3.636437 
72824152726092 2.314043 -8.687295 3.917461 
72824171484061 2.387898 -8.591929 4.080086 
72824190242030 2.443404 -8.571947 4.089241 
72824208999999 2.425606 -8.603485 4.033218 
72824227757967 2.336170 -8.682334 3.915325 
72824246515936 2.216297 -8.802155 3.712209 
72824265273905 2.064074 -8.942234 3.456364 
72824284031874 1.891805 -9.071676 3.208760 
72824302789842 1.741940 -9.160918 3.035395 
72824321547811 1.654318 -9.197627 2.972757 
72824340305780 1.665386 -9.188793 2.993821 
72824359063749 1.803489 -9.128507 3.096480 
72824377821769 1.970829 -9.033510 3.268320 
72824396579738 2.039186 -8.948229 3.455619 
72824415337707 2.101750 -8.886088 3.576378 
72824434095676 2.195790 -8.847913 3.614322 
72824452853644 2.234157 -8.843114 3.602536 
72824471611613 2.126734 -8.917528 3.482107 
72824490369582 1.983704 -9.058201 3.191285 
72824509127551 1.903647 -9.179528 2.877980 
72824527885572 1.777808 -9.233176 2.785362 
72824546643540 1.724908 -9.257903 2.736112 
72824565401509 1.738394 -9.300951 2.576951 
72824584159478 1.742630 -9.366752 2.323272 
72824602917447 1.740695 -9.423929 2.080849 
72824621675415 1.633194 -9.479254 1.909662 
72824640433384 1.412186 -9.536716 1.796425 
72824659191353 1.195711 -9.584822 1.694657 
72824677949322 0.992799 -9.625439 1.592376 
72824696707342 0.852507 -9.656139 1.484113 
72824715465311 0.745037 -9.682812 1.363253 
72824734223280 0.669194 -9.702651 1.257426 
72824752981249 0.599936 -9.720123 1.153113 
72824771739217 0.528480 -9.735762 1.051682 
72824790497186 0.482651 -9.746195 0.974226 
72824809255155 0.455840 -9.752024 0.927716 
72824828013124 0.442535 -9.756728 0.883641 
72824846771092 0.435899 -9.762361 0.822618 
72824865529061 0.424656 -9.769859 0.734784 
72824884287030 0.417731 -9.776697 0.641936 
72824903045051 0.411018 -9.782044 0.559512 
72824921803019 0.386158 -9.787944 0.466316 
72824940560988 0.366794 -9.792779 0.370616 
72824959319009 0.383301 -9.795135 0.280731 
72824978076978 0.429319 -9.795353 0.192655 
72824996834894 0.479283 -9.794397 0.102216 
72825015592915 0.500759 -9.793856 0.005291 
72825034350884 0.477091 -9.794668 -0.085112 
72825053108853 0.426201 -9.796118 -0.157547 
72825071866822 0.376457 -9.796391 -0.243698 
72825090624790 0.351771 -9.794385 -0.341579 
72825109382759 0.367503 -9.790712 -0.421055 
72825128140728 0.407721 -9.786733 -0.473286 
72825146898697 0.440389 -9.783863 -0.502474 
72825165656665 0.451148 -9.782759 -0.514294 
72825184414634 0.442465 -9.782163 -0.532825 
72825203172603 0.428617 -9.780072 -0.580400 
72825221930572 0.434381 -9.776715 -0.630519 
72825240688540 0.463944 -9.772283 -0.676483 
72825259446509 0.494593 -9.768678 -0.706178 
72825278204530 0.512811 -9.766547 -0.722477 
72825296962447 0.522449 -9.763942 -0.750254 
72825315720467 0.521630 -9.761844 -0.777628 
72825334478436 0.525128 -9.761429 -0.780477 
72825353236405 0.540865 -9.759993 -0.787648 
72825371994374 0.552253 -9.758718 -0.795506 
72825390752342 0.563157 -9.757511 -0.802634 
72825409510259 0.568828 -9.756424 -0.811794 
72825428268280 0.574305 -9.755153 -0.823142 
72825447026249 0.581647 -9.754651 -0.823919 
72825465831457 0.586846 -9.753719 -0.831248 
72825484542134 0.591687 -9.751988 -0.847952 
72825503300103 0.599663 -9.751074 -0.852852 
72825522058072 0.607553 -9.751148 -0.846396 
72825540816040 0.612437 -9.750667 -0.848410 
72825559574009 0.607699 -9.750383 -0.855049 
72825578331978 0.601332 -9.749980 -0.864100 
72825597089947 0.595924 -9.748954 -0.879289 
72825615847915 0.576645 -9.747591 -0.906825 
72825634605832 0.564419 -9.744323 -0.948685 
72825653363853 0.559578 -9.738285 -1.011469 
72825672121822 0.521279 -9.731439 -1.094427 
72825690879790 0.467528 -9.723498 -1.185483 
72825709637759 0.429419 -9.712501 -1.285816 
72825728395728 0.425957 -9.697966 -1.392272 
72825747153697 0.489212 -9.684528 -1.463210 
72825765911665 0.500888 -9.685345 -1.453816 
72825784669634 0.485277 -9.689894 -1.428583 
72825803427603 0.515419 -9.683976 -1.457857 
72825822185572 0.527651 -9.678111 -1.492023 
72825840943540 0.540785 -9.672526 -1.523211 
72825859701509 0.557689 -9.670703 -1.528683 
72825878459478 0.580193 -9.676256 -1.484531 
72825897217447 0.593893 -9.683661 -1.429821 
72825915975415 0.601623 -9.693595 -1.357440 
72825934733384 0.614007 -9.704636 -1.270206 
72825953491353 0.636412 -9.704524 -1.259992 
72825972249322 0.644161 -9.690512 -1.359934 
72825991007290 0.645217 -9.682484 -1.415483 
72826009765259 0.648591 -9.671694 -1.485945 
72826028523228 0.645656 -9.659670 -1.563423 
72826047281197 0.669201 -9.648622 -1.620696 
72826066039165 0.758126 -9.641314 -1.625024 
72826084797134 0.750331 -9.645048 -1.606368 
72826103555103 0.655513 -9.652794 -1.601330 
72826122313019 0.468777 -9.670038 -1.562372 
72826141071040 0.177498 -9.690159 -1.496562 
72826159829009 -0.211301 -9.700398 -1.424083 
72826178586978 -0.564171 -9.698770 -1.336400 
72826197344947 -0.772533 -9.700145 -1.216871 
72826216102915 -0.935327 -9.695746 -1.134917 
72826234860884 -1.125217 -9.681067 -1.086826 
72826253618853 -1.299863 -9.654598 -1.126715 
72826272376822 -1.416837 -9.622376 -1.254119 
72826291134738 -1.532289 -9.597134 -1.310531 
72826309892707 -1.657461 -9.557208 -1.443250 
72826328650676 -1.780717 -9.507846 -1.612548 
72826347408644 -1.838089 -9.458436 -1.824770 
72826366166613 -1.854587 -9.411441 -2.038548 
72826384924634 -1.833113 -9.396739 -2.124000 
72826403682603 -1.514703 -9.337898 -2.584514 
72826422440572 -0.933683 -9.229198 -3.181278 
72826441198488 -0.370938 -9.182785 -3.421880 
72826459956457 0.122107 -9.188860 -3.423497 
72826478714426 0.533079 -9.237886 -3.247720 
72826497472394 0.810096 -9.331604 -2.904357 
72826516230363 0.899150 -9.460120 -2.422403 
72826534988332 0.812127 -9.594931 -1.856914 
72826553746301 0.575860 -9.710381 -1.243901 
72826572504217 0.238395 -9.785863 -0.591981 
72826591262186 -0.146529 -9.805065 0.098099 
72826610020155 -0.561979 -9.755840 0.823497 
72826628778124 -1.058875 -9.620817 1.577674 
72826647536092 -1.661949 -9.374038 2.352811 
72826666294061 -2.198880 -9.023559 3.148126 
72826685052030 -2.412476 -8.614970 4.016546 
72826703809999 -2.387644 -8.188293 4.839565 
72826722567967 -2.068462 -7.708085 5.698883 
72826741325884 -1.618991 -7.017412 6.656213 
72826760083905 -1.196695 -6.173567 7.524983 
72826778841822 -0.766979 -5.340980 8.188777 
72826797599790 -0.441045 -4.596727 8.651357 
72826816357759 -0.239841 -3.852171 9.015189 
72826835115728 -0.050948 -3.052876 9.319214 
72826853873644 0.228628 -2.254883 9.541155 
72826872631665 0.503769 -1.399507 9.693192 
72826891389634 0.731607 -0.407957 9.770808 
72826910147603 0.680943 0.449706 9.772639 
72826928905572 0.610086 1.054418 9.730693 
72826947663488 0.583889 1.485993 9.675809 
72826966421457 0.539590 1.805330 9.623930 
72826985179426 0.684451 2.134059 9.547131 
72827003937394 0.913882 2.514948 9.434525 
72827022695363 1.081380 2.937002 9.293817 
72827041453332 1.180369 3.339639 9.144611 
72827060211301 1.282240 3.661755 9.006542 
72827078969217 1.376977 3.869613 8.905078 
72827097727186 1.357335 4.011113 8.845281 
72827116485155 1.178606 4.193141 8.786286 
72827135243124 0.665090 4.229010 8.822898 
72827154001092 0.229604 4.120731 8.895911 
72827172759061 -0.051287 3.961414 8.970783 
72827191517030 -0.212628 3.844627 9.019092 
72827210274999 -0.285099 3.788891 9.040654 
72827229032915 -0.157291 3.782037 9.046648 
72827247790884 -0.082235 3.737387 9.066178 
72827266549634 -0.155056 3.631942 9.107982 
72827285306822 -0.274707 3.645277 9.099830 
72827304064790 -0.295443 3.796304 9.037210 
72827322822759 -0.207102 3.935595 8.979899 
72827341580676 -0.175931 4.043233 8.932620 
72827360338644 -0.231925 4.142021 8.885959 
72827379096613 -0.296947 4.169983 8.870934 
72827397854582 -0.360812 4.097588 8.902246 
72827416612551 -0.441314 4.005968 8.940237 
72827435370519 -0.482600 3.994692 8.943149 
72827454128488 -0.517060 4.045357 8.918415 
72827472886405 -0.530378 4.095257 8.894827 
72827491644374 -0.544130 4.078613 8.901642 
72827510402342 -0.579935 3.996617 8.936504 
72827529160311 -0.648179 3.897049 8.975704 
72827547918280 -0.690268 3.836081 8.998799 
72827566676197 -0.679587 3.825128 9.004273 
72827585434165 -0.823272 3.809890 8.998741 
72827604192134 -1.148266 3.727705 8.997560 
72827622949790 -1.601576 3.547898 9.000987 
72827662808176 -1.370849 3.493405 9.060203 
72827681566092 -1.287544 3.406001 9.105591 
72827700324009 -1.218163 3.440313 9.102237 
72827719082030 -1.252012 3.554425 9.053669 
72827737839947 -1.298479 3.649309 9.009266 
72827756597967 -1.191427 3.716133 8.996736 
72827775355884 -1.022610 3.775989 8.992583 
72827794113853 -0.841549 3.876547 8.968533 
72827812871822 -0.778986 4.003795 8.918139 
72827831629738 -0.797937 4.079273 8.882186 
72827850387759 -0.777000 4.049165 8.897804 
72827869145676 -0.727577 3.988534 8.929313 
72827887903592 -0.630174 3.945338 8.955868 
72827906661613 -0.558436 3.941971 8.962110 
72827925419530 -0.512003 3.956939 8.958284 
72827944177499 -0.544893 3.967946 8.951473 
72827962935467 -0.670945 3.988344 8.933831 
72827981693436 -0.788917 4.034199 8.903551 
72828000451353 -0.863729 4.100231 8.866367 
72828019209322 -0.973820 4.141453 8.835748 
72828037967290 -1.105607 4.136086 8.822744 
72828056725259 -1.182983 4.120346 8.820073 
72828075483176 -1.170184 4.118203 8.822782 
72828094241197 -1.085047 4.116362 8.834514 
72828112999113 -1.025341 4.076263 8.860200 
72828131757082 -1.035856 4.015747 8.886571 
72828150515051 -1.074807 3.975696 8.899944 
72828169272967 -1.097660 3.980257 8.895116 
72828188030988 -1.112805 4.028410 8.871526 
72828206788853 -1.106884 4.096260 8.841146 
72828225546874 -1.044392 4.124928 8.835418 
72828244304842 -0.993053 4.070913 8.866335 
72828263062759 -0.974471 3.965877 8.915862 
72828281820728 -0.960123 3.878183 8.955906 
72828300578697 -0.948579 3.851343 8.968709 
72828319336613 -0.957749 3.868798 8.960217 
72828338094634 -0.991333 3.890261 8.947264 
72828356852551 -1.022576 3.891642 8.943146 
72828375610519 -1.039996 3.873826 8.948870 
72828394368488 -1.049628 3.836105 8.963982 
72828413126405 -1.077745 3.793893 8.978599 
72828431884426 -1.118577 3.788677 8.975806 
72828450642342 -1.178617 3.832121 8.949641 
72828469400311 -1.263062 3.895383 8.910727 
72828488158280 -1.373707 3.938688 8.875249 
72828506916197 -1.490770 3.963269 8.845366 
72828525674165 -1.606785 4.009831 8.803969 
72828544432134 -1.712837 4.078958 8.752067 
72828563190051 -1.815613 4.110003 8.716755 
72828581948019 -1.907281 4.078355 8.712043 
72828600705988 -1.974672 3.991995 8.736993 
72828619463957 -1.992593 3.885316 8.780904 
72828638221926 -1.969328 3.817552 8.815806 
72828656979842 -1.912997 3.758970 8.853303 
72828675737863 -1.836707 3.672667 8.905527 
72828694495780 -1.756571 3.569005 8.963652 
72828713253749 -1.672435 3.480230 9.014507 
72828732011717 -1.605920 3.420507 9.049395 
72828750769634 -1.568056 3.391097 9.067086 
72828769527655 -1.538635 3.386600 9.073804 
72828788285572 -1.514008 3.392111 9.075888 
72828807043592 -1.499275 3.390792 9.078827 
72828825801509 -1.487018 3.384452 9.083207 
72828844559478 -1.476744 3.374381 9.088629 
72828863317447 -1.469032 3.366345 9.092858 
72828882075363 -1.435735 3.359109 9.100848 
72828900833384 -1.385449 3.346565 9.113255 
72828919591301 -1.347616 3.338921 9.121728 
72828938349269 -1.329666 3.356922 9.117754 
72828957107238 -1.333165 3.387274 9.106010 
72828975865207 -1.360579 3.410127 9.093417 
72828994623176 -1.381126 3.439530 9.079236 
72829013381092 -1.378811 3.486292 9.061734 
72829032139113 -1.376296 3.543391 9.039943 
72829050897030 -1.401384 3.597995 9.014486 
72829069654999 -1.480215 3.653022 8.979687 
72829088412967 -1.601765 3.744393 8.921001 
72829107170936 -1.729138 3.917665 8.822266 
72829125928905 -1.811424 4.125014 8.710532 
72829144686874 -1.914258 4.341841 8.582215 
72829163444842 -2.052227 4.467743 8.485165 
72829182202759 -2.207502 4.520877 8.417778 
72829200960780 -2.323230 4.567999 8.361004 
72829219718697 -2.396626 4.628550 8.306810 
72829238476665 -2.446334 4.701680 8.251064 
72829257234634 -2.492102 4.775863 8.194568 
72829275992655 -2.537295 4.828505 8.149728 
72829294750572 -2.574843 4.866206 8.115455 
72829313508592 -2.599349 4.897130 8.088999 
72829332266509 -2.608098 4.920814 8.071790 
72829351024530 -2.613258 4.922990 8.068795 
72829369782447 -2.615646 4.904399 8.079335 
72829388540467 -2.601323 4.885544 8.095366 
72829407298384 -2.571490 4.865363 8.117024 
72829426056405 -2.538539 4.828202 8.149519 
72829444814374 -2.499830 4.775756 8.192276 
72829463572342 -2.453603 4.724864 8.235647 
72829482330311 -2.420667 4.689577 8.265509 
72829501088280 -2.405830 4.679720 8.275421 
72829519846301 -2.389807 4.693217 8.272420 
72829538604217 -2.371543 4.708405 8.269044 
72829557362238 -2.356668 4.701429 8.277262 
72829576120207 -2.346224 4.678953 8.292950 
72829594878176 -2.331575 4.670788 8.301679 
72829613636144 -2.317862 4.684561 8.297758 
72829632394113 -2.323402 4.701843 8.286427 
72829651152134 -2.338351 4.717050 8.273569 
72829669910103 -2.354905 4.734742 8.258755 
72829688668019 -2.357160 4.748839 8.250012 
72829707426092 -2.340843 4.770929 8.241910 
72829726184061 -2.315767 4.728737 8.273250 
72829744942030 -2.276918 4.643398 8.332160 
72829763700051 -2.212364 4.559807 8.395474 
72829782458019 -2.143074 4.477637 8.457446 
72829801215988 -2.070041 4.391551 8.520539 
72829819974009 -2.017808 4.300894 8.579111 
72829838731978 -1.969809 4.218007 8.631262 
72829857489947 -1.922600 4.131452 8.683610 
72829876247967 -1.859944 4.046492 8.737100 
72829895005988 -1.786745 3.977102 8.784111 
72829913763957 -1.727044 3.916033 8.823400 
72829932521926 -1.686555 3.876444 8.848678 
72829951279947 -1.650461 3.884681 8.851871 
72829970037915 -1.607358 3.904660 8.851012 
72829988795936 -1.552921 3.884874 8.869418 
72830007553905 -1.488680 3.833054 8.902916 
72830026311926 -1.408463 3.776322 8.940135 
72830045069947 -1.338700 3.732355 8.969270 
72830063827967 -1.297131 3.714304 8.982862 
72830082585936 -1.270209 3.720298 8.984227 
72830101343957 -1.265138 3.735691 8.978554 
72830120101926 -1.265663 3.748342 8.973206 
72830138859947 -1.249426 3.748996 8.975207 
72830157617967 -1.217793 3.739170 8.983651 
72830176375988 -1.175499 3.729873 8.993145 
72830195133957 -1.145914 3.723403 8.999641 
72830213891978 -1.143836 3.733594 8.995683 
72830232649999 -1.148942 3.756268 8.985587 
72830251408019 -1.144204 3.771755 8.979702 
72830270166040 -1.129519 3.770404 8.982129 
72830288924061 -1.112103 3.758428 8.989317 
72830307682082 -1.090696 3.764095 8.989569 
72830326440051 -1.088242 3.803088 8.973441 
72830345198072 -1.119070 3.833784 8.956572 
72830363956092 -1.218167 3.923013 8.904854 
72830382714113 -1.335576 4.067498 8.822816 
72830401472134 -1.426141 4.207376 8.742682 
72830420230155 -1.502113 4.289155 8.690063 
72830438988176 -1.574478 4.315482 8.664181 
72830457746197 -1.628667 4.315494 8.654151 
72830476504269 -1.632626 4.297869 8.662173 
72830495262290 -1.599242 4.267190 8.683542 
72830514020311 -1.557482 4.226025 8.711220 
72830532778332 -1.532307 4.190948 8.732604 
72830551536353 -1.530237 4.160802 8.747372 
72830570294374 -1.531822 4.125770 8.763671 
72830589052394 -1.520437 4.110857 8.772657 
72830607810467 -1.503130 4.118225 8.772183 
72830626568488 -1.509598 4.139185 8.761202 
72830645326509 -1.515335 4.184450 8.738680 
72830664084582 -1.492708 4.227935 8.721627 
72830682842603 -1.456210 4.216902 8.733131 
72830701600624 -1.408509 4.150332 8.772755 
72830720358644 -1.349729 4.068458 8.820219 
72830739116717 -1.307618 4.018306 8.849504 
72830757874738 -1.315329 4.039873 8.838535 
72830776632811 -1.303429 4.096693 8.814112 
72830795390832 -1.233231 4.087883 8.828293 
72830814148853 -1.142075 4.022812 8.870346 
72830832906926 -1.100400 3.956142 8.905528 
72830851664999 -1.113755 3.925009 8.917637 
72830870423019 -1.147016 3.955800 8.899797 
72830889181040 -1.167019 4.010701 8.872583 
72830907939113 -1.148961 4.040707 8.861318 
72830926697186 -1.114981 4.017108 8.876376 
72830945455207 -1.076667 3.955878 8.908547 
72830964213280 -1.045194 3.912376 8.931477 
72830982971353 -1.005867 3.893101 8.944405 
72831001729374 -0.967713 3.890471 8.949757 
72831020487447 -0.932657 3.884280 8.956166 
72831039245519 -0.907702 3.869911 8.964947 
72831058003592 -0.891959 3.839715 8.979498 
72831076761665 -0.871840 3.812178 8.993196 
72831095519686 -0.849041 3.799316 9.000817 
72831114277759 -0.825859 3.797950 9.003550 
72831133035832 -0.803863 3.795415 9.006611 
72831151793905 -0.785207 3.778961 9.015170 
72831170551978 -0.770742 3.762029 9.023497 
72831189309999 -0.755372 3.771253 9.020946 
72831208068124 -0.739927 3.796826 9.011493 
72831226826144 -0.726059 3.815706 9.004644 
72831245584269 -0.712768 3.817150 9.005094 
72831264342342 -0.701923 3.802787 9.012020 
72831283100415 -0.694394 3.788929 9.018437 
72831301858488 -0.693915 3.781454 9.021611 
72831320616561 -0.700661 3.787091 9.018724 
72831339374582 -0.711259 3.809601 9.008410 
72831358132707 -0.720490 3.835737 8.996577 
72831376890832 -0.724503 3.851492 8.989521 
72831395648853 -0.720935 3.848958 8.990892 
72831414406978 -0.714298 3.826216 9.001123 
72831433165051 -0.712053 3.797468 9.013468 
72831451923124 -0.709911 3.778211 9.021726 
72831470681249 -0.704924 3.772661 9.024439 
72831489439322 -0.700499 3.771300 9.025353 
72831508197394 -0.698348 3.764724 9.028264 
72831526955519 -0.693036 3.748982 9.035221 
72831545713592 -0.686145 3.732849 9.042424 
72831564471665 -0.663685 3.721231 9.048886 
72831583229790 -0.622489 3.708424 9.057068 
72831601987863 -0.581213 3.674255 9.073723 
72831620745988 -0.557546 3.612901 9.099806 
72831639504061 -0.545079 3.528283 9.133702 
72831658262134 -0.528973 3.448352 9.165121 
72831677020311 -0.498272 3.402223 9.184061 
72831695778436 -0.457418 3.377005 9.195488 
72831714536509 -0.429699 3.348195 9.207353 
72831733294582 -0.427870 3.314005 9.219798 
72831752052707 -0.442523 3.294367 9.226142 
72831770810832 -0.456144 3.300755 9.223196 
72831789568957 -0.455870 3.314054 9.218439 
72831808327082 -0.452025 3.306089 9.221487 
72831827085207 -0.440557 3.283616 9.230068 
72831845843332 -0.435171 3.263846 9.237333 
72831864601457 -0.418521 3.260985 9.239112 
72831883359530 -0.394120 3.262553 9.239633 
72831902117603 -0.363001 3.249547 9.245488 
72831920875728 -0.345969 3.223835 9.255138 
72831939633853 -0.362605 3.200167 9.262712 
72831958391978 -0.447767 3.175034 9.267634 
72831977150103 -0.616042 3.156523 9.264299 
72831995908228 -0.818146 3.191029 9.236794 
72832014666405 -0.933133 3.293818 9.189691 
72832033424582 -0.910786 3.404497 9.151516 
72832052182707 -0.860452 3.469079 9.132113 
72832070940832 -0.852521 3.496184 9.122516 
72832089698905 -0.862960 3.516645 9.113666 
72832108457082 -0.862729 3.545473 9.102511 
72832127215207 -0.840773 3.579532 9.091228 
72832145973332 -0.802374 3.611531 9.082039 
72832164731509 -0.778219 3.624261 9.079069 
72832183489686 -0.787778 3.605125 9.085861 
72832202247811 -0.796282 3.593758 9.089622 
72832221005936 -0.798763 3.619620 9.079137 
72832239764061 -0.795439 3.642194 9.070395 
72832258522238 -0.771042 3.633384 9.076035 
72832277280415 -0.753147 3.600841 9.090495 
72832296038540 -0.740488 3.570736 9.103401 
72832314796665 -0.734755 3.549780 9.112057 
72832333554894 -0.738288 3.526326 9.120874 
72832352313019 -0.740153 3.500473 9.130676 
72832371071144 -0.734809 3.482834 9.137850 
72832389829374 -0.725732 3.472649 9.142450 
72832408587499 -0.713244 3.476412 9.142003 
72832427345676 -0.711841 3.488724 9.137422 
72832446103853 -0.718270 3.489261 9.136713 
72832464861978 -0.747645 3.541349 9.114288 
72832483620207 -0.768844 3.615334 9.083426 
72832502378332 -0.775854 3.659931 9.064951 
72832521136509 -0.769794 3.658510 9.066041 
72832539894686 -0.737417 3.599067 9.092487 
