# Created at Fri Jan 31 08:52:23 GMT+01:00 2025 in Burnaby Canada 
72313943200986 0.000000 0.000000 0.000000 
72313961959215 0.000000 0.000000 0.000000 
72313980717340 0.000000 0.000000 0.000000 
72313999475465 0.000000 0.000000 0.000000 
72314018233590 0.000000 0.000000 0.000000 
72314036991715 0.000000 0.000000 0.000000 
72314055749944 0.000000 0.000000 0.000000 
72314074508069 0.000000 0.000000 0.000000 
72314093266194 0.000000 0.000000 0.000000 
72314112024319 0.000000 0.000000 0.000000 
72314130782549 0.000000 0.000000 0.000000 
72314149540674 0.000000 0.000000 0.000000 
72314168298799 0.000000 0.000000 0.000000 
72314187056924 0.000000 0.000000 0.000000 
72314205815153 0.000000 0.000000 0.000000 
72314224573278 0.000000 0.000000 0.000000 
72314243331403 0.000000 0.000000 0.000000 
72314262089528 0.000000 0.000000 0.000000 
72314280847653 0.000000 0.000000 0.000000 
72314299605778 0.000000 0.000000 0.000000 
72314318364007 0.000000 0.000000 0.000000 
72314337122132 0.000000 0.000000 0.000000 
72314355880257 0.000000 0.000000 0.000000 
72314374638382 0.000000 0.000000 0.000000 
72314393396611 0.000000 0.000000 0.000000 
72314412154736 0.000000 0.000000 0.000000 
72314430912861 0.000000 0.000000 0.000000 
72314449670986 0.000000 0.000000 0.000000 
72314468429111 0.000000 0.000000 0.000000 
72314487187340 0.000000 0.000000 0.000000 
72314505945465 0.000000 0.000000 0.000000 
72314524703590 0.000000 0.000000 0.000000 
72314543461715 0.000000 0.000000 0.000000 
72314562219840 0.000000 0.000000 0.000000 
72314580978069 0.000000 0.000000 0.000000 
72314599736194 0.000000 0.000000 0.000000 
72314618494319 0.000000 0.000000 0.000000 
72314637252444 0.000000 0.000000 0.000000 
72314656010569 0.000000 0.000000 0.000000 
72314674768799 0.000000 0.000000 0.000000 
72314693526924 0.000000 0.000000 0.000000 
72314712285049 0.000000 0.000000 0.000000 
72314731043174 0.000000 0.000000 0.000000 
72314749801299 0.000000 0.000000 0.000000 
72314768559424 0.000000 0.000000 0.000000 
72314787317653 0.000000 0.000000 0.000000 
72314806075778 0.000000 0.000000 0.000000 
72314824833903 0.000000 0.000000 0.000000 
72314843592028 0.000000 0.000000 0.000000 
72314862350153 0.000000 0.000000 0.000000 
72314881108382 0.000000 0.000000 0.000000 
72314899866507 0.000000 0.000000 0.000000 
72314918624632 0.000000 0.000000 0.000000 
72314937382757 0.000000 0.000000 0.000000 
72314956140882 0.000000 0.000000 0.000000 
72314974899111 0.000000 0.000000 0.000000 
72314993657236 0.000000 0.000000 0.000000 
72315012415361 0.000000 0.000000 0.000000 
72315031173486 0.000000 0.000000 0.000000 
72315049931611 0.000000 0.000000 0.000000 
72315068689736 0.000000 0.000000 0.000000 
72315087447965 0.000000 0.000000 0.000000 
72315106206090 0.000000 0.000000 0.000000 
72315124964215 0.000000 0.000000 0.000000 
72315143722340 0.000000 0.000000 0.000000 
72315162480465 0.000000 0.000000 0.000000 
72315181238694 0.000000 0.000000 0.000000 
72315199996819 0.000000 0.000000 0.000000 
72315218754944 0.000000 0.000000 0.000000 
72315237513069 0.000000 0.000000 0.000000 
72315256271194 0.000000 0.000000 0.000000 
72315275029319 0.000000 0.000000 0.000000 
72315293787549 0.000000 0.000000 0.000000 
72315312545674 0.000000 0.000000 0.000000 
72315331303799 0.000000 0.000000 0.000000 
72315350061924 0.000000 0.000000 0.000000 
72315368820153 0.000000 0.000000 0.000000 
72315387578174 0.000000 0.000000 0.000000 
72315406336403 0.000000 0.000000 0.000000 
72315425094528 0.000000 0.000000 0.000000 
72315443852653 0.000000 0.000000 0.000000 
72315462610882 0.000000 0.000000 0.000000 
72315481368903 0.000000 0.000000 0.000000 
72315500127132 0.000000 0.000000 0.000000 
72315518885257 0.000000 0.000000 0.000000 
72315537643382 0.000000 0.000000 0.000000 
72315556401611 0.000000 0.000000 0.000000 
72315575159736 0.000000 0.000000 0.000000 
72315593917861 0.000000 0.000000 0.000000 
72315612675986 0.000000 0.000000 0.000000 
72315631434111 0.000000 0.000000 0.000000 
72315650192340 0.000000 0.000000 0.000000 
72315668950465 0.000000 0.000000 0.000000 
72315687708590 0.000000 0.000000 0.000000 
72315706466715 0.000000 0.000000 0.000000 
72315725224944 0.000000 0.000000 0.000000 
72315742988903 0.000000 0.000000 0.000000 
72315761747080 0.000000 0.000000 0.000000 
72315780505205 0.000000 0.000000 0.000000 
72315799263382 0.000000 0.000000 0.000000 
72315818021507 0.000000 0.000000 0.000000 
72315836779684 0.000000 0.000000 0.000000 
72315855537809 0.000000 0.000000 0.000000 
72315874295986 0.000000 0.000000 0.000000 
72315893054111 0.000000 0.000000 0.000000 
72315911812288 0.000000 0.000000 0.000000 
72315930570465 0.000000 0.000000 0.000000 
72315949328590 0.000000 0.000000 0.000000 
72315968086767 0.000000 0.000000 0.000000 
72315986844892 0.000000 0.000000 0.000000 
72316005603069 0.000000 0.000000 0.000000 
72316024361194 0.000000 0.000000 0.000000 
72316043119371 0.000000 0.000000 0.000000 
72316061877549 0.000000 0.000000 0.000000 
72316080635674 0.000000 0.000000 0.000000 
72316099393851 0.000000 0.000000 0.000000 
72316118151976 0.000000 0.000000 0.000000 
72316136910153 0.000000 0.000000 0.000000 
72316155668330 0.000000 0.000000 0.000000 
72316174426455 0.000000 0.000000 0.000000 
72316193184632 0.000000 0.000000 0.000000 
72316211942757 0.000000 0.000000 0.000000 
72316230700934 0.000000 0.000000 0.000000 
72316249459111 0.000000 0.000000 0.000000 
72316268217236 0.000000 0.000000 0.000000 
72316286975413 0.000000 0.000000 0.000000 
72316305733538 0.000000 0.000000 0.000000 
72316324491715 0.000000 0.000000 0.000000 
72316343249892 0.000000 0.000000 0.000000 
72316362008017 0.000000 0.000000 0.000000 
72316380766194 0.000000 0.000000 0.000000 
72316399524371 0.000000 0.000000 0.000000 
72316418282496 0.000000 0.000000 0.000000 
72316437040674 0.000000 0.000000 0.000000 
72316455798851 0.000000 0.000000 0.000000 
72316474556976 0.000000 0.000000 0.000000 
72316493315153 0.000000 0.000000 0.000000 
72316512073330 0.000000 0.000000 0.000000 
72316530831455 0.000000 0.000000 0.000000 
72316549589632 0.000000 0.000000 0.000000 
72316568347809 0.000000 0.000000 0.000000 
72316587105934 0.000000 0.000000 0.000000 
72316605864111 0.000000 0.000000 0.000000 
72316624622288 0.000000 0.000000 0.000000 
72316643380465 0.000000 0.000000 0.000000 
72316662138590 0.000000 0.000000 0.000000 
72316680896767 0.000000 0.000000 0.000000 
72316699654944 0.000000 0.000000 0.000000 
72316718413121 0.000000 0.000000 0.000000 
72316737171194 0.000000 0.000000 0.000000 
72316755929424 0.000000 0.000000 0.000000 
72316774687601 0.000000 0.000000 0.000000 
72316793445778 0.000000 0.000000 0.000000 
72316812203955 0.000000 0.000000 0.000000 
72316830962080 0.000000 0.000000 0.000000 
72316849720257 0.000000 0.000000 0.000000 
72316868478434 0.000000 0.000000 0.000000 
72316887236611 0.000000 0.000000 0.000000 
72316905994788 0.000000 0.000000 0.000000 
72316924752913 0.000000 0.000000 0.000000 
72316943511090 0.000000 0.000000 0.000000 
72316962269267 0.000000 0.000000 0.000000 
72316981027444 0.000000 0.000000 0.000000 
72316999785621 0.000000 0.000000 0.000000 
72317018543799 0.000000 0.000000 0.000000 
72317037301976 0.000000 0.000000 0.000000 
72317056060101 0.000000 0.000000 0.000000 
72317074818330 0.000000 0.000000 0.000000 
72317093576455 0.000000 0.000000 0.000000 
72317112334632 0.000000 0.000000 0.000000 
72317131092809 0.000000 0.000000 0.000000 
72317149850986 0.000000 0.000000 0.000000 
72317168609163 0.000000 0.000000 0.000000 
72317187367340 0.000000 0.000000 0.000000 
72317206125517 0.000000 0.000000 0.000000 
72317224883694 0.000000 0.000000 0.000000 
72317243641871 0.000000 0.000000 0.000000 
72317262400049 0.000000 0.000000 0.000000 
72317281158226 0.000000 0.000000 0.000000 
72317299916403 0.000000 0.000000 0.000000 
72317318674580 0.000000 0.000000 0.000000 
72317337432757 0.000000 0.000000 0.000000 
72317356190934 0.000000 0.000000 0.000000 
72317374949059 0.000000 0.000000 0.000000 
72317393707288 0.000000 0.000000 0.000000 
72317412465465 0.000000 0.000000 0.000000 
72317431223642 0.000000 0.000000 0.000000 
72317449981819 0.000000 0.000000 0.000000 
72317468739996 0.000000 0.000000 0.000000 
72317487498226 0.000000 0.000000 0.000000 
72317506256403 0.000000 0.000000 0.000000 
72317525014580 0.000000 0.000000 0.000000 
72317543772757 0.000000 0.000000 0.000000 
72317562530934 0.000000 0.000000 0.000000 
72317581289111 0.000000 0.000000 0.000000 
72317600047288 0.000000 0.000000 0.000000 
72317618805465 0.000000 0.000000 0.000000 
72317637563694 0.000000 0.000000 0.000000 
72317656321871 0.000000 0.000000 0.000000 
72317675080049 0.000000 0.000000 0.000000 
72317693838226 0.000000 0.000000 0.000000 
72317712596403 0.000000 0.000000 0.000000 
72317731354580 0.000000 0.000000 0.000000 
72317750112757 0.000000 0.000000 0.000000 
72317768870934 0.000000 0.000000 0.000000 
72317787629111 0.000000 0.000000 0.000000 
72317806387340 0.000000 0.000000 0.000000 
72317825145517 0.000000 0.000000 0.000000 
72317843903694 0.000000 0.000000 0.000000 
72317862661924 0.000000 0.000000 0.000000 
72317881420101 0.000000 0.000000 0.000000 
72317900178278 0.000000 0.000000 0.000000 
72317918936403 0.000000 0.000000 0.000000 
72317937694684 0.000000 0.000000 0.000000 
72317956452861 0.000000 0.000000 0.000000 
72317975211038 0.000000 0.000000 0.000000 
72317993969215 0.000000 0.000000 0.000000 
72318012727444 0.000000 0.000000 0.000000 
72318031485621 0.000000 0.000000 0.000000 
72318050243799 0.000000 0.000000 0.000000 
72318069001976 0.000000 0.000000 0.000000 
72318087760205 0.000000 0.000000 0.000000 
72318106518382 0.000000 0.000000 0.000000 
72318125276559 0.000000 0.000000 0.000000 
72318144034788 0.000000 0.000000 0.000000 
72318162792965 0.000000 0.000000 0.000000 
72318181551142 0.000000 0.000000 0.000000 
72318200309371 0.000000 0.000000 0.000000 
72318219067549 0.000000 0.000000 0.000000 
72318237825726 0.000000 0.000000 0.000000 
72318256583955 0.000000 0.000000 0.000000 
72318275342132 0.000000 0.000000 0.000000 
72318294100361 0.000000 0.000000 0.000000 
72318312858538 0.000000 0.000000 0.000000 
72318331616715 0.000000 0.000000 0.000000 
72318350374944 0.000000 0.000000 0.000000 
72318369133121 0.000000 0.000000 0.000000 
72318387891351 0.000000 0.000000 0.000000 
72318406649528 0.000000 0.000000 0.000000 
72318425407705 0.000000 0.000000 0.000000 
72318444165934 0.000000 0.000000 0.000000 
72318462924111 0.000000 0.000000 0.000000 
72318481682340 0.000000 0.000000 0.000000 
72318500440517 0.000000 0.000000 0.000000 
72318519198694 0.000000 0.000000 0.000000 
72318537956924 0.000000 0.000000 0.000000 
72318556715101 0.000000 0.000000 0.000000 
72318575473330 0.000000 0.000000 0.000000 
72318594231507 0.000000 0.000000 0.000000 
72318612989736 0.000000 0.000000 0.000000 
72318631747913 0.000000 0.000000 0.000000 
72318650506142 0.000000 0.000000 0.000000 
72318669264319 0.000000 0.000000 0.000000 
72318688022496 0.000000 0.000000 0.000000 
72318706780726 0.000000 0.000000 0.000000 
72318725538903 0.000000 0.000000 0.000000 
72318744297132 0.000000 0.000000 0.000000 
72318763055309 0.000000 0.000000 0.000000 
72318781813538 0.000000 0.000000 0.000000 
72318800571715 0.000000 0.000000 0.000000 
72318819329944 0.000000 0.000000 0.000000 
72318838088121 0.000000 0.000000 0.000000 
72318856846351 0.000000 0.000000 0.000000 
72318875604528 0.000000 0.000000 0.000000 
72318894362757 0.000000 0.000000 0.000000 
72318913120934 0.000000 0.000000 0.000000 
72318931879163 0.000000 0.000000 0.000000 
72318950637340 0.000000 0.000000 0.000000 
72318969395517 0.000000 0.000000 0.000000 
72318988153746 0.000000 0.000000 0.000000 
72319006911924 0.000000 0.000000 0.000000 
72319025670153 0.000000 0.000000 0.000000 
72319044428330 0.000000 0.000000 0.000000 
72319063186559 0.000000 0.000000 0.000000 
72319081944788 0.000000 0.000000 0.000000 
72319100702965 0.000000 0.000000 0.000000 
72319119461194 0.000000 0.000000 0.000000 
72319138219371 0.000000 0.000000 0.000000 
72319156977601 0.000000 0.000000 0.000000 
72319175735778 0.000000 0.000000 0.000000 
72319194494007 0.000000 0.000000 0.000000 
72319213252184 0.000000 0.000000 0.000000 
72319232010413 0.000000 0.000000 0.000000 
72319250768590 0.000000 0.000000 0.000000 
72319269526819 0.000000 0.000000 0.000000 
72319288284996 0.000000 0.000000 0.000000 
72319307043121 0.000000 0.000000 0.000000 
72319325801403 0.000000 0.000000 0.000000 
72319344559632 0.000000 0.000000 0.000000 
72319363317809 0.000000 0.000000 0.000000 
72319382076038 0.000000 0.000000 0.000000 
72319400834215 0.000000 0.000000 0.000000 
72319419592444 0.000000 0.000000 0.000000 
72319438350621 0.000000 0.000000 0.000000 
72319457108799 0.000000 0.000000 0.000000 
72319475867028 0.000000 0.000000 0.000000 
72319494625257 0.000000 0.000000 0.000000 
72319513383486 0.000000 0.000000 0.000000 
72319532141663 0.000000 0.000000 0.000000 
72319550899892 0.000000 0.000000 0.000000 
72319569658069 0.000000 0.000000 0.000000 
72319588416299 0.000000 0.000000 0.000000 
72319607174424 0.000000 0.000000 0.000000 
72319625932705 0.000000 0.000000 0.000000 
72319644690882 0.000000 0.000000 0.000000 
72319663449111 0.000000 0.000000 0.000000 
72319682207340 0.000000 0.000000 0.000000 
72319700965517 0.000000 0.000000 0.000000 
72319719723746 0.000000 0.000000 0.000000 
72319738481871 0.000000 0.000000 0.000000 
72319757240153 0.000000 0.000000 0.000000 
72319775998330 0.000000 0.000000 0.000000 
72319794756559 0.000000 0.000000 0.000000 
72319813514736 0.000000 0.000000 0.000000 
72319832272965 0.000000 0.000000 0.000000 
72319851031090 0.000000 0.000000 0.000000 
72319869789371 0.000000 0.000000 0.000000 
72319888547549 0.000000 0.000000 0.000000 
72319907305778 0.000000 0.000000 0.000000 
72319926064007 0.000000 0.000000 0.000000 
72319944822184 0.000000 0.000000 0.000000 
72319963580413 0.000000 0.000000 0.000000 
72319982338590 0.000000 0.000000 0.000000 
72320001096767 0.000000 0.000000 0.000000 
72320019854996 0.000000 0.000000 0.000000 
72320038613226 0.000000 0.000000 0.000000 
72320057371403 0.000000 0.000000 0.000000 
72320076129632 0.000000 0.000000 0.000000 
72320094887809 0.000000 0.000000 0.000000 
72320113646038 0.000000 0.000000 0.000000 
72320132404215 0.000000 0.000000 0.000000 
72320151162444 0.000000 0.000000 0.000000 
72320169920621 0.000000 0.000000 0.000000 
72320188678851 0.000000 0.000000 0.000000 
72320207437028 0.000000 0.000000 0.000000 
72320226195257 0.000000 0.000000 0.000000 
72320244953434 0.000000 0.000000 0.000000 
72320263711663 0.000000 0.000000 0.000000 
72320282469840 0.000000 0.000000 0.000000 
72320301228069 0.000000 0.000000 0.000000 
72320319986246 0.000000 0.000000 0.000000 
72320338744424 0.000000 0.000000 0.000000 
72320357502653 0.000000 0.000000 0.000000 
72320376260830 0.000000 0.000000 0.000000 
72320395019059 0.000000 0.000000 0.000000 
72320413777236 0.000000 0.000000 0.000000 
72320432535465 0.000000 0.000000 0.000000 
72320451293642 0.000000 0.000000 0.000000 
72320470051871 0.000000 0.000000 0.000000 
72320488810049 0.000000 0.000000 0.000000 
72320507568278 0.000000 0.000000 0.000000 
72320526326455 0.000000 0.000000 0.000000 
72320545084684 0.000000 0.000000 0.000000 
72320563842861 0.000000 0.000000 0.000000 
72320582601090 0.000000 0.000000 0.000000 
72320601359267 0.000000 0.000000 0.000000 
72320620117496 0.000000 0.000000 0.000000 
72320638875674 0.000000 0.000000 0.000000 
72320657633903 0.000000 0.000000 0.000000 
72320676392080 0.000000 0.000000 0.000000 
72320695150257 0.000000 0.000000 0.000000 
72320713908486 0.000000 0.000000 0.000000 
72320732666663 0.000000 0.000000 0.000000 
72320751424892 0.000000 0.000000 0.000000 
72320770183017 0.000000 0.000000 0.000000 
72320788940882 0.000000 0.000000 0.000000 
72320807699476 0.000000 0.000000 0.000000 
72320826457705 0.000000 0.000000 0.000000 
72320845215882 0.000000 0.000000 0.000000 
72320863974111 0.000000 0.000000 0.000000 
72320882732288 0.000000 0.000000 0.000000 
72320901490465 0.000000 0.000000 0.000000 
72320920248694 0.000000 0.000000 0.000000 
72320939006871 0.000000 0.000000 0.000000 
72320957765101 0.000000 0.000000 0.000000 
72320976523278 0.000000 0.000000 0.000000 
72320995281455 0.000000 0.000000 0.000000 
72321014039684 0.000000 0.000000 0.000000 
72321032797861 0.000000 0.000000 0.000000 
72321051556038 0.000000 0.000000 0.000000 
72321070314267 0.000000 0.000000 0.000000 
72321089072444 0.000000 0.000000 0.000000 
72321107830621 0.000000 0.000000 0.000000 
72321126588851 0.000000 0.000000 0.000000 
72321145347028 0.000000 0.000000 0.000000 
72321164105205 0.000000 0.000000 0.000000 
72321182863434 0.000000 0.000000 0.000000 
72321201621611 0.000000 0.000000 0.000000 
72321220379788 0.000000 0.000000 0.000000 
72321239138017 0.000000 0.000000 0.000000 
72321257896194 0.000000 0.000000 0.000000 
72321276654371 0.000000 0.000000 0.000000 
72321295412601 0.000000 0.000000 0.000000 
72321314170778 0.000000 0.000000 0.000000 
72321332928955 0.000000 0.000000 0.000000 
72321351687132 0.000000 0.000000 0.000000 
72321370445361 0.000000 0.000000 0.000000 
72321389203538 0.000000 0.000000 0.000000 
72321407961715 0.000000 0.000000 0.000000 
72321426719944 0.000000 0.000000 0.000000 
72321445478121 0.000000 0.000000 0.000000 
72321464236299 0.000000 0.000000 0.000000 
72321482994476 0.000000 0.000000 0.000000 
72321501752653 0.000000 0.000000 0.000000 
72321520510882 0.000000 0.000000 0.000000 
72321539269059 0.000000 0.000000 0.000000 
72321558027236 0.000000 0.000000 0.000000 
72321576785413 0.000000 0.000000 0.000000 
72321595543642 0.000000 0.000000 0.000000 
72321614301819 0.000000 0.000000 0.000000 
72321633059996 0.000000 0.000000 0.000000 
72321651818174 0.000000 0.000000 0.000000 
72321670576403 0.000000 0.000000 0.000000 
72321689334580 0.000000 0.000000 0.000000 
72321708092757 0.000000 0.000000 0.000000 
72321726850934 0.000000 0.000000 0.000000 
72321745609111 0.000000 0.000000 0.000000 
72321764367340 0.000000 0.000000 0.000000 
72321783125517 0.000000 0.000000 0.000000 
72321801883694 0.000000 0.000000 0.000000 
72321820641871 0.000000 0.000000 0.000000 
72321839400049 0.000000 0.000000 0.000000 
72321858158278 0.000000 0.000000 0.000000 
72321876916455 0.000000 0.000000 0.000000 
72321895674580 0.000000 0.000000 0.000000 
72321914432809 0.000000 0.000000 0.000000 
72321933190986 0.000000 0.000000 0.000000 
72321951949163 0.000000 0.000000 0.000000 
72321970707392 0.000000 0.000000 0.000000 
72321989465569 0.000000 0.000000 0.000000 
72322008223746 0.000000 0.000000 0.000000 
72322026981924 0.000000 0.000000 0.000000 
72322045740049 0.000000 0.000000 0.000000 
72322064498278 0.000000 0.000000 0.000000 
72322083256455 0.000000 0.000000 0.000000 
72322102014632 0.000000 0.000000 0.000000 
72322120772809 0.000000 0.000000 0.000000 
72322139530986 0.000000 0.000000 0.000000 
72322158289215 0.000000 0.000000 0.000000 
72322177047392 0.000000 0.000000 0.000000 
72322195805569 0.000000 0.000000 0.000000 
72322214563746 0.000000 0.000000 0.000000 
72322233321924 0.000000 0.000000 0.000000 
72322252080101 0.000000 0.000000 0.000000 
72322270838278 0.000000 0.000000 0.000000 
72322289596455 0.000000 0.000000 0.000000 
72322308354580 0.000000 0.000000 0.000000 
72322327112809 0.000000 0.000000 0.000000 
72322345870986 0.000000 0.000000 0.000000 
72322364629163 0.000000 0.000000 0.000000 
72322383387340 0.000000 0.000000 0.000000 
72322402145517 0.000000 0.000000 0.000000 
72322420903694 0.000000 0.000000 0.000000 
72322439661871 0.000000 0.000000 0.000000 
72322458420049 0.000000 0.000000 0.000000 
72322477178226 0.000000 0.000000 0.000000 
72322495936403 0.000000 0.000000 0.000000 
72322514694580 0.000000 0.000000 0.000000 
72322533452757 0.000000 0.000000 0.000000 
72322552210934 0.000000 0.000000 0.000000 
72322570969111 0.000000 0.000000 0.000000 
72322589726871 0.000000 0.000000 0.000000 
72322608485413 0.000000 0.000000 0.000000 
72322627243590 0.000000 0.000000 0.000000 
72322646001767 0.000000 0.000000 0.000000 
72322664759944 0.000000 0.000000 0.000000 
72322683518121 0.000000 0.000000 0.000000 
72322702276299 0.000000 0.000000 0.000000 
72322721034424 0.000000 0.000000 0.000000 
72322739792601 0.000000 0.000000 0.000000 
72322758550778 0.000000 0.000000 0.000000 
72322777308955 0.000000 0.000000 0.000000 
72322796067132 0.000000 0.000000 0.000000 
72322814825309 0.000000 0.000000 0.000000 
72322833583486 0.000000 0.000000 0.000000 
72322852341663 0.000000 0.000000 0.000000 
72322871099840 0.000000 0.000000 0.000000 
72322889858017 0.000000 0.000000 0.000000 
72322908616142 0.000000 0.000000 0.000000 
72322927374319 0.000000 0.000000 0.000000 
72322946132496 0.000000 0.000000 0.000000 
72322964890674 0.000000 0.000000 0.000000 
72322983648851 0.000000 0.000000 0.000000 
72323002407028 0.000000 0.000000 0.000000 
72323021165205 0.000000 0.000000 0.000000 
72323039923330 0.000000 0.000000 0.000000 
72323058681507 0.000000 0.000000 0.000000 
72323077439684 0.000000 0.000000 0.000000 
72323096197861 0.000000 0.000000 0.000000 
72323114956038 0.000000 0.000000 0.000000 
72323133714163 0.000000 0.000000 0.000000 
72323152472340 0.000000 0.000000 0.000000 
72323171230517 0.000000 0.000000 0.000000 
72323189988694 0.000000 0.000000 0.000000 
72323208746871 0.000000 0.000000 0.000000 
72323227504996 0.000000 0.000000 0.000000 
72323246263174 0.000000 0.000000 0.000000 
72323265021299 0.000000 0.000000 0.000000 
72323283779528 0.000000 0.000000 0.000000 
72323302537653 0.000000 0.000000 0.000000 
72323321295830 0.000000 0.000000 0.000000 
72323340054007 0.000000 0.000000 0.000000 
72323358812184 0.000000 0.000000 0.000000 
72323377570309 0.000000 0.000000 0.000000 
72323396328486 0.000000 0.000000 0.000000 
72323415086663 0.000000 0.000000 0.000000 
72323433844788 0.000000 0.000000 0.000000 
72323452602965 0.000000 0.000000 0.000000 
72323471361142 0.000000 0.000000 0.000000 
72323490119267 0.000000 0.000000 0.000000 
72323508877444 0.000000 0.000000 0.000000 
72323527635621 0.000000 0.000000 0.000000 
72323546393746 0.000000 0.000000 0.000000 
72323565151924 0.000000 0.000000 0.000000 
72323583910049 0.000000 0.000000 0.000000 
72323602668226 0.000000 0.000000 0.000000 
72323621426403 0.000000 0.000000 0.000000 
72323640184528 0.000000 0.000000 0.000000 
72323658942705 0.000000 0.000000 0.000000 
72323677700830 0.000000 0.000000 0.000000 
72323696459007 0.000000 0.000000 0.000000 
72323715217184 0.000000 0.000000 0.000000 
72323733975309 0.000000 0.000000 0.000000 
72323752733486 0.000000 0.000000 0.000000 
72323771491663 0.000000 0.000000 0.000000 
72323790249788 0.000000 0.000000 0.000000 
72323809007965 0.000000 0.000000 0.000000 
72323827766090 0.000000 0.000000 0.000000 
72323846524267 0.000000 0.000000 0.000000 
72323865282392 0.000000 0.000000 0.000000 
72323884040569 0.000000 0.000000 0.000000 
72323902798746 0.000000 0.000000 0.000000 
72323921556871 0.000000 0.000000 0.000000 
72323940315049 0.000000 0.000000 0.000000 
72323959073174 0.000000 0.000000 0.000000 
72323977831351 0.000000 0.000000 0.000000 
72323996589476 0.000000 0.000000 0.000000 
72324015347653 0.000000 0.000000 0.000000 
72324034105778 0.000000 0.000000 0.000000 
72324052863955 0.000000 0.000000 0.000000 
72324071622080 0.000000 0.000000 0.000000 
72324090380257 0.000000 0.000000 0.000000 
72324109138382 0.000000 0.000000 0.000000 
72324127896559 0.000000 0.000000 0.000000 
72324146654684 0.000000 0.000000 0.000000 
72324165412861 0.000000 0.000000 0.000000 
72324184170986 0.000000 0.000000 0.000000 
72324202929163 0.000000 0.000000 0.000000 
72324221687288 0.000000 0.000000 0.000000 
72324240445465 0.000000 0.000000 0.000000 
72324259203590 0.000000 0.000000 0.000000 
72324277961767 0.000000 0.000000 0.000000 
72324296719892 0.000000 0.000000 0.000000 
72324315478017 0.000000 0.000000 0.000000 
72324334236194 0.000000 0.000000 0.000000 
72324352994319 0.000000 0.000000 0.000000 
72324371752496 0.000000 0.000000 0.000000 
72324390510621 0.000000 0.000000 0.000000 
72324409268694 0.000000 0.000000 0.000000 
72324428026924 0.000000 0.000000 0.000000 
72324446785101 0.000000 0.000000 0.000000 
72324465543226 0.000000 0.000000 0.000000 
72324484301351 0.000000 0.000000 0.000000 
72324503129059 0.000000 0.000000 0.000000 
72324521817653 0.000000 0.000000 0.000000 
72324540575830 0.000000 0.000000 0.000000 
72324559333955 0.000000 0.000000 0.000000 
72324578092080 0.000000 0.000000 0.000000 
72324596850257 0.000000 0.000000 0.000000 
72324615608382 0.000000 0.000000 0.000000 
72324634366507 0.000000 0.000000 0.000000 
72324653124684 0.000000 0.000000 0.000000 
72324671882809 0.000000 0.000000 0.000000 
72324690640934 0.000000 0.000000 0.000000 
72324709399059 0.000000 0.000000 0.000000 
72324728157184 0.000000 0.000000 0.000000 
72324746915361 0.000000 0.000000 0.000000 
72324765673486 0.000000 0.000000 0.000000 
72324784431663 0.000000 0.000000 0.000000 
72324803189788 0.000000 0.000000 0.000000 
72324821947913 0.000000 0.000000 0.000000 
72324840706038 0.000000 0.000000 0.000000 
72324859464215 0.000000 0.000000 0.000000 
72324878222340 0.000000 0.000000 0.000000 
72324896980465 0.000000 0.000000 0.000000 
72324915738590 0.000000 0.000000 0.000000 
72324934496767 0.000000 0.000000 0.000000 
72324953254892 0.000000 0.000000 0.000000 
72324972013017 0.000000 0.000000 0.000000 
72324990771142 0.000000 0.000000 0.000000 
72325009529267 0.000000 0.000000 0.000000 
72325028287444 0.000000 0.000000 0.000000 
72325047045569 0.000000 0.000000 0.000000 
72325065803694 0.000000 0.000000 0.000000 
72325084561819 0.000000 0.000000 0.000000 
72325103319944 0.000000 0.000000 0.000000 
72325122078121 0.000000 0.000000 0.000000 
72325140836246 0.000000 0.000000 0.000000 
72325159594371 0.000000 0.000000 0.000000 
72325178352496 0.000000 0.000000 0.000000 
72325197110621 0.000000 0.000000 0.000000 
72325215868746 0.000000 0.000000 0.000000 
72325234626924 0.000000 0.000000 0.000000 
72325253385049 0.000000 0.000000 0.000000 
72325272143174 0.000000 0.000000 0.000000 
72325290901299 0.000000 0.000000 0.000000 
72325309659424 0.000000 0.000000 0.000000 
72325328417549 0.000000 0.000000 0.000000 
72325347175674 0.000000 0.000000 0.000000 
72325365933851 0.000000 0.000000 0.000000 
72325384691976 0.000000 0.000000 0.000000 
72325403450101 0.000000 0.000000 0.000000 
72325422208174 0.000000 0.000000 0.000000 
72325440966351 0.000000 0.000000 0.000000 
72325459724476 0.000000 0.000000 0.000000 
72325478482601 0.000000 0.000000 0.000000 
72325497240726 0.000000 0.000000 0.000000 
72325515998851 0.000000 0.000000 0.000000 
72325534756976 0.000000 0.000000 0.000000 
72325553515101 0.000000 0.000000 0.000000 
72325572273278 0.000000 0.000000 0.000000 
72325591031403 0.000000 0.000000 0.000000 
72325609789528 0.000000 0.000000 0.000000 
72325628547653 0.000000 0.000000 0.000000 
72325647305778 0.000000 0.000000 0.000000 
72325666063903 0.000000 0.000000 0.000000 
72325684822028 0.000000 0.000000 0.000000 
72325703580153 0.000000 0.000000 0.000000 
72325722338278 0.000000 0.000000 0.000000 
72325741096403 0.000000 0.000000 0.000000 
72325759854528 0.000000 0.000000 0.000000 
72325778612653 0.000000 0.000000 0.000000 
72325797370778 0.000000 0.000000 0.000000 
72325816128903 0.000000 0.000000 0.000000 
72325834887028 0.000000 0.000000 0.000000 
72325853645153 0.000000 0.000000 0.000000 
72325872403278 0.000000 0.000000 0.000000 
72325891161403 0.000000 0.000000 0.000000 
72325909919528 0.000000 0.000000 0.000000 
72325928677653 0.000000 0.000000 0.000000 
72325947435778 0.000000 0.000000 0.000000 
72325966193851 0.000000 0.000000 0.000000 
72325984951976 0.000000 0.000000 0.000000 
72326003710101 0.000000 0.000000 0.000000 
72326022468226 0.000000 0.000000 0.000000 
72326041226351 0.000000 0.000000 0.000000 
72326059984476 0.000000 0.000000 0.000000 
72326078742601 0.000000 0.000000 0.000000 
72326097500726 0.000000 0.000000 0.000000 
72326116258851 0.000000 0.000000 0.000000 
72326135016976 0.000000 0.000000 0.000000 
72326153775049 0.000000 0.000000 0.000000 
72326172533174 0.000000 0.000000 0.000000 
72326191291299 0.000000 0.000000 0.000000 
72326210049424 0.000000 0.000000 0.000000 
72326228807549 0.000000 0.000000 0.000000 
72326247565674 0.000000 0.000000 0.000000 
72326266323799 0.000000 0.000000 0.000000 
72326285081871 0.000000 0.000000 0.000000 
72326303839996 0.000000 0.000000 0.000000 
72326322598121 0.000000 0.000000 0.000000 
72326341356246 0.000000 0.000000 0.000000 
72326360114371 0.000000 0.000000 0.000000 
72326378872496 0.000000 0.000000 0.000000 
72326397630569 0.000000 0.000000 0.000000 
72326416388694 0.000000 0.000000 0.000000 
72326435146819 0.000000 0.000000 0.000000 
72326453904944 0.000000 0.000000 0.000000 
72326472663069 0.000000 0.000000 0.000000 
72326491421194 0.000000 0.000000 0.000000 
72326510179267 0.000000 0.000000 0.000000 
72326528937340 0.000000 0.000000 0.000000 
72326547695517 0.000000 0.000000 0.000000 
72326566453642 0.000000 0.000000 0.000000 
72326585211715 0.000000 0.000000 0.000000 
72326603969840 0.000000 0.000000 0.000000 
72326622727965 0.000000 0.000000 0.000000 
72326641486090 0.000000 0.000000 0.000000 
72326660244163 0.000000 0.000000 0.000000 
72326679002288 0.000000 0.000000 0.000000 
72326697760413 0.000000 0.000000 0.000000 
72326716518538 0.000000 0.000000 0.000000 
72326735276611 0.000000 0.000000 0.000000 
72326754034736 0.000000 0.000000 0.000000 
72326772792861 0.000000 0.000000 0.000000 
72326791550986 0.000000 0.000000 0.000000 
72326810309059 0.000000 0.000000 0.000000 
72326829067132 0.000000 0.000000 0.000000 
72326847825309 0.000000 0.000000 0.000000 
72326866583382 0.000000 0.000000 0.000000 
72326885341507 0.000000 0.000000 0.000000 
72326904099632 0.000000 0.000000 0.000000 
72326922857705 0.000000 0.000000 0.000000 
72326941615778 0.000000 0.000000 0.000000 
72326960373955 0.000000 0.000000 0.000000 
72326979132028 0.000000 0.000000 0.000000 
72326997890153 0.000000 0.000000 0.000000 
72327016648278 0.000000 0.000000 0.000000 
72327035406351 0.000000 0.000000 0.000000 
72327054164476 0.000000 0.000000 0.000000 
72327072922601 0.000000 0.000000 0.000000 
72327091680674 0.000000 0.000000 0.000000 
72327110438799 0.000000 0.000000 0.000000 
72327129196924 0.000000 0.000000 0.000000 
72327147954996 0.000000 0.000000 0.000000 
72327166713121 0.000000 0.000000 0.000000 
72327185471194 0.000000 0.000000 0.000000 
72327204229319 0.000000 0.000000 0.000000 
72327222987444 0.000000 0.000000 0.000000 
72327241745517 0.000000 0.000000 0.000000 
72327260503642 0.000000 0.000000 0.000000 
72327279261715 0.000000 0.000000 0.000000 
72327298019840 0.000000 0.000000 0.000000 
72327316777965 0.000000 0.000000 0.000000 
72327335536038 0.000000 0.000000 0.000000 
72327354294163 0.000000 0.000000 0.000000 
72327373052236 0.000000 0.000000 0.000000 
72327391810361 0.000000 0.000000 0.000000 
72327410568434 0.000000 0.000000 0.000000 
72327429326559 0.000000 0.000000 0.000000 
72327448084632 0.000000 0.000000 0.000000 
72327466842757 0.000000 0.000000 0.000000 
72327485600830 0.000000 0.000000 0.000000 
72327504358955 0.000000 0.000000 0.000000 
72327523117028 0.000000 0.000000 0.000000 
72327541875153 0.000000 0.000000 0.000000 
72327560633278 0.000000 0.000000 0.000000 
72327579391351 0.000000 0.000000 0.000000 
72327598149476 0.000000 0.000000 0.000000 
72327616907549 0.000000 0.000000 0.000000 
72327635665674 0.000000 0.000000 0.000000 
72327654423746 0.000000 0.000000 0.000000 
72327673181819 0.000000 0.000000 0.000000 
72327691939944 0.000000 0.000000 0.000000 
72327710698017 0.000000 0.000000 0.000000 
72327729456142 0.000000 0.000000 0.000000 
72327748214215 0.000000 0.000000 0.000000 
72327766972340 0.000000 0.000000 0.000000 
72327785730413 0.000000 0.000000 0.000000 
72327804488538 0.000000 0.000000 0.000000 
72327823246611 0.000000 0.000000 0.000000 
72327842004736 0.000000 0.000000 0.000000 
72327860762809 0.000000 0.000000 0.000000 
72327879520934 0.000000 0.000000 0.000000 
72327898279007 0.000000 0.000000 0.000000 
72327917037132 0.000000 0.000000 0.000000 
72327935795205 0.000000 0.000000 0.000000 
72327954553278 0.000000 0.000000 0.000000 
72327973311403 0.000000 0.000000 0.000000 
72327992069476 0.000000 0.000000 0.000000 
72328010827601 0.000000 0.000000 0.000000 
72328029585674 0.000000 0.000000 0.000000 
72328048343799 0.000000 0.000000 0.000000 
72328067101871 0.000000 0.000000 0.000000 
72328085859944 0.000000 0.000000 0.000000 
72328104618069 0.000000 0.000000 0.000000 
72328123376142 0.000000 0.000000 0.000000 
72328142134267 0.000000 0.000000 0.000000 
72328160892340 0.000000 0.000000 0.000000 
72328179650413 0.000000 0.000000 0.000000 
72328198408538 0.000000 0.000000 0.000000 
72328217166611 0.000000 0.000000 0.000000 
72328235924684 0.000000 0.000000 0.000000 
72328254682809 0.000000 0.000000 0.000000 
72328273440882 0.000000 0.000000 0.000000 
72328292199007 0.000000 0.000000 0.000000 
72328310957080 0.000000 0.000000 0.000000 
72328329715153 0.000000 0.000000 0.000000 
72328348473278 0.000000 0.000000 0.000000 
72328367231351 0.000000 0.000000 0.000000 
72328385989424 0.000000 0.000000 0.000000 
72328404747549 0.000000 0.000000 0.000000 
72328423505621 0.000000 0.000000 0.000000 
72328442263694 0.000000 0.000000 0.000000 
72328461021819 0.000000 0.000000 0.000000 
72328479779892 0.000000 0.000000 0.000000 
72328498537965 0.000000 0.000000 0.000000 
72328517296090 0.000000 0.000000 0.000000 
72328536054163 0.000000 0.000000 0.000000 
72328554812236 0.000000 0.000000 0.000000 
72328573570309 0.000000 0.000000 0.000000 
72328592328434 0.000000 0.000000 0.000000 
72328611086507 0.000000 0.000000 0.000000 
72328629844580 0.000000 0.000000 0.000000 
72328648602705 0.000000 0.000000 0.000000 
72328667360778 0.000000 0.000000 0.000000 
72328686118851 0.000000 0.000000 0.000000 
72328704876924 0.000000 0.000000 0.000000 
72328723635049 0.000000 0.000000 0.000000 
72328742393121 0.000000 0.000000 0.000000 
72328761151194 0.000000 0.000000 0.000000 
72328779909267 0.000000 0.000000 0.000000 
72328798667392 0.000000 0.000000 0.000000 
72328817425465 0.000000 0.000000 0.000000 
72328836183538 0.000000 0.000000 0.000000 
72328854941611 0.000000 0.000000 0.000000 
72328873699684 0.000000 0.000000 0.000000 
72328892457809 0.000000 0.000000 0.000000 
72328911215882 0.000000 0.000000 0.000000 
72328929973903 0.000000 0.000000 0.000000 
72328948731976 0.000000 0.000000 0.000000 
72328967490101 0.000000 0.000000 0.000000 
72328986248226 0.000000 0.000000 0.000000 
72329005006299 0.000000 0.000000 0.000000 
72329023764371 0.000000 0.000000 0.000000 
72329042522392 0.000000 0.000000 0.000000 
72329061280569 0.000000 0.000000 0.000000 
72329080038642 0.000000 0.000000 0.000000 
72329098796715 0.000000 0.000000 0.000000 
72329117554788 0.000000 0.000000 0.000000 
72329136312861 0.000000 0.000000 0.000000 
72329155070934 0.000000 0.000000 0.000000 
72329173829059 0.000000 0.000000 0.000000 
72329192587132 0.000000 0.000000 0.000000 
72329211345205 0.000000 0.000000 0.000000 
72329230103278 0.000000 0.000000 0.000000 
72329248861351 0.000000 0.000000 0.000000 
72329267619424 0.000000 0.000000 0.000000 
72329286377496 0.000000 0.000000 0.000000 
72329305135569 0.000000 0.000000 0.000000 
72329323893694 0.000000 0.000000 0.000000 
72329342651767 0.000000 0.000000 0.000000 
72329361409840 0.000000 0.000000 0.000000 
72329380167913 0.000000 0.000000 0.000000 
72329398925986 0.000000 0.000000 0.000000 
72329417684059 0.000000 0.000000 0.000000 
72329436442132 0.000000 0.000000 0.000000 
72329455200205 0.000000 0.000000 0.000000 
72329473958278 0.000000 0.000000 0.000000 
72329492716351 0.000000 0.000000 0.000000 
72329511474476 0.000000 0.000000 0.000000 
72329530232549 0.000000 0.000000 0.000000 
72329548990621 0.000000 0.000000 0.000000 
72329567748694 0.000000 0.000000 0.000000 
72329586506767 0.000000 0.000000 0.000000 
72329605264840 0.000000 0.000000 0.000000 
72329624022913 0.000000 0.000000 0.000000 
72329642780986 0.000000 0.000000 0.000000 
72329661539059 0.000000 0.000000 0.000000 
72329680297132 0.000000 0.000000 0.000000 
72329699055205 0.000000 0.000000 0.000000 
72329717813278 0.000000 0.000000 0.000000 
72329736571351 0.000000 0.000000 0.000000 
72329755329424 0.000000 0.000000 0.000000 
72329774087496 0.000000 0.000000 0.000000 
72329792845569 0.000000 0.000000 0.000000 
72329811603642 0.000000 0.000000 0.000000 
72329830361715 0.000000 0.000000 0.000000 
72329849119788 0.000000 0.000000 0.000000 
72329867877861 0.000000 0.000000 0.000000 
72329886635934 0.000000 0.000000 0.000000 
72329905394007 0.000000 0.000000 0.000000 
72329924152080 0.000000 0.000000 0.000000 
72329942910153 0.000000 0.000000 0.000000 
72329961668226 0.000000 0.000000 0.000000 
72329980426299 0.000000 0.000000 0.000000 
72329999184371 0.000000 0.000000 0.000000 
72330017942444 0.000000 0.000000 0.000000 
72330036700517 0.000000 0.000000 0.000000 
72330055458590 0.000000 0.000000 0.000000 
72330074216663 0.000000 0.000000 0.000000 
72330092974736 0.000000 0.000000 0.000000 
72330111732809 0.000000 0.000000 0.000000 
72330130490882 0.000000 0.000000 0.000000 
72330149248955 0.000000 0.000000 0.000000 
72330168007028 0.000000 0.000000 0.000000 
72330186765101 0.000000 0.000000 0.000000 
72330205523174 0.000000 0.000000 0.000000 
72330224281246 0.000000 0.000000 0.000000 
72330243039319 0.000000 0.000000 0.000000 
72330261797392 0.000000 0.000000 0.000000 
72330280555413 0.000000 0.000000 0.000000 
72330299313486 0.000000 0.000000 0.000000 
72330318071559 0.000000 0.000000 0.000000 
72330336829632 0.000000 0.000000 0.000000 
72330355587705 0.000000 0.000000 0.000000 
72330374345778 0.000000 0.000000 0.000000 
72330393103851 0.000000 0.000000 0.000000 
72330411861924 0.000000 0.000000 0.000000 
72330430619996 0.000000 0.000000 0.000000 
72330449378069 0.000000 0.000000 0.000000 
72330468136090 0.000000 0.000000 0.000000 
72330486894163 0.000000 0.000000 0.000000 
72330505652236 0.000000 0.000000 0.000000 
72330524410309 0.000000 0.000000 0.000000 
72330543168382 0.000000 0.000000 0.000000 
72330561926455 0.000000 0.000000 0.000000 
72330580684528 0.000000 0.000000 0.000000 
72330599442549 0.000000 0.000000 0.000000 
72330618200621 0.000000 0.000000 0.000000 
72330636958694 0.000000 0.000000 0.000000 
72330655716767 0.000000 0.000000 0.000000 
72330674474840 0.000000 0.000000 0.000000 
72330693232861 0.000000 0.000000 0.000000 
72330711990934 0.000000 0.000000 0.000000 
72330730749007 0.000000 0.000000 0.000000 
72330749507080 0.000000 0.000000 0.000000 
72330768265153 0.000000 0.000000 0.000000 
72330787023226 0.000000 0.000000 0.000000 
72330805781246 0.000000 0.000000 0.000000 
72330824539319 0.000000 0.000000 0.000000 
72330843297392 0.000000 0.000000 0.000000 
72330862055465 0.000000 0.000000 0.000000 
72330880813538 0.000000 0.000000 0.000000 
72330899571559 0.000000 0.000000 0.000000 
72330918329632 0.000000 0.000000 0.000000 
72330937087705 0.000000 0.000000 0.000000 
72330955845778 0.000000 0.000000 0.000000 
72330974603799 0.000000 0.000000 0.000000 
72330993361871 0.000000 0.000000 0.000000 
72331012119944 0.000000 0.000000 0.000000 
72331030878017 0.000000 0.000000 0.000000 
72331049636090 0.000000 0.000000 0.000000 
72331068394111 0.000000 0.000000 0.000000 
72331087152184 0.000000 0.000000 0.000000 
72331105910257 0.000000 0.000000 0.000000 
72331124668278 0.000000 0.000000 0.000000 
72331143426351 0.000000 0.000000 0.000000 
72331162184424 0.000000 0.000000 0.000000 
72331180942496 0.000000 0.000000 0.000000 
72331199700569 0.000000 0.000000 0.000000 
72331218458590 0.000000 0.000000 0.000000 
72331237216663 0.000000 0.000000 0.000000 
72331255974736 0.000000 0.000000 0.000000 
72331274732757 0.000000 0.000000 0.000000 
72331293490830 0.000000 0.000000 0.000000 
72331312248903 0.000000 0.000000 0.000000 
72331331006976 0.000000 0.000000 0.000000 
72331349764996 0.000000 0.000000 0.000000 
72331368523069 0.000000 0.000000 0.000000 
72331387281142 0.000000 0.000000 0.000000 
72331406039163 0.000000 0.000000 0.000000 
72331424797184 0.000000 0.000000 0.000000 
72331443555309 0.000000 0.000000 0.000000 
72331462313382 0.000000 0.000000 0.000000 
72331481071403 0.000000 0.000000 0.000000 
72331499829476 0.000000 0.000000 0.000000 
72331518587496 0.000000 0.000000 0.000000 
72331537345569 0.000000 0.000000 0.000000 
72331556103642 0.000000 0.000000 0.000000 
72331574861663 0.000000 0.000000 0.000000 
72331593619736 0.000000 0.000000 0.000000 
72331612377809 0.000000 0.000000 0.000000 
72331631135830 0.000000 0.000000 0.000000 
72331649893903 0.000000 0.000000 0.000000 
72331668651976 0.000000 0.000000 0.000000 
72331687409996 0.000000 0.000000 0.000000 
72331706168069 0.000000 0.000000 0.000000 
72331724926090 0.000000 0.000000 0.000000 
72331743684163 0.000000 0.000000 0.000000 
72331762442236 0.000000 0.000000 0.000000 
72331781200257 0.000000 0.000000 0.000000 
72331799958330 0.000000 0.000000 0.000000 
72331818716351 0.000000 0.000000 0.000000 
72331837474424 0.000000 0.000000 0.000000 
72331856232496 0.000000 0.000000 0.000000 
72331874990517 0.000000 0.000000 0.000000 
72331893748590 0.000000 0.000000 0.000000 
72331912506611 0.000000 0.000000 0.000000 
72331931264684 0.000000 0.000000 0.000000 
72331950022705 0.000000 0.000000 0.000000 
72331968780778 0.000000 0.000000 0.000000 
72331987538799 0.000000 0.000000 0.000000 
72332006296871 0.000000 0.000000 0.000000 
72332025054944 0.000000 0.000000 0.000000 
72332043812965 0.000000 0.000000 0.000000 
72332062620621 0.000000 0.000000 0.000000 
72332081329059 0.000000 0.000000 0.000000 
72332100087132 0.000000 0.000000 0.000000 
72332118845153 0.000000 0.000000 0.000000 
72332137603226 0.000000 0.000000 0.000000 
72332156361246 0.000000 0.000000 0.000000 
72332175119319 0.000000 0.000000 0.000000 
72332193877340 0.000000 0.000000 0.000000 
72332212635413 0.000000 0.000000 0.000000 
72332231393434 0.000000 0.000000 0.000000 
72332250151507 0.000000 0.000000 0.000000 
72332268909059 0.000000 0.000000 0.000000 
72332287667601 0.000000 0.000000 0.000000 
72332306425621 0.000000 0.000000 0.000000 
72332325183642 0.000000 0.000000 0.000000 
72332343941715 0.000000 0.000000 0.000000 
72332362699736 0.000000 0.000000 0.000000 
72332381457809 0.000000 0.000000 0.000000 
72332400215830 0.000000 0.000000 0.000000 
72332418973903 0.000000 0.000000 0.000000 
72332437731924 0.000000 0.000000 0.000000 
72332456489996 0.000000 0.000000 0.000000 
72332475248017 0.000000 0.000000 0.000000 
72332494006090 0.000000 0.000000 0.000000 
72332512764111 0.000000 0.000000 0.000000 
72332531522184 0.000000 0.000000 0.000000 
72332550280205 0.000000 0.000000 0.000000 
72332569038278 0.000000 0.000000 0.000000 
72332587796299 0.000000 0.000000 0.000000 
72332606554371 0.000000 0.000000 0.000000 
72332625312392 0.000000 0.000000 0.000000 
72332644070465 0.000000 0.000000 0.000000 
72332662828486 0.000000 0.000000 0.000000 
72332681586507 0.000000 0.000000 0.000000 
72332700344580 0.000000 0.000000 0.000000 
72332719102601 0.000000 0.000000 0.000000 
72332737860674 0.000000 0.000000 0.000000 
72332756618694 0.000000 0.000000 0.000000 
72332775376767 0.000000 0.000000 0.000000 
72332794134788 0.000000 0.000000 0.000000 
72332812892809 0.000000 0.000000 0.000000 
72332831650882 0.000000 0.000000 0.000000 
72332850408903 0.000000 0.000000 0.000000 
72332869166976 0.000000 0.000000 0.000000 
72332887924996 0.000000 0.000000 0.000000 
72332906683017 0.000000 0.000000 0.000000 
72332925441090 0.000000 0.000000 0.000000 
72332944199111 0.000000 0.000000 0.000000 
72332962957132 0.000000 0.000000 0.000000 
72332981715205 0.000000 0.000000 0.000000 
72333000473226 0.000000 0.000000 0.000000 
72333019231246 0.000000 0.000000 0.000000 
72333037989319 0.000000 0.000000 0.000000 
72333056747340 0.000000 0.000000 0.000000 
72333075505413 0.000000 0.000000 0.000000 
72333094263434 0.000000 0.000000 0.000000 
72333113021455 0.000000 0.000000 0.000000 
72333131779528 0.000000 0.000000 0.000000 
72333150537549 0.000000 0.000000 0.000000 
72333169295569 0.000000 0.000000 0.000000 
72333188053642 0.000000 0.000000 0.000000 
72333206811663 0.000000 0.000000 0.000000 
72333225569684 0.000000 0.000000 0.000000 
72333244327757 0.000000 0.000000 0.000000 
72333263085778 0.000000 0.000000 0.000000 
72333281843799 0.000000 0.000000 0.000000 
72333300601871 0.000000 0.000000 0.000000 
72333319359892 0.000000 0.000000 0.000000 
72333338117913 0.000000 0.000000 0.000000 
72333356875986 0.000000 0.000000 0.000000 
72333375634007 0.000000 0.000000 0.000000 
72333394392028 0.000000 0.000000 0.000000 
72333413150049 0.000000 0.000000 0.000000 
72333431908121 0.000000 0.000000 0.000000 
72333450666142 0.000000 0.000000 0.000000 
72333469424163 0.000000 0.000000 0.000000 
72333488182236 0.000000 0.000000 0.000000 
72333506940257 0.000000 0.000000 0.000000 
72333525698278 0.000000 0.000000 0.000000 
72333544456299 0.000000 0.000000 0.000000 
72333563214371 0.000000 0.000000 0.000000 
72333581972392 0.000000 0.000000 0.000000 
72333600730465 0.000000 0.000000 0.000000 
72333619488486 0.000000 0.000000 0.000000 
72333638246507 0.000000 0.000000 0.000000 
72333657004528 0.000000 0.000000 0.000000 
72333675762601 0.000000 0.000000 0.000000 
72333694520621 0.000000 0.000000 0.000000 
72333713278642 0.000000 0.000000 0.000000 
72333732036663 0.000000 0.000000 0.000000 
72333750794736 0.000000 0.000000 0.000000 
72333769552757 0.000000 0.000000 0.000000 
72333788310778 0.000000 0.000000 0.000000 
72333807068799 0.000000 0.000000 0.000000 
72333825826871 0.000000 0.000000 0.000000 
72333844584892 0.000000 0.000000 0.000000 
72333863342861 0.000000 0.000000 0.000000 
72333882100934 0.000000 0.000000 0.000000 
72333900858955 0.000000 0.000000 0.000000 
72333919617028 0.000000 0.000000 0.000000 
72333938375049 0.000000 0.000000 0.000000 
72333957133069 0.000000 0.000000 0.000000 
72333975891090 0.000000 0.000000 0.000000 
72333994649163 0.000000 0.000000 0.000000 
72334013407184 0.000000 0.000000 0.000000 
72334032165205 0.000000 0.000000 0.000000 
72334050923226 0.000000 0.000000 0.000000 
72334069681246 0.000000 0.000000 0.000000 
72334088439267 0.000000 0.000000 0.000000 
72334107197340 0.000000 0.000000 0.000000 
72334125955361 0.000000 0.000000 0.000000 
72334144713382 0.000000 0.000000 0.000000 
72334163471403 0.000000 0.000000 0.000000 
72334182229424 0.000000 0.000000 0.000000 
72334200987444 0.000000 0.000000 0.000000 
72334219745517 0.000000 0.000000 0.000000 
72334238503538 0.000000 0.000000 0.000000 
72334257261559 0.000000 0.000000 0.000000 
72334276019580 0.000000 0.000000 0.000000 
72334294777601 0.000000 0.000000 0.000000 
72334313535621 0.000000 0.000000 0.000000 
72334332293642 0.000000 0.000000 0.000000 
72334351051663 0.000000 0.000000 0.000000 
72334369809736 0.000000 0.000000 0.000000 
72334388567757 0.000000 0.000000 0.000000 
72334407325778 0.000000 0.000000 0.000000 
72334426083799 0.000000 0.000000 0.000000 
72334444841819 0.000000 0.000000 0.000000 
72334463599840 0.000000 0.000000 0.000000 
72334482357861 0.000000 0.000000 0.000000 
72334501115882 0.000000 0.000000 0.000000 
72334519873903 0.000000 0.000000 0.000000 
72334538631976 0.000000 0.000000 0.000000 
72334557389996 0.000000 0.000000 0.000000 
72334576148017 0.000000 0.000000 0.000000 
72334594906038 0.000000 0.000000 0.000000 
72334613664059 0.000000 0.000000 0.000000 
72334632422080 0.000000 0.000000 0.000000 
72334651180101 0.000000 0.000000 0.000000 
72334669938121 0.000000 0.000000 0.000000 
72334688696142 0.000000 0.000000 0.000000 
72334707454163 0.000000 0.000000 0.000000 
72334726212184 0.000000 0.000000 0.000000 
72334744970257 0.000000 0.000000 0.000000 
72334763728174 0.000000 0.000000 0.000000 
72334782486299 0.000000 0.000000 0.000000 
72334801244319 0.000000 0.000000 0.000000 
72334820002340 0.000000 0.000000 0.000000 
72334838760361 0.000000 0.000000 0.000000 
72334857518382 0.000000 0.000000 0.000000 
72334876276351 0.000000 0.000000 0.000000 
72334895034371 0.000000 0.000000 0.000000 
72334913792444 0.000000 0.000000 0.000000 
72334932550465 0.000000 0.000000 0.000000 
72334951308486 0.000000 0.000000 0.000000 
72334970066507 0.000000 0.000000 0.000000 
72334988824528 0.000000 0.000000 0.000000 
72335007582549 0.000000 0.000000 0.000000 
72335026340569 0.000000 0.000000 0.000000 
72335045098590 0.000000 0.000000 0.000000 
72335063856611 0.000000 0.000000 0.000000 
72335082614632 0.000000 0.000000 0.000000 
72335101372653 0.000000 0.000000 0.000000 
72335120130674 0.000000 0.000000 0.000000 
72335138888694 0.000000 0.000000 0.000000 
72335157646715 0.000000 0.000000 0.000000 
72335176404736 0.000000 0.000000 0.000000 
72335195162757 0.000000 0.000000 0.000000 
72335213920778 0.000000 0.000000 0.000000 
72335232678799 0.000000 0.000000 0.000000 
72335251436819 0.000000 0.000000 0.000000 
72335270194840 0.000000 0.000000 0.000000 
72335288952861 0.000000 0.000000 0.000000 
72335307710882 0.000000 0.000000 0.000000 
72335326468903 0.000000 0.000000 0.000000 
72335345226924 0.000000 0.000000 0.000000 
72335363984944 0.000000 0.000000 0.000000 
72335382742965 0.000000 0.000000 0.000000 
72335401500986 0.000000 0.000000 0.000000 
72335420259007 0.000000 0.000000 0.000000 
72335439017028 0.000000 0.000000 0.000000 
72335457775049 0.000000 0.000000 0.000000 
72335476533069 0.000000 0.000000 0.000000 
72335495291090 0.000000 0.000000 0.000000 
72335514049111 0.000000 0.000000 0.000000 
72335532807132 0.000000 0.000000 0.000000 
72335551565153 0.000000 0.000000 0.000000 
72335570323174 0.000000 0.000000 0.000000 
72335589081194 0.000000 0.000000 0.000000 
72335607839215 0.000000 0.000000 0.000000 
72335626597184 0.000000 0.000000 0.000000 
72335645355205 0.000000 0.000000 0.000000 
72335664113226 0.000000 0.000000 0.000000 
72335682871246 0.000000 0.000000 0.000000 
72335701629267 0.000000 0.000000 0.000000 
72335720387288 0.000000 0.000000 0.000000 
72335739145309 0.000000 0.000000 0.000000 
72335757903330 0.000000 0.000000 0.000000 
72335776661351 0.000000 0.000000 0.000000 
72335795419371 0.000000 0.000000 0.000000 
72335814177392 0.000000 0.000000 0.000000 
72335832935413 0.000000 0.000000 0.000000 
72335851693382 0.000000 0.000000 0.000000 
72335870451403 0.000000 0.000000 0.000000 
72335889209424 0.000000 0.000000 0.000000 
72335907967444 0.000000 0.000000 0.000000 
72335926725465 0.000000 0.000000 0.000000 
72335945483486 0.000000 0.000000 0.000000 
72335964241507 0.000000 0.000000 0.000000 
72335982999528 0.000000 0.000000 0.000000 
72336001757496 0.000000 0.000000 0.000000 
72336020515517 0.000000 0.000000 0.000000 
72336039273538 0.000000 0.000000 0.000000 
72336058031559 0.000000 0.000000 0.000000 
72336076789580 0.000000 0.000000 0.000000 
72336095547601 0.000000 0.000000 0.000000 
72336114305621 0.000000 0.000000 0.000000 
72336133063590 0.000000 0.000000 0.000000 
72336151821611 0.000000 0.000000 0.000000 
72336170579632 0.000000 0.000000 0.000000 
72336189337653 0.000000 0.000000 0.000000 
72336208095674 0.000000 0.000000 0.000000 
72336226853694 0.000000 0.000000 0.000000 
72336245611663 0.000000 0.000000 0.000000 
72336264369684 0.000000 0.000000 0.000000 
72336283127653 0.000000 0.000000 0.000000 
72336301885726 0.000000 0.000000 0.000000 
72336320643746 0.000000 0.000000 0.000000 
72336339401715 0.000000 0.000000 0.000000 
72336358159736 0.000000 0.000000 0.000000 
72336376917757 0.000000 0.000000 0.000000 
72336395675778 0.000000 0.000000 0.000000 
72336414433799 0.000000 0.000000 0.000000 
72336433191819 0.000000 0.000000 0.000000 
72336451949788 0.000000 0.000000 0.000000 
72336470707809 0.000000 0.000000 0.000000 
72336489465830 0.000000 0.000000 0.000000 
72336508223851 0.000000 0.000000 0.000000 
72336526981819 0.000000 0.000000 0.000000 
72336545739840 0.000000 0.000000 0.000000 
72336564497861 0.000000 0.000000 0.000000 
72336583255830 0.000000 0.000000 0.000000 
72336602013851 0.000000 0.000000 0.000000 
72336620771871 0.000000 0.000000 0.000000 
72336639529892 0.000000 0.000000 0.000000 
72336658287913 0.000000 0.000000 0.000000 
72336677045882 0.000000 0.000000 0.000000 
72336695803903 0.000000 0.000000 0.000000 
72336714561924 0.000000 0.000000 0.000000 
72336733319944 0.000000 0.000000 0.000000 
72336752077965 0.000000 0.000000 0.000000 
72336770835934 0.000000 0.000000 0.000000 
72336789593955 0.000000 0.000000 0.000000 
72336808351976 0.000000 0.000000 0.000000 
72336827109996 0.000000 0.000000 0.000000 
72336845867965 0.000000 0.000000 0.000000 
72336864625986 0.000000 0.000000 0.000000 
72336883384007 0.000000 0.000000 0.000000 
72336902142028 0.000000 0.000000 0.000000 
72336920899996 0.000000 0.000000 0.000000 
72336939658017 0.000000 0.000000 0.000000 
72336958416038 0.000000 0.000000 0.000000 
72336977174059 0.000000 0.000000 0.000000 
72336995932028 0.000000 0.000000 0.000000 
72337014690049 0.000000 0.000000 0.000000 
72337033448069 0.000000 0.000000 0.000000 
72337052206090 0.000000 0.000000 0.000000 
72337070964059 0.000000 0.000000 0.000000 
72337089722080 0.000000 0.000000 0.000000 
72337108480101 0.000000 0.000000 0.000000 
72337127238017 0.000000 0.000000 0.000000 
72337145996090 0.000000 0.000000 0.000000 
72337164754111 0.000000 0.000000 0.000000 
72337183512132 0.000000 0.000000 0.000000 
72337202270101 0.000000 0.000000 0.000000 
72337221028121 0.000000 0.000000 0.000000 
72337239786142 0.000000 0.000000 0.000000 
72337258544111 0.000000 0.000000 0.000000 
72337277302132 0.000000 0.000000 0.000000 
72337296060153 0.000000 0.000000 0.000000 
72337314818121 0.000000 0.000000 0.000000 
72337333576142 0.000000 0.000000 0.000000 
72337352334163 0.000000 0.000000 0.000000 
72337371092132 0.000000 0.000000 0.000000 
72337389850153 0.000000 0.000000 0.000000 
72337408608174 0.000000 0.000000 0.000000 
72337427366142 0.000000 0.000000 0.000000 
72337446124163 0.000000 0.000000 0.000000 
72337464882184 0.000000 0.000000 0.000000 
72337483640153 0.000000 0.000000 0.000000 
72337502398121 0.000000 0.000000 0.000000 
72337521156194 0.000000 0.000000 0.000000 
72337539914163 0.000000 0.000000 0.000000 
72337558672184 0.000000 0.000000 0.000000 
72337577430205 0.000000 0.000000 0.000000 
72337596188174 0.000000 0.000000 0.000000 
72337614946142 0.000000 0.000000 0.000000 
72337633704163 0.000000 0.000000 0.000000 
72337652462184 0.000000 0.000000 0.000000 
72337671220205 0.000000 0.000000 0.000000 
72337689978226 0.000000 0.000000 0.000000 
72337708736194 0.000000 0.000000 0.000000 
72337727494215 0.000000 0.000000 0.000000 
72337746252236 0.000000 0.000000 0.000000 
72337765010205 0.000000 0.000000 0.000000 
72337783768226 0.000000 0.000000 0.000000 
72337802526194 0.000000 0.000000 0.000000 
72337821284215 0.000000 0.000000 0.000000 
72337840042236 0.000000 0.000000 0.000000 
72337858800205 0.000000 0.000000 0.000000 
72337877558226 0.000000 0.000000 0.000000 
72337896316194 0.000000 0.000000 0.000000 
72337915074215 0.000000 0.000000 0.000000 
72337933832236 0.000000 0.000000 0.000000 
72337952590205 0.000000 0.000000 0.000000 
72337971348226 0.000000 0.000000 0.000000 
72337990106194 0.000000 0.000000 0.000000 
72338008864215 0.000000 0.000000 0.000000 
72338027622236 0.000000 0.000000 0.000000 
72338046380205 0.000000 0.000000 0.000000 
72338065138226 0.000000 0.000000 0.000000 
72338083896194 0.000000 0.000000 0.000000 
72338102654215 0.000000 0.000000 0.000000 
72338121412236 0.000000 0.000000 0.000000 
72338140170205 0.000000 0.000000 0.000000 
72338158928226 0.000000 0.000000 0.000000 
72338177686194 0.000000 0.000000 0.000000 
72338196444215 0.000000 0.000000 0.000000 
72338215202184 0.000000 0.000000 0.000000 
72338233960205 0.000000 0.000000 0.000000 
72338252718226 0.000000 0.000000 0.000000 
72338271476194 0.000000 0.000000 0.000000 
72338290234215 0.000000 0.000000 0.000000 
72338308992184 0.000000 0.000000 0.000000 
72338327750205 0.000000 0.000000 0.000000 
72338346508174 0.000000 0.000000 0.000000 
72338365266194 0.000000 0.000000 0.000000 
72338384024163 0.000000 0.000000 0.000000 
72338402782184 0.000000 0.000000 0.000000 
72338421540205 0.000000 0.000000 0.000000 
72338440298174 0.000000 0.000000 0.000000 
72338459056194 0.000000 0.000000 0.000000 
72338477814163 0.000000 0.000000 0.000000 
72338496572184 0.000000 0.000000 0.000000 
72338515330153 0.000000 0.000000 0.000000 
72338534088174 0.000000 0.000000 0.000000 
72338552846142 0.000000 0.000000 0.000000 
72338571604163 0.000000 0.000000 0.000000 
72338590362132 0.000000 0.000000 0.000000 
72338609120153 0.000000 0.000000 0.000000 
72338627878121 0.000000 0.000000 0.000000 
72338646636142 0.000000 0.000000 0.000000 
72338665394111 0.000000 0.000000 0.000000 
72338684152132 0.000000 0.000000 0.000000 
72338702910101 0.000000 0.000000 0.000000 
72338721668121 0.000000 0.000000 0.000000 
72338740426090 0.000000 0.000000 0.000000 
72338759184111 0.000000 0.000000 0.000000 
72338777942080 0.000000 0.000000 0.000000 
72338796700101 0.000000 0.000000 0.000000 
72338815458069 0.000000 0.000000 0.000000 
72338834216090 0.000000 0.000000 0.000000 
72338852974059 0.000000 0.000000 0.000000 
72338871732080 0.000000 0.000000 0.000000 
72338890490049 0.000000 0.000000 0.000000 
72338909248069 0.000000 0.000000 0.000000 
72338928005986 0.000000 0.000000 0.000000 
72338946764059 0.000000 0.000000 0.000000 
72338965522028 0.000000 0.000000 0.000000 
72338984280049 0.000000 0.000000 0.000000 
72339003038017 0.000000 0.000000 0.000000 
72339021796038 0.000000 0.000000 0.000000 
72339040554007 0.000000 0.000000 0.000000 
72339059312028 0.000000 0.000000 0.000000 
72339078069996 0.000000 0.000000 0.000000 
72339096827965 0.000000 0.000000 0.000000 
72339115585986 0.000000 0.000000 0.000000 
72339134343955 0.000000 0.000000 0.000000 
72339153101976 0.000000 0.000000 0.000000 
72339171859944 0.000000 0.000000 0.000000 
72339190617965 0.000000 0.000000 0.000000 
72339209375934 0.000000 0.000000 0.000000 
72339228133955 0.000000 0.000000 0.000000 
72339246891924 0.000000 0.000000 0.000000 
72339265649944 0.000000 0.000000 0.000000 
72339284407913 0.000000 0.000000 0.000000 
72339303165934 0.000000 0.000000 0.000000 
72339321923903 0.000000 0.000000 0.000000 
72339340681871 0.000000 0.000000 0.000000 
72339359439892 0.000000 0.000000 0.000000 
72339378197861 0.000000 0.000000 0.000000 
72339396955830 0.000000 0.000000 0.000000 
72339415713851 0.000000 0.000000 0.000000 
72339434471871 0.000000 0.000000 0.000000 
72339453229840 0.000000 0.000000 0.000000 
72339471987809 0.000000 0.000000 0.000000 
72339490745830 0.000000 0.000000 0.000000 
72339509503799 0.000000 0.000000 0.000000 
72339528261819 0.000000 0.000000 0.000000 
72339547019788 0.000000 0.000000 0.000000 
72339565777809 0.000000 0.000000 0.000000 
72339584535778 0.000000 0.000000 0.000000 
72339603293799 0.000000 0.000000 0.000000 
72339622051767 0.000000 0.000000 0.000000 
72339640809736 0.000000 0.000000 0.000000 
72339659567757 0.000000 0.000000 0.000000 
72339678325726 0.000000 0.000000 0.000000 
72339697083746 0.000000 0.000000 0.000000 
72339715841715 0.000000 0.000000 0.000000 
72339734599684 0.000000 0.000000 0.000000 
72339753357705 0.000000 0.000000 0.000000 
72339772115674 0.000000 0.000000 0.000000 
72339790873642 0.000000 0.000000 0.000000 
72339809631663 0.000000 0.000000 0.000000 
72339828389632 0.000000 0.000000 0.000000 
72339847147601 0.000000 0.000000 0.000000 
72339865905621 0.000000 0.000000 0.000000 
72339884663538 0.000000 0.000000 0.000000 
72339903421611 0.000000 0.000000 0.000000 
72339922179580 0.000000 0.000000 0.000000 
72339940937549 0.000000 0.000000 0.000000 
72339959695569 0.000000 0.000000 0.000000 
72339978453538 0.000000 0.000000 0.000000 
72339997211507 0.000000 0.000000 0.000000 
72340015969528 0.000000 0.000000 0.000000 
72340034727496 0.000000 0.000000 0.000000 
72340053485465 0.000000 0.000000 0.000000 
72340072243486 0.000000 0.000000 0.000000 
72340091001455 0.000000 0.000000 0.000000 
72340109759476 0.000000 0.000000 0.000000 
72340128517444 0.000000 0.000000 0.000000 
72340147275413 0.000000 0.000000 0.000000 
72340166033382 0.000000 0.000000 0.000000 
72340184791403 0.000000 0.000000 0.000000 
72340203549371 0.000000 0.000000 0.000000 
72340222307340 0.000000 0.000000 0.000000 
72340241065361 0.000000 0.000000 0.000000 
72340259823330 0.000000 0.000000 0.000000 
72340278581351 0.000000 0.000000 0.000000 
72340297339319 0.000000 0.000000 0.000000 
72340316097288 0.000000 0.000000 0.000000 
72340334855257 0.000000 0.000000 0.000000 
72340353613278 0.000000 0.000000 0.000000 
72340372371246 0.000000 0.000000 0.000000 
72340391129267 0.000000 0.000000 0.000000 
72340409887236 0.000000 0.000000 0.000000 
72340428645205 0.000000 0.000000 0.000000 
72340447403226 0.000000 0.000000 0.000000 
72340466161194 0.000000 0.000000 0.000000 
72340484919163 0.000000 0.000000 0.000000 
72340503677132 0.000000 0.000000 0.000000 
72340522435153 0.000000 0.000000 0.000000 
72340541193121 0.000000 0.000000 0.000000 
72340559951090 0.000000 0.000000 0.000000 
72340578709111 0.000000 0.000000 0.000000 
72340597467028 0.000000 0.000000 0.000000 
72340616225049 0.000000 0.000000 0.000000 
72340634983069 0.000000 0.000000 0.000000 
72340653741038 0.000000 0.000000 0.000000 
72340672499007 0.000000 0.000000 0.000000 
72340691256976 0.000000 0.000000 0.000000 
72340710014996 0.000000 0.000000 0.000000 
72340728772965 0.000000 0.000000 0.000000 
72340747530934 0.000000 0.000000 0.000000 
72340766288955 0.000000 0.000000 0.000000 
72340785046924 0.000000 0.000000 0.000000 
72340803804892 0.000000 0.000000 0.000000 
72340822562861 0.000000 0.000000 0.000000 
72340841320882 0.000000 0.000000 0.000000 
72340860078851 0.000000 0.000000 0.000000 
72340878836819 0.000000 0.000000 0.000000 
72340897594788 0.000000 0.000000 0.000000 
72340916352809 0.000000 0.000000 0.000000 
72340935110778 0.000000 0.000000 0.000000 
72340953868746 0.000000 0.000000 0.000000 
72340972626767 0.000000 0.000000 0.000000 
72340991384736 0.000000 0.000000 0.000000 
72341010142705 0.000000 0.000000 0.000000 
72341028900674 0.000000 0.000000 0.000000 
72341047658642 0.000000 0.000000 0.000000 
72341066416663 0.000000 0.000000 0.000000 
72341085174632 0.000000 0.000000 0.000000 
72341103932601 0.000000 0.000000 0.000000 
72341122690569 0.000000 0.000000 0.000000 
72341141448590 0.000000 0.000000 0.000000 
72341160206559 0.000000 0.000000 0.000000 
72341178964528 0.000000 0.000000 0.000000 
72341197722549 0.000000 0.000000 0.000000 
72341216480517 0.000000 0.000000 0.000000 
72341235238486 0.000000 0.000000 0.000000 
72341253996455 0.000000 0.000000 0.000000 
72341272754424 0.000000 0.000000 0.000000 
72341291512444 0.000000 0.000000 0.000000 
72341310270413 0.000000 0.000000 0.000000 
72341329028382 0.000000 0.000000 0.000000 
72341347786403 0.000000 0.000000 0.000000 
72341366544192 0.000000 0.000000 0.000000 
72341385302161 0.000000 0.000000 0.000000 
72341404060130 0.000000 0.000000 0.000000 
72341422818099 0.000000 0.000000 0.000000 
72341441576120 0.000000 0.000000 0.000000 
72341460334088 0.000000 0.000000 0.000000 
72341479092057 0.000000 0.000000 0.000000 
72341497850026 0.000000 0.000000 0.000000 
72341516608047 0.000000 0.000000 0.000000 
72341535366015 0.000000 0.000000 0.000000 
72341554123984 0.000000 0.000000 0.000000 
72341572881953 0.000000 0.000000 0.000000 
72341591639974 0.000000 0.000000 0.000000 
72341610397942 0.000000 0.000000 0.000000 
72341629155911 0.000000 0.000000 0.000000 
72341647913880 0.000000 0.000000 0.000000 
72341666671849 0.000000 0.000000 0.000000 
72341685429870 0.000000 0.000000 0.000000 
72341704187838 0.000000 0.000000 0.000000 
72341722945755 0.000000 0.000000 0.000000 
72341741703776 0.000000 0.000000 0.000000 
72341760461745 0.000000 0.000000 0.000000 
72341779219765 0.000000 0.000000 0.000000 
72341797977734 0.000000 0.000000 0.000000 
72341816735703 0.000000 0.000000 0.000000 
72341835493672 0.000000 0.000000 0.000000 
72341854251692 0.000000 0.000000 0.000000 
72341873009661 0.000000 0.000000 0.000000 
72341891767630 0.000000 0.000000 0.000000 
72341910525599 0.000000 0.000000 0.000000 
72341929283567 0.000000 0.000000 0.000000 
72341948041588 0.000000 0.000000 0.000000 
72341966799505 0.000000 0.000000 0.000000 
72341985557474 0.000000 0.000000 0.000000 
72342004315495 0.000000 0.000000 0.000000 
72342023073463 0.000000 0.000000 0.000000 
72342041831432 0.000000 0.000000 0.000000 
72342060589401 0.000000 0.000000 0.000000 
72342079347370 0.000000 0.000000 0.000000 
72342098105338 0.000000 0.000000 0.000000 
72342116863359 0.000000 0.000000 0.000000 
72342135621328 0.000000 0.000000 0.000000 
72342154379297 0.000000 0.000000 0.000000 
72342173137265 0.000000 0.000000 0.000000 
72342191895234 0.000000 0.000000 0.000000 
72342210653255 0.000000 0.000000 0.000000 
72342229411224 0.000000 0.000000 0.000000 
72342248169192 0.000000 0.000000 0.000000 
72342266927161 0.000000 0.000000 0.000000 
72342285685130 0.000000 0.000000 0.000000 
72342304443099 0.000000 0.000000 0.000000 
72342323201120 0.000000 0.000000 0.000000 
72342341959088 0.000000 0.000000 0.000000 
72342360717057 0.000000 0.000000 0.000000 
72342379475026 0.000000 0.000000 0.000000 
72342398232995 0.000000 0.000000 0.000000 
72342416991015 0.000000 0.000000 0.000000 
72342435748984 0.000000 0.000000 0.000000 
72342454506953 0.000000 0.000000 0.000000 
72342473264922 0.000000 0.000000 0.000000 
72342492022890 0.000000 0.000000 0.000000 
72342510780859 0.000000 0.000000 0.000000 
72342529538828 0.000000 0.000000 0.000000 
72342548296849 0.000000 0.000000 0.000000 
72342567054817 0.000000 0.000000 0.000000 
72342585812786 0.000000 0.000000 0.000000 
72342604570755 0.000000 0.000000 0.000000 
72342623328776 0.000000 0.000000 0.000000 
72342642086745 0.000000 0.000000 0.000000 
72342660844713 0.000000 0.000000 0.000000 
72342679602734 0.000000 0.000000 0.000000 
72342698360703 0.000000 0.000000 0.000000 
72342717118672 0.000000 0.000000 0.000000 
72342735876640 0.000000 0.000000 0.000000 
72342754634609 0.000000 0.000000 0.000000 
72342773392578 0.000000 0.000000 0.000000 
72342792150599 0.000000 0.000000 0.000000 
72342810908567 0.000000 0.000000 0.000000 
72342829666536 0.000000 0.000000 0.000000 
72342848424505 0.000000 0.000000 0.000000 
72342867182474 0.000000 0.000000 0.000000 
72342885940442 0.000000 0.000000 0.000000 
72342904698463 0.000000 0.000000 0.000000 
72342923456432 0.000000 0.000000 0.000000 
72342942214401 0.000000 0.000000 0.000000 
72342960972370 0.000000 0.000000 0.000000 
72342979730338 0.000000 0.000000 0.000000 
72342998488307 0.000000 0.000000 0.000000 
72343017246276 0.000000 0.000000 0.000000 
72343036004297 0.000000 0.000000 0.000000 
72343054762265 0.000000 0.000000 0.000000 
72343073520234 0.000000 0.000000 0.000000 
72343092278203 0.000000 0.000000 0.000000 
72343111036172 0.000000 0.000000 0.000000 
72343129794192 0.000000 0.000000 0.000000 
72343148552161 0.000000 0.000000 0.000000 
72343167310130 0.000000 0.000000 0.000000 
72343186068099 0.000000 0.000000 0.000000 
72343204826067 0.000000 0.000000 0.000000 
72343223584036 0.000000 0.000000 0.000000 
72343242342005 0.000000 0.000000 0.000000 
72343261099974 0.000000 0.000000 0.000000 
72343279857995 0.000000 0.000000 0.000000 
72343298615963 0.000000 0.000000 0.000000 
72343317373932 0.000000 0.000000 0.000000 
72343336131901 0.000000 0.000000 0.000000 
72343354889870 0.000000 0.000000 0.000000 
72343373647838 0.000000 0.000000 0.000000 
72343392405807 0.000000 0.000000 0.000000 
72343411163828 0.000000 0.000000 0.000000 
72343429921797 0.000000 0.000000 0.000000 
72343448679765 0.000000 0.000000 0.000000 
72343467437734 0.000000 0.000000 0.000000 
72343486195703 0.000000 0.000000 0.000000 
72343504953672 0.000000 0.000000 0.000000 
72343523711640 0.000000 0.000000 0.000000 
72343542469609 0.000000 0.000000 0.000000 
72343561227630 0.000000 0.000000 0.000000 
72343579985599 0.000000 0.000000 0.000000 
72343598743567 0.000000 0.000000 0.000000 
72343617501536 0.000000 0.000000 0.000000 
72343636259505 0.000000 0.000000 0.000000 
72343655017474 0.000000 0.000000 0.000000 
72343673775442 0.000000 0.000000 0.000000 
72343692533411 0.000000 0.000000 0.000000 
72343711291432 0.000000 0.000000 0.000000 
72343730049401 0.000000 0.000000 0.000000 
72343748807370 0.000000 0.000000 0.000000 
72343767565338 0.000000 0.000000 0.000000 
72343786323307 0.000000 0.000000 0.000000 
72343805081276 0.000000 0.000000 0.000000 
72343823839245 0.000000 0.000000 0.000000 
72343842597265 0.000000 0.000000 0.000000 
72343861355234 0.000000 0.000000 0.000000 
72343880113203 0.000000 0.000000 0.000000 
72343898871172 0.000000 0.000000 0.000000 
72343917629140 0.000000 0.000000 0.000000 
72343936387109 0.000000 0.000000 0.000000 
72343955145078 0.000000 0.000000 0.000000 
72343973903047 0.000000 0.000000 0.000000 
72343992661067 0.000000 0.000000 0.000000 
72344011419036 0.000000 0.000000 0.000000 
72344030177005 0.000000 0.000000 0.000000 
72344048934974 0.000000 0.000000 0.000000 
72344067692942 0.000000 0.000000 0.000000 
72344086450911 0.000000 0.000000 0.000000 
72344105208880 0.000000 0.000000 0.000000 
72344123966849 0.000000 0.000000 0.000000 
72344142724817 0.000000 0.000000 0.000000 
72344161482838 0.000000 0.000000 0.000000 
72344180240755 0.000000 0.000000 0.000000 
72344198998776 0.000000 0.000000 0.000000 
72344217756745 0.000000 0.000000 0.000000 
72344236514713 0.000000 0.000000 0.000000 
72344255272682 0.000000 0.000000 0.000000 
72344274030651 0.000000 0.000000 0.000000 
72344292788620 0.000000 0.000000 0.000000 
72344311546640 0.000000 0.000000 0.000000 
72344330304557 0.000000 0.000000 0.000000 
72344349062578 0.000000 0.000000 0.000000 
72344367820547 0.000000 0.000000 0.000000 
72344386578515 0.000000 0.000000 0.000000 
72344405336484 0.000000 0.000000 0.000000 
72344424094453 0.000000 0.000000 0.000000 
72344442852422 0.000000 0.000000 0.000000 
72344461610390 0.000000 0.000000 0.000000 
72344480368359 0.000000 0.000000 0.000000 
72344499126380 0.000000 0.000000 0.000000 
72344517884349 0.000000 0.000000 0.000000 
72344536642317 0.000000 0.000000 0.000000 
72344555400286 0.000000 0.000000 0.000000 
72344574158255 0.000000 0.000000 0.000000 
72344592916172 0.000000 0.000000 0.000000 
72344611674140 0.000000 0.000000 0.000000 
72344630432161 0.000000 0.000000 0.000000 
72344649190130 0.000000 0.000000 0.000000 
72344667948099 0.000000 0.000000 0.000000 
72344686706015 0.000000 0.000000 0.000000 
72344705464036 0.000000 0.000000 0.000000 
72344724222005 0.000000 0.000000 0.000000 
72344742979974 0.000000 0.000000 0.000000 
72344761737942 0.000000 0.000000 0.000000 
72344780495911 0.000000 0.000000 0.000000 
72344799253880 0.000000 0.000000 0.000000 
72344818011849 0.000000 0.000000 0.000000 
72344836769870 0.000000 0.000000 0.000000 
72344855527838 0.000000 0.000000 0.000000 
72344874285807 0.000000 0.000000 0.000000 
72344893043776 0.000000 0.000000 0.000000 
72344911801745 0.000000 0.000000 0.000000 
72344930559713 0.000000 0.000000 0.000000 
72344949317682 0.000000 0.000000 0.000000 
72344968075651 0.000000 0.000000 0.000000 
72344986833620 0.000000 0.000000 0.000000 
72345005591588 0.000000 0.000000 0.000000 
72345024349557 0.000000 0.000000 0.000000 
72345043107526 0.000000 0.000000 0.000000 
72345061865547 0.000000 0.000000 0.000000 
72345080623515 0.000000 0.000000 0.000000 
72345099381484 0.000000 0.000000 0.000000 
72345118139453 0.000000 0.000000 0.000000 
72345136897422 0.000000 0.000000 0.000000 
72345155655390 0.000000 0.000000 0.000000 
72345174413359 0.000000 0.000000 0.000000 
72345193171328 0.000000 0.000000 0.000000 
72345211929297 0.000000 0.000000 0.000000 
72345230687265 0.000000 0.000000 0.000000 
72345249445234 0.000000 0.000000 0.000000 
72345268203255 0.000000 0.000000 0.000000 
72345286961224 0.000000 0.000000 0.000000 
72345305719192 0.000000 0.000000 0.000000 
72345324477161 0.000000 0.000000 0.000000 
72345343235130 0.000000 0.000000 0.000000 
72345361993099 0.000000 0.000000 0.000000 
72345380750963 0.000000 0.000000 0.000000 
72345399509036 0.000000 0.000000 0.000000 
72345418267005 0.000000 0.000000 0.000000 
72345437024974 0.000000 0.000000 0.000000 
72345455782942 0.000000 0.000000 0.000000 
72345474540911 0.000000 0.000000 0.000000 
72345493298880 0.000000 0.000000 0.000000 
72345512056849 0.000000 0.000000 0.000000 
72345530814817 0.000000 0.000000 0.000000 
72345549572838 0.000000 0.000000 0.000000 
72345568330807 0.000000 0.000000 0.000000 
72345587088776 0.000000 0.000000 0.000000 
72345605846745 0.000000 0.000000 0.000000 
72345624604713 0.000000 0.000000 0.000000 
72345643362682 0.000000 0.000000 0.000000 
72345662120651 0.000000 0.000000 0.000000 
72345680878620 0.000000 0.000000 0.000000 
72345699636588 0.000000 0.000000 0.000000 
72345718394557 0.000000 0.000000 0.000000 
72345737152526 0.000000 0.000000 0.000000 
72345755910495 0.000000 0.000000 0.000000 
72345774668463 0.000000 0.000000 0.000000 
72345793426432 0.000000 0.000000 0.000000 
72345812184401 0.000000 0.000000 0.000000 
72345830942370 0.000000 0.000000 0.000000 
72345849700338 0.000000 0.000000 0.000000 
72345868458307 0.000000 0.000000 0.000000 
72345887216276 0.000000 0.000000 0.000000 
72345905974297 0.000000 0.000000 0.000000 
72345924732265 0.000000 0.000000 0.000000 
72345943490234 0.000000 0.000000 0.000000 
72345962248203 0.000000 0.000000 0.000000 
72345981006172 0.000000 0.000000 0.000000 
72345999764140 0.000000 0.000000 0.000000 
72346018522109 0.000000 0.000000 0.000000 
72346037280078 0.000000 0.000000 0.000000 
72346056038047 0.000000 0.000000 0.000000 
72346074796015 0.000000 0.000000 0.000000 
72346093553984 0.000000 0.000000 0.000000 
72346112311953 0.000000 0.000000 0.000000 
72346131069922 0.000000 0.000000 0.000000 
72346149827890 0.000000 0.000000 0.000000 
72346168585859 0.000000 0.000000 0.000000 
72346187343828 0.000000 0.000000 0.000000 
72346206101797 0.000000 0.000000 0.000000 
72346224859765 0.000000 0.000000 0.000000 
72346243617734 0.000000 0.000000 0.000000 
72346262375703 0.000000 0.000000 0.000000 
72346281133672 0.000000 0.000000 0.000000 
72346299891640 0.000000 0.000000 0.000000 
72346318649609 0.000000 0.000000 0.000000 
72346337407578 0.000000 0.000000 0.000000 
72346356165547 0.000000 0.000000 0.000000 
72346374923515 0.000000 0.000000 0.000000 
72346393681484 0.000000 0.000000 0.000000 
72346412439453 0.000000 0.000000 0.000000 
72346431197422 0.000000 0.000000 0.000000 
72346449955442 0.000000 0.000000 0.000000 
72346468713411 0.000000 0.000000 0.000000 
72346487471380 0.000000 0.000000 0.000000 
72346506229349 0.000000 0.000000 0.000000 
72346524987317 0.000000 0.000000 0.000000 
72346543745286 0.000000 0.000000 0.000000 
72346562503255 0.000000 0.000000 0.000000 
72346581261224 0.000000 0.000000 0.000000 
72346600019192 0.000000 0.000000 0.000000 
72346618777161 0.000000 0.000000 0.000000 
72346637535130 0.000000 0.000000 0.000000 
72346656293099 0.000000 0.000000 0.000000 
72346675051067 0.000000 0.000000 0.000000 
72346693809036 0.000000 0.000000 0.000000 
72346712567005 0.000000 0.000000 0.000000 
72346731324974 0.000000 0.000000 0.000000 
72346750082942 0.000000 0.000000 0.000000 
72346768840911 0.000000 0.000000 0.000000 
72346787598880 0.000000 0.000000 0.000000 
72346806356849 0.000000 0.000000 0.000000 
72346825114817 0.000000 0.000000 0.000000 
72346843872786 0.000000 0.000000 0.000000 
72346862630755 0.000000 0.000000 0.000000 
72346881388724 0.000000 0.000000 0.000000 
72346900146692 0.000000 0.000000 0.000000 
72346918904661 0.000000 0.000000 0.000000 
72346937662630 0.000000 0.000000 0.000000 
72346956420599 0.000000 0.000000 0.000000 
72346975178567 0.000000 0.000000 0.000000 
72346993936536 0.000000 0.000000 0.000000 
72347012694505 0.000000 0.000000 0.000000 
72347031452474 0.000000 0.000000 0.000000 
72347050210442 0.000000 0.000000 0.000000 
72347068968411 0.000000 0.000000 0.000000 
72347087726380 0.000000 0.000000 0.000000 
72347106484349 0.000000 0.000000 0.000000 
72347125242317 0.000000 0.000000 0.000000 
72347144000286 0.000000 0.000000 0.000000 
72347162758255 0.000000 0.000000 0.000000 
72347181516224 0.000000 0.000000 0.000000 
72347200274192 0.000000 0.000000 0.000000 
72347219032161 0.000000 0.000000 0.000000 
72347237790130 0.000000 0.000000 0.000000 
72347256547995 0.000000 0.000000 0.000000 
72347275306015 0.000000 0.000000 0.000000 
72347294063984 0.000000 0.000000 0.000000 
72347312821953 0.000000 0.000000 0.000000 
72347331579922 0.000000 0.000000 0.000000 
72347350337890 0.000000 0.000000 0.000000 
72347369095859 0.000000 0.000000 0.000000 
72347387853828 0.000000 0.000000 0.000000 
72347406611797 0.000000 0.000000 0.000000 
72347425369765 0.000000 0.000000 0.000000 
72347444127786 0.000000 0.000000 0.000000 
72347462885755 0.000000 0.000000 0.000000 
72347481643724 0.000000 0.000000 0.000000 
72347500401692 0.000000 0.000000 0.000000 
72347519159661 0.000000 0.000000 0.000000 
72347537917630 0.000000 0.000000 0.000000 
72347556675547 0.000000 0.000000 0.000000 
72347575433515 0.000000 0.000000 0.000000 
72347594191484 0.000000 0.000000 0.000000 
72347612949453 0.000000 0.000000 0.000000 
72347631707422 0.000000 0.000000 0.000000 
72347650465390 0.000000 0.000000 0.000000 
72347669223359 0.000000 0.000000 0.000000 
72347687981328 0.000000 0.000000 0.000000 
72347706739297 0.000000 0.000000 0.000000 
72347725497265 0.000000 0.000000 0.000000 
72347744255234 0.000000 0.000000 0.000000 
72347763013203 0.000000 0.000000 0.000000 
72347781771172 0.000000 0.000000 0.000000 
72347800529140 0.000000 0.000000 0.000000 
72347819287109 0.000000 0.000000 0.000000 
72347838045078 0.000000 0.000000 0.000000 
72347856803047 0.000000 0.000000 0.000000 
72347875561015 0.000000 0.000000 0.000000 
72347894318984 0.000000 0.000000 0.000000 
72347913076953 0.000000 0.000000 0.000000 
72347931834870 0.000000 0.000000 0.000000 
72347950592838 0.000000 0.000000 0.000000 
72347969350807 0.000000 0.000000 0.000000 
72347988108776 0.000000 0.000000 0.000000 
72348006866745 0.000000 0.000000 0.000000 
72348025624713 0.000000 0.000000 0.000000 
72348044382682 0.000000 0.000000 0.000000 
72348063140651 0.000000 0.000000 0.000000 
72348081898620 0.000000 0.000000 0.000000 
72348100656588 0.000000 0.000000 0.000000 
72348119414557 0.000000 0.000000 0.000000 
72348138172526 0.000000 0.000000 0.000000 
72348156930495 0.000000 0.000000 0.000000 
72348175688463 0.000000 0.000000 0.000000 
72348194446380 0.000000 0.000000 0.000000 
72348213204349 0.000000 0.000000 0.000000 
72348231962317 0.000000 0.000000 0.000000 
72348250720286 0.000000 0.000000 0.000000 
72348269478255 0.000000 0.000000 0.000000 
72348288236224 0.000000 0.000000 0.000000 
72348306994192 0.000000 0.000000 0.000000 
72348325752161 0.000000 0.000000 0.000000 
72348344510130 0.000000 0.000000 0.000000 
72348363268099 0.000000 0.000000 0.000000 
72348382026067 0.000000 0.000000 0.000000 
72348400783984 0.000000 0.000000 0.000000 
72348419541953 0.000000 0.000000 0.000000 
72348438299922 0.000000 0.000000 0.000000 
72348457057890 0.000000 0.000000 0.000000 
72348475815859 0.000000 0.000000 0.000000 
72348494573828 0.000000 0.000000 0.000000 
72348513331797 0.000000 0.000000 0.000000 
72348532089765 0.000000 0.000000 0.000000 
72348550847682 0.000000 0.000000 0.000000 
72348569605651 0.000000 0.000000 0.000000 
72348588363620 0.000000 0.000000 0.000000 
72348607121588 0.000000 0.000000 0.000000 
72348625879557 0.000000 0.000000 0.000000 
72348644637526 0.000000 0.000000 0.000000 
72348663395495 0.000000 0.000000 0.000000 
72348682153463 0.000000 0.000000 0.000000 
72348700911380 0.000000 0.000000 0.000000 
72348719669349 0.000000 0.000000 0.000000 
72348738427317 0.000000 0.000000 0.000000 
72348757185286 0.000000 0.000000 0.000000 
72348775943255 0.000000 0.000000 0.000000 
72348794701224 0.000000 0.000000 0.000000 
72348813459192 0.000000 0.000000 0.000000 
72348832217161 0.000000 0.000000 0.000000 
72348850975130 0.000000 0.000000 0.000000 
72348869733047 0.000000 0.000000 0.000000 
72348888491015 0.000000 0.000000 0.000000 
72348907248984 0.000000 0.000000 0.000000 
72348926006953 0.000000 0.000000 0.000000 
72348944764922 0.000000 0.000000 0.000000 
72348963522890 0.000000 0.000000 0.000000 
72348982280859 0.000000 0.000000 0.000000 
72349001038828 0.000000 0.000000 0.000000 
72349019796745 0.000000 0.000000 0.000000 
72349038554713 0.000000 0.000000 0.000000 
72349057312682 0.000000 0.000000 0.000000 
72349076070651 0.000000 0.000000 0.000000 
72349094828620 0.000000 0.000000 0.000000 
72349113586588 0.000000 0.000000 0.000000 
72349132344557 0.000000 0.000000 0.000000 
72349151102526 0.000000 0.000000 0.000000 
72349169860442 0.000000 0.000000 0.000000 
72349188618411 0.000000 0.000000 0.000000 
72349207376380 0.000000 0.000000 0.000000 
72349226134349 0.000000 0.000000 0.000000 
72349244892317 0.000000 0.000000 0.000000 
72349263650286 0.000000 0.000000 0.000000 
72349282408255 0.000000 0.000000 0.000000 
72349301166224 0.000000 0.000000 0.000000 
72349319924192 0.000000 0.000000 0.000000 
72349338682109 0.000000 0.000000 0.000000 
72349357440078 0.000000 0.000000 0.000000 
72349376198047 0.000000 0.000000 0.000000 
72349394956015 0.000000 0.000000 0.000000 
72349413713984 0.000000 0.000000 0.000000 
72349432471953 0.000000 0.000000 0.000000 
72349451229922 0.000000 0.000000 0.000000 
72349469987838 0.000000 0.000000 0.000000 
72349488745807 0.000000 0.000000 0.000000 
72349507503776 0.000000 0.000000 0.000000 
72349526261745 0.000000 0.000000 0.000000 
72349545019713 0.000000 0.000000 0.000000 
72349563777682 0.000000 0.000000 0.000000 
72349582535651 0.000000 0.000000 0.000000 
72349601293620 0.000000 0.000000 0.000000 
72349620051588 0.000000 0.000000 0.000000 
72349638809505 0.000000 0.000000 0.000000 
72349657567474 0.000000 0.000000 0.000000 
72349676325442 0.000000 0.000000 0.000000 
72349695083411 0.000000 0.000000 0.000000 
72349713841380 0.000000 0.000000 0.000000 
72349732599349 0.000000 0.000000 0.000000 
72349751357317 0.000000 0.000000 0.000000 
72349770115286 0.000000 0.000000 0.000000 
72349788873255 0.000000 0.000000 0.000000 
72349807631224 0.000000 0.000000 0.000000 
72349826389140 0.000000 0.000000 0.000000 
72349845147109 0.000000 0.000000 0.000000 
72349863905078 0.000000 0.000000 0.000000 
72349882663047 0.000000 0.000000 0.000000 
72349901421015 0.000000 0.000000 0.000000 
72349920178984 0.000000 0.000000 0.000000 
72349938936953 0.000000 0.000000 0.000000 
72349957694870 0.000000 0.000000 0.000000 
72349976452838 0.000000 0.000000 0.000000 
72349995210807 0.000000 0.000000 0.000000 
72350013968776 0.000000 0.000000 0.000000 
72350032726745 0.000000 0.000000 0.000000 
72350051484713 0.000000 0.000000 0.000000 
72350070242630 0.000000 0.000000 0.000000 
72350089000599 0.000000 0.000000 0.000000 
72350107758567 0.000000 0.000000 0.000000 
72350126516484 0.000000 0.000000 0.000000 
72350145274505 0.000000 0.000000 0.000000 
72350164032474 0.000000 0.000000 0.000000 
72350182790390 0.000000 0.000000 0.000000 
72350201548359 0.000000 0.000000 0.000000 
72350220306328 0.000000 0.000000 0.000000 
72350239064297 0.000000 0.000000 0.000000 
72350257822265 0.000000 0.000000 0.000000 
72350276580234 0.000000 0.000000 0.000000 
72350295338151 0.000000 0.000000 0.000000 
72350314096120 0.000000 0.000000 0.000000 
72350332854088 0.000000 0.000000 0.000000 
72350351612057 0.000000 0.000000 0.000000 
72350370370026 0.000000 0.000000 0.000000 
72350389127942 0.000000 0.000000 0.000000 
72350407885911 0.000000 0.000000 0.000000 
72350426643880 0.000000 0.000000 0.000000 
72350445401849 0.000000 0.000000 0.000000 
72350464159817 0.000000 0.000000 0.000000 
72350482917786 0.000000 0.000000 0.000000 
72350501675703 0.000000 0.000000 0.000000 
72350520433672 0.000000 0.000000 0.000000 
72350539191640 0.000000 0.000000 0.000000 
72350557949609 0.000000 0.000000 0.000000 
72350576707578 0.000000 0.000000 0.000000 
72350595465547 0.000000 0.000000 0.000000 
72350614223463 0.000000 0.000000 0.000000 
72350632981432 0.000000 0.000000 0.000000 
72350651739401 0.000000 0.000000 0.000000 
72350670497370 0.000000 0.000000 0.000000 
72350689255338 0.000000 0.000000 0.000000 
72350708013255 0.000000 0.000000 0.000000 
72350726771224 0.000000 0.000000 0.000000 
72350745529192 0.000000 0.000000 0.000000 
72350764287161 0.000000 0.000000 0.000000 
72350783045130 0.000000 0.000000 0.000000 
72350801803047 0.000000 0.000000 0.000000 
72350820561015 0.000000 0.000000 0.000000 
72350839318984 0.000000 0.000000 0.000000 
72350858076953 0.000000 0.000000 0.000000 
72350876834922 0.000000 0.000000 0.000000 
72350895592838 0.000000 0.000000 0.000000 
72350914350807 0.000000 0.000000 0.000000 
72350933108724 0.000000 0.000000 0.000000 
72350951866745 0.000000 0.000000 0.000000 
72350970624713 0.000000 0.000000 0.000000 
72350989382630 0.000000 0.000000 0.000000 
72351008140599 0.000000 0.000000 0.000000 
72351026898567 0.000000 0.000000 0.000000 
72351045656536 0.000000 0.000000 0.000000 
72351064414505 0.000000 0.000000 0.000000 
72351083172422 0.000000 0.000000 0.000000 
72351101930390 0.000000 0.000000 0.000000 
72351131061432 0.000000 0.000000 0.000000 
72351149819453 0.000000 0.000000 0.000000 
72351168577370 0.000000 0.000000 0.000000 
72351187335390 0.000000 0.000000 0.000000 
72351206093307 0.000000 0.000000 0.000000 
72351224851224 0.000000 0.000000 0.000000 
72351243609245 0.000000 0.000000 0.000000 
72351262367161 0.000000 0.000000 0.000000 
72351281125182 0.000000 0.000000 0.000000 
72351299883099 0.000000 0.000000 0.000000 
72351318641015 0.000000 0.000000 0.000000 
72351337398932 0.000000 0.000000 0.000000 
72351356156953 0.000000 0.000000 0.000000 
72351374914974 0.000000 0.000000 0.000000 
72351393672890 0.000000 0.000000 0.000000 
72351412430807 0.000000 0.000000 0.000000 
72351431188828 0.000000 0.000000 0.000000 
72351449946745 0.000000 0.000000 0.000000 
72351468704661 0.000000 0.000000 0.000000 
72351487462682 0.000000 0.000000 0.000000 
72351506220599 0.000000 0.000000 0.000000 
72351524978620 0.000000 0.000000 0.000000 
72351543736536 0.000000 0.000000 0.000000 
72351562494453 0.000000 0.000000 0.000000 
72351581252474 0.000000 0.000000 0.000000 
72351600010390 0.000000 0.000000 0.000000 
72351618768411 0.000000 0.000000 0.000000 
72351637526328 0.000000 0.000000 0.000000 
72351656284245 0.000000 0.000000 0.000000 
72351675042265 0.000000 0.000000 0.000000 
72351693800182 0.000000 0.000000 0.000000 
72351712558203 0.000000 0.000000 0.000000 
72351731316120 0.000000 0.000000 0.000000 
72351750074036 0.000000 0.000000 0.000000 
72351768832057 0.000000 0.000000 0.000000 
72351787589974 0.000000 0.000000 0.000000 
72351806347995 0.000000 0.000000 0.000000 
72351825105911 0.000000 0.000000 0.000000 
72351843863828 0.000000 0.000000 0.000000 
72351862621849 0.000000 0.000000 0.000000 
72351881379765 0.000000 0.000000 0.000000 
72351900137786 0.000000 0.000000 0.000000 
72351918895703 0.000000 0.000000 0.000000 
72351937653620 0.000000 0.000000 0.000000 
72351956411640 0.000000 0.000000 0.000000 
72351975169557 0.000000 0.000000 0.000000 
72351993927578 0.000000 0.000000 0.000000 
72352012685495 0.000000 0.000000 0.000000 
72352031443411 0.000000 0.000000 0.000000 
72352050201432 0.000000 0.000000 0.000000 
72352068959349 0.000000 0.000000 0.000000 
72352087717370 0.000000 0.000000 0.000000 
72352106475286 0.000000 0.000000 0.000000 
72352125233203 0.000000 0.000000 0.000000 
72352143991224 0.000000 0.000000 0.000000 
72352162749140 0.000000 0.000000 0.000000 
72352181507161 0.000000 0.000000 0.000000 
72352200265078 0.000000 0.000000 0.000000 
72352219023099 0.000000 0.000000 0.000000 
72352237781015 0.000000 0.000000 0.000000 
72352256538932 0.000000 0.000000 0.000000 
72352275296953 0.000000 0.000000 0.000000 
72352294054870 0.000000 0.000000 0.000000 
72352312812890 0.000000 0.000000 0.000000 
72352331570807 0.000000 0.000000 0.000000 
72352350328828 0.000000 0.000000 0.000000 
72352369086745 0.000000 0.000000 0.000000 
72352387844765 0.000000 0.000000 0.000000 
72352406602682 0.000000 0.000000 0.000000 
72352425360703 0.000000 0.000000 0.000000 
72352444118620 0.000000 0.000000 0.000000 
72352462876536 0.000000 0.000000 0.000000 
72352481634557 0.000000 0.000000 0.000000 
72352500392474 0.000000 0.000000 0.000000 
72352519150495 0.000000 0.000000 0.000000 
72352537908411 0.000000 0.000000 0.000000 
72352556666432 0.000000 0.000000 0.000000 
72352575424349 0.000000 0.000000 0.000000 
72352594182370 0.000000 0.000000 0.000000 
72352612940286 0.000000 0.000000 0.000000 
72352631698307 0.000000 0.000000 0.000000 
72352650456224 0.000000 0.000000 0.000000 
72352669214245 0.000000 0.000000 0.000000 
72352687972161 0.000000 0.000000 0.000000 
72352706730182 0.000000 0.000000 0.000000 
72352725488099 0.000000 0.000000 0.000000 
72352744246120 0.000000 0.000000 0.000000 
72352763004036 0.000000 0.000000 0.000000 
72352781762057 0.000000 0.000000 0.000000 
72352800520078 0.000000 0.000000 0.000000 
72352819277995 0.000000 0.000000 0.000000 
72352838036015 0.000000 0.000000 0.000000 
72352856793932 0.000000 0.000000 0.000000 
72352875551953 0.000000 0.000000 0.000000 
72352894309870 0.000000 0.000000 0.000000 
72352913067890 0.000000 0.000000 0.000000 
72352931825807 0.000000 0.000000 0.000000 
72352950583828 0.000000 0.000000 0.000000 
72352969341745 0.000000 0.000000 0.000000 
72352988099765 0.000000 0.000000 0.000000 
72353006857786 0.000000 0.000000 0.000000 
72353025615703 0.000000 0.000000 0.000000 
72353044373724 0.000000 0.000000 0.000000 
72353063131745 0.000000 0.000000 0.000000 
72353081889661 0.000000 0.000000 0.000000 
72353100647682 0.000000 0.000000 0.000000 
72353119405599 0.000000 0.000000 0.000000 
72353138163620 0.000000 0.000000 0.000000 
72353156921640 0.000000 0.000000 0.000000 
72353175679557 0.000000 0.000000 0.000000 
72353194437578 0.000000 0.000000 0.000000 
72353213195495 0.000000 0.000000 0.000000 
72353231953515 0.000000 0.000000 0.000000 
72353250711536 0.000000 0.000000 0.000000 
72353269469453 0.000000 0.000000 0.000000 
72353288227474 0.000000 0.000000 0.000000 
72353306985495 0.000000 0.000000 0.000000 
72353325743411 0.000000 0.000000 0.000000 
72353344501432 0.000000 0.000000 0.000000 
72353363259453 0.000000 0.000000 0.000000 
72353382017370 0.000000 0.000000 0.000000 
72353400775390 0.000000 0.000000 0.000000 
72353419533411 0.000000 0.000000 0.000000 
72353438291328 0.000000 0.000000 0.000000 
72353457049349 0.000000 0.000000 0.000000 
72353475807370 0.000000 0.000000 0.000000 
72353494565390 0.000000 0.000000 0.000000 
72353513323307 0.000000 0.000000 0.000000 
72353532081328 0.000000 0.000000 0.000000 
72353550839349 0.000000 0.000000 0.000000 
72353569597370 0.000000 0.000000 0.000000 
72353588355286 0.000000 0.000000 0.000000 
72353607113307 0.000000 0.000000 0.000000 
72353625871328 0.000000 0.000000 0.000000 
72353644629349 0.000000 0.000000 0.000000 
72353663387265 0.000000 0.000000 0.000000 
72353682145286 0.000000 0.000000 0.000000 
72353700903307 0.000000 0.000000 0.000000 
72353719661328 0.000000 0.000000 0.000000 
72353738419245 0.000000 0.000000 0.000000 
72353757177265 0.000000 0.000000 0.000000 
72353775935286 0.000000 0.000000 0.000000 
72353794693307 0.000000 0.000000 0.000000 
72353813451328 0.000000 0.000000 0.000000 
72353832209245 0.000000 0.000000 0.000000 
72353850967265 0.000000 0.000000 0.000000 
72353869725286 0.000000 0.000000 0.000000 
72353888483307 0.000000 0.000000 0.000000 
72353907241328 0.000000 0.000000 0.000000 
72353925999349 0.000000 0.000000 0.000000 
72353944757265 0.000000 0.000000 0.000000 
72353963515286 0.000000 0.000000 0.000000 
72353982273307 0.000000 0.000000 0.000000 
72354001031328 0.000000 0.000000 0.000000 
72354019789349 0.000000 0.000000 0.000000 
72354038547370 0.000000 0.000000 0.000000 
72354057305390 0.000000 0.000000 0.000000 
72354076063411 0.000000 0.000000 0.000000 
72354094821432 0.000000 0.000000 0.000000 
72354113579453 0.000000 0.000000 0.000000 
72354132337370 0.000000 0.000000 0.000000 
72354151095390 0.000000 0.000000 0.000000 
