# Created at Fri Jan 31 08:52:23 GMT+01:00 2025 in Burnaby Canada 
72313956749528 65.639999 122.699997 -27.119999 
72313976749528 65.639999 122.699997 -27.119999 
72313996749528 65.639999 122.699997 -27.119999 
72314016749528 65.639999 122.699997 -27.119999 
72314036749528 65.639999 122.699997 -27.119999 
72314056749528 65.639999 122.699997 -27.119999 
72314076749528 65.639999 122.699997 -27.119999 
72314096749528 65.639999 122.699997 -27.119999 
72314116749528 65.639999 122.699997 -27.119999 
72314136749528 65.639999 122.699997 -27.119999 
72314156749528 65.639999 122.699997 -27.119999 
72314176749528 65.639999 122.699997 -27.119999 
72314196749528 65.639999 122.699997 -27.119999 
72314216749528 65.639999 122.699997 -27.119999 
72314236749528 65.639999 122.699997 -27.119999 
72314256749528 65.639999 122.699997 -27.119999 
72314276749528 65.639999 122.699997 -27.119999 
72314296749528 65.639999 122.699997 -27.119999 
72314316749528 65.639999 122.699997 -27.119999 
72314336749528 65.639999 122.699997 -27.119999 
72314356749528 65.639999 122.699997 -27.119999 
72314376749528 65.639999 122.699997 -27.119999 
72314396749528 65.639999 122.699997 -27.119999 
72314416749528 65.639999 122.699997 -27.119999 
72314436749528 65.639999 122.699997 -27.119999 
72314456749528 65.639999 122.699997 -27.119999 
72314476749528 65.639999 122.699997 -27.119999 
72314496749528 65.639999 122.699997 -27.119999 
72314516749528 65.639999 122.699997 -27.119999 
72314536749528 65.639999 122.699997 -27.119999 
72314556749528 65.459999 122.699997 -27.240000 
72314576749528 65.459999 122.699997 -27.240000 
72314596749528 65.459999 122.699997 -27.240000 
72314616749528 65.459999 122.699997 -27.240000 
72314636749528 65.459999 122.699997 -27.240000 
72314656749528 65.459999 122.699997 -27.240000 
72314676749528 65.459999 122.699997 -27.240000 
72314696749528 65.459999 122.699997 -27.240000 
72314716749528 65.459999 122.699997 -27.240000 
72314736749528 65.459999 122.699997 -27.240000 
72314756749528 65.459999 122.699997 -27.240000 
72314776749528 65.459999 122.699997 -27.240000 
72314796749528 65.459999 122.699997 -27.240000 
72314816749528 65.459999 122.699997 -27.240000 
72314836749528 65.580002 122.579994 -26.939999 
72314856749528 65.580002 122.579994 -26.939999 
72314876749528 65.580002 122.579994 -26.939999 
72314896749528 65.580002 122.579994 -26.939999 
72314916749528 65.580002 122.579994 -26.939999 
72314936749528 65.580002 122.579994 -26.939999 
72314956749528 65.580002 122.579994 -26.939999 
72314976749528 65.580002 122.579994 -26.939999 
72314996749528 65.639999 122.579994 -26.760000 
72315016749528 65.639999 122.579994 -26.760000 
72315036749528 65.639999 122.579994 -26.760000 
72315056749528 65.639999 122.579994 -26.760000 
72315076749528 65.639999 122.579994 -26.760000 
72315096749528 65.639999 122.579994 -26.760000 
72315116749528 65.639999 122.579994 -26.760000 
72315136749528 65.639999 122.579994 -26.760000 
72315156749528 65.639999 122.579994 -26.760000 
72315176749528 65.639999 122.579994 -26.760000 
72315196749528 65.639999 122.579994 -26.760000 
72315216749528 65.639999 122.579994 -26.760000 
72315236749528 65.639999 122.579994 -26.760000 
72315256749528 65.639999 122.579994 -26.760000 
72315276749528 65.639999 122.579994 -26.760000 
72315296749528 65.639999 122.579994 -26.760000 
72315316749528 65.639999 122.579994 -26.760000 
72315336749528 65.639999 122.579994 -26.760000 
72315356749528 65.639999 122.579994 -26.760000 
72315376749528 65.639999 122.579994 -26.760000 
72315396749528 65.639999 122.579994 -26.760000 
72315416749528 65.639999 122.579994 -26.760000 
72315436749528 65.639999 122.579994 -26.760000 
72315456749528 65.639999 122.579994 -26.760000 
72315476749528 65.639999 122.579994 -26.760000 
72315496749528 65.639999 122.579994 -26.760000 
72315516749528 65.639999 122.579994 -26.760000 
72315536749528 65.639999 122.579994 -26.760000 
72315556749528 65.639999 122.579994 -26.760000 
72315576749528 65.639999 122.579994 -26.760000 
72315596749528 65.639999 122.579994 -26.760000 
72315616749528 65.639999 122.579994 -26.760000 
72315636749528 65.639999 122.579994 -26.760000 
72315656749528 65.639999 122.579994 -26.760000 
72315676749528 65.639999 122.579994 -26.760000 
72315696749528 65.639999 122.579994 -26.760000 
72315716749528 65.639999 122.579994 -26.760000 
72315736749528 65.639999 122.579994 -26.760000 
72315756749528 65.820000 122.699997 -26.099998 
72315776749528 65.820000 122.699997 -26.099998 
72315796749528 65.820000 122.699997 -26.099998 
72315816749528 65.820000 122.699997 -26.099998 
72315836749528 65.820000 122.699997 -26.099998 
72315856749528 65.820000 122.699997 -26.099998 
72315876749528 65.820000 122.699997 -26.099998 
72315896749528 65.820000 122.699997 -26.099998 
72315916749528 65.820000 122.699997 -26.099998 
72315936749528 65.820000 122.699997 -26.099998 
72315956749528 65.820000 122.699997 -26.099998 
72315976749528 65.820000 122.699997 -26.099998 
72315996749528 65.820000 122.639999 -25.439999 
72316016749528 65.820000 122.639999 -25.439999 
72316036749528 65.820000 122.639999 -25.439999 
72316056749528 65.820000 122.639999 -25.439999 
72316076749528 65.820000 122.639999 -25.439999 
72316096749528 65.820000 122.639999 -25.439999 
72316116749528 65.820000 122.639999 -25.439999 
72316136749528 65.820000 122.639999 -25.439999 
72316156749528 65.820000 122.639999 -25.439999 
72316176749528 65.820000 122.639999 -25.439999 
72316196749528 65.820000 122.639999 -25.439999 
72316216749528 65.820000 122.639999 -25.439999 
72316236749528 65.820000 122.639999 -25.439999 
72316256749528 65.820000 122.639999 -25.439999 
72316276749528 65.820000 122.639999 -25.439999 
72316296749528 65.820000 122.639999 -25.439999 
72316316749528 65.820000 122.639999 -25.439999 
72316336749528 65.820000 122.639999 -25.439999 
72316356749528 65.820000 122.639999 -25.439999 
72316376749528 65.820000 122.639999 -25.439999 
72316396749528 65.820000 122.639999 -25.439999 
72316416749528 65.820000 122.639999 -25.439999 
72316436749528 65.820000 122.639999 -25.439999 
72316456749528 65.820000 122.639999 -25.439999 
72316476749528 65.639999 122.279999 -24.840000 
72316496749528 65.639999 122.279999 -24.840000 
72316516749528 65.639999 122.279999 -24.840000 
72316536749528 65.639999 122.279999 -24.840000 
72316556749528 65.639999 122.279999 -24.840000 
72316576749528 65.639999 122.279999 -24.840000 
72316596749528 65.639999 122.279999 -24.840000 
72316616749528 65.639999 122.279999 -24.840000 
72316636749528 65.639999 122.279999 -24.840000 
72316656749528 65.639999 122.279999 -24.840000 
72316676749528 65.639999 122.279999 -24.840000 
72316696749528 65.639999 122.279999 -24.840000 
72316716749528 65.580002 121.860001 -24.240000 
72316736749528 65.580002 121.860001 -24.240000 
72316756749528 65.580002 121.860001 -24.240000 
72316776749528 65.580002 121.860001 -24.240000 
72316796749528 65.580002 121.860001 -24.240000 
72316816749528 65.580002 121.860001 -24.240000 
72316836749528 65.580002 121.860001 -24.240000 
72316856749528 65.580002 121.860001 -24.240000 
72316876749528 65.580002 121.860001 -24.240000 
72316896749528 65.580002 121.860001 -24.240000 
72316916749528 65.580002 121.860001 -24.240000 
72316936749528 65.580002 121.860001 -24.240000 
72316956749528 65.580002 121.860001 -24.240000 
72316976749528 65.580002 121.860001 -24.240000 
72316996749528 65.580002 121.860001 -24.240000 
72317016749528 65.580002 121.860001 -24.240000 
72317036749528 65.580002 121.860001 -24.240000 
72317056749528 65.580002 121.860001 -24.240000 
72317076749528 65.580002 121.860001 -24.240000 
72317096749528 65.580002 121.860001 -24.240000 
72317116749528 65.580002 121.860001 -24.240000 
72317136749528 65.580002 121.860001 -24.240000 
72317156749528 65.580002 121.860001 -24.240000 
72317176749528 65.580002 121.860001 -24.240000 
72317196749528 65.580002 121.860001 -24.240000 
72317216749528 65.580002 121.860001 -24.240000 
72317236749528 65.580002 121.860001 -24.240000 
72317256749528 65.580002 121.860001 -24.240000 
72317276749528 65.580002 121.860001 -24.240000 
72317296749528 65.580002 121.860001 -24.240000 
72317316749528 65.580002 121.860001 -24.240000 
72317336749528 65.580002 121.860001 -24.240000 
72317356749528 65.580002 121.860001 -24.240000 
72317376749528 65.580002 121.860001 -24.240000 
72317396749528 65.580002 121.860001 -24.240000 
72317416749528 65.580002 121.860001 -24.240000 
72317436749528 65.580002 121.860001 -24.240000 
72317456749528 65.580002 121.860001 -24.240000 
72317476749528 65.580002 121.860001 -24.240000 
72317496749528 65.580002 121.860001 -24.240000 
72317516749528 65.580002 121.860001 -24.240000 
72317536749528 65.580002 121.860001 -24.240000 
72317556749528 65.580002 121.860001 -24.240000 
72317576749528 65.580002 121.860001 -24.240000 
72317596749528 65.580002 121.860001 -24.240000 
72317616749528 65.580002 121.860001 -24.240000 
72317636749528 65.580002 121.860001 -24.240000 
72317656749528 65.580002 121.860001 -24.240000 
72317676749528 65.580002 121.860001 -24.240000 
72317696749528 65.580002 121.860001 -24.240000 
72317716749528 65.580002 121.860001 -24.240000 
72317736749528 65.580002 121.860001 -24.240000 
72317756749528 65.580002 121.860001 -24.240000 
72317776749528 65.580002 121.860001 -24.240000 
72317796749528 65.580002 121.860001 -24.240000 
72317816749528 65.580002 121.860001 -24.240000 
72317836749528 65.580002 121.860001 -24.240000 
72317856749528 65.580002 121.860001 -24.240000 
72317876749528 65.580002 121.860001 -24.240000 
72317896749528 65.580002 121.860001 -24.240000 
72317916749528 65.580002 121.860001 -24.240000 
72317936749528 65.580002 121.860001 -24.240000 
72317956749528 65.580002 121.860001 -24.240000 
72317976749528 65.580002 121.860001 -24.240000 
72317996749528 65.580002 121.860001 -24.240000 
72318016749528 65.580002 121.860001 -24.240000 
72318036749528 65.580002 121.860001 -24.240000 
72318056749528 65.580002 121.860001 -24.240000 
72318076749528 65.580002 121.860001 -24.240000 
72318096749528 65.580002 121.860001 -24.240000 
72318116749528 65.580002 121.860001 -24.240000 
72318136749528 65.580002 121.860001 -24.240000 
72318156749528 65.580002 121.860001 -24.240000 
72318176749528 65.580002 121.860001 -24.240000 
72318196749528 65.580002 121.860001 -24.240000 
72318216749528 65.580002 121.860001 -24.240000 
72318236749528 65.580002 121.860001 -24.240000 
72318256749528 65.580002 121.860001 -24.240000 
72318276749528 65.580002 121.860001 -24.240000 
72318296749528 65.580002 121.860001 -24.240000 
72318316749528 65.580002 121.860001 -24.240000 
72318336749528 65.580002 121.860001 -24.240000 
72318356749528 65.580002 121.860001 -24.240000 
72318376749528 65.580002 121.860001 -24.240000 
72318396749528 65.580002 121.860001 -24.240000 
72318416749528 65.580002 121.860001 -24.240000 
72318436749528 65.580002 121.860001 -24.240000 
72318456749528 65.580002 121.860001 -24.240000 
72318476749528 65.580002 121.860001 -24.240000 
72318496749528 65.580002 121.860001 -24.240000 
72318516749528 65.580002 121.860001 -24.240000 
72318536749528 65.580002 121.860001 -24.240000 
72318556749528 65.580002 121.860001 -24.240000 
72318576749528 65.580002 121.860001 -24.240000 
72318596749528 65.580002 121.860001 -24.240000 
72318616749528 65.580002 121.860001 -24.240000 
72318636749528 65.580002 121.860001 -24.240000 
72318656749528 65.580002 121.860001 -24.240000 
72318676749528 65.580002 121.860001 -24.240000 
72318696749528 65.580002 121.860001 -24.240000 
72318716749528 65.580002 121.860001 -24.240000 
72318736749528 65.580002 121.860001 -24.240000 
72318756749528 65.580002 121.860001 -24.240000 
72318776749528 65.580002 121.860001 -24.240000 
72318796749528 65.580002 121.860001 -24.240000 
72318816749528 65.580002 121.860001 -24.240000 
72318836749528 65.580002 121.860001 -24.240000 
72318856749528 65.580002 121.860001 -24.240000 
72318876749528 65.580002 121.860001 -24.240000 
72318896749528 65.580002 121.860001 -24.240000 
72318916749528 65.580002 121.860001 -24.240000 
72318936749528 65.580002 121.860001 -24.240000 
72318956749528 65.580002 121.860001 -24.240000 
72318976749528 65.580002 121.860001 -24.240000 
72318996749528 65.580002 121.860001 -24.240000 
72319016749528 65.580002 121.860001 -24.240000 
72319036749528 65.580002 121.860001 -24.240000 
72319056749528 65.580002 121.860001 -24.240000 
72319076749528 65.580002 121.860001 -24.240000 
72319096749528 65.580002 121.860001 -24.240000 
72319116749528 65.580002 121.860001 -24.240000 
72319136749528 65.580002 121.860001 -24.240000 
72319156749528 65.580002 121.860001 -24.240000 
72319176749528 65.580002 121.860001 -24.240000 
72319196749528 65.580002 121.860001 -24.240000 
72319216749528 65.580002 121.860001 -24.240000 
72319236749528 65.580002 121.860001 -24.240000 
72319256749528 65.580002 121.860001 -24.240000 
72319276749528 65.580002 121.860001 -24.240000 
72319296749528 65.580002 121.860001 -24.240000 
72319316749528 65.580002 121.860001 -24.240000 
72319336749528 65.580002 121.860001 -24.240000 
72319356749528 65.580002 121.860001 -24.240000 
72319376749528 65.580002 121.860001 -24.240000 
72319396749528 65.580002 121.860001 -24.240000 
72319416749528 65.580002 121.860001 -24.240000 
72319436749528 65.580002 121.860001 -24.240000 
72319456749528 65.580002 121.860001 -24.240000 
72319476749528 65.580002 121.860001 -24.240000 
72319496749528 65.580002 121.860001 -24.240000 
72319516749528 65.580002 121.860001 -24.240000 
72319536749528 65.580002 121.860001 -24.240000 
72319556749528 65.580002 121.860001 -24.240000 
72319576749528 65.580002 121.860001 -24.240000 
72319596749528 65.580002 121.860001 -24.240000 
72319616749528 65.580002 121.860001 -24.240000 
72319636749528 65.580002 121.860001 -24.240000 
72319656749528 65.580002 121.860001 -24.240000 
72319676749528 65.580002 121.860001 -24.240000 
72319696749528 65.580002 121.860001 -24.240000 
72319716749528 65.580002 121.860001 -24.240000 
72319736749528 65.580002 121.860001 -24.240000 
72319756749528 65.580002 121.860001 -24.240000 
72319776749528 65.580002 121.860001 -24.240000 
72319796749528 65.580002 121.860001 -24.240000 
72319816749528 65.580002 121.860001 -24.240000 
72319836749528 65.580002 121.860001 -24.240000 
72319856749528 65.580002 121.860001 -24.240000 
72319876749528 65.580002 121.860001 -24.240000 
72319896749528 65.580002 121.860001 -24.240000 
72319916749528 65.580002 121.860001 -24.240000 
72319936749528 65.580002 121.860001 -24.240000 
72319956749528 65.580002 121.860001 -24.240000 
72319976749528 65.580002 121.860001 -24.240000 
72319996749528 65.580002 121.860001 -24.240000 
72320016749528 65.580002 121.860001 -24.240000 
72320036749528 65.580002 121.860001 -24.240000 
72320056749528 65.580002 121.860001 -24.240000 
72320076749528 65.580002 121.860001 -24.240000 
72320096749528 65.580002 121.860001 -24.240000 
72320116749528 65.580002 121.860001 -24.240000 
72320136749528 65.580002 121.860001 -24.240000 
72320156749528 65.580002 121.860001 -24.240000 
72320176749528 65.580002 121.860001 -24.240000 
72320196749528 65.580002 121.860001 -24.240000 
72320216749528 65.580002 121.860001 -24.240000 
72320236749528 65.580002 121.860001 -24.240000 
72320256749528 65.580002 121.860001 -24.240000 
72320276749528 65.580002 121.860001 -24.240000 
72320296749528 65.580002 121.860001 -24.240000 
72320316749528 65.580002 121.860001 -24.240000 
72320336749528 65.580002 121.860001 -24.240000 
72320356749528 65.580002 121.860001 -24.240000 
72320376749528 65.580002 121.860001 -24.240000 
72320396749528 65.580002 121.860001 -24.240000 
72320416749528 65.580002 121.860001 -24.240000 
72320436749528 65.580002 121.860001 -24.240000 
72320456749528 65.580002 121.860001 -24.240000 
72320476749528 65.580002 121.860001 -24.240000 
72320496749528 65.580002 121.860001 -24.240000 
72320516749528 65.580002 121.860001 -24.240000 
72320536749528 65.580002 121.860001 -24.240000 
72320556749528 65.580002 121.860001 -24.240000 
72320576749528 65.580002 121.860001 -24.240000 
72320596749528 65.580002 121.860001 -24.240000 
72320616749528 65.580002 121.860001 -24.240000 
72320636749528 65.580002 121.860001 -24.240000 
72320656749528 65.580002 121.860001 -24.240000 
72320676749528 65.580002 121.860001 -24.240000 
72320696749528 65.580002 121.860001 -24.240000 
72320716749528 65.580002 121.860001 -24.240000 
72320736749528 65.580002 121.860001 -24.240000 
72320756749528 65.580002 121.860001 -24.240000 
72320776749528 65.580002 121.860001 -24.240000 
72320796749528 65.580002 121.860001 -24.240000 
72320816749528 65.580002 121.860001 -24.240000 
72320836749528 65.580002 121.860001 -24.240000 
72320856749528 65.580002 121.860001 -24.240000 
72320876749528 65.580002 121.860001 -24.240000 
72320896749528 65.580002 121.860001 -24.240000 
72320916749528 65.580002 121.860001 -24.240000 
72320936749528 65.580002 121.860001 -24.240000 
72320956749528 65.580002 121.860001 -24.240000 
72320976749528 65.580002 121.860001 -24.240000 
72320996749528 65.580002 121.860001 -24.240000 
72321016749528 65.580002 121.860001 -24.240000 
72321036749528 65.580002 121.860001 -24.240000 
72321056749528 65.580002 121.860001 -24.240000 
72321076749528 65.580002 121.860001 -24.240000 
72321096749528 65.580002 121.860001 -24.240000 
72321116749528 65.580002 121.860001 -24.240000 
72321136749528 65.580002 121.860001 -24.240000 
72321156749528 65.580002 121.860001 -24.240000 
72321176749528 65.580002 121.860001 -24.240000 
72321196749528 65.580002 121.860001 -24.240000 
72321216749528 65.580002 121.860001 -24.240000 
72321236749528 65.580002 121.860001 -24.240000 
72321256749528 65.580002 121.860001 -24.240000 
72321276749528 65.580002 121.860001 -24.240000 
72321296749528 65.580002 121.860001 -24.240000 
72321316749528 65.580002 121.860001 -24.240000 
72321336749528 65.580002 121.860001 -24.240000 
72321356749528 65.580002 121.860001 -24.240000 
72321376749528 65.580002 121.860001 -24.240000 
72321396749528 65.580002 121.860001 -24.240000 
72321416749528 65.580002 121.860001 -24.240000 
72321436749528 65.580002 121.860001 -24.240000 
72321456749528 65.580002 121.860001 -24.240000 
72321476749528 65.580002 121.860001 -24.240000 
72321496749528 65.580002 121.860001 -24.240000 
72321516749528 65.580002 121.860001 -24.240000 
72321536749528 65.580002 121.860001 -24.240000 
72321556749528 65.580002 121.860001 -24.240000 
72321576749528 65.580002 121.860001 -24.240000 
72321596749528 65.580002 121.860001 -24.240000 
72321616749528 65.580002 121.860001 -24.240000 
72321636749528 65.580002 121.860001 -24.240000 
72321656749528 65.580002 121.860001 -24.240000 
72321676749528 65.580002 121.860001 -24.240000 
72321696749528 65.580002 121.860001 -24.240000 
72321716749528 65.580002 121.860001 -24.240000 
72321736749528 65.580002 121.860001 -24.240000 
72321756749528 65.580002 121.860001 -24.240000 
72321776749528 65.580002 121.860001 -24.240000 
72321796749528 65.580002 121.860001 -24.240000 
72321816749528 65.580002 121.860001 -24.240000 
72321836749528 65.580002 121.860001 -24.240000 
72321856749528 65.580002 121.860001 -24.240000 
72321876749528 65.580002 121.860001 -24.240000 
72321896749528 65.580002 121.860001 -24.240000 
72321916749528 65.580002 121.860001 -24.240000 
72321936749528 65.580002 121.860001 -24.240000 
72321956749528 65.580002 121.860001 -24.240000 
72321976749528 65.580002 121.860001 -24.240000 
72321996749528 65.580002 121.860001 -24.240000 
72322016749528 65.580002 121.860001 -24.240000 
72322036749528 65.580002 121.860001 -24.240000 
72322056749528 65.580002 121.860001 -24.240000 
72322076749528 65.580002 121.860001 -24.240000 
72322096749528 65.580002 121.860001 -24.240000 
72322116749528 65.580002 121.860001 -24.240000 
72322136749528 65.580002 121.860001 -24.240000 
72322156749528 65.580002 121.860001 -24.240000 
72322176749528 65.580002 121.860001 -24.240000 
72322196749528 65.580002 121.860001 -24.240000 
72322216749528 65.580002 121.860001 -24.240000 
72322236749528 65.580002 121.860001 -24.240000 
72322256749528 65.580002 121.860001 -24.240000 
72322276749528 65.580002 121.860001 -24.240000 
72322296749528 65.580002 121.860001 -24.240000 
72322316749528 65.580002 121.860001 -24.240000 
72322336749528 65.580002 121.860001 -24.240000 
72322356749528 65.580002 121.860001 -24.240000 
72322376749528 65.580002 121.860001 -24.240000 
72322396749528 65.580002 121.860001 -24.240000 
72322416749528 65.580002 121.860001 -24.240000 
72322436749528 65.580002 121.860001 -24.240000 
72322456749528 65.580002 121.860001 -24.240000 
72322476749528 65.580002 121.860001 -24.240000 
72322496749528 65.580002 121.860001 -24.240000 
72322516749528 65.580002 121.860001 -24.240000 
72322536749528 65.580002 121.860001 -24.240000 
72322556749528 65.580002 121.860001 -24.240000 
72322576749528 65.580002 121.860001 -24.240000 
72322596749528 65.580002 121.860001 -24.240000 
72322616749528 65.580002 121.860001 -24.240000 
72322636749528 65.580002 121.860001 -24.240000 
72322656749528 65.580002 121.860001 -24.240000 
72322676749528 65.580002 121.860001 -24.240000 
72322696749528 65.580002 121.860001 -24.240000 
72322716749528 65.580002 121.860001 -24.240000 
72322736749528 65.580002 121.860001 -24.240000 
72322756749528 65.580002 121.860001 -24.240000 
72322776749528 65.580002 121.860001 -24.240000 
72322796749528 65.580002 121.860001 -24.240000 
72322816749528 65.580002 121.860001 -24.240000 
72322836749528 65.580002 121.860001 -24.240000 
72322856749528 65.580002 121.860001 -24.240000 
72322876749528 65.580002 121.860001 -24.240000 
72322896749528 65.580002 121.860001 -24.240000 
72322916749528 65.580002 121.860001 -24.240000 
72322936749528 65.580002 121.860001 -24.240000 
72322956749528 65.580002 121.860001 -24.240000 
72322976749528 65.580002 121.860001 -24.240000 
72322996749528 65.580002 121.860001 -24.240000 
72323016749528 65.580002 121.860001 -24.240000 
72323036749528 65.580002 121.860001 -24.240000 
72323056749528 65.580002 121.860001 -24.240000 
72323076749528 65.580002 121.860001 -24.240000 
72323096749528 65.580002 121.860001 -24.240000 
72323116749528 65.580002 121.860001 -24.240000 
72323136749528 65.580002 121.860001 -24.240000 
72323156749528 65.580002 121.860001 -24.240000 
72323176749528 65.580002 121.860001 -24.240000 
72323196749528 65.580002 121.860001 -24.240000 
72323216749528 65.580002 121.860001 -24.240000 
72323236749528 65.580002 121.860001 -24.240000 
72323256749528 65.580002 121.860001 -24.240000 
72323276749528 65.580002 121.860001 -24.240000 
72323296749528 65.580002 121.860001 -24.240000 
72323316749528 65.580002 121.860001 -24.240000 
72323336749528 65.580002 121.860001 -24.240000 
72323356749528 65.580002 121.860001 -24.240000 
72323376749528 65.580002 121.860001 -24.240000 
72323396749528 65.580002 121.860001 -24.240000 
72323416749528 65.580002 121.860001 -24.240000 
72323436749528 65.580002 121.860001 -24.240000 
72323456749528 65.580002 121.860001 -24.240000 
72323476749528 65.580002 121.860001 -24.240000 
72323496749528 65.580002 121.860001 -24.240000 
72323516749528 65.580002 121.860001 -24.240000 
72323536749528 65.580002 121.860001 -24.240000 
72323556749528 65.580002 121.860001 -24.240000 
72323576749528 65.580002 121.860001 -24.240000 
72323596749528 65.580002 121.860001 -24.240000 
72323616749528 65.580002 121.860001 -24.240000 
72323636749528 65.580002 121.860001 -24.240000 
72323656749528 65.580002 121.860001 -24.240000 
72323676749528 65.580002 121.860001 -24.240000 
72323696749528 65.580002 121.860001 -24.240000 
72323716749528 65.580002 121.860001 -24.240000 
72323736749528 65.580002 121.860001 -24.240000 
72323756749528 65.580002 121.860001 -24.240000 
72323776749528 65.580002 121.860001 -24.240000 
72323796749528 65.580002 121.860001 -24.240000 
72323816749528 65.580002 121.860001 -24.240000 
72323836749528 65.580002 121.860001 -24.240000 
72323856749528 65.580002 121.860001 -24.240000 
72323876749528 65.580002 121.860001 -24.240000 
72323896749528 65.580002 121.860001 -24.240000 
72323916749528 65.580002 121.860001 -24.240000 
72323936749528 65.580002 121.860001 -24.240000 
72323956749528 65.580002 121.860001 -24.240000 
72323976749528 65.580002 121.860001 -24.240000 
72323996749528 65.580002 121.860001 -24.240000 
72324016749528 65.580002 121.860001 -24.240000 
72324036749528 65.580002 121.860001 -24.240000 
72324056749528 65.580002 121.860001 -24.240000 
72324076749528 65.580002 121.860001 -24.240000 
72324096749528 65.580002 121.860001 -24.240000 
72324116749528 65.580002 121.860001 -24.240000 
72324136749528 65.580002 121.860001 -24.240000 
72324156749528 65.580002 121.860001 -24.240000 
72324176749528 65.580002 121.860001 -24.240000 
72324196749528 65.580002 121.860001 -24.240000 
72324216749528 65.580002 121.860001 -24.240000 
72324236749528 65.580002 121.860001 -24.240000 
72324256749528 65.580002 121.860001 -24.240000 
72324276749528 65.580002 121.860001 -24.240000 
72324296749528 65.580002 121.860001 -24.240000 
72324316749528 65.580002 121.860001 -24.240000 
72324336749528 65.580002 121.860001 -24.240000 
72324356749528 65.580002 121.860001 -24.240000 
72324376749528 65.580002 121.860001 -24.240000 
72324396749528 65.580002 121.860001 -24.240000 
72324416749528 65.580002 121.860001 -24.240000 
72324436749528 65.580002 121.860001 -24.240000 
72324456749528 65.580002 121.860001 -24.240000 
72324476749528 65.580002 121.860001 -24.240000 
72324496749528 65.580002 121.860001 -24.240000 
72324516749528 65.580002 121.860001 -24.240000 
72324536749528 65.580002 121.860001 -24.240000 
72324556749528 65.580002 121.860001 -24.240000 
72324576749528 65.580002 121.860001 -24.240000 
72324596749528 65.580002 121.860001 -24.240000 
72324616749528 65.580002 121.860001 -24.240000 
72324636749528 65.580002 121.860001 -24.240000 
72324656749528 65.580002 121.860001 -24.240000 
72324676749528 65.580002 121.860001 -24.240000 
72324696749528 65.580002 121.860001 -24.240000 
72324716749528 65.580002 121.860001 -24.240000 
72324736749528 65.580002 121.860001 -24.240000 
72324756749528 65.580002 121.860001 -24.240000 
72324776749528 65.580002 121.860001 -24.240000 
72324796749528 65.580002 121.860001 -24.240000 
72324816749528 65.580002 121.860001 -24.240000 
72324836749528 65.580002 121.860001 -24.240000 
72324856749528 65.580002 121.860001 -24.240000 
72324876749528 65.580002 121.860001 -24.240000 
72324896749528 65.580002 121.860001 -24.240000 
72324916749528 65.580002 121.860001 -24.240000 
72324936749528 65.580002 121.860001 -24.240000 
72324956749528 65.580002 121.860001 -24.240000 
72324976749528 65.580002 121.860001 -24.240000 
72324996749528 65.580002 121.860001 -24.240000 
72325016749528 65.580002 121.860001 -24.240000 
72325036749528 65.580002 121.860001 -24.240000 
72325056749528 65.580002 121.860001 -24.240000 
72325076749528 65.580002 121.860001 -24.240000 
72325096749528 65.580002 121.860001 -24.240000 
72325116749528 65.580002 121.860001 -24.240000 
72325136749528 65.580002 121.860001 -24.240000 
72325156749528 65.580002 121.860001 -24.240000 
72325176749528 65.580002 121.860001 -24.240000 
72325196749528 65.580002 121.860001 -24.240000 
72325216749528 65.580002 121.860001 -24.240000 
72325236749528 65.580002 121.860001 -24.240000 
72325256749528 65.580002 121.860001 -24.240000 
72325276749528 65.580002 121.860001 -24.240000 
72325296749528 65.580002 121.860001 -24.240000 
72325316749528 65.580002 121.860001 -24.240000 
72325336749528 65.580002 121.860001 -24.240000 
72325356749528 65.580002 121.860001 -24.240000 
72325376749528 65.580002 121.860001 -24.240000 
72325396749528 65.580002 121.860001 -24.240000 
72325416749528 65.580002 121.860001 -24.240000 
72325436749528 65.580002 121.860001 -24.240000 
72325456749528 65.580002 121.860001 -24.240000 
72325476749528 65.580002 121.860001 -24.240000 
72325496749528 65.580002 121.860001 -24.240000 
72325516749528 65.580002 121.860001 -24.240000 
72325536749528 65.580002 121.860001 -24.240000 
72325556749528 65.580002 121.860001 -24.240000 
72325576749528 65.580002 121.860001 -24.240000 
72325596749528 65.580002 121.860001 -24.240000 
72325616749528 65.580002 121.860001 -24.240000 
72325636749528 65.580002 121.860001 -24.240000 
72325656749528 65.580002 121.860001 -24.240000 
72325676749528 65.580002 121.860001 -24.240000 
72325696749528 65.580002 121.860001 -24.240000 
72325716749528 65.580002 121.860001 -24.240000 
72325736749528 65.580002 121.860001 -24.240000 
72325756749528 65.580002 121.860001 -24.240000 
72325776749528 65.580002 121.860001 -24.240000 
72325796749528 65.580002 121.860001 -24.240000 
72325816749528 65.580002 121.860001 -24.240000 
72325836749528 65.580002 121.860001 -24.240000 
72325856749528 65.580002 121.860001 -24.240000 
72325876749528 65.580002 121.860001 -24.240000 
72325896749528 65.580002 121.860001 -24.240000 
72325916749528 65.580002 121.860001 -24.240000 
72325936749528 65.580002 121.860001 -24.240000 
72325956749528 65.580002 121.860001 -24.240000 
72325976749528 65.580002 121.860001 -24.240000 
72325996749528 65.580002 121.860001 -24.240000 
72326016749528 65.580002 121.860001 -24.240000 
72326036749528 65.580002 121.860001 -24.240000 
72326056749528 65.580002 121.860001 -24.240000 
72326076749528 65.580002 121.860001 -24.240000 
72326096749528 65.580002 121.860001 -24.240000 
72326116749528 65.580002 121.860001 -24.240000 
72326136749528 65.580002 121.860001 -24.240000 
72326156749528 65.580002 121.860001 -24.240000 
72326176749528 65.580002 121.860001 -24.240000 
72326196749528 65.580002 121.860001 -24.240000 
72326216749528 65.580002 121.860001 -24.240000 
72326236749528 65.580002 121.860001 -24.240000 
72326256749528 65.580002 121.860001 -24.240000 
72326276749528 65.580002 121.860001 -24.240000 
72326296749528 65.580002 121.860001 -24.240000 
72326316749528 65.580002 121.860001 -24.240000 
72326336749528 65.580002 121.860001 -24.240000 
72326356749528 65.580002 121.860001 -24.240000 
72326376749528 65.580002 121.860001 -24.240000 
72326396749528 65.580002 121.860001 -24.240000 
72326416749528 65.580002 121.860001 -24.240000 
72326436749528 65.580002 121.860001 -24.240000 
72326456749528 65.580002 121.860001 -24.240000 
72326476749528 65.580002 121.860001 -24.240000 
72326496749528 65.580002 121.860001 -24.240000 
72326516749528 65.580002 121.860001 -24.240000 
72326536749528 65.580002 121.860001 -24.240000 
72326556749528 65.580002 121.860001 -24.240000 
72326576749528 65.580002 121.860001 -24.240000 
72326596749528 65.580002 121.860001 -24.240000 
72326616749528 65.580002 121.860001 -24.240000 
72326636749528 65.580002 121.860001 -24.240000 
72326656749528 65.580002 121.860001 -24.240000 
72326676749528 65.580002 121.860001 -24.240000 
72326696749528 65.580002 121.860001 -24.240000 
72326716749528 65.580002 121.860001 -24.240000 
72326736749528 65.580002 121.860001 -24.240000 
72326756749528 65.580002 121.860001 -24.240000 
72326776749528 65.580002 121.860001 -24.240000 
72326796749528 65.580002 121.860001 -24.240000 
72326816749528 65.580002 121.860001 -24.240000 
72326836749528 65.580002 121.860001 -24.240000 
72326856749528 65.580002 121.860001 -24.240000 
72326876749528 65.580002 121.860001 -24.240000 
72326896749528 65.580002 121.860001 -24.240000 
72326916749528 65.580002 121.860001 -24.240000 
72326936749528 65.580002 121.860001 -24.240000 
72326956749528 65.580002 121.860001 -24.240000 
72326976749528 65.580002 121.860001 -24.240000 
72326996749528 65.580002 121.860001 -24.240000 
72327016749528 65.580002 121.860001 -24.240000 
72327036749528 65.580002 121.860001 -24.240000 
72327056749528 65.580002 121.860001 -24.240000 
72327076749528 65.580002 121.860001 -24.240000 
72327096749528 65.580002 121.860001 -24.240000 
72327116749528 65.580002 121.860001 -24.240000 
72327136749528 65.580002 121.860001 -24.240000 
72327156749528 65.580002 121.860001 -24.240000 
72327176749528 65.580002 121.860001 -24.240000 
72327196749528 65.580002 121.860001 -24.240000 
72327216749528 65.580002 121.860001 -24.240000 
72327236749528 65.580002 121.860001 -24.240000 
72327256749528 65.580002 121.860001 -24.240000 
72327276749528 65.580002 121.860001 -24.240000 
72327296749528 65.580002 121.860001 -24.240000 
72327316749528 65.580002 121.860001 -24.240000 
72327336749528 65.580002 121.860001 -24.240000 
72327356749528 65.580002 121.860001 -24.240000 
72327376749528 65.580002 121.860001 -24.240000 
72327396749528 65.580002 121.860001 -24.240000 
72327416749528 65.580002 121.860001 -24.240000 
72327436749528 65.580002 121.860001 -24.240000 
72327456749528 65.580002 121.860001 -24.240000 
72327476749528 65.580002 121.860001 -24.240000 
72327496749528 65.580002 121.860001 -24.240000 
72327516749528 65.580002 121.860001 -24.240000 
72327536749528 65.580002 121.860001 -24.240000 
72327556749528 65.580002 121.860001 -24.240000 
72327576749528 65.580002 121.860001 -24.240000 
72327596749528 65.580002 121.860001 -24.240000 
72327616749528 65.580002 121.860001 -24.240000 
72327636749528 65.580002 121.860001 -24.240000 
72327656749528 65.580002 121.860001 -24.240000 
72327676749528 65.580002 121.860001 -24.240000 
72327696749528 65.580002 121.860001 -24.240000 
72327716749528 65.580002 121.860001 -24.240000 
72327736749528 65.580002 121.860001 -24.240000 
72327756749528 65.580002 121.860001 -24.240000 
72327776749528 65.580002 121.860001 -24.240000 
72327796749528 65.580002 121.860001 -24.240000 
72327816749528 65.580002 121.860001 -24.240000 
72327836749528 65.580002 121.860001 -24.240000 
72327856749528 65.580002 121.860001 -24.240000 
72327876749528 65.580002 121.860001 -24.240000 
72327896749528 65.580002 121.860001 -24.240000 
72327916749528 65.580002 121.860001 -24.240000 
72327936749528 65.580002 121.860001 -24.240000 
72327956749528 65.580002 121.860001 -24.240000 
72327976749528 65.580002 121.860001 -24.240000 
72327996749528 65.580002 121.860001 -24.240000 
72328016749528 65.580002 121.860001 -24.240000 
72328036749528 65.580002 121.860001 -24.240000 
72328056749528 65.580002 121.860001 -24.240000 
72328076749528 65.580002 121.860001 -24.240000 
72328096749528 65.580002 121.860001 -24.240000 
72328116749528 65.580002 121.860001 -24.240000 
72328136749528 65.580002 121.860001 -24.240000 
72328156749528 65.580002 121.860001 -24.240000 
72328176749528 65.580002 121.860001 -24.240000 
72328196749528 65.580002 121.860001 -24.240000 
72328216749528 65.580002 121.860001 -24.240000 
72328236749528 65.580002 121.860001 -24.240000 
72328256749528 65.580002 121.860001 -24.240000 
72328276749528 65.580002 121.860001 -24.240000 
72328296749528 65.580002 121.860001 -24.240000 
72328316749528 65.580002 121.860001 -24.240000 
72328336749528 65.580002 121.860001 -24.240000 
72328356749528 65.580002 121.860001 -24.240000 
72328376749528 65.580002 121.860001 -24.240000 
72328396749528 65.580002 121.860001 -24.240000 
72328416749528 65.580002 121.860001 -24.240000 
72328436749528 65.580002 121.860001 -24.240000 
72328456749528 65.580002 121.860001 -24.240000 
72328476749528 65.580002 121.860001 -24.240000 
72328496749528 65.580002 121.860001 -24.240000 
72328516749528 65.580002 121.860001 -24.240000 
72328536749528 65.580002 121.860001 -24.240000 
72328556749528 65.580002 121.860001 -24.240000 
72328576749528 65.580002 121.860001 -24.240000 
72328596749528 65.580002 121.860001 -24.240000 
72328616749528 65.580002 121.860001 -24.240000 
72328636749528 65.580002 121.860001 -24.240000 
72328656749528 65.580002 121.860001 -24.240000 
72328676749528 65.580002 121.860001 -24.240000 
72328696749528 65.580002 121.860001 -24.240000 
72328716749528 65.580002 121.860001 -24.240000 
72328736749528 65.580002 121.860001 -24.240000 
72328756749528 65.580002 121.860001 -24.240000 
72328776749528 65.580002 121.860001 -24.240000 
72328796749528 65.580002 121.860001 -24.240000 
72328816749528 65.580002 121.860001 -24.240000 
72328836749528 65.580002 121.860001 -24.240000 
72328856749528 65.580002 121.860001 -24.240000 
72328876749528 65.580002 121.860001 -24.240000 
72328896749528 65.580002 121.860001 -24.240000 
72328916749528 65.580002 121.860001 -24.240000 
72328936749528 65.580002 121.860001 -24.240000 
72328956749528 65.580002 121.860001 -24.240000 
72328976749528 65.580002 121.860001 -24.240000 
72328996749528 65.580002 121.860001 -24.240000 
72329016749528 65.580002 121.860001 -24.240000 
72329036749528 65.580002 121.860001 -24.240000 
72329056749528 65.580002 121.860001 -24.240000 
72329076749528 65.580002 121.860001 -24.240000 
72329096749528 65.580002 121.860001 -24.240000 
72329116749528 65.580002 121.860001 -24.240000 
72329136749528 65.580002 121.860001 -24.240000 
72329156749528 65.580002 121.860001 -24.240000 
72329176749528 65.580002 121.860001 -24.240000 
72329196749528 65.580002 121.860001 -24.240000 
72329216749528 65.580002 121.860001 -24.240000 
72329236749528 65.580002 121.860001 -24.240000 
72329256749528 65.580002 121.860001 -24.240000 
72329276749528 65.580002 121.860001 -24.240000 
72329296749528 65.580002 121.860001 -24.240000 
72329316749528 65.580002 121.860001 -24.240000 
72329336749528 65.580002 121.860001 -24.240000 
72329356749528 65.580002 121.860001 -24.240000 
72329376749528 65.580002 121.860001 -24.240000 
72329396749528 65.580002 121.860001 -24.240000 
72329416749528 65.580002 121.860001 -24.240000 
72329436749528 65.580002 121.860001 -24.240000 
72329456749528 65.580002 121.860001 -24.240000 
72329476749528 65.580002 121.860001 -24.240000 
72329496749528 65.580002 121.860001 -24.240000 
72329516749528 65.580002 121.860001 -24.240000 
72329536749528 65.580002 121.860001 -24.240000 
72329556749528 65.580002 121.860001 -24.240000 
72329576749528 65.580002 121.860001 -24.240000 
72329596749528 65.580002 121.860001 -24.240000 
72329616749528 65.580002 121.860001 -24.240000 
72329636749528 65.580002 121.860001 -24.240000 
72329656749528 65.580002 121.860001 -24.240000 
72329676749528 65.580002 121.860001 -24.240000 
72329696749528 65.580002 121.860001 -24.240000 
72329716749528 65.580002 121.860001 -24.240000 
72329736749528 65.580002 121.860001 -24.240000 
72329756749528 65.580002 121.860001 -24.240000 
72329776749528 65.580002 121.860001 -24.240000 
72329796749528 65.580002 121.860001 -24.240000 
72329816749528 65.580002 121.860001 -24.240000 
72329836749528 65.580002 121.860001 -24.240000 
72329856749528 65.580002 121.860001 -24.240000 
72329876749528 65.580002 121.860001 -24.240000 
72329896749528 65.580002 121.860001 -24.240000 
72329916749528 65.580002 121.860001 -24.240000 
72329936749528 65.580002 121.860001 -24.240000 
72329956749528 65.580002 121.860001 -24.240000 
72329976749528 65.580002 121.860001 -24.240000 
72329996749528 65.580002 121.860001 -24.240000 
72330016749528 65.580002 121.860001 -24.240000 
72330036749528 65.580002 121.860001 -24.240000 
72330056749528 65.580002 121.860001 -24.240000 
72330076749528 65.580002 121.860001 -24.240000 
72330096749528 65.580002 121.860001 -24.240000 
72330116749528 65.580002 121.860001 -24.240000 
72330136749528 65.580002 121.860001 -24.240000 
72330156749528 65.580002 121.860001 -24.240000 
72330176749528 65.580002 121.860001 -24.240000 
72330196749528 65.580002 121.860001 -24.240000 
72330216749528 65.580002 121.860001 -24.240000 
72330236749528 65.580002 121.860001 -24.240000 
72330256749528 65.580002 121.860001 -24.240000 
72330276749528 65.580002 121.860001 -24.240000 
72330296749528 65.580002 121.860001 -24.240000 
72330316749528 65.580002 121.860001 -24.240000 
72330336749528 65.580002 121.860001 -24.240000 
72330356749528 65.580002 121.860001 -24.240000 
72330376749528 65.580002 121.860001 -24.240000 
72330396749528 65.580002 121.860001 -24.240000 
72330416749528 65.580002 121.860001 -24.240000 
72330436749528 65.580002 121.860001 -24.240000 
72330456749528 65.580002 121.860001 -24.240000 
72330476749528 65.580002 121.860001 -24.240000 
72330496749528 65.580002 121.860001 -24.240000 
72330516749528 65.580002 121.860001 -24.240000 
72330536749528 65.580002 121.860001 -24.240000 
72330556749528 65.580002 121.860001 -24.240000 
72330576749528 65.580002 121.860001 -24.240000 
72330596749528 65.580002 121.860001 -24.240000 
72330616749528 65.580002 121.860001 -24.240000 
72330636749528 65.580002 121.860001 -24.240000 
72330656749528 65.580002 121.860001 -24.240000 
72330676749528 65.580002 121.860001 -24.240000 
72330696749528 65.580002 121.860001 -24.240000 
72330716749528 65.580002 121.860001 -24.240000 
72330736749528 65.580002 121.860001 -24.240000 
72330756749528 65.580002 121.860001 -24.240000 
72330776749528 65.580002 121.860001 -24.240000 
72330796749528 65.580002 121.860001 -24.240000 
72330816749528 65.580002 121.860001 -24.240000 
72330836749528 65.580002 121.860001 -24.240000 
72330856749528 65.580002 121.860001 -24.240000 
72330876749528 65.580002 121.860001 -24.240000 
72330896749528 65.580002 121.860001 -24.240000 
72330916749528 65.580002 121.860001 -24.240000 
72330936749528 65.580002 121.860001 -24.240000 
72330956749528 65.580002 121.860001 -24.240000 
72330976749528 65.580002 121.860001 -24.240000 
72330996749528 65.580002 121.860001 -24.240000 
72331016749528 65.580002 121.860001 -24.240000 
72331036749528 65.339996 121.379997 -23.939999 
72331056749528 65.339996 121.379997 -23.939999 
72331076749528 65.339996 121.379997 -23.939999 
72331096749528 65.339996 121.379997 -23.939999 
72331116749528 65.339996 121.379997 -23.939999 
72331136749528 65.339996 121.379997 -23.939999 
72331156749528 65.339996 121.379997 -23.939999 
72331176749528 65.339996 121.379997 -23.939999 
72331196749528 65.339996 121.379997 -23.939999 
72331216749528 65.339996 121.379997 -23.939999 
72331236749528 65.279999 120.959999 -23.760000 
72331256749528 65.279999 120.959999 -23.760000 
72331276749528 65.279999 120.959999 -23.760000 
72331296749528 65.279999 120.959999 -23.760000 
72331316749528 65.279999 120.959999 -23.760000 
72331336749528 65.279999 120.959999 -23.760000 
72331356749528 65.279999 120.959999 -23.760000 
72331376749528 65.279999 120.959999 -23.760000 
72331396749528 65.279999 120.959999 -23.580000 
72331416749528 65.279999 120.959999 -23.580000 
72331436749528 65.279999 120.959999 -23.580000 
72331456749528 65.279999 120.959999 -23.580000 
72331476749528 65.279999 120.959999 -23.580000 
72331496749528 65.279999 120.959999 -23.580000 
72331516749528 65.279999 120.959999 -23.580000 
72331536749528 65.279999 120.959999 -23.580000 
72331556749528 65.279999 120.959999 -23.580000 
72331576749528 65.279999 120.959999 -23.580000 
72331596749528 65.279999 120.959999 -23.580000 
72331616749528 65.279999 120.959999 -23.580000 
72331636749528 65.279999 120.959999 -23.580000 
72331656749528 65.279999 120.959999 -23.580000 
72331676749528 65.279999 120.959999 -23.580000 
72331696749528 65.279999 120.959999 -23.580000 
72331716749528 65.279999 120.959999 -23.580000 
72331736749528 65.279999 120.959999 -23.580000 
72331756749528 65.279999 120.959999 -23.580000 
72331776749528 65.279999 120.959999 -23.580000 
72331796749528 65.279999 120.959999 -23.580000 
72331816749528 65.279999 120.959999 -23.580000 
72331836749528 65.279999 120.959999 -23.580000 
72331856749528 65.279999 120.959999 -23.580000 
72331876749528 65.279999 120.959999 -23.580000 
72331896749528 65.279999 120.959999 -23.580000 
72331916749528 65.279999 120.959999 -23.580000 
72331936749528 65.279999 120.959999 -23.580000 
72331956749528 65.279999 120.959999 -23.580000 
72331976749528 65.279999 120.959999 -23.580000 
72331996749528 65.279999 120.959999 -23.580000 
72332016749528 65.279999 120.959999 -23.580000 
72332036749528 65.279999 120.959999 -23.580000 
72332056749528 65.279999 120.959999 -23.580000 
72332076749528 65.279999 120.959999 -23.580000 
72332096749528 65.279999 120.959999 -23.580000 
72332116749528 65.279999 120.959999 -23.580000 
72332136749528 65.279999 120.959999 -23.580000 
72332156749528 65.279999 120.959999 -23.580000 
72332176749528 65.279999 120.959999 -23.580000 
72332196749528 65.279999 120.959999 -23.580000 
72332216749528 65.279999 120.959999 -23.580000 
72332236749528 65.279999 120.959999 -23.580000 
72332256749528 65.279999 120.959999 -23.580000 
72332276749528 65.279999 120.959999 -23.580000 
72332296749528 65.279999 120.959999 -23.580000 
72332316749528 65.279999 120.959999 -23.580000 
72332336749528 65.279999 120.959999 -23.580000 
72332356749528 65.279999 120.959999 -23.580000 
72332376749528 65.279999 120.959999 -23.580000 
72332396749528 65.279999 120.959999 -23.580000 
72332416749528 65.279999 120.959999 -23.580000 
72332436749528 65.279999 120.959999 -23.580000 
72332456749528 65.279999 120.959999 -23.580000 
72332476749528 65.279999 120.959999 -23.580000 
72332496749528 65.279999 120.959999 -23.580000 
72332516749528 65.279999 120.959999 -23.580000 
72332536749528 65.279999 120.959999 -23.580000 
72332556749528 65.279999 120.959999 -23.580000 
72332576749528 65.279999 120.959999 -23.580000 
72332596749528 65.279999 120.959999 -23.580000 
72332616749528 65.279999 120.959999 -23.580000 
72332636749528 65.279999 120.959999 -23.580000 
72332656749528 65.279999 120.959999 -23.580000 
72332676749528 65.279999 120.959999 -23.580000 
72332696749528 65.279999 120.959999 -23.580000 
72332716749528 65.279999 120.959999 -23.580000 
72332736749528 65.279999 120.959999 -23.580000 
72332756749528 65.279999 120.959999 -23.580000 
72332776749528 65.279999 120.959999 -23.580000 
72332796749528 65.279999 120.959999 -23.580000 
72332816749528 65.279999 120.959999 -23.580000 
72332836749528 65.279999 120.959999 -23.580000 
72332856749528 65.279999 120.959999 -23.580000 
72332876749528 65.279999 120.959999 -23.580000 
72332896749528 65.279999 120.959999 -23.580000 
72332916749528 65.279999 120.959999 -23.580000 
72332936749528 65.279999 120.959999 -23.580000 
72332956749528 65.279999 120.959999 -23.580000 
72332976749528 65.279999 120.959999 -23.580000 
72332996749528 65.279999 120.959999 -23.580000 
72333016749528 65.279999 120.959999 -23.580000 
72333036749528 65.279999 120.959999 -23.580000 
72333056749528 65.279999 120.959999 -23.580000 
72333076749528 65.279999 120.959999 -23.580000 
72333096749528 65.279999 120.959999 -23.580000 
72333116749528 65.279999 120.959999 -23.580000 
72333136749528 65.279999 120.959999 -23.580000 
72333156749528 65.279999 120.959999 -23.580000 
72333176749528 65.279999 120.959999 -23.580000 
72333196749528 65.279999 120.959999 -23.580000 
72333216749528 65.279999 120.959999 -23.580000 
72333236749528 65.279999 120.959999 -23.580000 
72333256749528 65.279999 120.959999 -23.580000 
72333276749528 65.279999 120.959999 -23.580000 
72333296749528 65.279999 120.959999 -23.580000 
72333316749528 65.279999 120.959999 -23.580000 
72333336749528 65.279999 120.959999 -23.580000 
72333356749528 65.279999 120.959999 -23.580000 
72333376749528 65.279999 120.959999 -23.580000 
72333396749528 65.279999 120.959999 -23.580000 
72333416749528 65.279999 120.959999 -23.580000 
72333436749528 65.279999 120.959999 -23.580000 
72333456749528 65.279999 120.959999 -23.580000 
72333476749528 65.279999 120.959999 -23.580000 
72333496749528 65.279999 120.959999 -23.580000 
72333516749528 65.279999 120.959999 -23.580000 
72333536749528 65.279999 120.959999 -23.580000 
72333556749528 65.279999 120.959999 -23.580000 
72333576749528 65.279999 120.959999 -23.580000 
72333596749528 65.279999 120.959999 -23.580000 
72333616749528 65.279999 120.959999 -23.580000 
72333636749528 65.279999 120.959999 -23.580000 
72333656749528 65.279999 120.959999 -23.580000 
72333676749528 65.279999 120.959999 -23.580000 
72333696749528 65.279999 120.959999 -23.580000 
72333716749528 65.279999 120.959999 -23.580000 
72333736749528 65.279999 120.959999 -23.580000 
72333756749528 65.279999 120.959999 -23.580000 
72333776749528 65.279999 120.959999 -23.580000 
72333796749528 65.279999 120.959999 -23.580000 
72333816749528 65.279999 120.959999 -23.580000 
72333836749528 65.279999 120.959999 -23.580000 
72333856749528 65.279999 120.959999 -23.580000 
72333876749528 65.279999 120.959999 -23.580000 
72333896749528 65.279999 120.959999 -23.580000 
72333916749528 65.279999 120.959999 -23.580000 
72333936749528 65.279999 120.959999 -23.580000 
72333956749528 65.279999 120.959999 -23.580000 
72333976749528 65.279999 120.959999 -23.580000 
72333996749528 65.279999 120.959999 -23.580000 
72334016749528 65.279999 120.959999 -23.580000 
72334036749528 65.279999 120.959999 -23.580000 
72334056749528 65.279999 120.959999 -23.580000 
72334076749528 65.279999 120.959999 -23.580000 
72334096749528 65.279999 120.959999 -23.580000 
72334116749528 65.279999 120.959999 -23.580000 
72334136749528 65.279999 120.959999 -23.580000 
72334156749528 65.279999 120.959999 -23.580000 
72334176749528 65.279999 120.959999 -23.580000 
72334196749528 65.279999 120.959999 -23.580000 
72334216749528 65.279999 120.959999 -23.580000 
72334236749528 65.279999 120.959999 -23.580000 
72334256749528 65.279999 120.959999 -23.580000 
72334276749528 65.279999 120.959999 -23.580000 
72334296749528 65.279999 120.959999 -23.580000 
72334316749528 65.279999 120.959999 -23.580000 
72334336749528 65.279999 120.959999 -23.580000 
72334356749528 65.279999 120.959999 -23.580000 
72334376749528 65.279999 120.959999 -23.580000 
72334396749528 65.279999 120.959999 -23.580000 
72334416749528 65.279999 120.959999 -23.580000 
72334436749528 65.279999 120.959999 -23.580000 
72334456749528 65.279999 120.959999 -23.580000 
72334476749528 65.279999 120.959999 -23.580000 
72334496749528 65.279999 120.959999 -23.580000 
72334516749528 65.279999 120.959999 -23.580000 
72334536749528 65.279999 120.959999 -23.580000 
72334556749528 65.279999 120.959999 -23.580000 
72334576749528 65.279999 120.959999 -23.580000 
72334596749528 65.279999 120.959999 -23.580000 
72334616749528 65.279999 120.959999 -23.580000 
72334636749528 65.279999 120.959999 -23.580000 
72334656749528 65.279999 120.959999 -23.580000 
72334676749528 65.279999 120.959999 -23.580000 
72334696749528 65.279999 120.959999 -23.580000 
72334716749528 65.279999 120.959999 -23.580000 
72334736749528 65.279999 120.959999 -23.580000 
72334756749528 65.279999 120.959999 -23.580000 
72334776749528 65.279999 120.959999 -23.580000 
72334796749528 65.279999 120.959999 -23.580000 
72334816749528 65.279999 120.959999 -23.580000 
72334836749528 65.279999 120.959999 -23.580000 
72334856749528 65.279999 120.959999 -23.580000 
72334876749528 65.279999 120.959999 -23.580000 
72334896749528 65.279999 120.959999 -23.580000 
72334916749528 65.279999 120.959999 -23.580000 
72334936749528 65.279999 120.959999 -23.580000 
72334956749528 65.279999 120.959999 -23.580000 
72334976749528 65.279999 120.959999 -23.580000 
72334996749528 65.279999 120.959999 -23.580000 
72335016749528 65.279999 120.959999 -23.580000 
72335036749528 65.279999 120.959999 -23.580000 
72335056749528 65.279999 120.959999 -23.580000 
72335076749528 65.279999 120.959999 -23.580000 
72335096749528 65.279999 120.959999 -23.580000 
72335116749528 65.279999 120.959999 -23.580000 
72335136749528 65.279999 120.959999 -23.580000 
72335156749528 65.279999 120.959999 -23.580000 
72335176749528 65.279999 120.959999 -23.580000 
72335196749528 65.279999 120.959999 -23.580000 
72335216749528 65.279999 120.959999 -23.580000 
72335236749528 65.279999 120.959999 -23.580000 
72335256749528 65.279999 120.959999 -23.580000 
72335276749528 65.279999 120.959999 -23.580000 
72335296749528 65.279999 120.959999 -23.580000 
72335316749528 65.279999 120.959999 -23.580000 
72335336749528 65.279999 120.959999 -23.580000 
72335356749528 65.279999 120.959999 -23.580000 
72335376749528 65.279999 120.959999 -23.580000 
72335396749528 65.279999 120.959999 -23.580000 
72335416749528 65.279999 120.959999 -23.580000 
72335436749528 65.279999 120.959999 -23.580000 
72335456749528 65.279999 120.959999 -23.580000 
72335476749528 65.279999 120.959999 -23.580000 
72335496749528 65.279999 120.959999 -23.580000 
72335516749528 65.279999 120.959999 -23.580000 
72335536749528 65.279999 120.959999 -23.580000 
72335556749528 65.279999 120.959999 -23.580000 
72335576749528 65.279999 120.959999 -23.580000 
72335596749528 65.279999 120.959999 -23.580000 
72335616749528 65.279999 120.959999 -23.580000 
72335636749528 65.279999 120.959999 -23.580000 
72335656749528 65.279999 120.959999 -23.580000 
72335676749528 65.279999 120.959999 -23.580000 
72335696749528 65.279999 120.959999 -23.580000 
72335716749528 65.279999 120.959999 -23.580000 
72335736749528 65.279999 120.959999 -23.580000 
72335756749528 65.279999 120.959999 -23.580000 
72335776749528 65.279999 120.959999 -23.580000 
72335796749528 65.279999 120.959999 -23.580000 
72335816749528 65.279999 120.959999 -23.580000 
72335836749528 65.279999 120.959999 -23.580000 
72335856749528 65.279999 120.959999 -23.580000 
72335876749528 65.279999 120.959999 -23.580000 
72335896749528 65.279999 120.959999 -23.580000 
72335916749528 65.279999 120.959999 -23.580000 
72335936749528 65.279999 120.959999 -23.580000 
72335956749528 65.279999 120.959999 -23.580000 
72335976749528 65.279999 120.959999 -23.580000 
72335996749528 65.279999 120.959999 -23.580000 
72336016749528 65.279999 120.959999 -23.580000 
72336036749528 65.279999 120.959999 -23.580000 
72336056749528 65.279999 120.959999 -23.580000 
72336076749528 65.279999 120.959999 -23.580000 
72336096749528 65.279999 120.959999 -23.580000 
72336116749528 65.279999 120.959999 -23.580000 
72336136749528 65.279999 120.959999 -23.580000 
72336156749528 65.279999 120.959999 -23.580000 
72336176749528 65.279999 120.959999 -23.580000 
72336196749528 65.279999 120.959999 -23.580000 
72336216749528 65.279999 120.959999 -23.580000 
72336236749528 65.279999 120.959999 -23.580000 
72336256749528 65.279999 120.959999 -23.580000 
72336276749528 65.279999 120.959999 -23.580000 
72336296749528 65.279999 120.959999 -23.580000 
72336316749528 65.279999 120.959999 -23.580000 
72336336749528 65.279999 120.959999 -23.580000 
72336356749528 65.279999 120.959999 -23.580000 
72336376749528 65.279999 120.959999 -23.580000 
72336396749528 65.519997 120.839996 -23.639999 
72336416749528 65.519997 120.839996 -23.639999 
72336436749528 65.519997 120.839996 -23.639999 
72336456749528 65.519997 120.839996 -23.639999 
72336476749528 65.519997 120.839996 -23.639999 
72336496749528 65.519997 120.839996 -23.639999 
72336516749528 65.519997 120.839996 -23.639999 
72336536749528 65.519997 120.839996 -23.639999 
72336556749528 65.519997 120.839996 -23.639999 
72336576749528 65.519997 120.839996 -23.639999 
72336596749528 65.519997 120.839996 -23.639999 
72336616749528 65.519997 120.839996 -23.639999 
72336636749528 65.519997 120.839996 -23.639999 
72336656749528 65.519997 120.839996 -23.639999 
72336676749528 65.519997 120.839996 -23.639999 
72336696749528 65.519997 120.839996 -23.639999 
72336716749528 65.519997 120.839996 -23.639999 
72336736749528 65.519997 120.839996 -23.639999 
72336756749528 65.519997 120.839996 -23.639999 
72336776749528 65.519997 120.839996 -23.639999 
72336796749528 65.519997 120.839996 -23.639999 
72336816749528 65.519997 120.839996 -23.639999 
72336836749528 65.519997 120.839996 -23.639999 
72336856749528 65.519997 120.839996 -23.639999 
72336876749528 65.519997 120.839996 -23.639999 
72336896749528 65.519997 120.839996 -23.639999 
72336916749528 65.519997 120.839996 -23.639999 
72336936749528 65.519997 120.839996 -23.639999 
72336956749528 65.519997 120.839996 -23.639999 
72336976749528 65.519997 120.839996 -23.639999 
72336996749528 65.519997 120.839996 -23.639999 
72337016749528 65.519997 120.839996 -23.639999 
72337036749528 65.519997 120.839996 -23.639999 
72337056749528 65.519997 120.839996 -23.639999 
72337076749528 65.519997 120.839996 -23.639999 
72337096749528 65.519997 120.839996 -23.639999 
72337116749528 65.519997 120.839996 -23.639999 
72337136749528 65.519997 120.839996 -23.639999 
72337156749528 65.519997 120.839996 -23.639999 
72337176749528 65.519997 120.839996 -23.639999 
72337196749528 65.519997 120.839996 -23.639999 
72337216749528 65.519997 120.839996 -23.639999 
72337236749528 65.519997 120.839996 -23.639999 
72337256749528 65.519997 120.839996 -23.639999 
72337276749528 65.519997 120.839996 -23.639999 
72337296749528 65.519997 120.839996 -23.639999 
72337316749528 65.519997 120.839996 -23.639999 
72337336749528 65.519997 120.839996 -23.639999 
72337356749528 65.519997 120.839996 -23.639999 
72337376749528 65.519997 120.839996 -23.639999 
72337396749528 65.519997 120.839996 -23.639999 
72337416749528 65.519997 120.839996 -23.639999 
72337436749528 65.519997 120.839996 -23.639999 
72337456749528 65.519997 120.839996 -23.639999 
72337476749528 65.519997 120.839996 -23.639999 
72337496749528 65.519997 120.839996 -23.639999 
72337516749528 65.519997 120.839996 -23.639999 
72337536749528 65.519997 120.839996 -23.639999 
72337556749528 65.519997 120.839996 -23.639999 
72337576749528 65.519997 120.839996 -23.639999 
72337596749528 65.519997 120.839996 -23.639999 
72337616749528 65.519997 120.839996 -23.639999 
72337636749528 65.519997 120.839996 -23.639999 
72337656749528 65.519997 120.839996 -23.639999 
72337676749528 65.519997 120.839996 -23.639999 
72337696749528 65.519997 120.839996 -23.639999 
72337716749528 65.519997 120.839996 -23.639999 
72337736749528 65.519997 120.839996 -23.639999 
72337756749528 65.519997 120.839996 -23.639999 
72337776749528 65.519997 120.839996 -23.639999 
72337796749528 65.519997 120.839996 -23.639999 
72337816749528 65.519997 120.839996 -23.639999 
72337836749528 65.519997 120.839996 -23.639999 
72337856749528 65.519997 120.839996 -23.639999 
72337876749528 65.519997 120.839996 -23.639999 
72337896749528 65.519997 120.839996 -23.639999 
72337916749528 65.519997 120.839996 -23.639999 
72337936749528 65.519997 120.839996 -23.639999 
72337956749528 65.519997 120.839996 -23.639999 
72337976749528 65.519997 120.839996 -23.639999 
72337996749528 65.519997 120.839996 -23.639999 
72338016749528 65.519997 120.839996 -23.639999 
72338036749528 65.519997 120.839996 -23.639999 
72338056749528 65.519997 120.839996 -23.639999 
72338076749528 65.519997 120.839996 -23.639999 
72338096749528 65.519997 120.839996 -23.639999 
72338116749528 65.519997 120.839996 -23.639999 
72338136749528 65.519997 120.839996 -23.639999 
72338156749528 65.519997 120.839996 -23.639999 
72338176749528 65.519997 120.839996 -23.639999 
72338196749528 65.519997 120.839996 -23.639999 
72338216749528 65.519997 120.839996 -23.639999 
72338236749528 65.519997 120.839996 -23.639999 
72338256749528 65.519997 120.839996 -23.639999 
72338276749528 65.519997 120.839996 -23.639999 
72338296749528 65.519997 120.839996 -23.639999 
72338316749528 65.519997 120.839996 -23.639999 
72338336749528 65.519997 120.839996 -23.639999 
72338356749528 65.519997 120.839996 -23.639999 
72338376749528 65.519997 120.839996 -23.639999 
72338396749528 65.519997 120.839996 -23.639999 
72338416749528 65.519997 120.839996 -23.639999 
72338436749528 65.519997 120.839996 -23.639999 
72338456749528 65.519997 120.839996 -23.639999 
72338476749528 65.519997 120.839996 -23.639999 
72338496749528 65.519997 120.839996 -23.639999 
72338516749528 65.519997 120.839996 -23.639999 
72338536749528 65.519997 120.839996 -23.639999 
72338556749528 65.519997 120.839996 -23.639999 
72338576749528 65.519997 120.839996 -23.639999 
72338596749528 65.519997 120.839996 -23.639999 
72338616749528 65.519997 120.839996 -23.639999 
72338636749528 65.519997 120.839996 -23.639999 
72338656749528 65.519997 120.839996 -23.639999 
72338676749528 65.519997 120.839996 -23.639999 
72338696749528 65.519997 120.839996 -23.639999 
72338716749528 65.519997 120.839996 -23.639999 
72338736749528 65.519997 120.839996 -23.639999 
72338756749528 65.519997 120.839996 -23.639999 
72338776749528 65.519997 120.839996 -23.639999 
72338796749528 65.519997 120.839996 -23.639999 
72338816749528 65.519997 120.839996 -23.639999 
72338836749528 65.519997 120.839996 -23.639999 
72338856749528 65.519997 120.839996 -23.639999 
72338876749528 65.519997 120.839996 -23.639999 
72338896749528 65.519997 120.839996 -23.639999 
72338916749528 65.519997 120.839996 -23.639999 
72338936749528 65.519997 120.839996 -23.639999 
72338956749528 65.519997 120.839996 -23.639999 
72338976749528 65.519997 120.839996 -23.639999 
72338996749528 65.519997 120.839996 -23.639999 
72339016749528 65.519997 120.839996 -23.639999 
72339036749528 65.519997 120.839996 -23.639999 
72339056749528 65.519997 120.839996 -23.639999 
72339076749528 65.519997 120.839996 -23.639999 
72339096749528 65.519997 120.839996 -23.639999 
72339116749528 65.519997 120.839996 -23.639999 
72339136749528 65.519997 120.839996 -23.639999 
72339156749528 65.519997 120.839996 -23.639999 
72339176749528 65.519997 120.839996 -23.639999 
72339196749528 65.519997 120.839996 -23.639999 
72339216749528 65.519997 120.839996 -23.639999 
72339236749528 65.519997 120.839996 -23.639999 
72339256749528 65.519997 120.839996 -23.639999 
72339276749528 65.519997 120.839996 -23.639999 
72339296749528 65.519997 120.839996 -23.639999 
72339316749528 65.519997 120.839996 -23.639999 
72339336749528 65.519997 120.839996 -23.639999 
72339356749528 65.519997 120.839996 -23.639999 
72339376749528 65.519997 120.839996 -23.639999 
72339396749528 65.519997 120.839996 -23.639999 
72339416749528 65.519997 120.839996 -23.639999 
72339436749528 65.519997 120.839996 -23.639999 
72339456749528 65.519997 120.839996 -23.639999 
72339476749528 65.519997 120.839996 -23.639999 
72339496749528 65.519997 120.839996 -23.639999 
72339516749528 65.519997 120.839996 -23.639999 
72339536749528 65.519997 120.839996 -23.639999 
72339556749528 65.580002 121.019997 -23.760000 
72339576749528 65.580002 121.019997 -23.760000 
72339596749528 65.580002 121.019997 -23.760000 
72339616749528 65.580002 121.019997 -23.760000 
72339636749528 65.580002 121.019997 -23.760000 
72339656749528 65.580002 121.019997 -23.760000 
72339676749528 65.580002 121.019997 -23.760000 
72339696749528 65.580002 121.019997 -23.760000 
72339716749528 65.580002 121.019997 -23.760000 
72339736749528 65.580002 121.019997 -23.760000 
72339756749528 65.580002 121.019997 -23.760000 
72339776749528 65.580002 121.019997 -23.760000 
72339796749528 65.580002 121.019997 -23.760000 
72339816749528 65.580002 121.019997 -23.760000 
72339836749528 65.580002 121.019997 -23.760000 
72339856749528 65.580002 121.019997 -23.760000 
72339876749528 65.580002 121.019997 -23.760000 
72339896749528 65.580002 121.019997 -23.760000 
72339916749528 65.580002 121.019997 -23.760000 
72339936749528 65.580002 121.019997 -23.760000 
72339956749528 65.580002 121.019997 -23.760000 
72339976749528 65.580002 121.019997 -23.760000 
72339996749528 65.580002 121.019997 -23.760000 
72340016749528 65.580002 121.019997 -23.760000 
72340036749528 65.580002 121.019997 -23.760000 
72340056749528 65.580002 121.019997 -23.760000 
72340076749528 65.580002 121.019997 -23.760000 
72340096749528 65.580002 121.019997 -23.760000 
72340116749528 65.639999 120.959999 -24.000000 
72340136749528 65.639999 120.959999 -24.000000 
72340156749528 65.639999 120.959999 -24.000000 
72340176749528 65.639999 120.959999 -24.000000 
72340196749528 65.639999 120.959999 -24.000000 
72340216749528 65.639999 120.959999 -24.000000 
72340236749528 65.639999 120.959999 -24.000000 
72340256749528 65.639999 120.959999 -24.000000 
72340276749528 65.639999 120.959999 -24.000000 
72340296749528 65.639999 120.959999 -24.000000 
72340316749528 65.639999 120.959999 -24.000000 
72340336749528 65.639999 120.959999 -24.000000 
72340356749528 65.639999 120.959999 -24.000000 
72340376749528 65.639999 120.959999 -24.000000 
72340396749528 65.639999 120.959999 -24.000000 
72340416749528 65.639999 120.959999 -24.000000 
72340436749528 65.639999 120.959999 -24.000000 
72340456749528 65.639999 120.959999 -24.000000 
72340476749528 65.639999 120.959999 -24.000000 
72340496749528 65.639999 120.959999 -24.000000 
72340516749528 65.639999 120.959999 -24.000000 
72340536749528 65.639999 120.959999 -24.000000 
72340556749528 65.639999 120.959999 -24.000000 
72340576749528 65.639999 120.959999 -24.000000 
72340596749528 65.639999 120.959999 -24.000000 
72340616749528 65.639999 120.959999 -24.000000 
72340636749528 65.639999 120.959999 -24.000000 
72340656749528 65.639999 120.959999 -24.000000 
72340676749528 65.639999 120.959999 -24.000000 
72340696749528 65.639999 120.959999 -24.000000 
72340716749528 65.639999 120.959999 -24.000000 
72340736749528 65.639999 120.959999 -24.000000 
72340756749528 65.639999 120.959999 -24.000000 
72340776749528 65.639999 120.959999 -24.000000 
72340796749528 65.639999 120.899994 -24.180000 
72340816749528 65.639999 120.899994 -24.180000 
72340836749528 65.639999 120.899994 -24.180000 
72340856749528 65.639999 120.899994 -24.180000 
72340876749528 65.639999 120.899994 -24.180000 
72340896749528 65.639999 120.899994 -24.180000 
72340916749528 65.639999 120.899994 -24.180000 
72340936749528 65.639999 120.899994 -24.180000 
72340956749528 65.639999 120.899994 -24.180000 
72340976749528 65.639999 120.899994 -24.180000 
72340996749528 65.639999 120.899994 -24.180000 
72341016749528 65.639999 120.899994 -24.180000 
72341036749528 65.639999 120.899994 -24.180000 
72341056749528 65.639999 120.899994 -24.180000 
72341076749528 65.639999 120.899994 -24.180000 
72341096749528 65.639999 120.899994 -24.180000 
72341116749528 65.639999 120.899994 -24.180000 
72341136749528 65.639999 120.899994 -24.180000 
72341156749528 65.639999 120.899994 -24.180000 
72341176749528 65.639999 120.899994 -24.180000 
72341196749528 65.639999 120.899994 -24.180000 
72341216749528 65.639999 120.899994 -24.180000 
72341236749528 65.639999 120.899994 -24.180000 
72341256749528 65.639999 120.899994 -24.180000 
72341276749528 65.639999 120.899994 -24.180000 
72341296749528 65.639999 120.899994 -24.180000 
72341316749528 65.699997 120.719994 -24.299999 
72341336749528 65.699997 120.719994 -24.299999 
72341356749528 65.699997 120.719994 -24.299999 
72341376749349 65.699997 120.719994 -24.299999 
72341396749349 65.699997 120.719994 -24.299999 
72341416749349 65.699997 120.719994 -24.299999 
72341436749349 65.699997 120.719994 -24.299999 
72341456749349 65.699997 120.719994 -24.299999 
72341476749349 65.699997 120.719994 -24.299999 
72341496749349 65.699997 120.719994 -24.299999 
72341516749349 65.699997 120.719994 -24.299999 
72341536749349 65.699997 120.719994 -24.299999 
72341556749349 65.699997 120.719994 -24.299999 
72341576749349 65.699997 120.719994 -24.299999 
72341596749349 65.699997 120.719994 -24.299999 
72341616749349 65.699997 120.719994 -24.299999 
72341636749349 65.699997 120.719994 -24.299999 
72341656749349 65.699997 120.719994 -24.299999 
72341676749349 65.699997 120.719994 -24.299999 
72341696749349 65.699997 120.719994 -24.299999 
72341716749349 65.699997 120.719994 -24.299999 
72341736749349 65.699997 120.719994 -24.299999 
72341756749349 65.699997 120.719994 -24.299999 
72341776749349 65.699997 120.719994 -24.299999 
72341796749349 65.699997 120.719994 -24.299999 
72341816749349 65.699997 120.719994 -24.299999 
72341836749349 65.699997 120.719994 -24.299999 
72341856749349 65.699997 120.719994 -24.299999 
72341876749349 65.699997 120.719994 -24.299999 
72341896749349 65.699997 120.719994 -24.299999 
72341916749349 65.699997 120.719994 -24.299999 
72341936749349 65.699997 120.719994 -24.299999 
72341956749349 65.699997 120.719994 -24.299999 
72341976749349 65.699997 120.719994 -24.299999 
72341996749349 65.699997 120.719994 -24.299999 
72342016749349 65.699997 120.719994 -24.299999 
72342036749349 65.699997 120.719994 -24.299999 
72342056749349 65.699997 120.719994 -24.299999 
72342076749349 65.699997 120.719994 -24.299999 
72342096749349 65.699997 120.719994 -24.299999 
72342116749349 65.699997 120.719994 -24.299999 
72342136749349 65.699997 120.719994 -24.299999 
72342156749349 65.699997 120.719994 -24.299999 
72342176749349 65.699997 120.719994 -24.299999 
72342196749349 65.699997 120.719994 -24.299999 
72342216749349 65.699997 120.719994 -24.299999 
72342236749349 65.699997 120.719994 -24.299999 
72342256749349 65.699997 120.719994 -24.299999 
72342276749349 65.699997 120.719994 -24.299999 
72342296749349 65.699997 120.719994 -24.299999 
72342316749349 65.699997 120.719994 -24.299999 
72342336749349 65.699997 120.719994 -24.299999 
72342356749349 65.699997 120.719994 -24.299999 
72342376749349 65.699997 120.719994 -24.299999 
72342396749349 65.699997 120.719994 -24.299999 
72342416749349 65.699997 120.719994 -24.299999 
72342436749349 65.699997 120.719994 -24.299999 
72342456749349 65.699997 120.719994 -24.299999 
72342476749349 65.699997 120.719994 -24.299999 
72342496749349 65.699997 120.719994 -24.299999 
72342516749349 65.699997 120.719994 -24.299999 
72342536749349 65.699997 120.719994 -24.299999 
72342556749349 65.699997 120.719994 -24.299999 
72342576749349 65.699997 120.719994 -24.299999 
72342596749349 65.699997 120.719994 -24.299999 
72342616749349 65.699997 120.719994 -24.299999 
72342636749349 65.699997 120.719994 -24.299999 
72342656749349 65.699997 120.719994 -24.299999 
72342676749349 65.699997 120.719994 -24.299999 
72342696749349 65.699997 120.719994 -24.299999 
72342716749349 65.699997 120.719994 -24.299999 
72342736749349 65.699997 120.719994 -24.299999 
72342756749349 65.699997 120.719994 -24.299999 
72342776749349 65.699997 120.719994 -24.299999 
72342796749349 65.699997 120.719994 -24.299999 
72342816749349 65.699997 120.719994 -24.299999 
72342836749349 65.699997 120.719994 -24.299999 
72342856749349 65.699997 120.719994 -24.299999 
72342876749349 65.699997 120.719994 -24.299999 
72342896749349 65.699997 120.719994 -24.299999 
72342916749349 65.699997 120.719994 -24.299999 
72342936749349 65.699997 120.719994 -24.299999 
72342956749349 65.699997 120.719994 -24.299999 
72342976749349 65.699997 120.719994 -24.299999 
72342996749349 65.699997 120.719994 -24.299999 
72343016749349 65.699997 120.719994 -24.299999 
72343036749349 65.699997 120.719994 -24.299999 
72343056749349 65.699997 120.719994 -24.299999 
72343076749349 65.699997 120.719994 -24.299999 
72343096749349 65.699997 120.719994 -24.299999 
72343116749349 65.699997 120.719994 -24.299999 
72343136749349 65.699997 120.719994 -24.299999 
72343156749349 65.639999 120.779999 -24.119999 
72343176749349 65.639999 120.779999 -24.119999 
72343196749349 65.639999 120.779999 -24.119999 
72343216749349 65.639999 120.779999 -24.119999 
72343236749349 65.639999 120.779999 -24.119999 
72343256749349 65.639999 120.779999 -24.119999 
72343276749349 65.639999 120.779999 -24.119999 
72343296749349 65.639999 120.779999 -24.119999 
72343316749349 65.639999 120.779999 -24.119999 
72343336749349 65.639999 120.779999 -24.119999 
72343356749349 65.639999 120.779999 -24.119999 
72343376749349 65.639999 120.779999 -24.119999 
72343396749349 65.639999 120.779999 -24.119999 
72343416749349 65.639999 120.779999 -24.119999 
72343436749349 65.639999 120.779999 -24.119999 
72343456749349 65.639999 120.779999 -24.119999 
72343476749349 65.639999 120.779999 -24.119999 
72343496749349 65.639999 120.779999 -24.119999 
72343516749349 65.639999 120.779999 -24.119999 
72343536749349 65.639999 120.779999 -24.119999 
72343556749349 65.639999 120.779999 -24.119999 
72343576749349 65.639999 120.779999 -24.119999 
72343596749349 65.639999 120.779999 -24.119999 
72343616749349 65.639999 120.779999 -24.119999 
72343636749349 65.639999 120.779999 -24.119999 
72343656749349 65.639999 120.779999 -24.119999 
72343676749349 65.639999 120.779999 -24.119999 
72343696749349 65.639999 120.779999 -24.119999 
72343716749349 65.639999 120.779999 -24.119999 
72343736749349 65.639999 120.779999 -24.119999 
72343756749349 65.639999 120.779999 -24.119999 
72343776749349 65.639999 120.779999 -24.119999 
72343796749349 65.639999 120.779999 -24.119999 
72343816749349 65.639999 120.779999 -24.119999 
72343836749349 65.639999 120.779999 -24.119999 
72343856749349 65.639999 120.779999 -24.119999 
72343876749349 65.639999 120.779999 -24.119999 
72343896749349 65.639999 120.779999 -24.119999 
72343916749349 65.639999 120.779999 -24.119999 
72343936749349 65.639999 120.779999 -24.119999 
72343956749349 65.639999 120.779999 -24.119999 
72343976749349 65.639999 120.779999 -24.119999 
72343996749349 65.639999 120.779999 -24.119999 
72344016749349 65.639999 120.779999 -24.119999 
72344036749349 65.639999 120.779999 -24.119999 
72344056749349 65.639999 120.779999 -24.119999 
72344076749349 65.639999 120.779999 -24.119999 
72344096749349 65.639999 120.779999 -24.119999 
72344116749349 65.639999 120.779999 -24.119999 
72344136749349 65.639999 120.779999 -24.119999 
72344156749349 65.639999 120.779999 -24.119999 
72344176749349 65.639999 120.779999 -24.119999 
72344196749349 65.639999 120.779999 -24.119999 
72344216749349 65.639999 120.779999 -24.119999 
72344236749349 65.639999 120.779999 -24.119999 
72344256749349 65.639999 120.779999 -24.119999 
72344276749349 65.639999 120.779999 -24.119999 
72344296749349 65.639999 120.779999 -24.119999 
72344316749349 65.639999 120.779999 -24.119999 
72344336749349 65.639999 120.779999 -24.119999 
72344356749349 65.639999 120.779999 -24.119999 
72344376749349 65.639999 120.779999 -24.119999 
72344396749349 65.580002 121.019997 -24.119999 
72344416749349 65.580002 121.019997 -24.119999 
72344436749349 65.580002 121.019997 -24.119999 
72344456749349 65.580002 121.019997 -24.119999 
72344476749349 65.580002 121.019997 -24.119999 
72344496749349 65.580002 121.019997 -24.119999 
72344516749349 65.580002 121.019997 -24.119999 
72344536749349 65.580002 121.019997 -24.119999 
72344556749349 65.580002 121.019997 -24.119999 
72344576749349 65.580002 121.019997 -24.119999 
72344596749349 65.580002 121.019997 -24.119999 
72344616749349 65.580002 121.019997 -24.119999 
72344636749349 65.580002 121.019997 -24.119999 
72344656749349 65.580002 121.019997 -24.119999 
72344676749349 65.580002 121.019997 -24.119999 
72344696749349 65.580002 121.019997 -24.119999 
72344716749349 65.580002 121.019997 -24.119999 
72344736749349 65.580002 121.019997 -24.119999 
72344756749349 65.580002 121.019997 -24.119999 
72344776749349 65.580002 121.019997 -24.119999 
72344796749349 65.580002 121.019997 -24.119999 
72344816749349 65.580002 121.019997 -24.119999 
72344836749349 65.580002 121.019997 -24.119999 
72344856749349 65.580002 121.019997 -24.119999 
72344876749349 65.580002 121.019997 -24.119999 
72344896749349 65.580002 121.019997 -24.119999 
72344916749349 65.580002 121.019997 -24.119999 
72344936749349 65.580002 121.019997 -24.119999 
72344956749349 65.580002 121.019997 -24.119999 
72344976749349 65.580002 121.019997 -24.119999 
72344996749349 65.580002 121.019997 -24.119999 
72345016749349 65.580002 121.019997 -24.119999 
72345036749349 65.580002 121.019997 -24.119999 
72345056749349 65.580002 121.019997 -24.119999 
72345076749349 65.580002 121.019997 -24.119999 
72345096749349 65.580002 121.019997 -24.119999 
72345116749349 65.580002 121.019997 -24.119999 
72345136749349 65.580002 121.019997 -24.119999 
72345156749349 65.580002 121.019997 -24.119999 
72345176749349 65.580002 121.019997 -24.119999 
72345196749349 65.580002 121.019997 -24.119999 
72345216749349 65.580002 121.019997 -24.119999 
72345236749349 65.580002 121.019997 -24.119999 
72345256749349 65.580002 121.019997 -24.119999 
72345276749349 65.580002 121.019997 -24.119999 
72345296749349 65.580002 121.019997 -24.119999 
72345316749349 65.580002 121.019997 -24.119999 
72345336749349 65.580002 121.019997 -24.119999 
72345356749349 65.580002 121.019997 -24.119999 
72345376749349 65.580002 121.019997 -24.119999 
72345396749349 65.580002 121.019997 -24.119999 
72345416749349 65.580002 121.019997 -24.119999 
72345436749349 65.580002 121.019997 -24.119999 
72345456749349 65.580002 121.019997 -24.119999 
72345476749349 65.580002 121.019997 -24.119999 
72345496749349 65.580002 121.019997 -24.119999 
72345516749349 65.580002 121.019997 -24.119999 
72345536749349 65.580002 121.019997 -24.119999 
72345556749349 65.580002 121.019997 -24.119999 
72345576749349 65.580002 121.019997 -24.119999 
72345596749349 65.580002 121.019997 -24.119999 
72345616749349 65.580002 121.019997 -24.119999 
72345636749349 65.580002 121.019997 -24.119999 
72345656749349 65.580002 121.019997 -24.119999 
72345676749349 65.580002 121.019997 -24.119999 
72345696749349 65.580002 121.019997 -24.119999 
72345716749349 65.580002 121.019997 -24.119999 
72345736749349 65.580002 121.019997 -24.119999 
72345756749349 65.580002 121.019997 -24.119999 
72345776749349 65.580002 121.019997 -24.119999 
72345796749349 65.580002 121.019997 -24.119999 
72345816749349 65.580002 121.019997 -24.119999 
72345836749349 65.580002 121.019997 -24.119999 
72345856749349 65.580002 121.019997 -24.119999 
72345876749349 65.580002 121.019997 -24.119999 
72345896749349 65.580002 121.019997 -24.119999 
72345916749349 65.580002 121.019997 -24.119999 
72345936749349 65.580002 121.019997 -24.119999 
72345956749349 65.580002 121.019997 -24.119999 
72345976749349 65.580002 121.019997 -24.119999 
72345996749349 65.580002 121.019997 -24.119999 
72346016749349 65.580002 121.019997 -24.119999 
72346036749349 65.580002 121.019997 -24.119999 
72346056749349 65.580002 121.019997 -24.119999 
72346076749349 65.580002 121.019997 -24.119999 
72346096749349 65.580002 121.019997 -24.119999 
72346116749349 65.580002 121.019997 -24.119999 
72346136749349 65.580002 121.019997 -24.119999 
72346156749349 65.580002 121.019997 -24.119999 
72346176749349 65.580002 121.019997 -24.119999 
72346196749349 65.580002 121.019997 -24.119999 
72346216749349 65.580002 121.019997 -24.119999 
72346236749349 65.580002 121.019997 -24.119999 
72346256749349 65.580002 121.019997 -24.119999 
72346276749349 65.580002 121.019997 -24.119999 
72346296749349 65.580002 121.019997 -24.119999 
72346316749349 65.580002 121.019997 -24.119999 
72346336749349 65.580002 121.019997 -24.119999 
72346356749349 65.580002 121.019997 -24.119999 
72346376749349 65.580002 121.019997 -24.119999 
72346396749349 65.580002 121.019997 -24.119999 
72346416749349 65.580002 121.019997 -24.119999 
72346436749349 65.580002 121.019997 -24.119999 
72346456749349 65.580002 121.019997 -24.119999 
72346476749349 65.580002 121.019997 -24.119999 
72346496749349 65.580002 121.019997 -24.119999 
72346516749349 65.580002 121.019997 -24.119999 
72346536749349 65.580002 121.019997 -24.119999 
72346556749349 65.580002 121.019997 -24.119999 
72346576749349 65.580002 121.019997 -24.119999 
72346596749349 65.580002 121.019997 -24.119999 
72346616749349 65.580002 121.019997 -24.119999 
72346636749349 65.580002 121.019997 -24.119999 
72346656749349 65.580002 121.019997 -24.119999 
72346676749349 65.580002 121.019997 -24.119999 
72346696749349 65.580002 121.019997 -24.119999 
72346716749349 65.580002 121.019997 -24.119999 
72346736749349 65.580002 121.019997 -24.119999 
72346756749349 65.580002 121.019997 -24.119999 
72346776749349 65.580002 121.019997 -24.119999 
72346796749349 65.580002 121.019997 -24.119999 
72346816749349 65.580002 121.019997 -24.119999 
72346836749349 65.580002 121.019997 -24.119999 
72346856749349 65.580002 121.019997 -24.119999 
72346876749349 65.580002 121.019997 -24.119999 
72346896749349 65.580002 121.019997 -24.119999 
72346916749349 65.580002 121.019997 -24.119999 
72346936749349 65.580002 121.019997 -24.119999 
72346956749349 65.580002 121.019997 -24.119999 
72346976749349 65.580002 121.019997 -24.119999 
72346996749349 65.580002 121.019997 -24.119999 
72347016749349 65.580002 121.019997 -24.119999 
72347036749349 65.580002 121.019997 -24.119999 
72347056749349 65.580002 121.019997 -24.119999 
72347076749349 65.580002 121.019997 -24.119999 
72347096749349 65.580002 121.019997 -24.119999 
72347116749349 65.580002 121.019997 -24.119999 
72347136749349 65.580002 121.019997 -24.119999 
72347156749349 65.580002 121.019997 -24.119999 
72347176749349 65.580002 121.019997 -24.119999 
72347196749349 65.580002 121.019997 -24.119999 
72347216749349 65.580002 121.019997 -24.119999 
72347236749349 65.580002 121.019997 -24.119999 
72347256749349 65.580002 121.019997 -24.119999 
72347276749349 65.580002 121.019997 -24.119999 
72347296749349 65.580002 121.019997 -24.119999 
72347316749349 65.580002 121.019997 -24.119999 
72347336749349 65.580002 121.019997 -24.119999 
72347356749349 65.580002 121.019997 -24.119999 
72347376749349 65.580002 121.019997 -24.119999 
72347396749349 65.580002 121.019997 -24.119999 
72347416749349 65.580002 121.019997 -24.119999 
72347436749349 65.580002 121.019997 -24.119999 
72347456749349 65.580002 121.019997 -24.119999 
72347476749349 65.580002 121.019997 -24.119999 
72347496749349 65.580002 121.019997 -24.119999 
72347516749349 65.580002 121.019997 -24.119999 
72347536749349 65.580002 121.019997 -24.119999 
72347556749349 65.580002 121.019997 -24.119999 
72347576749349 65.580002 121.019997 -24.119999 
72347596749349 65.580002 121.019997 -24.119999 
72347616749349 65.580002 121.019997 -24.119999 
72347636749349 65.580002 121.019997 -24.119999 
72347656749349 65.580002 121.019997 -24.119999 
72347676749349 65.580002 121.019997 -24.119999 
72347696749349 65.580002 121.019997 -24.119999 
72347716749349 65.580002 121.019997 -24.119999 
72347736749349 65.580002 121.019997 -24.119999 
72347756749349 65.580002 121.019997 -24.119999 
72347776749349 65.580002 121.019997 -24.119999 
72347796749349 65.580002 121.019997 -24.119999 
72347816749349 65.580002 121.019997 -24.119999 
72347836749349 65.580002 121.019997 -24.119999 
72347856749349 65.580002 121.019997 -24.119999 
72347876749349 65.580002 121.019997 -24.119999 
72347896749349 65.580002 121.019997 -24.119999 
72347916749349 65.580002 121.019997 -24.119999 
72347936749349 65.580002 121.019997 -24.119999 
72347956749349 65.580002 121.019997 -24.119999 
72347976749349 65.580002 121.019997 -24.119999 
72347996749349 65.580002 121.019997 -24.119999 
72348016749349 65.580002 121.019997 -24.119999 
72348036749349 65.580002 121.019997 -24.119999 
72348056749349 65.580002 121.019997 -24.119999 
72348076749349 65.580002 121.019997 -24.119999 
72348096749349 65.580002 121.019997 -24.119999 
72348116749349 65.580002 121.019997 -24.119999 
72348136749349 65.580002 121.019997 -24.119999 
72348156749349 65.580002 121.019997 -24.119999 
72348176749349 65.580002 121.019997 -24.119999 
72348196749349 65.580002 121.019997 -24.119999 
72348216749349 65.580002 121.019997 -24.119999 
72348236749349 65.580002 121.019997 -24.119999 
72348256749349 65.580002 121.019997 -24.119999 
72348276749349 65.580002 121.019997 -24.119999 
72348296749349 65.580002 121.019997 -24.119999 
72348316749349 65.580002 121.019997 -24.119999 
72348336749349 65.580002 121.019997 -24.119999 
72348356749349 65.580002 121.019997 -24.119999 
72348376749349 65.580002 121.019997 -24.119999 
72348396749349 65.580002 121.019997 -24.119999 
72348416749349 65.580002 121.019997 -24.119999 
72348436749349 65.580002 121.019997 -24.119999 
72348456749349 65.580002 121.019997 -24.119999 
72348476749349 65.580002 121.019997 -24.119999 
72348496749349 65.580002 121.019997 -24.119999 
72348516749349 65.580002 121.019997 -24.119999 
72348536749349 65.580002 121.019997 -24.119999 
72348556749349 65.580002 121.019997 -24.119999 
72348576749349 65.580002 121.019997 -24.119999 
72348596749349 65.580002 121.019997 -24.119999 
72348616749349 65.580002 121.019997 -24.119999 
72348636749349 65.580002 121.019997 -24.119999 
72348656749349 65.580002 121.019997 -24.119999 
72348676749349 65.580002 121.019997 -24.119999 
72348696749349 65.580002 121.019997 -24.119999 
72348716749349 65.580002 121.019997 -24.119999 
72348736749349 65.580002 121.019997 -24.119999 
72348756749349 65.580002 121.019997 -24.119999 
72348776749349 65.580002 121.019997 -24.119999 
72348796749349 65.580002 121.019997 -24.119999 
72348816749349 65.580002 121.019997 -24.119999 
72348836749349 65.580002 121.019997 -24.119999 
72348856749349 65.580002 121.019997 -24.119999 
72348876749349 65.580002 121.019997 -24.119999 
72348896749349 65.580002 121.019997 -24.119999 
72348916749349 65.580002 121.019997 -24.119999 
72348936749349 65.580002 121.019997 -24.119999 
72348956749349 65.580002 121.019997 -24.119999 
72348976749349 65.580002 121.019997 -24.119999 
72348996749349 65.580002 121.019997 -24.119999 
72349016749349 65.580002 121.019997 -24.119999 
72349036749349 65.580002 121.019997 -24.119999 
72349056749349 65.580002 121.019997 -24.119999 
72349076749349 65.580002 121.019997 -24.119999 
72349096749349 65.580002 121.019997 -24.119999 
72349116749349 65.580002 121.019997 -24.119999 
72349136749349 65.580002 121.019997 -24.119999 
72349156749349 65.580002 121.019997 -24.119999 
72349176749349 65.580002 121.019997 -24.119999 
72349196749349 65.580002 121.019997 -24.119999 
72349216749349 65.580002 121.019997 -24.119999 
72349236749349 65.580002 121.019997 -24.119999 
72349256749349 65.580002 121.019997 -24.119999 
72349276749349 65.580002 121.019997 -24.119999 
72349296749349 65.580002 121.019997 -24.119999 
72349316749349 65.580002 121.019997 -24.119999 
72349336749349 65.580002 121.019997 -24.119999 
72349356749349 65.580002 121.019997 -24.119999 
72349376749349 65.580002 121.019997 -24.119999 
72349396749349 65.580002 121.019997 -24.119999 
72349416749349 65.580002 121.019997 -24.119999 
72349436749349 65.580002 121.019997 -24.119999 
72349456749349 65.580002 121.019997 -24.119999 
72349476749349 65.580002 121.019997 -24.119999 
72349496749349 65.580002 121.019997 -24.119999 
72349516749349 65.580002 121.019997 -24.119999 
72349536749349 65.580002 121.019997 -24.119999 
72349556749349 65.580002 121.019997 -24.119999 
72349576749349 65.580002 121.019997 -24.119999 
72349596749349 65.580002 121.019997 -24.119999 
72349616749349 65.580002 121.019997 -24.119999 
72349636749349 65.580002 121.019997 -24.119999 
72349656749349 65.580002 121.019997 -24.119999 
72349676749349 65.580002 121.019997 -24.119999 
72349696749349 65.580002 121.019997 -24.119999 
72349716749349 65.580002 121.019997 -24.119999 
72349736749349 65.580002 121.019997 -24.119999 
72349756749349 65.580002 121.019997 -24.119999 
72349776749349 65.580002 121.019997 -24.119999 
72349796749349 65.580002 121.019997 -24.119999 
72349816749349 65.580002 121.019997 -24.119999 
72349836749349 65.699997 121.559998 -24.180000 
72349856749349 65.699997 121.559998 -24.180000 
72349876749349 65.699997 121.559998 -24.180000 
72349896749349 65.699997 121.559998 -24.180000 
72349916749349 65.699997 121.559998 -24.180000 
72349936749349 65.699997 121.559998 -24.180000 
72349956749349 65.699997 121.559998 -24.180000 
72349976749349 65.699997 121.559998 -24.180000 
72349996749349 65.820000 121.919998 -24.299999 
72350016749349 65.820000 121.919998 -24.299999 
72350036749349 65.820000 121.919998 -24.299999 
72350056749349 65.820000 121.919998 -24.299999 
72350076749349 65.820000 121.919998 -24.299999 
72350096749349 65.820000 121.919998 -24.299999 
72350116749349 65.820000 121.919998 -24.299999 
72350136749349 65.820000 121.919998 -24.299999 
72350156749349 65.820000 121.919998 -24.299999 
72350176749349 65.820000 121.919998 -24.299999 
72350196749349 65.939995 122.279999 -24.359999 
72350216749349 65.939995 122.279999 -24.359999 
72350236749349 65.939995 122.279999 -24.359999 
72350256749349 65.939995 122.279999 -24.359999 
72350276749349 65.939995 122.279999 -24.359999 
72350296749349 65.939995 122.279999 -24.359999 
72350316749349 65.939995 122.279999 -24.359999 
72350336749349 65.939995 122.279999 -24.359999 
72350356749349 65.939995 122.579994 -24.480000 
72350376749349 65.939995 122.579994 -24.480000 
72350396749349 65.939995 122.579994 -24.480000 
72350416749349 65.939995 122.579994 -24.480000 
72350436749349 65.939995 122.579994 -24.480000 
72350456749349 65.939995 122.579994 -24.480000 
72350476749349 65.939995 122.579994 -24.480000 
72350496749349 65.939995 122.579994 -24.480000 
72350516749349 65.939995 122.579994 -24.480000 
72350536749349 65.939995 122.579994 -24.480000 
72350556749349 65.939995 122.579994 -24.480000 
72350576749349 65.939995 122.579994 -24.480000 
72350596749349 65.939995 122.579994 -24.480000 
72350616749349 65.939995 122.579994 -24.480000 
72350636749349 65.939995 122.579994 -24.480000 
72350656749349 65.939995 122.579994 -24.480000 
72350676749349 65.939995 122.579994 -24.480000 
72350696749349 65.939995 122.579994 -24.480000 
72350716749349 65.879997 122.399994 -24.660000 
72350736749349 65.879997 122.399994 -24.660000 
72350756749349 65.879997 122.399994 -24.660000 
72350776749349 65.879997 122.399994 -24.660000 
72350796749349 65.879997 122.399994 -24.660000 
72350816749349 65.879997 122.399994 -24.660000 
72350836749349 65.879997 122.399994 -24.660000 
72350856749349 65.879997 122.399994 -24.660000 
72350876749349 65.879997 122.399994 -24.660000 
72350896749349 65.879997 122.399994 -24.660000 
72350916749349 65.820000 122.219994 -24.660000 
72350936749349 65.820000 122.219994 -24.660000 
72350956749349 65.820000 122.219994 -24.660000 
72350976749349 65.820000 122.219994 -24.660000 
72350996749349 65.820000 122.219994 -24.660000 
72351016749349 65.820000 122.219994 -24.660000 
72351036749349 65.820000 122.219994 -24.660000 
72351056749349 65.820000 122.219994 -24.660000 
72351076749349 65.820000 122.219994 -24.660000 
72351096749349 65.820000 122.219994 -24.660000 
72351116749349 65.820000 122.219994 -24.660000 
72351136749349 65.820000 122.219994 -24.660000 
72351156749349 65.820000 122.219994 -24.660000 
72351176749349 65.820000 122.219994 -24.660000 
72351196749349 65.820000 122.219994 -24.660000 
72351216749349 65.820000 122.219994 -24.660000 
72351236749349 65.820000 122.219994 -24.660000 
72351256749349 65.820000 122.219994 -24.660000 
72351276749349 65.820000 122.219994 -24.660000 
72351296749349 65.820000 122.219994 -24.660000 
72351316749349 65.820000 122.219994 -24.660000 
72351336749349 65.820000 122.219994 -24.660000 
72351356749349 65.820000 122.219994 -24.660000 
72351376749349 65.820000 122.219994 -24.660000 
72351396749349 65.820000 122.219994 -24.660000 
72351416749349 65.820000 122.219994 -24.660000 
72351436749349 65.820000 122.219994 -24.660000 
72351456749349 65.820000 122.219994 -24.660000 
72351476749349 65.820000 122.219994 -24.660000 
72351496749349 65.820000 122.219994 -24.660000 
72351516749349 65.820000 122.219994 -24.660000 
72351536749349 65.820000 122.219994 -24.660000 
72351556749349 65.820000 122.219994 -24.660000 
72351576749349 65.820000 122.219994 -24.660000 
72351596749349 65.820000 122.219994 -24.660000 
72351616749349 65.820000 122.219994 -24.660000 
72351636749349 65.820000 122.219994 -24.660000 
72351656749349 65.820000 122.219994 -24.660000 
72351676749349 65.820000 122.219994 -24.660000 
72351696749349 65.820000 122.219994 -24.660000 
72351716749349 65.820000 122.219994 -24.660000 
72351736749349 65.820000 122.219994 -24.660000 
72351756749349 65.820000 122.219994 -24.660000 
72351776749349 65.820000 122.219994 -24.660000 
72351796749349 65.820000 122.219994 -24.660000 
72351816749349 65.820000 122.219994 -24.660000 
72351836749349 65.820000 122.219994 -24.660000 
72351856749349 65.820000 122.219994 -24.660000 
72351876749349 65.820000 122.219994 -24.660000 
72351896749349 65.820000 122.219994 -24.660000 
72351916749349 65.820000 122.219994 -24.660000 
72351936749349 65.820000 122.219994 -24.660000 
72351956749349 65.820000 122.219994 -24.660000 
72351976749349 65.820000 122.219994 -24.660000 
72351996749349 65.820000 122.219994 -24.660000 
72352016749349 65.820000 122.219994 -24.660000 
72352036749349 65.820000 122.219994 -24.660000 
72352056749349 65.820000 122.219994 -24.660000 
72352076749349 65.820000 122.219994 -24.660000 
72352096749349 65.820000 122.219994 -24.660000 
72352116749349 65.820000 122.219994 -24.660000 
72352136749349 65.820000 122.219994 -24.660000 
72352156749349 65.820000 122.219994 -24.660000 
72352176749349 65.820000 122.219994 -24.660000 
72352196749349 65.820000 122.219994 -24.660000 
72352216749349 65.820000 122.219994 -24.660000 
72352236749349 65.820000 122.219994 -24.660000 
72352256749349 65.820000 122.219994 -24.660000 
72352276749349 65.820000 122.219994 -24.660000 
72352296749349 65.820000 122.219994 -24.660000 
72352316749349 65.820000 122.219994 -24.660000 
72352336749349 65.820000 122.219994 -24.660000 
72352356749349 65.820000 122.219994 -24.660000 
72352376749349 65.820000 122.219994 -24.660000 
72352396749349 65.820000 122.219994 -24.660000 
72352416749349 65.820000 122.219994 -24.660000 
72352436749349 65.820000 122.219994 -24.660000 
72352456749349 65.820000 122.219994 -24.660000 
72352476749349 65.820000 122.219994 -24.660000 
72352496749349 65.820000 122.219994 -24.660000 
72352516749349 65.820000 122.219994 -24.660000 
72352536749349 65.820000 122.219994 -24.660000 
72352556749349 65.820000 122.219994 -24.660000 
72352576749349 65.820000 122.219994 -24.660000 
72352596749349 65.820000 122.219994 -24.660000 
72352616749349 65.820000 122.219994 -24.660000 
72352636749349 65.820000 122.219994 -24.660000 
72352656749349 65.820000 122.219994 -24.660000 
72352676749349 65.820000 122.219994 -24.660000 
72352696749349 65.820000 122.219994 -24.660000 
72352716749349 65.820000 122.219994 -24.660000 
72352736749349 65.820000 122.219994 -24.660000 
72352756749349 65.820000 122.219994 -24.660000 
72352776749349 65.820000 122.219994 -24.660000 
72352796749349 65.820000 122.219994 -24.660000 
72352816749349 65.820000 122.219994 -24.660000 
72352836749349 65.820000 122.219994 -24.660000 
72352856749349 65.820000 122.219994 -24.660000 
72352876749349 65.820000 122.219994 -24.660000 
72352896749349 65.820000 122.219994 -24.660000 
72352916749349 65.820000 122.219994 -24.660000 
72352936749349 65.820000 122.219994 -24.660000 
72352956749349 65.820000 122.219994 -24.660000 
72352976749349 65.820000 122.219994 -24.660000 
72352996749349 65.820000 122.219994 -24.660000 
72353016749349 65.820000 122.219994 -24.660000 
72353036749349 65.820000 122.219994 -24.660000 
72353056749349 65.820000 122.219994 -24.660000 
72353076749349 65.820000 122.219994 -24.660000 
72353096749349 65.820000 122.219994 -24.660000 
72353116749349 65.820000 122.219994 -24.660000 
72353136749349 65.820000 122.219994 -24.660000 
72353156749349 65.820000 122.219994 -24.660000 
72353176749349 65.820000 122.219994 -24.660000 
72353196749349 65.820000 122.219994 -24.660000 
72353216749349 65.820000 122.219994 -24.660000 
72353236749349 65.820000 122.219994 -24.660000 
72353256749349 65.820000 122.219994 -24.660000 
72353276749349 65.820000 122.219994 -24.660000 
72353296749349 65.820000 122.219994 -24.660000 
72353316749349 65.820000 122.219994 -24.660000 
72353336749349 65.820000 122.219994 -24.660000 
72353356749349 65.820000 122.219994 -24.660000 
72353376749349 65.820000 122.219994 -24.660000 
72353396749349 65.820000 122.219994 -24.660000 
72353416749349 65.820000 122.219994 -24.660000 
72353436749349 65.820000 122.219994 -24.660000 
72353456749349 65.820000 122.219994 -24.660000 
72353476749349 65.820000 122.219994 -24.660000 
72353496749349 65.820000 122.219994 -24.660000 
72353516749349 65.820000 122.219994 -24.660000 
72353536749349 65.820000 122.219994 -24.660000 
72353556749349 65.820000 122.219994 -24.660000 
72353576749349 65.820000 122.219994 -24.660000 
72353596749349 65.820000 122.219994 -24.660000 
72353616749349 65.820000 122.219994 -24.660000 
72353636749349 65.820000 122.219994 -24.660000 
72353656749349 65.820000 122.219994 -24.660000 
72353676749349 65.820000 122.219994 -24.660000 
72353696749349 65.820000 122.219994 -24.660000 
72353716749349 65.820000 122.219994 -24.660000 
72353736749349 65.820000 122.219994 -24.660000 
72353756749349 65.820000 122.219994 -24.660000 
72353776749349 65.820000 122.219994 -24.660000 
72353796749349 65.820000 122.219994 -24.660000 
72353816749349 65.820000 122.219994 -24.660000 
72353836749349 65.820000 122.219994 -24.660000 
72353856749349 65.820000 122.219994 -24.660000 
72353876749349 65.820000 122.219994 -24.660000 
72353896749349 65.820000 122.219994 -24.660000 
72353916749349 65.820000 122.219994 -24.660000 
72353936749349 65.820000 122.219994 -24.660000 
72353956749349 65.820000 122.219994 -24.660000 
72353976749349 65.820000 122.219994 -24.660000 
72353996749349 65.820000 122.219994 -24.660000 
72354016749349 65.820000 122.219994 -24.660000 
72354036749349 65.820000 122.219994 -24.660000 
72354056749349 65.820000 122.219994 -24.660000 
72354076749349 65.820000 122.219994 -24.660000 
72354096749349 65.820000 122.219994 -24.660000 
72354116749349 65.820000 122.219994 -24.660000 
72354136749349 65.820000 122.219994 -24.660000 
72354156749349 65.820000 122.219994 -24.660000 
