# Created at Fri Mar 14 10:55:32 GMT+01:00 2025 in Burnaby Canada 
153563129577543 986.190430 
153563229565743 986.198975 
153563329553843 986.197510 
153563429541943 986.191650 
153563529530109 986.186035 
153563629518342 986.185303 
153563729506542 986.185059 
153563829494742 986.183838 
153563929482975 986.184082 
153564029471208 986.190674 
153564129459408 986.193604 
153564229447608 986.197998 
153564329435808 986.214844 
153564429423674 986.222900 
153564529411540 986.223145 
153564629399673 986.222412 
153564729387873 986.218506 
153564829376039 986.229004 
153564929364205 986.230957 
153565029352371 986.232910 
153565129340571 986.233887 
153565229328737 986.230469 
153565329316903 986.227295 
153565429305036 986.219727 
153565529292902 986.220703 
153565629280768 986.229004 
153565729268768 986.230713 
153565829256768 986.232666 
153565929244734 986.240234 
153566029232700 986.241943 
153566129220700 986.241943 
153566229208700 986.246094 
153566329196666 986.251709 
153566429184632 986.245117 
153566529172565 986.240234 
153566629160431 986.231689 
153566729148497 986.221436 
153566829136730 986.228516 
153566929124930 986.219238 
153567029113130 986.217041 
153567129101330 986.217041 
153567229089563 986.224121 
153567329077763 986.229248 
153567429065963 986.225830 
153567529054163 986.229980 
153567629042129 986.235596 
153567729030029 986.228516 
153567829018129 986.227783 
153567929006362 986.224365 
153568028994595 986.229004 
153568128982795 986.231689 
153568228970995 986.226074 
153568328959228 986.229004 
153568428947461 986.227051 
153568528935661 986.233154 
153568628923861 986.223145 
153568728911961 986.226318 
153568828900061 986.227783 
153568928888294 986.223877 
153569028876527 986.230713 
153569128864727 986.234375 
153569228852927 986.231934 
153569328841160 986.234131 
153569428829393 986.230713 
153569528817593 986.221680 
153569628805793 986.233887 
153569728793826 986.238281 
153569828781692 986.225830 
153569928769558 986.224609 
153570028757758 986.225586 
153570128745958 986.226563 
153570228734124 986.237793 
153570328722290 986.234863 
153570428710490 986.230957 
153570528698690 986.222168 
153570628686856 986.215332 
153570728675022 986.223389 
153570828663022 986.230957 
153570928650888 986.240967 
153571028638788 986.241699 
153571128626788 986.242432 
153571228614788 986.236572 
153571328602754 986.240723 
153571428590720 986.244141 
153571528578720 986.242920 
153571628566720 986.229004 
153571728554686 986.224121 
153571828542652 986.229492 
153571928530518 986.244385 
153572028518384 986.249023 
153572128506484 986.247559 
153572228494717 986.250244 
153572328482917 986.245605 
153572428471117 986.244141 
153572528459350 986.242432 
153572628447583 986.230225 
153572728435783 986.229004 
153572828423983 986.216309 
153572928412216 986.221191 
153573028400116 986.224121 
153573128388016 986.222900 
153573228376182 986.225830 
153573328364415 986.238037 
153573428352615 986.244385 
153573528340815 986.248535 
153573628329015 986.244385 
153573728317248 986.246338 
153573828305448 986.250977 
153573928293648 986.243896 
153574028281814 986.248291 
153574128269914 986.249268 
153574228258014 986.244873 
153574328246247 986.247314 
153574428234480 986.248291 
153574528222680 986.246826 
153574628210880 986.247070 
153574728199113 986.253174 
153574828187346 986.250000 
153574928175546 986.256592 
153575028163746 986.248535 
153575128151746 986.240234 
153575228139612 986.237061 
153575328127612 986.234131 
153575428115812 986.238281 
153575528103978 986.233154 
153575628092144 986.229736 
153575728080310 986.227051 
153575828068510 986.229980 
153575928056676 986.231689 
153576028044842 986.233398 
153576128033008 986.228271 
153576228020941 986.229736 
153576328008807 986.239502 
153576427996740 986.239502 
153576527984740 986.245117 
153576627972740 986.245361 
153576727960706 986.241455 
153576827948706 986.243896 
153576927936706 986.242676 
153577027924706 986.243652 
153577127912672 986.253418 
153577227900672 986.243164 
153577327888538 986.232666 
153577427876404 986.228027 
153577527864570 986.233887 
153577627852803 986.237305 
153577727841003 986.243408 
153577827829203 986.243896 
153577927817436 986.243652 
153578027805669 986.241699 
153578127793869 986.238770 
153578227782069 986.244629 
153578327770169 986.242188 
153578427758069 986.244873 
153578527745969 986.241211 
153578627734202 986.242676 
153578727722435 986.251221 
153578827710635 986.251709 
153578927698835 986.251953 
153579027687068 986.253418 
153579127675301 986.245605 
153579227663501 986.250732 
153579327651701 986.261475 
153579427639867 986.259766 
153579527627967 986.237305 
153579627616067 986.231689 
153579727604300 986.233398 
153579827592500 986.229004 
153579927580700 986.225830 
153580027568900 986.223145 
153580127557133 986.235352 
153580227545333 986.239014 
153580327533533 986.247559 
153580427521733 986.247314 
153580527509666 986.234863 
153580627497532 986.229492 
153580727485632 986.230957 
153580827473832 986.231689 
153580927461998 986.233398 
153581027450164 986.244141 
153581127438330 986.251221 
153581227426530 986.241699 
153581327414696 986.243164 
153581427402862 986.240479 
153581527391028 986.240234 
153581627378894 986.226807 
153581727366760 986.230469 
153581827354760 986.237061 
153581927342760 986.246826 
153582027330726 986.250244 
153582127318692 986.253906 
153582227306758 986.250488 
153582327294758 986.250244 
153582427282724 986.239258 
153582527270690 986.231445 
153582627258690 986.228760 
153582727246623 986.231934 
153582827234523 986.230469 
153582927222756 986.227051 
153583027210989 986.238281 
153583127199189 986.236084 
153583227187455 986.229248 
153583327175688 986.225098 
153583427163921 986.236084 
153583527152121 986.236572 
153583627140321 986.244629 
153583727128387 986.237061 
153583827116287 986.229004 
153583927104220 986.233643 
153584027092453 986.245361 
153584127080686 986.247070 
153584227068952 986.244629 
153584327057152 986.256104 
153584427045385 986.254883 
153584527033618 986.257568 
153584627021818 986.255615 
153584727010084 986.251465 
153584826998217 986.244385 
153584926986317 986.245361 
153585026974483 986.251465 
153585126962716 986.246826 
153585226950916 986.241943 
153585326939116 986.248291 
153585426927349 986.249512 
153585526915582 986.249512 
153585626903782 986.251221 
153585726891982 986.253418 
153585826880182 986.252441 
153585926868048 986.243408 
153586026855914 986.230469 
153586126844047 986.232666 
153586226832247 986.236084 
153586326820413 986.240479 
153586426808579 986.244385 
153586526796745 986.242920 
153586626784945 986.254883 
153586726773111 986.246826 
153586826761277 986.247803 
153586926749410 986.240723 
153587026737276 986.244629 
153587126725142 986.245605 
153587226713142 986.247803 
153587326701142 986.254150 
153587426689108 986.250732 
153587526677074 986.252930 
153587626665074 986.246826 
153587726653074 986.247559 
153587826641007 986.249268 
153587926628973 986.251709 
153588026616906 986.251953 
153588126604772 986.236572 
153588226592772 986.233154 
153588326581005 986.248047 
153588426569205 986.249023 
153588526557405 986.255127 
153588626545605 986.246582 
153588726533838 986.249268 
153588826522038 986.251465 
153588926510238 986.255371 
153589026498438 986.256104 
153589126486404 986.242188 
153589226474304 986.234619 
153589326462404 986.230713 
153589426450637 986.239990 
153589526438870 986.248291 
153589626427070 986.247559 
153589726415270 986.260742 
153589826403503 986.259033 
153589926391736 986.252197 
153590026379936 986.246826 
153590126368136 986.245117 
153590226356236 986.244873 
153590326344336 986.239502 
153590426332569 986.235352 
153590526320802 986.242188 
153590626309002 986.245850 
153590726297202 986.248047 
153590826285435 986.261230 
153590926273668 986.252686 
153591026261868 986.253174 
153591126250068 986.252441 
153591226238168 986.256104 
153591326226034 986.251953 
153591426213900 986.250732 
153591526202100 986.249023 
153591626190300 986.250244 
153591726178466 986.250000 
153591826166632 986.251465 
153591926154832 986.249512 
153592026143032 986.246094 
153592126131198 986.244385 
153592226119364 986.256104 
153592326107364 986.252197 
153592426095230 986.244385 
153592526083130 986.237061 
153592626071130 986.240479 
153592726059130 986.245117 
153592826047096 986.240479 
153592926035062 986.244141 
153593026023062 986.253174 
153593126011062 986.248535 
153593225999028 986.246826 
153593325986994 986.255615 
153593425974860 986.255615 
153593525962726 986.257080 
153593625950826 986.249756 
153593725939059 986.260742 
153593825927259 986.259033 
153593925915459 986.264160 
153594025903692 986.267090 
153594125891925 986.261230 
153594225880125 986.261230 
153594325868325 986.262939 
153594425856558 986.266846 
153594525844458 986.267334 
153594625832358 986.264648 
153594725820491 986.247070 
153594825808724 986.252197 
153594925796924 986.254883 
153595025785124 986.256104 
153595125773324 986.255127 
153595225761557 986.255371 
153595325749757 986.258545 
153595425737957 986.257080 
153595525726123 986.259277 
153595625714223 986.251465 
153595725702323 986.249268 
153595825690556 986.248047 
153595925678789 986.255127 
153596025666989 986.259521 
153596125655189 986.264893 
153596225643422 986.263184 
153596325631655 986.262939 
153596425619855 986.258057 
153596525608055 986.267334 
153596625596055 986.271729 
153596725583921 986.271973 
153596825571921 986.275879 
153596925560121 986.274658 
153597025548287 986.263428 
153597125536453 986.264893 
153597225524619 986.263428 
153597325512819 986.260254 
153597425500985 986.257080 
153597525489151 986.258545 
153597625477317 986.265625 
153597725465283 986.267578 
153597825453149 986.267334 
153597925441082 986.265381 
153598025429082 986.250000 
153598125417082 986.250488 
153598225405048 986.247314 
153598325393048 986.252197 
153598424743286 986.252930 
153598524731286 986.252197 
153598624719252 986.254150 
153598724707218 986.251465 
153598824695084 986.253418 
153598924682950 986.261475 
153599024671116 986.250732 
153599124659349 986.239014 
153599224647549 986.233398 
153599324635749 986.239502 
153599424623982 986.248047 
153599524612215 986.254883 
153599624600415 986.252930 
153599724588615 986.257813 
153599824576715 986.257080 
153599924564615 986.255615 
153600024552515 986.255615 
153600124540748 986.248779 
153600224528981 986.242920 
153600324517181 986.239746 
153600424505381 986.239502 
153600524493614 986.246826 
153600624481847 986.251709 
153600724470047 986.246826 
153600824458247 986.242676 
153600924446413 986.237305 
153601024434513 986.245361 
153601124422613 986.254395 
153601224410846 986.250488 
153601324399046 986.242676 
153601424387246 986.233887 
153601524375446 986.239746 
153601624363679 986.242676 
153601724351912 986.243164 
153601824340112 986.238037 
153601924328312 986.242188 
153602024316245 986.244873 
153602124304111 986.239502 
153602224292177 986.246826 
153602324280377 986.231201 
153602424268543 986.233643 
153602524256709 986.242432 
153602624244875 986.246338 
153602724233075 986.247559 
153602824221241 986.253418 
153602924209407 986.251953 
153603024197573 986.249756 
153603124185439 986.251953 
153603224173305 986.245605 
153603324161305 986.241943 
153603424149305 986.228760 
153603524137271 986.223389 
153603624125237 986.235596 
153603724113237 986.247559 
153603824101237 986.252930 
153603924089203 986.254883 
153604024077169 986.259766 
153604124065169 986.263428 
153604224053035 986.260742 
153604324040935 986.249512 
153604424029168 986.245361 
153604524017401 986.242920 
153604624005601 986.247559 
153604723993801 986.248291 
153604823982034 986.253174 
153604923970267 986.257324 
153605023958467 986.255127 
153605123946667 986.254639 
153605223934700 986.250244 
153605323922600 986.246338 
153605423910533 986.256836 
153605523898766 986.258545 
153605623886999 986.240234 
153605723875199 986.243652 
153605823863399 986.257568 
153605923851632 986.261719 
153606023839865 986.269287 
153606123828065 986.267334 
153606223816265 986.269287 
153606323804365 986.267578 
153606423792465 986.273926 
153606523780631 986.266846 
153606623768864 986.267090 
153606723757064 986.244629 
153606823745264 986.238281 
153606923733497 986.249268 
153607023721730 986.255127 
153607123709930 986.265869 
153607223698130 986.269043 
153607323686330 986.272705 
153607423674196 986.269531 
153607523662062 986.267578 
153607623650195 986.271973 
153607723638395 986.269531 
153607823626561 986.255127 
153607923614727 986.251465 
153608023602893 986.258301 
153608123591093 986.269043 
153608223579259 986.278564 
153608323567425 986.271729 
153608423555558 986.268311 
153608523543491 986.262451 
153608623531357 986.266113 
153608723519357 986.259766 
153608823507357 986.255127 
153608923495323 986.257080 
153609023483356 986.242432 
153609123471356 986.240234 
153609223459356 986.249268 
153609323447322 986.260010 
153609423435288 986.244141 
153609523423288 986.246338 
153609623411154 986.256836 
153609723399154 986.253906 
153609823387387 986.245850 
153609923375587 986.248535 
153610023363853 986.251465 
153610123352053 986.250732 
153610223340286 986.250244 
153610323328486 986.254150 
153610423316686 986.253174 
153610523304952 986.255615 
153610623292918 986.258789 
153610723280818 986.261475 
153610823268918 986.251465 
153610923257151 986.248535 
153611023245451 986.247070 
153611123233651 986.240479 
153611223221851 986.237061 
153611323210084 986.244629 
153611423198317 986.251221 
153611523186517 986.249756 
153611623174717 986.238037 
153611723162817 986.248291 
153611823150917 986.246826 
153611923139150 986.245605 
153612023127383 986.242676 
153612123115583 986.232910 
153612223103783 986.230469 
153612323092016 986.228271 
153612423080249 986.233398 
153612523068449 986.241943 
153612623056649 986.240234 
153612723044749 986.237793 
153612823032615 986.247314 
153612923020481 986.252930 
153613023008681 986.252197 
153613122996881 986.250977 
153613222985047 986.239990 
153613322973213 986.247803 
153613422961413 986.254639 
153613522949613 986.260010 
153613622937779 986.255127 
153613722925945 986.260498 
153613822913945 986.261230 
153613922901811 986.257568 
153614022889677 986.256836 
153614122877677 986.243652 
153614222865677 986.243164 
153614322853643 986.236572 
153614422841609 986.234131 
153614522829609 986.239990 
153614622817609 986.249756 
153614722805575 986.255371 
153614822793541 986.254395 
153614922781407 986.253174 
153615022769273 986.257080 
153615122757373 986.248291 
153615222745606 986.246094 
153615322733806 986.242920 
153615422722006 986.240234 
153615522710239 986.241699 
153615622698472 986.243408 
153615722686672 986.248291 
153615822674872 986.244141 
153615922663105 986.252441 
153616022651005 986.258789 
153616122638905 986.257324 
153616222627038 986.259766 
153616322615271 986.258545 
153616422603471 986.251709 
153616522591671 986.243408 
153616622579871 986.252686 
153616722568104 986.254395 
153616822556304 986.259277 
153616922544504 986.268066 
153617022532704 986.267090 
153617122520804 986.261230 
153617222508904 986.265625 
153617322497137 986.269775 
153617422485370 986.263916 
153617522473570 986.253418 
153617622461770 986.243408 
153617722450003 986.236084 
153617822438236 986.241211 
153617922426436 986.243652 
153618022414636 986.251709 
153618122402636 986.257324 
153618222390502 986.255615 
153618322378502 986.263672 
153618422366702 986.262207 
153618522354868 986.247559 
153618622343034 986.252930 
153618722331200 986.244873 
153618822319400 986.247559 
153618922307566 986.265137 
153619022295732 986.263428 
153619122283898 986.259033 
153619222271864 986.264160 
153619322259730 986.269287 
153619422247663 986.272217 
153619522235663 986.257080 
153619622223663 986.239258 
153619722211629 986.239258 
153619822199629 986.252441 
153619922187629 986.257080 
153620022175629 986.260010 
153620122163595 986.252441 
153620222151561 986.254395 
153620322139427 986.247314 
153620422127293 986.246094 
153620522115426 986.246094 
153620622103659 986.252441 
153620722091859 986.248291 
153620822080059 986.248535 
153620922068292 986.252930 
153621022056525 986.256592 
153621122044725 986.259521 
153621222032925 986.261230 
153621322021025 986.267334 
153621422008925 986.259033 
153621521996825 986.254395 
153621621985058 986.253662 
153621721973291 986.256592 
153621821961491 986.258789 
153621921949691 986.251953 
153622021937924 986.241211 
153622121926157 986.253906 
153622221914357 986.260498 
153622321902557 986.260010 
153622421890723 986.264160 
153622521878823 986.271973 
153622621866923 986.270508 
153622721855156 986.267090 
153622821843356 986.266846 
153622921831556 986.267822 
153623021819756 986.269531 
153623121807989 986.263916 
153623221796222 986.256348 
153623321784422 986.264893 
153623421772622 986.263184 
153623521760588 986.254150 
153623621748454 986.267334 
153623721736520 986.269043 
153623821724720 986.272461 
153623921712886 986.269775 
153624021701052 986.275635 
153624121689218 986.271484 
153624221677418 986.264893 
153624321665584 986.270752 
153624421653750 986.267334 
153624521641916 986.267822 
153624621629782 986.265381 
153624721617648 986.270264 
153624821605648 986.269043 
153624921593648 986.266113 
153625021581614 986.269287 
153625121569580 986.259521 
153625221557580 986.255615 
153625321545580 986.250000 
153625421533546 986.251953 
153625521521512 986.257080 
153625621509512 986.260498 
153625721497378 986.262451 
153625821485278 986.263428 
153625921473511 986.268066 
153626021461744 986.266113 
153626121449944 986.267822 
153626221438144 986.262451 
153626321426377 986.264404 
153626421414610 986.269043 
153626521402810 986.255615 
153626621391010 986.254395 
153626721379043 986.262695 
153626821366943 986.262939 
153626921354876 986.270264 
153627021343109 986.266357 
153627121331342 986.262695 
153627221319542 986.259033 
153627321307742 986.256836 
153627421295975 986.264648 
153627521284208 986.267334 
153627621272408 986.272461 
153627721260608 986.277588 
153627821248708 986.276855 
153627921236808 986.268066 
153628021224941 986.273438 
153628121213174 986.272217 
153628221201374 986.267578 
153628321189574 986.256104 
153628421177807 986.257813 
153628521166040 986.267578 
153628621154240 986.271484 
153628721142440 986.276611 
153628821130640 986.278809 
153628921118506 986.285889 
153629021106372 986.291504 
153629121094505 986.288086 
153629221082705 986.285645 
153629321070871 986.291992 
153629421059037 986.281982 
153629521047203 986.275635 
153629621035403 986.286133 
153629721023569 986.279785 
153629821011735 986.282227 
153629920999868 986.280029 
153630020987734 986.280518 
153630120975600 986.278076 
153630220963600 986.287354 
153630320951600 986.277100 
153630420939566 986.263916 
153630520927532 986.261963 
153630620915532 986.266113 
153630720903532 986.267334 
153630820891498 986.268555 
153630920879464 986.274658 
153631020867430 986.277100 
153631120855296 986.273682 
153631220843296 986.276855 
153631320831529 986.280762 
153631420819729 986.286865 
153631520807929 986.279541 
153631620796129 986.272217 
153631720784362 986.262939 
153631820772562 986.257813 
153631920760762 986.261475 
153632020748962 986.266846 
153632120736928 986.276611 
153632220724828 986.276123 
153632320712928 986.269043 
153632420701161 986.271729 
153632520689394 986.265869 
153632620677594 986.265381 
153632720665794 986.263428 
153632820654027 986.258789 
153632920642260 986.259766 
153633020630460 986.263184 
153633120618660 986.262451 
153633220606760 986.270508 
153633320594860 986.273193 
153633420583093 986.272705 
153633520571326 986.263916 
153633620559526 986.265869 
153633720547726 986.273926 
153633820535959 986.264160 
153633920524192 986.262939 
153634020512392 986.266846 
153634120500592 986.265625 
153634220488692 986.277588 
153634320476558 986.275879 
153634420464424 986.273193 
153634520452624 986.283203 
153634620440824 986.291992 
153634720428990 986.295410 
153634820417223 986.286377 
153634920405423 986.289551 
153635020393623 986.292236 
153635120381789 986.292236 
153635220369955 986.290039 
153635320357988 986.293457 
153635420345854 986.294678 
153635520333720 986.301758 
153635620321720 986.301025 
153635720309720 986.301025 
153635820297753 986.298828 
153635920285719 986.301025 
153636020273719 986.287598 
153636120261719 986.283936 
153636220249685 986.279297 
153636320237718 986.284912 
153636420225584 986.279053 
153636520213450 986.265137 
153636620201550 986.259521 
153636720189783 986.254883 
153636820178049 986.260010 
153636920166249 986.251953 
153637020154482 986.250000 
153637120142715 986.247803 
153637220130915 986.250488 
153637320119181 986.243164 
153637420107414 986.238770 
153637520095314 986.237305 
153637620083214 986.235840 
153637720071347 986.236572 
153637820059580 986.240967 
153637920047780 986.243896 
