# Created at Fri Jan 31 08:39:49 GMT+01:00 2025 in Burnaby Canada 
71559818527534 0.000000 0.000000 0.000000 
71559837285450 0.000000 0.000000 0.000000 
71559856043419 0.000000 0.000000 0.000000 
71559874801388 0.000000 0.000000 0.000000 
71559893559305 0.000000 0.000000 0.000000 
71559912317273 0.000000 0.000000 0.000000 
71559931075242 0.000000 0.000000 0.000000 
71559949833159 0.000000 0.000000 0.000000 
71559968591075 0.000000 0.000000 0.000000 
71559987349096 0.000000 0.000000 0.000000 
71560006107013 0.000000 0.000000 0.000000 
71560024864930 0.000000 0.000000 0.000000 
71560043622950 0.000000 0.000000 0.000000 
71560062380867 0.000000 0.000000 0.000000 
71560081138784 0.000000 0.000000 0.000000 
71560099896753 0.000000 0.000000 0.000000 
71560118654721 0.000000 0.000000 0.000000 
71560137412638 0.000000 0.000000 0.000000 
71560156170607 0.000000 0.000000 0.000000 
71560174928575 0.000000 0.000000 0.000000 
71560193686492 0.000000 0.000000 0.000000 
71560212444409 0.000000 0.000000 0.000000 
71560231202430 0.000000 0.000000 0.000000 
71560249960346 0.000000 0.000000 0.000000 
71560268718263 0.000000 0.000000 0.000000 
71560287476232 0.000000 0.000000 0.000000 
71560306234200 0.000000 0.000000 0.000000 
71560324992117 0.000000 0.000000 0.000000 
71560343750034 0.000000 0.000000 0.000000 
71560362508055 0.000000 0.000000 0.000000 
71560381265971 0.000000 0.000000 0.000000 
71560400023888 0.000000 0.000000 0.000000 
71560418781909 0.000000 0.000000 0.000000 
71560437539825 0.000000 0.000000 0.000000 
71560456297742 0.000000 0.000000 0.000000 
71560475055711 0.000000 0.000000 0.000000 
71560493813680 0.000000 0.000000 0.000000 
71560512571596 0.000000 0.000000 0.000000 
71560531329513 0.000000 0.000000 0.000000 
71560550087482 0.000000 0.000000 0.000000 
71560568845450 0.000000 0.000000 0.000000 
71560587603367 0.000000 0.000000 0.000000 
71560606361284 0.000000 0.000000 0.000000 
71560625119305 0.000000 0.000000 0.000000 
71560643877221 0.000000 0.000000 0.000000 
71560662635138 0.000000 0.000000 0.000000 
71560681393107 0.000000 0.000000 0.000000 
71560700151075 0.000000 0.000000 0.000000 
71560718908992 0.000000 0.000000 0.000000 
71560737666909 0.000000 0.000000 0.000000 
71560756424930 0.000000 0.000000 0.000000 
71560775182846 0.000000 0.000000 0.000000 
71560793940763 0.000000 0.000000 0.000000 
71560812698784 0.000000 0.000000 0.000000 
71560831456700 0.000000 0.000000 0.000000 
71560850214617 0.000000 0.000000 0.000000 
71560868972534 0.000000 0.000000 0.000000 
71560887730555 0.000000 0.000000 0.000000 
71560906488471 0.000000 0.000000 0.000000 
71560925246388 0.000000 0.000000 0.000000 
71560944004409 0.000000 0.000000 0.000000 
71560962762325 0.000000 0.000000 0.000000 
71560981520242 0.000000 0.000000 0.000000 
71561000278211 0.000000 0.000000 0.000000 
71561019036180 0.000000 0.000000 0.000000 
71561037794096 0.000000 0.000000 0.000000 
71561056552013 0.000000 0.000000 0.000000 
71561075310034 0.000000 0.000000 0.000000 
71561094067950 0.000000 0.000000 0.000000 
71561112825867 0.000000 0.000000 0.000000 
71561131583836 0.000000 0.000000 0.000000 
71561150341805 0.000000 0.000000 0.000000 
71561169099721 0.000000 0.000000 0.000000 
71561187857690 0.000000 0.000000 0.000000 
71561206615659 0.000000 0.000000 0.000000 
71561225373575 0.000000 0.000000 0.000000 
71561244131544 0.000000 0.000000 0.000000 
71561262889461 0.000000 0.000000 0.000000 
71561280653315 0.000000 0.000000 0.000000 
71561299411232 0.000000 0.000000 0.000000 
71561318169200 0.000000 0.000000 0.000000 
71561336927169 0.000000 0.000000 0.000000 
71561355684438 0.000000 0.000000 0.000000 
71561374442407 0.000000 0.000000 0.000000 
71561393200375 0.000000 0.000000 0.000000 
71561411958292 0.000000 0.000000 0.000000 
71561430716261 0.000000 0.000000 0.000000 
71561449474230 0.000000 0.000000 0.000000 
71561468232146 0.000000 0.000000 0.000000 
71561486990115 0.000000 0.000000 0.000000 
71561505748084 0.000000 0.000000 0.000000 
71561524506000 0.000000 0.000000 0.000000 
71561543263969 0.000000 0.000000 0.000000 
71561562021938 0.000000 0.000000 0.000000 
71561580779907 0.000000 0.000000 0.000000 
71561599537823 0.000000 0.000000 0.000000 
71561618295792 0.000000 0.000000 0.000000 
71561637053761 0.000000 0.000000 0.000000 
71561655811677 0.000000 0.000000 0.000000 
71561674569646 0.000000 0.000000 0.000000 
71561693327615 0.000000 0.000000 0.000000 
71561712085584 0.000000 0.000000 0.000000 
71561730843552 0.000000 0.000000 0.000000 
71561749601469 0.000000 0.000000 0.000000 
71561768359438 0.000000 0.000000 0.000000 
71561787117407 0.000000 0.000000 0.000000 
71561805875375 0.000000 0.000000 0.000000 
71561824633344 0.000000 0.000000 0.000000 
71561843391261 0.000000 0.000000 0.000000 
71561862149177 0.000000 0.000000 0.000000 
71561880907198 0.000000 0.000000 0.000000 
71561899665167 0.000000 0.000000 0.000000 
71561918423136 0.000000 0.000000 0.000000 
71561937181105 0.000000 0.000000 0.000000 
71561955939021 0.000000 0.000000 0.000000 
71561974696990 0.000000 0.000000 0.000000 
71561993454959 0.000000 0.000000 0.000000 
71562012212927 0.000000 0.000000 0.000000 
71562030970896 0.000000 0.000000 0.000000 
71562049728865 0.000000 0.000000 0.000000 
71562068486834 0.000000 0.000000 0.000000 
71562087244802 0.000000 0.000000 0.000000 
71562106002771 0.000000 0.000000 0.000000 
71562124760688 0.000000 0.000000 0.000000 
71562143518657 0.000000 0.000000 0.000000 
71562162276625 0.000000 0.000000 0.000000 
71562181034594 0.000000 0.000000 0.000000 
71562199792511 0.000000 0.000000 0.000000 
71562218550532 0.000000 0.000000 0.000000 
71562237308500 0.000000 0.000000 0.000000 
71562256066469 0.000000 0.000000 0.000000 
71562274824438 0.000000 0.000000 0.000000 
71562293582407 0.000000 0.000000 0.000000 
71562312340375 0.000000 0.000000 0.000000 
71562331098344 0.000000 0.000000 0.000000 
71562349856313 0.000000 0.000000 0.000000 
71562368614282 0.000000 0.000000 0.000000 
71562387372250 0.000000 0.000000 0.000000 
71562406130219 0.000000 0.000000 0.000000 
71562424888188 0.000000 0.000000 0.000000 
71562443646157 0.000000 0.000000 0.000000 
71562462404125 0.000000 0.000000 0.000000 
71562481162094 0.000000 0.000000 0.000000 
71562499920063 0.000000 0.000000 0.000000 
71562518678032 0.000000 0.000000 0.000000 
71562537436000 0.000000 0.000000 0.000000 
71562556194021 0.000000 0.000000 0.000000 
71562574951990 0.000000 0.000000 0.000000 
71562593709959 0.000000 0.000000 0.000000 
71562612467927 0.000000 0.000000 0.000000 
71562631225896 0.000000 0.000000 0.000000 
71562649983865 0.000000 0.000000 0.000000 
71562668741834 0.000000 0.000000 0.000000 
71562687499802 0.000000 0.000000 0.000000 
71562706257823 0.000000 0.000000 0.000000 
71562725015792 0.000000 0.000000 0.000000 
71562743773761 0.000000 0.000000 0.000000 
71562762531730 0.000000 0.000000 0.000000 
71562781289698 0.000000 0.000000 0.000000 
71562800047719 0.000000 0.000000 0.000000 
71562818805688 0.000000 0.000000 0.000000 
71562837563657 0.000000 0.000000 0.000000 
71562856321625 0.000000 0.000000 0.000000 
71562875079646 0.000000 0.000000 0.000000 
71562893837615 0.000000 0.000000 0.000000 
71562912595584 0.000000 0.000000 0.000000 
71562931353552 0.000000 0.000000 0.000000 
71562950111573 0.000000 0.000000 0.000000 
71562968869542 0.000000 0.000000 0.000000 
71562987627511 0.000000 0.000000 0.000000 
71563006385480 0.000000 0.000000 0.000000 
71563025143500 0.000000 0.000000 0.000000 
71563043901417 0.000000 0.000000 0.000000 
71563062659438 0.000000 0.000000 0.000000 
71563081417459 0.000000 0.000000 0.000000 
71563100175427 0.000000 0.000000 0.000000 
71563118933448 0.000000 0.000000 0.000000 
71563137691417 0.000000 0.000000 0.000000 
71563156449386 0.000000 0.000000 0.000000 
71563175207355 0.000000 0.000000 0.000000 
71563193965375 0.000000 0.000000 0.000000 
71563212723396 0.000000 0.000000 0.000000 
71563231481365 0.000000 0.000000 0.000000 
71563250239334 0.000000 0.000000 0.000000 
71563268997355 0.000000 0.000000 0.000000 
71563287755323 0.000000 0.000000 0.000000 
71563306513344 0.000000 0.000000 0.000000 
71563325271313 0.000000 0.000000 0.000000 
71563344029282 0.000000 0.000000 0.000000 
71563362787302 0.000000 0.000000 0.000000 
71563381545219 0.000000 0.000000 0.000000 
71563400303292 0.000000 0.000000 0.000000 
71563419061261 0.000000 0.000000 0.000000 
71563437819282 0.000000 0.000000 0.000000 
71563456577250 0.000000 0.000000 0.000000 
71563475335271 0.000000 0.000000 0.000000 
71563494093240 0.000000 0.000000 0.000000 
71563512851261 0.000000 0.000000 0.000000 
71563531609282 0.000000 0.000000 0.000000 
71563550367250 0.000000 0.000000 0.000000 
71563569125271 0.000000 0.000000 0.000000 
71563587883240 0.000000 0.000000 0.000000 
71563606641261 0.000000 0.000000 0.000000 
71563625399230 0.000000 0.000000 0.000000 
71563644157250 0.000000 0.000000 0.000000 
71563662915219 0.000000 0.000000 0.000000 
71563681673240 0.000000 0.000000 0.000000 
71563700431261 0.000000 0.000000 0.000000 
71563719189230 0.000000 0.000000 0.000000 
71563737947250 0.000000 0.000000 0.000000 
71563756705219 0.000000 0.000000 0.000000 
71563775463240 0.000000 0.000000 0.000000 
71563794221261 0.000000 0.000000 0.000000 
71563812979230 0.000000 0.000000 0.000000 
71563831737250 0.000000 0.000000 0.000000 
71563850495219 0.000000 0.000000 0.000000 
71563869253240 0.000000 0.000000 0.000000 
71563888011261 0.000000 0.000000 0.000000 
71563906769282 0.000000 0.000000 0.000000 
71563925527250 0.000000 0.000000 0.000000 
71563944285271 0.000000 0.000000 0.000000 
71563963043292 0.000000 0.000000 0.000000 
71563981801261 0.000000 0.000000 0.000000 
71564000559282 0.000000 0.000000 0.000000 
71564019317302 0.000000 0.000000 0.000000 
71564038075271 0.000000 0.000000 0.000000 
71564056833292 0.000000 0.000000 0.000000 
71564075591313 0.000000 0.000000 0.000000 
71564094349282 0.000000 0.000000 0.000000 
71564113107302 0.000000 0.000000 0.000000 
71564131865323 0.000000 0.000000 0.000000 
71564150623344 0.000000 0.000000 0.000000 
71564169381313 0.000000 0.000000 0.000000 
71564188139334 0.000000 0.000000 0.000000 
71564206897355 0.000000 0.000000 0.000000 
71564225655323 0.000000 0.000000 0.000000 
71564244413344 0.000000 0.000000 0.000000 
71564263171365 0.000000 0.000000 0.000000 
71564281929386 0.000000 0.000000 0.000000 
71564300687355 0.000000 0.000000 0.000000 
71564319445375 0.000000 0.000000 0.000000 
71564338203344 0.000000 0.000000 0.000000 
71564356961417 0.000000 0.000000 0.000000 
71564375719438 0.000000 0.000000 0.000000 
71564394477407 0.000000 0.000000 0.000000 
71564413235427 0.000000 0.000000 0.000000 
71564431993448 0.000000 0.000000 0.000000 
71564450751469 0.000000 0.000000 0.000000 
71564469509438 0.000000 0.000000 0.000000 
71564488267459 0.000000 0.000000 0.000000 
71564507025480 0.000000 0.000000 0.000000 
71564525783500 0.000000 0.000000 0.000000 
71564544541521 0.000000 0.000000 0.000000 
71564563299490 0.000000 0.000000 0.000000 
71564582057511 0.000000 0.000000 0.000000 
71564600815532 0.000000 0.000000 0.000000 
71564619573552 0.000000 0.000000 0.000000 
71564638331573 0.000000 0.000000 0.000000 
71564657089542 0.000000 0.000000 0.000000 
71564675847563 0.000000 0.000000 0.000000 
71564694605584 0.000000 0.000000 0.000000 
71564713363605 0.000000 0.000000 0.000000 
71564732121573 0.000000 0.000000 0.000000 
71564750879594 0.000000 0.000000 0.000000 
71564769637615 0.000000 0.000000 0.000000 
71564788395636 0.000000 0.000000 0.000000 
71564807153657 0.000000 0.000000 0.000000 
71564825911677 0.000000 0.000000 0.000000 
71564844669698 0.000000 0.000000 0.000000 
71564863427719 0.000000 0.000000 0.000000 
71564882185688 0.000000 0.000000 0.000000 
71564900943709 0.000000 0.000000 0.000000 
71564919701730 0.000000 0.000000 0.000000 
71564938459750 0.000000 0.000000 0.000000 
71564957217771 0.000000 0.000000 0.000000 
71564975975740 0.000000 0.000000 0.000000 
71564994733761 0.000000 0.000000 0.000000 
71565013491782 0.000000 0.000000 0.000000 
71565032249802 0.000000 0.000000 0.000000 
71565051007823 0.000000 0.000000 0.000000 
71565069765844 0.000000 0.000000 0.000000 
71565088523865 0.000000 0.000000 0.000000 
71565107281886 0.000000 0.000000 0.000000 
71565126039855 0.000000 0.000000 0.000000 
71565144797875 0.000000 0.000000 0.000000 
71565163555896 0.000000 0.000000 0.000000 
71565182313917 0.000000 0.000000 0.000000 
71565201071938 0.000000 0.000000 0.000000 
71565219829959 0.000000 0.000000 0.000000 
71565238587927 0.000000 0.000000 0.000000 
71565257345948 0.000000 0.000000 0.000000 
71565276103969 0.000000 0.000000 0.000000 
71565294861990 0.000000 0.000000 0.000000 
71565313620011 0.000000 0.000000 0.000000 
71565332378032 0.000000 0.000000 0.000000 
71565351136052 0.000000 0.000000 0.000000 
71565369894073 0.000000 0.000000 0.000000 
71565388652094 0.000000 0.000000 0.000000 
71565407410063 0.000000 0.000000 0.000000 
71565426168084 0.000000 0.000000 0.000000 
71565444926105 0.000000 0.000000 0.000000 
71565463684125 0.000000 0.000000 0.000000 
71565482442146 0.000000 0.000000 0.000000 
71565501200167 0.000000 0.000000 0.000000 
71565519958188 0.000000 0.000000 0.000000 
71565538716209 0.000000 0.000000 0.000000 
71565557474230 0.000000 0.000000 0.000000 
71565576232198 0.000000 0.000000 0.000000 
71565594990219 0.000000 0.000000 0.000000 
71565613748240 0.000000 0.000000 0.000000 
71565632506261 0.000000 0.000000 0.000000 
71565651264282 0.000000 0.000000 0.000000 
71565670022302 0.000000 0.000000 0.000000 
71565688780323 0.000000 0.000000 0.000000 
71565707538344 0.000000 0.000000 0.000000 
71565726296365 0.000000 0.000000 0.000000 
71565745054334 0.000000 0.000000 0.000000 
71565763812355 0.000000 0.000000 0.000000 
71565782570375 0.000000 0.000000 0.000000 
71565801328396 0.000000 0.000000 0.000000 
71565820086417 0.000000 0.000000 0.000000 
71565838844438 0.000000 0.000000 0.000000 
71565857602407 0.000000 0.000000 0.000000 
71565876360427 0.000000 0.000000 0.000000 
71565895118448 0.000000 0.000000 0.000000 
71565913876469 0.000000 0.000000 0.000000 
71565932634490 0.000000 0.000000 0.000000 
71565951392511 0.000000 0.000000 0.000000 
71565970150532 0.000000 0.000000 0.000000 
71565988908500 0.000000 0.000000 0.000000 
71566007666521 0.000000 0.000000 0.000000 
71566026424542 0.000000 0.000000 0.000000 
71566045182563 0.000000 0.000000 0.000000 
71566063940584 0.000000 0.000000 0.000000 
71566082698605 0.000000 0.000000 0.000000 
71566101456625 0.000000 0.000000 0.000000 
71566120214594 0.000000 0.000000 0.000000 
71566138972615 0.000000 0.000000 0.000000 
71566157730636 0.000000 0.000000 0.000000 
71566176488657 0.000000 0.000000 0.000000 
71566195246677 0.000000 0.000000 0.000000 
71566214004646 0.000000 0.000000 0.000000 
71566232762667 0.000000 0.000000 0.000000 
71566251520688 0.000000 0.000000 0.000000 
71566270278709 0.000000 0.000000 0.000000 
71566289036730 0.000000 0.000000 0.000000 
71566307794698 0.000000 0.000000 0.000000 
71566326552719 0.000000 0.000000 0.000000 
71566345310740 0.000000 0.000000 0.000000 
71566364068761 0.000000 0.000000 0.000000 
71566382826782 0.000000 0.000000 0.000000 
71566401584802 0.000000 0.000000 0.000000 
71566420342771 0.000000 0.000000 0.000000 
71566439100792 0.000000 0.000000 0.000000 
71566457858813 0.000000 0.000000 0.000000 
71566476616834 0.000000 0.000000 0.000000 
71566495374802 0.000000 0.000000 0.000000 
71566514132823 0.000000 0.000000 0.000000 
71566532890844 0.000000 0.000000 0.000000 
71566551648865 0.000000 0.000000 0.000000 
71566570406886 0.000000 0.000000 0.000000 
71566589164855 0.000000 0.000000 0.000000 
71566607922875 0.000000 0.000000 0.000000 
71566626680896 0.000000 0.000000 0.000000 
71566645438917 0.000000 0.000000 0.000000 
71566664196938 0.000000 0.000000 0.000000 
71566682954907 0.000000 0.000000 0.000000 
71566701712927 0.000000 0.000000 0.000000 
71566720470948 0.000000 0.000000 0.000000 
71566739228969 0.000000 0.000000 0.000000 
71566757986938 0.000000 0.000000 0.000000 
71566776744959 0.000000 0.000000 0.000000 
71566795502927 0.000000 0.000000 0.000000 
71566814261000 0.000000 0.000000 0.000000 
71566833018969 0.000000 0.000000 0.000000 
71566851776990 0.000000 0.000000 0.000000 
71566870535011 0.000000 0.000000 0.000000 
71566889293032 0.000000 0.000000 0.000000 
71566908051000 0.000000 0.000000 0.000000 
71566926809021 0.000000 0.000000 0.000000 
71566945567042 0.000000 0.000000 0.000000 
71566964325011 0.000000 0.000000 0.000000 
71566983083032 0.000000 0.000000 0.000000 
71567001841052 0.000000 0.000000 0.000000 
71567020599021 0.000000 0.000000 0.000000 
71567039357042 0.000000 0.000000 0.000000 
71567058115063 0.000000 0.000000 0.000000 
71567076873032 0.000000 0.000000 0.000000 
71567095631052 0.000000 0.000000 0.000000 
71567114389073 0.000000 0.000000 0.000000 
71567133147042 0.000000 0.000000 0.000000 
71567151905115 0.000000 0.000000 0.000000 
71567170663084 0.000000 0.000000 0.000000 
71567189421105 0.000000 0.000000 0.000000 
71567208179073 0.000000 0.000000 0.000000 
71567226937094 0.000000 0.000000 0.000000 
71567245695115 0.000000 0.000000 0.000000 
71567264453084 0.000000 0.000000 0.000000 
71567283211105 0.000000 0.000000 0.000000 
71567301969125 0.000000 0.000000 0.000000 
71567320727094 0.000000 0.000000 0.000000 
71567339485115 0.000000 0.000000 0.000000 
71567358243136 0.000000 0.000000 0.000000 
71567377001105 0.000000 0.000000 0.000000 
71567395759125 0.000000 0.000000 0.000000 
71567414517094 0.000000 0.000000 0.000000 
71567433275115 0.000000 0.000000 0.000000 
71567452033136 0.000000 0.000000 0.000000 
71567470791105 0.000000 0.000000 0.000000 
71567489549125 0.000000 0.000000 0.000000 
71567508307146 0.000000 0.000000 0.000000 
71567527065115 0.000000 0.000000 0.000000 
71567545823136 0.000000 0.000000 0.000000 
71567564581105 0.000000 0.000000 0.000000 
71567583339125 0.000000 0.000000 0.000000 
71567602097094 0.000000 0.000000 0.000000 
71567620855115 0.000000 0.000000 0.000000 
71567639613136 0.000000 0.000000 0.000000 
71567658371105 0.000000 0.000000 0.000000 
71567677129125 0.000000 0.000000 0.000000 
71567695887094 0.000000 0.000000 0.000000 
71567714645115 0.000000 0.000000 0.000000 
71567733403084 0.000000 0.000000 0.000000 
71567752161105 0.000000 0.000000 0.000000 
71567770919125 0.000000 0.000000 0.000000 
71567789677094 0.000000 0.000000 0.000000 
71567808435115 0.000000 0.000000 0.000000 
71567827193084 0.000000 0.000000 0.000000 
71567845951105 0.000000 0.000000 0.000000 
71567864709073 0.000000 0.000000 0.000000 
71567883467094 0.000000 0.000000 0.000000 
71567902225063 0.000000 0.000000 0.000000 
71567920983084 0.000000 0.000000 0.000000 
71567939741052 0.000000 0.000000 0.000000 
71567958499021 0.000000 0.000000 0.000000 
71567977257042 0.000000 0.000000 0.000000 
71567996015063 0.000000 0.000000 0.000000 
71568014773032 0.000000 0.000000 0.000000 
71568033531000 0.000000 0.000000 0.000000 
71568052289021 0.000000 0.000000 0.000000 
71568071046990 0.000000 0.000000 0.000000 
71568089805011 0.000000 0.000000 0.000000 
71568108562980 0.000000 0.000000 0.000000 
71568127321000 0.000000 0.000000 0.000000 
71568146078969 0.000000 0.000000 0.000000 
71568164836938 0.000000 0.000000 0.000000 
71568183594959 0.000000 0.000000 0.000000 
71568202352927 0.000000 0.000000 0.000000 
71568221110948 0.000000 0.000000 0.000000 
71568239868917 0.000000 0.000000 0.000000 
71568258626886 0.000000 0.000000 0.000000 
71568277384907 0.000000 0.000000 0.000000 
71568296142875 0.000000 0.000000 0.000000 
71568314900896 0.000000 0.000000 0.000000 
71568333658865 0.000000 0.000000 0.000000 
71568352416834 0.000000 0.000000 0.000000 
71568371174855 0.000000 0.000000 0.000000 
71568389932823 0.000000 0.000000 0.000000 
71568408690792 0.000000 0.000000 0.000000 
71568427448813 0.000000 0.000000 0.000000 
71568446206782 0.000000 0.000000 0.000000 
71568464964750 0.000000 0.000000 0.000000 
71568483722771 0.000000 0.000000 0.000000 
71568502480740 0.000000 0.000000 0.000000 
71568521238761 0.000000 0.000000 0.000000 
71568539996730 0.000000 0.000000 0.000000 
71568558754698 0.000000 0.000000 0.000000 
71568577512719 0.000000 0.000000 0.000000 
71568596270688 0.000000 0.000000 0.000000 
71568615028657 0.000000 0.000000 0.000000 
71568633786625 0.000000 0.000000 0.000000 
71568652544646 0.000000 0.000000 0.000000 
71568671302615 0.000000 0.000000 0.000000 
71568690060584 0.000000 0.000000 0.000000 
71568708818605 0.000000 0.000000 0.000000 
71568727576573 0.000000 0.000000 0.000000 
71568746334542 0.000000 0.000000 0.000000 
71568765092511 0.000000 0.000000 0.000000 
71568783850532 0.000000 0.000000 0.000000 
71568802608500 0.000000 0.000000 0.000000 
71568821366469 0.000000 0.000000 0.000000 
71568840124490 0.000000 0.000000 0.000000 
71568858882459 0.000000 0.000000 0.000000 
71568877640427 0.000000 0.000000 0.000000 
71568896398396 0.000000 0.000000 0.000000 
71568915156365 0.000000 0.000000 0.000000 
71568933914386 0.000000 0.000000 0.000000 
71568952672355 0.000000 0.000000 0.000000 
71568971430323 0.000000 0.000000 0.000000 
71568990188240 0.000000 0.000000 0.000000 
71569008946261 0.000000 0.000000 0.000000 
71569027704282 0.000000 0.000000 0.000000 
71569046462250 0.000000 0.000000 0.000000 
71569065220219 0.000000 0.000000 0.000000 
71569083978188 0.000000 0.000000 0.000000 
71569102736157 0.000000 0.000000 0.000000 
71569121494177 0.000000 0.000000 0.000000 
71569140252146 0.000000 0.000000 0.000000 
71569159010115 0.000000 0.000000 0.000000 
71569177768084 0.000000 0.000000 0.000000 
71569196526052 0.000000 0.000000 0.000000 
71569215284021 0.000000 0.000000 0.000000 
71569234041990 0.000000 0.000000 0.000000 
71569252799959 0.000000 0.000000 0.000000 
71569271557980 0.000000 0.000000 0.000000 
71569290315948 0.000000 0.000000 0.000000 
71569309073917 0.000000 0.000000 0.000000 
71569327831886 0.000000 0.000000 0.000000 
71569346589855 0.000000 0.000000 0.000000 
71569365347823 0.000000 0.000000 0.000000 
71569384105792 0.000000 0.000000 0.000000 
71569402863761 0.000000 0.000000 0.000000 
71569421621730 0.000000 0.000000 0.000000 
71569440379698 0.000000 0.000000 0.000000 
71569459137667 0.000000 0.000000 0.000000 
71569477895636 0.000000 0.000000 0.000000 
71569496653657 0.000000 0.000000 0.000000 
71569515411625 0.000000 0.000000 0.000000 
71569534169542 0.000000 0.000000 0.000000 
71569552927563 0.000000 0.000000 0.000000 
71569571685532 0.000000 0.000000 0.000000 
71569590443500 0.000000 0.000000 0.000000 
71569609201469 0.000000 0.000000 0.000000 
71569627959386 0.000000 0.000000 0.000000 
71569646717355 0.000000 0.000000 0.000000 
71569665475323 0.000000 0.000000 0.000000 
71569684233292 0.000000 0.000000 0.000000 
71569702991261 0.000000 0.000000 0.000000 
71569721749230 0.000000 0.000000 0.000000 
71569740507198 0.000000 0.000000 0.000000 
71569759265167 0.000000 0.000000 0.000000 
71569778023136 0.000000 0.000000 0.000000 
71569796781105 0.000000 0.000000 0.000000 
71569815539073 0.000000 0.000000 0.000000 
71569834296990 0.000000 0.000000 0.000000 
71569853055011 0.000000 0.000000 0.000000 
71569871812980 0.000000 0.000000 0.000000 
71569890570948 0.000000 0.000000 0.000000 
71569909328917 0.000000 0.000000 0.000000 
71569928086886 0.000000 0.000000 0.000000 
71569946844855 0.000000 0.000000 0.000000 
71569965602823 0.000000 0.000000 0.000000 
71569984360792 0.000000 0.000000 0.000000 
71570003118761 0.000000 0.000000 0.000000 
71570021876730 0.000000 0.000000 0.000000 
71570040634698 0.000000 0.000000 0.000000 
71570059392615 0.000000 0.000000 0.000000 
71570078150584 0.000000 0.000000 0.000000 
71570096908552 0.000000 0.000000 0.000000 
71570115666521 0.000000 0.000000 0.000000 
71570134424490 0.000000 0.000000 0.000000 
71570153182407 0.000000 0.000000 0.000000 
71570171940427 0.000000 0.000000 0.000000 
71570190698396 0.000000 0.000000 0.000000 
71570209456313 0.000000 0.000000 0.000000 
71570228214282 0.000000 0.000000 0.000000 
71570246972250 0.000000 0.000000 0.000000 
71570265730219 0.000000 0.000000 0.000000 
71570284488136 0.000000 0.000000 0.000000 
71570303246157 0.000000 0.000000 0.000000 
71570322004073 0.000000 0.000000 0.000000 
71570340762042 0.000000 0.000000 0.000000 
71570359520011 0.000000 0.000000 0.000000 
71570378277927 0.000000 0.000000 0.000000 
71570397035948 0.000000 0.000000 0.000000 
71570415793865 0.000000 0.000000 0.000000 
71570434551834 0.000000 0.000000 0.000000 
71570453309802 0.000000 0.000000 0.000000 
71570472067771 0.000000 0.000000 0.000000 
71570490825688 0.000000 0.000000 0.000000 
71570509583657 0.000000 0.000000 0.000000 
71570528341625 0.000000 0.000000 0.000000 
71570547099594 0.000000 0.000000 0.000000 
71570565857511 0.000000 0.000000 0.000000 
71570584615480 0.000000 0.000000 0.000000 
71570603373448 0.000000 0.000000 0.000000 
71570622131417 0.000000 0.000000 0.000000 
71570640889334 0.000000 0.000000 0.000000 
71570659647302 0.000000 0.000000 0.000000 
71570678405271 0.000000 0.000000 0.000000 
71570697163188 0.000000 0.000000 0.000000 
71570715921105 0.000000 0.000000 0.000000 
71570734679125 0.000000 0.000000 0.000000 
71570753437094 0.000000 0.000000 0.000000 
71570772195011 0.000000 0.000000 0.000000 
71570790952980 0.000000 0.000000 0.000000 
71570809710948 0.000000 0.000000 0.000000 
71570828468865 0.000000 0.000000 0.000000 
71570847226834 0.000000 0.000000 0.000000 
71570865984802 0.000000 0.000000 0.000000 
71570884742771 0.000000 0.000000 0.000000 
71570903500688 0.000000 0.000000 0.000000 
71570922258657 0.000000 0.000000 0.000000 
71570941016573 0.000000 0.000000 0.000000 
71570959774542 0.000000 0.000000 0.000000 
71570978532511 0.000000 0.000000 0.000000 
71570997290427 0.000000 0.000000 0.000000 
71571016048396 0.000000 0.000000 0.000000 
71571034806365 0.000000 0.000000 0.000000 
71571053564282 0.000000 0.000000 0.000000 
71571072322250 0.000000 0.000000 0.000000 
71571091080167 0.000000 0.000000 0.000000 
71571109838136 0.000000 0.000000 0.000000 
71571128596105 0.000000 0.000000 0.000000 
71571147354021 0.000000 0.000000 0.000000 
71571166111990 0.000000 0.000000 0.000000 
71571184869907 0.000000 0.000000 0.000000 
71571203627875 0.000000 0.000000 0.000000 
71571222385792 0.000000 0.000000 0.000000 
71571241143761 0.000000 0.000000 0.000000 
71571259901730 0.000000 0.000000 0.000000 
71571278659646 0.000000 0.000000 0.000000 
71571297417615 0.000000 0.000000 0.000000 
71571316175532 0.000000 0.000000 0.000000 
71571334933500 0.000000 0.000000 0.000000 
71571353691417 0.000000 0.000000 0.000000 
71571372449386 0.000000 0.000000 0.000000 
71571391207302 0.000000 0.000000 0.000000 
71571409965271 0.000000 0.000000 0.000000 
71571428723188 0.000000 0.000000 0.000000 
71571447481157 0.000000 0.000000 0.000000 
71571466239073 0.000000 0.000000 0.000000 
71571484997042 0.000000 0.000000 0.000000 
71571503754959 0.000000 0.000000 0.000000 
71571522512927 0.000000 0.000000 0.000000 
71571541270844 0.000000 0.000000 0.000000 
71571560028813 0.000000 0.000000 0.000000 
71571578786730 0.000000 0.000000 0.000000 
71571597544698 0.000000 0.000000 0.000000 
71571616302615 0.000000 0.000000 0.000000 
71571635060532 0.000000 0.000000 0.000000 
71571653818500 0.000000 0.000000 0.000000 
71571672576417 0.000000 0.000000 0.000000 
71571691334386 0.000000 0.000000 0.000000 
71571710092302 0.000000 0.000000 0.000000 
71571728850271 0.000000 0.000000 0.000000 
71571747608188 0.000000 0.000000 0.000000 
71571766366105 0.000000 0.000000 0.000000 
71571785124073 0.000000 0.000000 0.000000 
71571803881990 0.000000 0.000000 0.000000 
71571822639959 0.000000 0.000000 0.000000 
71571841397875 0.000000 0.000000 0.000000 
71571860155792 0.000000 0.000000 0.000000 
71571878913761 0.000000 0.000000 0.000000 
71571897671677 0.000000 0.000000 0.000000 
71571916429646 0.000000 0.000000 0.000000 
71571935187563 0.000000 0.000000 0.000000 
71571953945532 0.000000 0.000000 0.000000 
71571972703448 0.000000 0.000000 0.000000 
71571991461365 0.000000 0.000000 0.000000 
71572010219334 0.000000 0.000000 0.000000 
71572028977250 0.000000 0.000000 0.000000 
71572047735167 0.000000 0.000000 0.000000 
71572066493136 0.000000 0.000000 0.000000 
71572085251052 0.000000 0.000000 0.000000 
71572104008969 0.000000 0.000000 0.000000 
71572122766938 0.000000 0.000000 0.000000 
71572141524855 0.000000 0.000000 0.000000 
71572160282719 0.000000 0.000000 0.000000 
71572179040740 0.000000 0.000000 0.000000 
71572197798657 0.000000 0.000000 0.000000 
71572216556573 0.000000 0.000000 0.000000 
71572235314490 0.000000 0.000000 0.000000 
71572254072459 0.000000 0.000000 0.000000 
71572272830375 0.000000 0.000000 0.000000 
71572291588292 0.000000 0.000000 0.000000 
71572310346261 0.000000 0.000000 0.000000 
71572329104177 0.000000 0.000000 0.000000 
71572347862094 0.000000 0.000000 0.000000 
71572366620011 0.000000 0.000000 0.000000 
71572385377980 0.000000 0.000000 0.000000 
71572404135896 0.000000 0.000000 0.000000 
71572422893813 0.000000 0.000000 0.000000 
71572441651730 0.000000 0.000000 0.000000 
71572460409698 0.000000 0.000000 0.000000 
71572479167615 0.000000 0.000000 0.000000 
71572497925532 0.000000 0.000000 0.000000 
71572516683448 0.000000 0.000000 0.000000 
71572535441417 0.000000 0.000000 0.000000 
71572554199334 0.000000 0.000000 0.000000 
71572572957250 0.000000 0.000000 0.000000 
71572591715167 0.000000 0.000000 0.000000 
71572610473084 0.000000 0.000000 0.000000 
71572629231052 0.000000 0.000000 0.000000 
71572647988969 0.000000 0.000000 0.000000 
71572666746886 0.000000 0.000000 0.000000 
71572685504802 0.000000 0.000000 0.000000 
71572704262719 0.000000 0.000000 0.000000 
71572723020688 0.000000 0.000000 0.000000 
71572741778605 0.000000 0.000000 0.000000 
71572760536521 0.000000 0.000000 0.000000 
71572779294438 0.000000 0.000000 0.000000 
71572798052355 0.000000 0.000000 0.000000 
71572816810271 0.000000 0.000000 0.000000 
71572835568240 0.000000 0.000000 0.000000 
71572854326157 0.000000 0.000000 0.000000 
71572873084073 0.000000 0.000000 0.000000 
71572891841990 0.000000 0.000000 0.000000 
71572910599907 0.000000 0.000000 0.000000 
71572929357823 0.000000 0.000000 0.000000 
71572948115792 0.000000 0.000000 0.000000 
71572966873709 0.000000 0.000000 0.000000 
71572985631625 0.000000 0.000000 0.000000 
71573004389542 0.000000 0.000000 0.000000 
71573023147459 0.000000 0.000000 0.000000 
71573041905375 0.000000 0.000000 0.000000 
71573060663292 0.000000 0.000000 0.000000 
71573079421209 0.000000 0.000000 0.000000 
71573098179177 0.000000 0.000000 0.000000 
71573116937094 0.000000 0.000000 0.000000 
71573135695011 0.000000 0.000000 0.000000 
71573154452927 0.000000 0.000000 0.000000 
71573173210844 0.000000 0.000000 0.000000 
71573191968761 0.000000 0.000000 0.000000 
71573210726677 0.000000 0.000000 0.000000 
71573229484594 0.000000 0.000000 0.000000 
71573248242511 0.000000 0.000000 0.000000 
71573267000375 0.000000 0.000000 0.000000 
71573285758396 0.000000 0.000000 0.000000 
71573304516313 0.000000 0.000000 0.000000 
71573323274230 0.000000 0.000000 0.000000 
71573342032146 0.000000 0.000000 0.000000 
71573360790063 0.000000 0.000000 0.000000 
71573379547980 0.000000 0.000000 0.000000 
71573398305896 0.000000 0.000000 0.000000 
71573417063813 0.000000 0.000000 0.000000 
71573435821730 0.000000 0.000000 0.000000 
71573454579646 0.000000 0.000000 0.000000 
71573473337563 0.000000 0.000000 0.000000 
71573492095480 0.000000 0.000000 0.000000 
71573510853396 0.000000 0.000000 0.000000 
71573529611313 0.000000 0.000000 0.000000 
71573548369230 0.000000 0.000000 0.000000 
71573567127146 0.000000 0.000000 0.000000 
71573585885063 0.000000 0.000000 0.000000 
71573604642980 0.000000 0.000000 0.000000 
71573623400896 0.000000 0.000000 0.000000 
71573642158813 0.000000 0.000000 0.000000 
71573660916730 0.000000 0.000000 0.000000 
71573679674646 0.000000 0.000000 0.000000 
71573698432563 0.000000 0.000000 0.000000 
71573717190427 0.000000 0.000000 0.000000 
71573735948396 0.000000 0.000000 0.000000 
71573754706313 0.000000 0.000000 0.000000 
71573773464177 0.000000 0.000000 0.000000 
71573792222146 0.000000 0.000000 0.000000 
71573810980063 0.000000 0.000000 0.000000 
71573829737980 0.000000 0.000000 0.000000 
71573848495896 0.000000 0.000000 0.000000 
71573867253813 0.000000 0.000000 0.000000 
71573886011677 0.000000 0.000000 0.000000 
71573904769594 0.000000 0.000000 0.000000 
71573923527511 0.000000 0.000000 0.000000 
71573942285427 0.000000 0.000000 0.000000 
71573961043344 0.000000 0.000000 0.000000 
71573979801261 0.000000 0.000000 0.000000 
71573998559177 0.000000 0.000000 0.000000 
71574017317094 0.000000 0.000000 0.000000 
71574036075011 0.000000 0.000000 0.000000 
71574054832927 0.000000 0.000000 0.000000 
71574073590844 0.000000 0.000000 0.000000 
71574092348761 0.000000 0.000000 0.000000 
71574111106677 0.000000 0.000000 0.000000 
71574129864542 0.000000 0.000000 0.000000 
71574148622459 0.000000 0.000000 0.000000 
71574167380323 0.000000 0.000000 0.000000 
71574186138292 0.000000 0.000000 0.000000 
71574204896209 0.000000 0.000000 0.000000 
71574223654125 0.000000 0.000000 0.000000 
71574242412042 0.000000 0.000000 0.000000 
71574261169959 0.000000 0.000000 0.000000 
71574279927875 0.000000 0.000000 0.000000 
71574298685740 0.000000 0.000000 0.000000 
71574317443605 0.000000 0.000000 0.000000 
71574336201573 0.000000 0.000000 0.000000 
71574354959490 0.000000 0.000000 0.000000 
71574373717407 0.000000 0.000000 0.000000 
71574392475323 0.000000 0.000000 0.000000 
71574411233240 0.000000 0.000000 0.000000 
71574429991105 0.000000 0.000000 0.000000 
71574448749021 0.000000 0.000000 0.000000 
71574467506938 0.000000 0.000000 0.000000 
71574486264855 0.000000 0.000000 0.000000 
71574505022771 0.000000 0.000000 0.000000 
71574523780688 0.000000 0.000000 0.000000 
71574542538552 0.000000 0.000000 0.000000 
71574561296469 0.000000 0.000000 0.000000 
71574580054386 0.000000 0.000000 0.000000 
71574598812302 0.000000 0.000000 0.000000 
71574617570167 0.000000 0.000000 0.000000 
71574636328084 0.000000 0.000000 0.000000 
71574655086000 0.000000 0.000000 0.000000 
71574673843917 0.000000 0.000000 0.000000 
71574692601834 0.000000 0.000000 0.000000 
71574711359698 0.000000 0.000000 0.000000 
71574730117615 0.000000 0.000000 0.000000 
71574748875532 0.000000 0.000000 0.000000 
71574767633448 0.000000 0.000000 0.000000 
71574786391313 0.000000 0.000000 0.000000 
71574805149230 0.000000 0.000000 0.000000 
71574823907146 0.000000 0.000000 0.000000 
71574842665063 0.000000 0.000000 0.000000 
71574861422927 0.000000 0.000000 0.000000 
71574880180844 0.000000 0.000000 0.000000 
71574898938761 0.000000 0.000000 0.000000 
71574917696677 0.000000 0.000000 0.000000 
71574936454542 0.000000 0.000000 0.000000 
71574955212407 0.000000 0.000000 0.000000 
71574973970375 0.000000 0.000000 0.000000 
71574992728292 0.000000 0.000000 0.000000 
71575011486157 0.000000 0.000000 0.000000 
71575030244073 0.000000 0.000000 0.000000 
71575049001990 0.000000 0.000000 0.000000 
71575067759855 0.000000 0.000000 0.000000 
71575086517771 0.000000 0.000000 0.000000 
71575105275688 0.000000 0.000000 0.000000 
71575124033605 0.000000 0.000000 0.000000 
71575142791469 0.000000 0.000000 0.000000 
71575161549386 0.000000 0.000000 0.000000 
71575180307302 0.000000 0.000000 0.000000 
71575199065167 0.000000 0.000000 0.000000 
71575217823084 0.000000 0.000000 0.000000 
71575236581000 0.000000 0.000000 0.000000 
71575255338865 0.000000 0.000000 0.000000 
71575274096782 0.000000 0.000000 0.000000 
71575292854698 0.000000 0.000000 0.000000 
71575311612563 0.000000 0.000000 0.000000 
71575330370480 0.000000 0.000000 0.000000 
71575349128396 0.000000 0.000000 0.000000 
71575367886261 0.000000 0.000000 0.000000 
71575386644177 0.000000 0.000000 0.000000 
71575405402094 0.000000 0.000000 0.000000 
71575424159959 0.000000 0.000000 0.000000 
71575442917875 0.000000 0.000000 0.000000 
71575461675792 0.000000 0.000000 0.000000 
71575480433657 0.000000 0.000000 0.000000 
71575499191573 0.000000 0.000000 0.000000 
71575517949438 0.000000 0.000000 0.000000 
71575536707355 0.000000 0.000000 0.000000 
71575555465271 0.000000 0.000000 0.000000 
71575574223136 0.000000 0.000000 0.000000 
71575592981052 0.000000 0.000000 0.000000 
71575611738969 0.000000 0.000000 0.000000 
71575630496834 0.000000 0.000000 0.000000 
71575649254750 0.000000 0.000000 0.000000 
71575668012615 0.000000 0.000000 0.000000 
71575686770532 0.000000 0.000000 0.000000 
71575705528448 0.000000 0.000000 0.000000 
71575724286313 0.000000 0.000000 0.000000 
71575743044177 0.000000 0.000000 0.000000 
71575761802094 0.000000 0.000000 0.000000 
71575780560011 0.000000 0.000000 0.000000 
71575799317875 0.000000 0.000000 0.000000 
71575818075792 0.000000 0.000000 0.000000 
71575836833657 0.000000 0.000000 0.000000 
71575855591573 0.000000 0.000000 0.000000 
71575874349490 0.000000 0.000000 0.000000 
71575893107355 0.000000 0.000000 0.000000 
71575911865271 0.000000 0.000000 0.000000 
71575930623136 0.000000 0.000000 0.000000 
71575949381052 0.000000 0.000000 0.000000 
71575968138917 0.000000 0.000000 0.000000 
71575986896834 0.000000 0.000000 0.000000 
71576005654646 0.000000 0.000000 0.000000 
71576024412615 0.000000 0.000000 0.000000 
71576043170480 0.000000 0.000000 0.000000 
71576061928396 0.000000 0.000000 0.000000 
71576080686261 0.000000 0.000000 0.000000 
71576099444073 0.000000 0.000000 0.000000 
71576118202042 0.000000 0.000000 0.000000 
71576136959959 0.000000 0.000000 0.000000 
71576155717823 0.000000 0.000000 0.000000 
71576174475740 0.000000 0.000000 0.000000 
71576193233605 0.000000 0.000000 0.000000 
71576211991521 0.000000 0.000000 0.000000 
71576230749386 0.000000 0.000000 0.000000 
71576249507302 0.000000 0.000000 0.000000 
71576268265167 0.000000 0.000000 0.000000 
71576287023084 0.000000 0.000000 0.000000 
71576305780948 0.000000 0.000000 0.000000 
71576324538865 0.000000 0.000000 0.000000 
71576343296730 0.000000 0.000000 0.000000 
71576362054646 0.000000 0.000000 0.000000 
71576380812511 0.000000 0.000000 0.000000 
71576399570427 0.000000 0.000000 0.000000 
71576418328292 0.000000 0.000000 0.000000 
71576437086209 0.000000 0.000000 0.000000 
71576455844073 0.000000 0.000000 0.000000 
71576474601990 0.000000 0.000000 0.000000 
71576493359855 0.000000 0.000000 0.000000 
71576512117719 0.000000 0.000000 0.000000 
71576530875636 0.000000 0.000000 0.000000 
71576549633500 0.000000 0.000000 0.000000 
71576568391417 0.000000 0.000000 0.000000 
71576587149282 0.000000 0.000000 0.000000 
71576605907146 0.000000 0.000000 0.000000 
71576624665063 0.000000 0.000000 0.000000 
71576643422927 0.000000 0.000000 0.000000 
71576662180844 0.000000 0.000000 0.000000 
71576680938709 0.000000 0.000000 0.000000 
71576699696625 0.000000 0.000000 0.000000 
71576718454490 0.000000 0.000000 0.000000 
71576737212355 0.000000 0.000000 0.000000 
71576755970271 0.000000 0.000000 0.000000 
71576774728136 0.000000 0.000000 0.000000 
71576793486000 0.000000 0.000000 0.000000 
71576812243917 0.000000 0.000000 0.000000 
71576831001782 0.000000 0.000000 0.000000 
71576849759698 0.000000 0.000000 0.000000 
71576868517563 0.000000 0.000000 0.000000 
71576887275427 0.000000 0.000000 0.000000 
71576906033344 0.000000 0.000000 0.000000 
71576924791209 0.000000 0.000000 0.000000 
71576943549073 0.000000 0.000000 0.000000 
71576962306990 0.000000 0.000000 0.000000 
71576981064855 0.000000 0.000000 0.000000 
71576999822719 0.000000 0.000000 0.000000 
71577018580636 0.000000 0.000000 0.000000 
71577037338500 0.000000 0.000000 0.000000 
71577056096365 0.000000 0.000000 0.000000 
71577074854282 0.000000 0.000000 0.000000 
71577093612146 0.000000 0.000000 0.000000 
71577112370011 0.000000 0.000000 0.000000 
71577131127927 0.000000 0.000000 0.000000 
71577149885792 0.000000 0.000000 0.000000 
71577168643657 0.000000 0.000000 0.000000 
71577187401573 0.000000 0.000000 0.000000 
71577206159438 0.000000 0.000000 0.000000 
71577224917302 0.000000 0.000000 0.000000 
71577243675219 0.000000 0.000000 0.000000 
71577262433084 0.000000 0.000000 0.000000 
71577281190948 0.000000 0.000000 0.000000 
71577299948865 0.000000 0.000000 0.000000 
71577318706730 0.000000 0.000000 0.000000 
71577337464594 0.000000 0.000000 0.000000 
71577356222459 0.000000 0.000000 0.000000 
71577374980375 0.000000 0.000000 0.000000 
71577393738240 0.000000 0.000000 0.000000 
71577412496105 0.000000 0.000000 0.000000 
71577431254021 0.000000 0.000000 0.000000 
71577450011886 0.000000 0.000000 0.000000 
71577468769750 0.000000 0.000000 0.000000 
71577487527667 0.000000 0.000000 0.000000 
71577506285532 0.000000 0.000000 0.000000 
71577525043396 0.000000 0.000000 0.000000 
71577543801261 0.000000 0.000000 0.000000 
71577562559177 0.000000 0.000000 0.000000 
71577581317042 0.000000 0.000000 0.000000 
71577600074907 0.000000 0.000000 0.000000 
71577618832771 0.000000 0.000000 0.000000 
71577637590688 0.000000 0.000000 0.000000 
71577656348552 0.000000 0.000000 0.000000 
71577675106365 0.000000 0.000000 0.000000 
71577693864282 0.000000 0.000000 0.000000 
71577712622146 0.000000 0.000000 0.000000 
71577731380063 0.000000 0.000000 0.000000 
71577750137563 0.000000 0.000000 0.000000 
71577768895792 0.000000 0.000000 0.000000 
71577787653709 0.000000 0.000000 0.000000 
71577806411573 0.000000 0.000000 0.000000 
71577825169438 0.000000 0.000000 0.000000 
71577843927302 0.000000 0.000000 0.000000 
71577862685167 0.000000 0.000000 0.000000 
71577881443084 0.000000 0.000000 0.000000 
71577900200948 0.000000 0.000000 0.000000 
71577918958813 0.000000 0.000000 0.000000 
71577937716677 0.000000 0.000000 0.000000 
71577956474542 0.000000 0.000000 0.000000 
71577975232407 0.000000 0.000000 0.000000 
71577993990323 0.000000 0.000000 0.000000 
71578012748188 0.000000 0.000000 0.000000 
71578031506000 0.000000 0.000000 0.000000 
71578050263917 0.000000 0.000000 0.000000 
71578069021782 0.000000 0.000000 0.000000 
71578087779646 0.000000 0.000000 0.000000 
71578106537563 0.000000 0.000000 0.000000 
71578125295427 0.000000 0.000000 0.000000 
71578144053292 0.000000 0.000000 0.000000 
71578162811157 0.000000 0.000000 0.000000 
71578181569021 0.000000 0.000000 0.000000 
71578200326938 0.000000 0.000000 0.000000 
71578219084802 0.000000 0.000000 0.000000 
71578237842667 0.000000 0.000000 0.000000 
71578256600532 0.000000 0.000000 0.000000 
71578275358396 0.000000 0.000000 0.000000 
71578294116261 0.000000 0.000000 0.000000 
71578312874125 0.000000 0.000000 0.000000 
71578331631990 0.000000 0.000000 0.000000 
71578350389907 0.000000 0.000000 0.000000 
71578369147771 0.000000 0.000000 0.000000 
71578387905636 0.000000 0.000000 0.000000 
71578406663500 0.000000 0.000000 0.000000 
71578425421365 0.000000 0.000000 0.000000 
71578444179230 0.000000 0.000000 0.000000 
71578462937094 0.000000 0.000000 0.000000 
71578481694959 0.000000 0.000000 0.000000 
71578500452823 0.000000 0.000000 0.000000 
71578519210688 0.000000 0.000000 0.000000 
71578537968605 0.000000 0.000000 0.000000 
71578556726469 0.000000 0.000000 0.000000 
71578575484334 0.000000 0.000000 0.000000 
71578594242198 0.000000 0.000000 0.000000 
71578613000063 0.000000 0.000000 0.000000 
71578631757927 0.000000 0.000000 0.000000 
71578650515792 0.000000 0.000000 0.000000 
71578669273605 0.000000 0.000000 0.000000 
71578688080219 0.000000 0.000000 0.000000 
71578706789334 0.000000 0.000000 0.000000 
71578725547198 0.000000 0.000000 0.000000 
71578744305115 0.000000 0.000000 0.000000 
71578763062980 0.000000 0.000000 0.000000 
71578781820844 0.000000 0.000000 0.000000 
71578800578709 0.000000 0.000000 0.000000 
71578819336573 0.000000 0.000000 0.000000 
71578838094438 0.000000 0.000000 0.000000 
71578856852302 0.000000 0.000000 0.000000 
71578875610167 0.000000 0.000000 0.000000 
71578894368032 0.000000 0.000000 0.000000 
71578913125896 0.000000 0.000000 0.000000 
71578931883761 0.000000 0.000000 0.000000 
71578950641625 0.000000 0.000000 0.000000 
71578969399490 0.000000 0.000000 0.000000 
71578988157355 0.000000 0.000000 0.000000 
71579006915219 0.000000 0.000000 0.000000 
71579025673084 0.000000 0.000000 0.000000 
71579044430948 0.000000 0.000000 0.000000 
71579063188813 0.000000 0.000000 0.000000 
71579081946677 0.000000 0.000000 0.000000 
71579100704542 0.000000 0.000000 0.000000 
71579119462407 0.000000 0.000000 0.000000 
71579138220271 0.000000 0.000000 0.000000 
71579156978136 0.000000 0.000000 0.000000 
71579175736000 0.000000 0.000000 0.000000 
71579194493865 0.000000 0.000000 0.000000 
71579213251677 0.000000 0.000000 0.000000 
71579232009542 0.000000 0.000000 0.000000 
71579250767459 0.000000 0.000000 0.000000 
71579269525323 0.000000 0.000000 0.000000 
71579288283188 0.000000 0.000000 0.000000 
71579307041052 0.000000 0.000000 0.000000 
71579325798917 0.000000 0.000000 0.000000 
71579344556782 0.000000 0.000000 0.000000 
71579363314646 0.000000 0.000000 0.000000 
71579382072511 0.000000 0.000000 0.000000 
71579400830375 0.000000 0.000000 0.000000 
71579419588188 0.000000 0.000000 0.000000 
71579438346105 0.000000 0.000000 0.000000 
71579457103865 0.000000 0.000000 0.000000 
71579475861834 0.000000 0.000000 0.000000 
71579494619646 0.000000 0.000000 0.000000 
71579513377511 0.000000 0.000000 0.000000 
71579532135375 0.000000 0.000000 0.000000 
71579550893240 0.000000 0.000000 0.000000 
71579569651105 0.000000 0.000000 0.000000 
71579588408969 0.000000 0.000000 0.000000 
71579607166834 0.000000 0.000000 0.000000 
71579625924698 0.000000 0.000000 0.000000 
71579644682563 0.000000 0.000000 0.000000 
71579663440427 0.000000 0.000000 0.000000 
71579682198292 0.000000 0.000000 0.000000 
71579700956157 0.000000 0.000000 0.000000 
71579719714021 0.000000 0.000000 0.000000 
71579738471886 0.000000 0.000000 0.000000 
71579757229698 0.000000 0.000000 0.000000 
71579775987563 0.000000 0.000000 0.000000 
71579794745427 0.000000 0.000000 0.000000 
71579813503292 0.000000 0.000000 0.000000 
71579832261157 0.000000 0.000000 0.000000 
71579851019021 0.000000 0.000000 0.000000 
71579869776886 0.000000 0.000000 0.000000 
71579888534750 0.000000 0.000000 0.000000 
71579907292563 0.000000 0.000000 0.000000 
71579926050427 0.000000 0.000000 0.000000 
71579944808292 0.000000 0.000000 0.000000 
71579963566157 0.000000 0.000000 0.000000 
71579982324021 0.000000 0.000000 0.000000 
71580001081886 0.000000 0.000000 0.000000 
71580019839750 0.000000 0.000000 0.000000 
71580038597563 0.000000 0.000000 0.000000 
71580057355427 0.000000 0.000000 0.000000 
71580076113292 0.000000 0.000000 0.000000 
71580094871157 0.000000 0.000000 0.000000 
71580113629021 0.000000 0.000000 0.000000 
71580132386886 0.000000 0.000000 0.000000 
71580151144750 0.000000 0.000000 0.000000 
71580169902563 0.000000 0.000000 0.000000 
71580188660375 0.000000 0.000000 0.000000 
71580207418292 0.000000 0.000000 0.000000 
71580226176157 0.000000 0.000000 0.000000 
71580244934021 0.000000 0.000000 0.000000 
71580263691886 0.000000 0.000000 0.000000 
71580282449698 0.000000 0.000000 0.000000 
71580301207563 0.000000 0.000000 0.000000 
71580319965427 0.000000 0.000000 0.000000 
71580338723292 0.000000 0.000000 0.000000 
71580357481157 0.000000 0.000000 0.000000 
71580376238969 0.000000 0.000000 0.000000 
71580394996834 0.000000 0.000000 0.000000 
71580413754698 0.000000 0.000000 0.000000 
71580432512563 0.000000 0.000000 0.000000 
71580451270427 0.000000 0.000000 0.000000 
71580470028240 0.000000 0.000000 0.000000 
71580488786105 0.000000 0.000000 0.000000 
71580507543969 0.000000 0.000000 0.000000 
71580526301834 0.000000 0.000000 0.000000 
71580545120323 0.000000 0.000000 0.000000 
71580563817511 0.000000 0.000000 0.000000 
71580582575375 0.000000 0.000000 0.000000 
71580601333240 0.000000 0.000000 0.000000 
71580620091105 0.000000 0.000000 0.000000 
71580638848969 0.000000 0.000000 0.000000 
71580657606782 0.000000 0.000000 0.000000 
71580676364646 0.000000 0.000000 0.000000 
71580695122511 0.000000 0.000000 0.000000 
71580713880375 0.000000 0.000000 0.000000 
71580732638188 0.000000 0.000000 0.000000 
71580751396052 0.000000 0.000000 0.000000 
71580770153917 0.000000 0.000000 0.000000 
71580788911782 0.000000 0.000000 0.000000 
71580807669646 0.000000 0.000000 0.000000 
71580826427511 0.000000 0.000000 0.000000 
71580845185323 0.000000 0.000000 0.000000 
71580863943188 0.000000 0.000000 0.000000 
71580882701052 0.000000 0.000000 0.000000 
71580901458917 0.000000 0.000000 0.000000 
71580920216730 0.000000 0.000000 0.000000 
71580938974594 0.000000 0.000000 0.000000 
71580957732459 0.000000 0.000000 0.000000 
71580976490323 0.000000 0.000000 0.000000 
71580995248136 0.000000 0.000000 0.000000 
71581014006000 0.000000 0.000000 0.000000 
71581032763865 0.000000 0.000000 0.000000 
71581051521677 0.000000 0.000000 0.000000 
71581070279542 0.000000 0.000000 0.000000 
71581089037407 0.000000 0.000000 0.000000 
71581107795271 0.000000 0.000000 0.000000 
71581126553084 0.000000 0.000000 0.000000 
71581145310948 0.000000 0.000000 0.000000 
71581164068813 0.000000 0.000000 0.000000 
71581182826625 0.000000 0.000000 0.000000 
71581201584490 0.000000 0.000000 0.000000 
71581220342355 0.000000 0.000000 0.000000 
71581239100219 0.000000 0.000000 0.000000 
71581257858032 0.000000 0.000000 0.000000 
71581276615896 0.000000 0.000000 0.000000 
71581295373761 0.000000 0.000000 0.000000 
71581314131573 0.000000 0.000000 0.000000 
71581332889438 0.000000 0.000000 0.000000 
71581351647302 0.000000 0.000000 0.000000 
71581370405115 0.000000 0.000000 0.000000 
71581389162980 0.000000 0.000000 0.000000 
71581407920844 0.000000 0.000000 0.000000 
71581426678657 0.000000 0.000000 0.000000 
71581445436521 0.000000 0.000000 0.000000 
71581464194386 0.000000 0.000000 0.000000 
71581482952250 0.000000 0.000000 0.000000 
71581501710063 0.000000 0.000000 0.000000 
71581520467927 0.000000 0.000000 0.000000 
71581539225792 0.000000 0.000000 0.000000 
71581557983605 0.000000 0.000000 0.000000 
71581576741469 0.000000 0.000000 0.000000 
71581595499282 0.000000 0.000000 0.000000 
71581614257146 0.000000 0.000000 0.000000 
71581633015011 0.000000 0.000000 0.000000 
71581651772823 0.000000 0.000000 0.000000 
71581670530688 0.000000 0.000000 0.000000 
71581689288552 0.000000 0.000000 0.000000 
71581708046365 0.000000 0.000000 0.000000 
71581726804230 0.000000 0.000000 0.000000 
71581745562042 0.000000 0.000000 0.000000 
71581764319907 0.000000 0.000000 0.000000 
71581783077771 0.000000 0.000000 0.000000 
71581801835636 0.000000 0.000000 0.000000 
71581820593448 0.000000 0.000000 0.000000 
71581839351313 0.000000 0.000000 0.000000 
71581858109177 0.000000 0.000000 0.000000 
71581876866990 0.000000 0.000000 0.000000 
71581895624855 0.000000 0.000000 0.000000 
71581914382667 0.000000 0.000000 0.000000 
71581933140532 0.000000 0.000000 0.000000 
71581951898396 0.000000 0.000000 0.000000 
71581970656209 0.000000 0.000000 0.000000 
71581989414073 0.000000 0.000000 0.000000 
71582008171834 0.000000 0.000000 0.000000 
71582026929750 0.000000 0.000000 0.000000 
71582045687615 0.000000 0.000000 0.000000 
71582064445427 0.000000 0.000000 0.000000 
71582083203292 0.000000 0.000000 0.000000 
71582101961157 0.000000 0.000000 0.000000 
71582120718969 0.000000 0.000000 0.000000 
71582139476834 0.000000 0.000000 0.000000 
71582158234646 0.000000 0.000000 0.000000 
71582176992511 0.000000 0.000000 0.000000 
71582195750323 0.000000 0.000000 0.000000 
71582214508188 0.000000 0.000000 0.000000 
71582233266052 0.000000 0.000000 0.000000 
71582252023813 0.000000 0.000000 0.000000 
71582270781730 0.000000 0.000000 0.000000 
71582289539542 0.000000 0.000000 0.000000 
71582308297407 0.000000 0.000000 0.000000 
71582327055271 0.000000 0.000000 0.000000 
71582345813084 0.000000 0.000000 0.000000 
71582364570948 0.000000 0.000000 0.000000 
71582383328761 0.000000 0.000000 0.000000 
71582402086625 0.000000 0.000000 0.000000 
71582420844490 0.000000 0.000000 0.000000 
71582439602302 0.000000 0.000000 0.000000 
71582458360167 0.000000 0.000000 0.000000 
71582477117980 0.000000 0.000000 0.000000 
71582495875844 0.000000 0.000000 0.000000 
71582514633657 0.000000 0.000000 0.000000 
71582533391521 0.000000 0.000000 0.000000 
71582552149334 0.000000 0.000000 0.000000 
71582570907198 0.000000 0.000000 0.000000 
71582589665063 0.000000 0.000000 0.000000 
71582608422875 0.000000 0.000000 0.000000 
71582627180740 0.000000 0.000000 0.000000 
71582645938552 0.000000 0.000000 0.000000 
71582664696417 0.000000 0.000000 0.000000 
71582683454230 0.000000 0.000000 0.000000 
71582702212094 0.000000 0.000000 0.000000 
71582720969907 0.000000 0.000000 0.000000 
71582739727771 0.000000 0.000000 0.000000 
71582758485636 0.000000 0.000000 0.000000 
71582777243448 0.000000 0.000000 0.000000 
71582796001313 0.000000 0.000000 0.000000 
71582814759125 0.000000 0.000000 0.000000 
71582833516990 0.000000 0.000000 0.000000 
71582852274802 0.000000 0.000000 0.000000 
71582871032615 0.000000 0.000000 0.000000 
71582889790480 0.000000 0.000000 0.000000 
71582908548344 0.000000 0.000000 0.000000 
71582927306157 0.000000 0.000000 0.000000 
71582946064021 0.000000 0.000000 0.000000 
71582964821834 0.000000 0.000000 0.000000 
71582983579698 0.000000 0.000000 0.000000 
71583002337511 0.000000 0.000000 0.000000 
71583021095375 0.000000 0.000000 0.000000 
71583039853188 0.000000 0.000000 0.000000 
71583058611052 0.000000 0.000000 0.000000 
71583077368865 0.000000 0.000000 0.000000 
71583096126677 0.000000 0.000000 0.000000 
71583114884542 0.000000 0.000000 0.000000 
71583133642355 0.000000 0.000000 0.000000 
71583152400219 0.000000 0.000000 0.000000 
71583171158032 0.000000 0.000000 0.000000 
71583189915896 0.000000 0.000000 0.000000 
71583208673709 0.000000 0.000000 0.000000 
71583227431573 0.000000 0.000000 0.000000 
71583246189386 0.000000 0.000000 0.000000 
71583264947250 0.000000 0.000000 0.000000 
71583283705063 0.000000 0.000000 0.000000 
71583302462927 0.000000 0.000000 0.000000 
71583321220740 0.000000 0.000000 0.000000 
71583339978605 0.000000 0.000000 0.000000 
71583358736417 0.000000 0.000000 0.000000 
71583377494230 0.000000 0.000000 0.000000 
71583396252094 0.000000 0.000000 0.000000 
71583415009907 0.000000 0.000000 0.000000 
71583433767771 0.000000 0.000000 0.000000 
71583452525584 0.000000 0.000000 0.000000 
71583471283448 0.000000 0.000000 0.000000 
71583490041261 0.000000 0.000000 0.000000 
71583508799125 0.000000 0.000000 0.000000 
71583527556938 0.000000 0.000000 0.000000 
71583546314750 0.000000 0.000000 0.000000 
71583565072563 0.000000 0.000000 0.000000 
71583583830427 0.000000 0.000000 0.000000 
71583602588240 0.000000 0.000000 0.000000 
71583621346105 0.000000 0.000000 0.000000 
71583640103917 0.000000 0.000000 0.000000 
71583658861782 0.000000 0.000000 0.000000 
71583677619594 0.000000 0.000000 0.000000 
71583696377459 0.000000 0.000000 0.000000 
71583715135271 0.000000 0.000000 0.000000 
71583733893032 0.000000 0.000000 0.000000 
71583752650948 0.000000 0.000000 0.000000 
71583771408761 0.000000 0.000000 0.000000 
71583790166625 0.000000 0.000000 0.000000 
71583808924438 0.000000 0.000000 0.000000 
71583827682250 0.000000 0.000000 0.000000 
71583846440115 0.000000 0.000000 0.000000 
71583865197927 0.000000 0.000000 0.000000 
71583883955792 0.000000 0.000000 0.000000 
71583902713605 0.000000 0.000000 0.000000 
71583921471417 0.000000 0.000000 0.000000 
71583940229282 0.000000 0.000000 0.000000 
71583958987094 0.000000 0.000000 0.000000 
71583977744959 0.000000 0.000000 0.000000 
71583996502771 0.000000 0.000000 0.000000 
71584015260584 0.000000 0.000000 0.000000 
71584034018448 0.000000 0.000000 0.000000 
71584052776261 0.000000 0.000000 0.000000 
71584071534125 0.000000 0.000000 0.000000 
71584090291938 0.000000 0.000000 0.000000 
71584109049750 0.000000 0.000000 0.000000 
71584127807563 0.000000 0.000000 0.000000 
71584146565427 0.000000 0.000000 0.000000 
71584165323240 0.000000 0.000000 0.000000 
71584184081105 0.000000 0.000000 0.000000 
71584202838917 0.000000 0.000000 0.000000 
71584221596730 0.000000 0.000000 0.000000 
71584240354594 0.000000 0.000000 0.000000 
71584259112407 0.000000 0.000000 0.000000 
71584277870219 0.000000 0.000000 0.000000 
71584296628084 0.000000 0.000000 0.000000 
71584315385896 0.000000 0.000000 0.000000 
71584334143709 0.000000 0.000000 0.000000 
71584352901573 0.000000 0.000000 0.000000 
71584371659386 0.000000 0.000000 0.000000 
71584390417198 0.000000 0.000000 0.000000 
71584409175063 0.000000 0.000000 0.000000 
71584427932875 0.000000 0.000000 0.000000 
71584446690740 0.000000 0.000000 0.000000 
71584465448552 0.000000 0.000000 0.000000 
71584484206365 0.000000 0.000000 0.000000 
71584502964230 0.000000 0.000000 0.000000 
71584521722042 0.000000 0.000000 0.000000 
71584540479855 0.000000 0.000000 0.000000 
71584559237667 0.000000 0.000000 0.000000 
71584577995532 0.000000 0.000000 0.000000 
71584596753344 0.000000 0.000000 0.000000 
71584615511209 0.000000 0.000000 0.000000 
71584634269021 0.000000 0.000000 0.000000 
71584653026834 0.000000 0.000000 0.000000 
71584671784698 0.000000 0.000000 0.000000 
71584690542511 0.000000 0.000000 0.000000 
71584709300323 0.000000 0.000000 0.000000 
71584728058136 0.000000 0.000000 0.000000 
71584746816000 0.000000 0.000000 0.000000 
71584765573813 0.000000 0.000000 0.000000 
71584784331625 0.000000 0.000000 0.000000 
71584803089490 0.000000 0.000000 0.000000 
71584821847302 0.000000 0.000000 0.000000 
71584840605115 0.000000 0.000000 0.000000 
71584859362980 0.000000 0.000000 0.000000 
71584878120792 0.000000 0.000000 0.000000 
71584896878605 0.000000 0.000000 0.000000 
71584915636469 0.000000 0.000000 0.000000 
71584934394282 0.000000 0.000000 0.000000 
71584953152094 0.000000 0.000000 0.000000 
71584971909959 0.000000 0.000000 0.000000 
71584990667771 0.000000 0.000000 0.000000 
71585009425584 0.000000 0.000000 0.000000 
71585028183396 0.000000 0.000000 0.000000 
71585046941261 0.000000 0.000000 0.000000 
71585065699073 0.000000 0.000000 0.000000 
71585084456886 0.000000 0.000000 0.000000 
71585103214750 0.000000 0.000000 0.000000 
71585121972563 0.000000 0.000000 0.000000 
71585140730375 0.000000 0.000000 0.000000 
71585159488188 0.000000 0.000000 0.000000 
71585178246052 0.000000 0.000000 0.000000 
71585197003865 0.000000 0.000000 0.000000 
71585215761677 0.000000 0.000000 0.000000 
71585234519490 0.000000 0.000000 0.000000 
71585253277355 0.000000 0.000000 0.000000 
71585272035167 0.000000 0.000000 0.000000 
71585290792980 0.000000 0.000000 0.000000 
71585309550792 0.000000 0.000000 0.000000 
71585328308657 0.000000 0.000000 0.000000 
71585347066469 0.000000 0.000000 0.000000 
71585365824282 0.000000 0.000000 0.000000 
71585384582094 0.000000 0.000000 0.000000 
71585403339959 0.000000 0.000000 0.000000 
71585422097771 0.000000 0.000000 0.000000 
71585440855584 0.000000 0.000000 0.000000 
71585459613396 0.000000 0.000000 0.000000 
71585478371261 0.000000 0.000000 0.000000 
71585497129073 0.000000 0.000000 0.000000 
71585515886886 0.000000 0.000000 0.000000 
71585534644698 0.000000 0.000000 0.000000 
71585553402511 0.000000 0.000000 0.000000 
71585572160375 0.000000 0.000000 0.000000 
71585590918188 0.000000 0.000000 0.000000 
71585609676000 0.000000 0.000000 0.000000 
71585628433813 0.000000 0.000000 0.000000 
71585647191677 0.000000 0.000000 0.000000 
71585665949490 0.000000 0.000000 0.000000 
71585684707302 0.000000 0.000000 0.000000 
71585703465115 0.000000 0.000000 0.000000 
71585722222980 0.000000 0.000000 0.000000 
71585740980792 0.000000 0.000000 0.000000 
71585759738605 0.000000 0.000000 0.000000 
71585778496417 0.000000 0.000000 0.000000 
71585797254230 0.000000 0.000000 0.000000 
71585816012094 0.000000 0.000000 0.000000 
71585834769855 0.000000 0.000000 0.000000 
71585853527719 0.000000 0.000000 0.000000 
71585872285532 0.000000 0.000000 0.000000 
71585891043396 0.000000 0.000000 0.000000 
71585909801209 0.000000 0.000000 0.000000 
71585928558969 0.000000 0.000000 0.000000 
71585947316834 0.000000 0.000000 0.000000 
71585966074646 0.000000 0.000000 0.000000 
71585984832511 0.000000 0.000000 0.000000 
71586003590323 0.000000 0.000000 0.000000 
71586022348136 0.000000 0.000000 0.000000 
71586041105948 0.000000 0.000000 0.000000 
71586059863761 0.000000 0.000000 0.000000 
71586078621573 0.000000 0.000000 0.000000 
71586097379438 0.000000 0.000000 0.000000 
71586116137250 0.000000 0.000000 0.000000 
71586134895063 0.000000 0.000000 0.000000 
71586153652875 0.000000 0.000000 0.000000 
71586172410688 0.000000 0.000000 0.000000 
71586191168500 0.000000 0.000000 0.000000 
71586209926365 0.000000 0.000000 0.000000 
71586228684177 0.000000 0.000000 0.000000 
71586247441990 0.000000 0.000000 0.000000 
71586266199802 0.000000 0.000000 0.000000 
71586284957615 0.000000 0.000000 0.000000 
71586303715480 0.000000 0.000000 0.000000 
71586322473292 0.000000 0.000000 0.000000 
71586341231105 0.000000 0.000000 0.000000 
71586359988917 0.000000 0.000000 0.000000 
71586378746730 0.000000 0.000000 0.000000 
71586397504542 0.000000 0.000000 0.000000 
71586416262407 0.000000 0.000000 0.000000 
71586435020219 0.000000 0.000000 0.000000 
71586453778032 0.000000 0.000000 0.000000 
71586472535844 0.000000 0.000000 0.000000 
71586491293657 0.000000 0.000000 0.000000 
71586510051469 0.000000 0.000000 0.000000 
71586528809282 0.000000 0.000000 0.000000 
71586547567146 0.000000 0.000000 0.000000 
71586566324907 0.000000 0.000000 0.000000 
71586585082771 0.000000 0.000000 0.000000 
71586603840584 0.000000 0.000000 0.000000 
71586622598396 0.000000 0.000000 0.000000 
71586641356209 0.000000 0.000000 0.000000 
71586660114021 0.000000 0.000000 0.000000 
71586678871834 0.000000 0.000000 0.000000 
71586697629646 0.000000 0.000000 0.000000 
71586716387511 0.000000 0.000000 0.000000 
71586735145323 0.000000 0.000000 0.000000 
71586753903136 0.000000 0.000000 0.000000 
71586772660948 0.000000 0.000000 0.000000 
71586791418761 0.000000 0.000000 0.000000 
71586810176573 0.000000 0.000000 0.000000 
71586828934438 0.000000 0.000000 0.000000 
71586847692250 0.000000 0.000000 0.000000 
71586866450063 0.000000 0.000000 0.000000 
71586885207875 0.000000 0.000000 0.000000 
71586903965688 0.000000 0.000000 0.000000 
71586922723500 0.000000 0.000000 0.000000 
71586941481313 0.000000 0.000000 0.000000 
71586960239125 0.000000 0.000000 0.000000 
71586978996938 0.000000 0.000000 0.000000 
71586997754802 0.000000 0.000000 0.000000 
71587016512615 0.000000 0.000000 0.000000 
71587035270427 0.000000 0.000000 0.000000 
71587054028240 0.000000 0.000000 0.000000 
71587072786052 0.000000 0.000000 0.000000 
71587091543865 0.000000 0.000000 0.000000 
71587110301677 0.000000 0.000000 0.000000 
71587129059490 0.000000 0.000000 0.000000 
71587147817302 0.000000 0.000000 0.000000 
71587166575167 0.000000 0.000000 0.000000 
71587185332980 0.000000 0.000000 0.000000 
71587204090792 0.000000 0.000000 0.000000 
71587222848605 0.000000 0.000000 0.000000 
71587241606417 0.000000 0.000000 0.000000 
71587260364230 0.000000 0.000000 0.000000 
71587279122042 0.000000 0.000000 0.000000 
71587297879855 0.000000 0.000000 0.000000 
71587316637615 0.000000 0.000000 0.000000 
71587335395480 0.000000 0.000000 0.000000 
71587354153292 0.000000 0.000000 0.000000 
71587372911157 0.000000 0.000000 0.000000 
71587391668969 0.000000 0.000000 0.000000 
71587410426730 0.000000 0.000000 0.000000 
71587429184594 0.000000 0.000000 0.000000 
71587447942407 0.000000 0.000000 0.000000 
71587466700219 0.000000 0.000000 0.000000 
71587485458032 0.000000 0.000000 0.000000 
71587504215844 0.000000 0.000000 0.000000 
71587522973657 0.000000 0.000000 0.000000 
71587541731469 0.000000 0.000000 0.000000 
71587560489282 0.000000 0.000000 0.000000 
71587579247094 0.000000 0.000000 0.000000 
71587598004907 0.000000 0.000000 0.000000 
71587616762719 0.000000 0.000000 0.000000 
71587635520532 0.000000 0.000000 0.000000 
71587654278344 0.000000 0.000000 0.000000 
71587673036157 0.000000 0.000000 0.000000 
71587691794021 0.000000 0.000000 0.000000 
71587710551782 0.000000 0.000000 0.000000 
71587729309646 0.000000 0.000000 0.000000 
71587748067459 0.000000 0.000000 0.000000 
71587766825271 0.000000 0.000000 0.000000 
71587785583084 0.000000 0.000000 0.000000 
71587804340896 0.000000 0.000000 0.000000 
71587823098709 0.000000 0.000000 0.000000 
71587841856521 0.000000 0.000000 0.000000 
71587860614334 0.000000 0.000000 0.000000 
71587879372146 0.000000 0.000000 0.000000 
71587898129959 0.000000 0.000000 0.000000 
71587916887771 0.000000 0.000000 0.000000 
71587935645584 0.000000 0.000000 0.000000 
71587954403396 0.000000 0.000000 0.000000 
71587973161209 0.000000 0.000000 0.000000 
71587991919021 0.000000 0.000000 0.000000 
71588010676834 0.000000 0.000000 0.000000 
71588029434646 0.000000 0.000000 0.000000 
71588048192459 0.000000 0.000000 0.000000 
71588066950271 0.000000 0.000000 0.000000 
71588085708084 0.000000 0.000000 0.000000 
71588104465896 0.000000 0.000000 0.000000 
71588123223709 0.000000 0.000000 0.000000 
71588141981521 0.000000 0.000000 0.000000 
71588160739334 0.000000 0.000000 0.000000 
71588179497146 0.000000 0.000000 0.000000 
71588198254959 0.000000 0.000000 0.000000 
71588217012771 0.000000 0.000000 0.000000 
71588235770584 0.000000 0.000000 0.000000 
71588254528448 0.000000 0.000000 0.000000 
71588273286209 0.000000 0.000000 0.000000 
71588292044073 0.000000 0.000000 0.000000 
71588310801886 0.000000 0.000000 0.000000 
71588329559646 0.000000 0.000000 0.000000 
71588348317459 0.000000 0.000000 0.000000 
71588367075323 0.000000 0.000000 0.000000 
71588385833084 0.000000 0.000000 0.000000 
71588404590896 0.000000 0.000000 0.000000 
71588423348761 0.000000 0.000000 0.000000 
71588442106573 0.000000 0.000000 0.000000 
71588460864334 0.000000 0.000000 0.000000 
71588479622146 0.000000 0.000000 0.000000 
71588498379907 0.000000 0.000000 0.000000 
71588517137771 0.000000 0.000000 0.000000 
71588535895584 0.000000 0.000000 0.000000 
71588554653396 0.000000 0.000000 0.000000 
71588573411209 0.000000 0.000000 0.000000 
71588592169021 0.000000 0.000000 0.000000 
71588610926834 0.000000 0.000000 0.000000 
71588629684646 0.000000 0.000000 0.000000 
71588648442407 0.000000 0.000000 0.000000 
71588667200271 0.000000 0.000000 0.000000 
71588685958084 0.000000 0.000000 0.000000 
71588704715896 0.000000 0.000000 0.000000 
71588723473709 0.000000 0.000000 0.000000 
71588742231521 0.000000 0.000000 0.000000 
71588760989334 0.000000 0.000000 0.000000 
71588779747146 0.000000 0.000000 0.000000 
71588798504959 0.000000 0.000000 0.000000 
71588817262771 0.000000 0.000000 0.000000 
71588836020584 0.000000 0.000000 0.000000 
71588854778396 0.000000 0.000000 0.000000 
71588873536209 0.000000 0.000000 0.000000 
71588892294021 0.000000 0.000000 0.000000 
71588911051782 0.000000 0.000000 0.000000 
71588929809646 0.000000 0.000000 0.000000 
71588948567459 0.000000 0.000000 0.000000 
71588967325271 0.000000 0.000000 0.000000 
71588986083032 0.000000 0.000000 0.000000 
71589004840896 0.000000 0.000000 0.000000 
71589023598657 0.000000 0.000000 0.000000 
71589042356469 0.000000 0.000000 0.000000 
71589061114282 0.000000 0.000000 0.000000 
71589079872094 0.000000 0.000000 0.000000 
71589098629907 0.000000 0.000000 0.000000 
71589117387719 0.000000 0.000000 0.000000 
71589136145532 0.000000 0.000000 0.000000 
71589154903344 0.000000 0.000000 0.000000 
71589173661157 0.000000 0.000000 0.000000 
71589192418969 0.000000 0.000000 0.000000 
71589211176782 0.000000 0.000000 0.000000 
71589229934594 0.000000 0.000000 0.000000 
71589248692407 0.000000 0.000000 0.000000 
71589267450219 0.000000 0.000000 0.000000 
71589286208032 0.000000 0.000000 0.000000 
71589304965844 0.000000 0.000000 0.000000 
71589323723657 0.000000 0.000000 0.000000 
71589342481469 0.000000 0.000000 0.000000 
71589361239282 0.000000 0.000000 0.000000 
71589379997042 0.000000 0.000000 0.000000 
71589398754907 0.000000 0.000000 0.000000 
71589417512667 0.000000 0.000000 0.000000 
71589436270480 0.000000 0.000000 0.000000 
71589455028240 0.000000 0.000000 0.000000 
71589473786105 0.000000 0.000000 0.000000 
71589492543917 0.000000 0.000000 0.000000 
71589511301730 0.000000 0.000000 0.000000 
71589530059542 0.000000 0.000000 0.000000 
71589548817355 0.000000 0.000000 0.000000 
71589567575167 0.000000 0.000000 0.000000 
71589586332980 0.000000 0.000000 0.000000 
71589605090740 0.000000 0.000000 0.000000 
71589623848552 0.000000 0.000000 0.000000 
71589642606365 0.000000 0.000000 0.000000 
71589661364177 0.000000 0.000000 0.000000 
71589680121990 0.000000 0.000000 0.000000 
71589698879802 0.000000 0.000000 0.000000 
71589717637615 0.000000 0.000000 0.000000 
71589736395427 0.000000 0.000000 0.000000 
71589755153240 0.000000 0.000000 0.000000 
71589773910948 0.000000 0.000000 0.000000 
71589792668813 0.000000 0.000000 0.000000 
71589811426625 0.000000 0.000000 0.000000 
71589830184438 0.000000 0.000000 0.000000 
71589848942250 0.000000 0.000000 0.000000 
71589867700063 0.000000 0.000000 0.000000 
71589886457875 0.000000 0.000000 0.000000 
71589905215688 0.000000 0.000000 0.000000 
71589923973500 0.000000 0.000000 0.000000 
71589942731313 0.000000 0.000000 0.000000 
71589961489073 0.000000 0.000000 0.000000 
71589980246886 0.000000 0.000000 0.000000 
71589999004698 0.000000 0.000000 0.000000 
71590017762511 0.000000 0.000000 0.000000 
71590036520323 0.000000 0.000000 0.000000 
71590055278136 0.000000 0.000000 0.000000 
71590074035948 0.000000 0.000000 0.000000 
71590092793761 0.000000 0.000000 0.000000 
71590111551573 0.000000 0.000000 0.000000 
71590130309334 0.000000 0.000000 0.000000 
71590149067146 0.000000 0.000000 0.000000 
71590167824959 0.000000 0.000000 0.000000 
71590186582771 0.000000 0.000000 0.000000 
71590205340584 0.000000 0.000000 0.000000 
71590224161677 0.000000 0.000000 0.000000 
71590242856209 0.000000 0.000000 0.000000 
71590261614021 0.000000 0.000000 0.000000 
71590280371782 0.000000 0.000000 0.000000 
71590299129594 0.000000 0.000000 0.000000 
71590317887407 0.000000 0.000000 0.000000 
71590336645219 0.000000 0.000000 0.000000 
71590355403032 0.000000 0.000000 0.000000 
71590374160844 0.000000 0.000000 0.000000 
71590392918657 0.000000 0.000000 0.000000 
71590411676469 0.000000 0.000000 0.000000 
71590430434282 0.000000 0.000000 0.000000 
71590449192042 0.000000 0.000000 0.000000 
71590467949855 0.000000 0.000000 0.000000 
71590486707667 0.000000 0.000000 0.000000 
71590505465480 0.000000 0.000000 0.000000 
71590524223292 0.000000 0.000000 0.000000 
71590542981105 0.000000 0.000000 0.000000 
71590561738917 0.000000 0.000000 0.000000 
71590580496730 0.000000 0.000000 0.000000 
71590599254490 0.000000 0.000000 0.000000 
71590618012302 0.000000 0.000000 0.000000 
71590636770115 0.000000 0.000000 0.000000 
71590655527927 0.000000 0.000000 0.000000 
71590674285740 0.000000 0.000000 0.000000 
71590693043552 0.000000 0.000000 0.000000 
71590711801313 0.000000 0.000000 0.000000 
71590730559125 0.000000 0.000000 0.000000 
71590749316938 0.000000 0.000000 0.000000 
71590768074750 0.000000 0.000000 0.000000 
71590786832563 0.000000 0.000000 0.000000 
71590805590323 0.000000 0.000000 0.000000 
71590824414907 0.000000 0.000000 0.000000 
71590843105948 0.000000 0.000000 0.000000 
71590861863761 0.000000 0.000000 0.000000 
71590880621573 0.000000 0.000000 0.000000 
71590899379334 0.000000 0.000000 0.000000 
71590918137198 0.000000 0.000000 0.000000 
71590936894959 0.000000 0.000000 0.000000 
71590955652771 0.000000 0.000000 0.000000 
71590974410584 0.000000 0.000000 0.000000 
71590993168396 0.000000 0.000000 0.000000 
71591011926209 0.000000 0.000000 0.000000 
71591030683969 0.000000 0.000000 0.000000 
71591049441782 0.000000 0.000000 0.000000 
71591068199594 0.000000 0.000000 0.000000 
71591086957407 0.000000 0.000000 0.000000 
71591105715219 0.000000 0.000000 0.000000 
71591124473032 0.000000 0.000000 0.000000 
71591143230844 0.000000 0.000000 0.000000 
71591161988657 0.000000 0.000000 0.000000 
71591180746469 0.000000 0.000000 0.000000 
71591199504230 0.000000 0.000000 0.000000 
71591218262042 0.000000 0.000000 0.000000 
71591237019855 0.000000 0.000000 0.000000 
71591255777667 0.000000 0.000000 0.000000 
71591274535480 0.000000 0.000000 0.000000 
71591293293292 0.000000 0.000000 0.000000 
71591312051052 0.000000 0.000000 0.000000 
71591330808865 0.000000 0.000000 0.000000 
71591349566677 0.000000 0.000000 0.000000 
71591368324490 0.000000 0.000000 0.000000 
71591387082302 0.000000 0.000000 0.000000 
71591405840063 0.000000 0.000000 0.000000 
71591424597875 0.000000 0.000000 0.000000 
71591443355688 0.000000 0.000000 0.000000 
71591462113448 0.000000 0.000000 0.000000 
71591480871261 0.000000 0.000000 0.000000 
71591499629073 0.000000 0.000000 0.000000 
71591518386886 0.000000 0.000000 0.000000 
71591537144698 0.000000 0.000000 0.000000 
71591555902511 0.000000 0.000000 0.000000 
71591574660271 0.000000 0.000000 0.000000 
71591593418084 0.000000 0.000000 0.000000 
71591612175896 0.000000 0.000000 0.000000 
71591630933709 0.000000 0.000000 0.000000 
71591649691521 0.000000 0.000000 0.000000 
71591668449282 0.000000 0.000000 0.000000 
71591687207094 0.000000 0.000000 0.000000 
71591705964907 0.000000 0.000000 0.000000 
71591724722719 0.000000 0.000000 0.000000 
71591743480480 0.000000 0.000000 0.000000 
71591762238240 0.000000 0.000000 0.000000 
71591780996105 0.000000 0.000000 0.000000 
71591799753917 0.000000 0.000000 0.000000 
71591818511730 0.000000 0.000000 0.000000 
71591837269490 0.000000 0.000000 0.000000 
71591856027302 0.000000 0.000000 0.000000 
71591874785115 0.000000 0.000000 0.000000 
71591893542927 0.000000 0.000000 0.000000 
71591912300688 0.000000 0.000000 0.000000 
71591931058500 0.000000 0.000000 0.000000 
71591949816313 0.000000 0.000000 0.000000 
71591968574125 0.000000 0.000000 0.000000 
71591987331938 0.000000 0.000000 0.000000 
71592006089698 0.000000 0.000000 0.000000 
71592024847511 0.000000 0.000000 0.000000 
71592043605271 0.000000 0.000000 0.000000 
71592062363136 0.000000 0.000000 0.000000 
71592081120896 0.000000 0.000000 0.000000 
71592099878709 0.000000 0.000000 0.000000 
71592118636521 0.000000 0.000000 0.000000 
71592137394334 0.000000 0.000000 0.000000 
71592156152146 0.000000 0.000000 0.000000 
71592174909907 0.000000 0.000000 0.000000 
71592193667719 0.000000 0.000000 0.000000 
71592212425532 0.000000 0.000000 0.000000 
71592231183344 0.000000 0.000000 0.000000 
71592249940427 0.000000 0.000000 0.000000 
71592268698917 0.000000 0.000000 0.000000 
71592287456730 0.000000 0.000000 0.000000 
71592306214542 0.000000 0.000000 0.000000 
71592324972302 0.000000 0.000000 0.000000 
71592343730115 0.000000 0.000000 0.000000 
71592362487927 0.000000 0.000000 0.000000 
71592381245740 0.000000 0.000000 0.000000 
71592400003552 0.000000 0.000000 0.000000 
71592418761313 0.000000 0.000000 0.000000 
71592437519125 0.000000 0.000000 0.000000 
71592456276938 0.000000 0.000000 0.000000 
71592475034750 0.000000 0.000000 0.000000 
71592493792511 0.000000 0.000000 0.000000 
71592512550323 0.000000 0.000000 0.000000 
71592531308136 0.000000 0.000000 0.000000 
71592550065948 0.000000 0.000000 0.000000 
71592568823761 0.000000 0.000000 0.000000 
71592587581521 0.000000 0.000000 0.000000 
71592606339334 0.000000 0.000000 0.000000 
71592625097146 0.000000 0.000000 0.000000 
71592643854907 0.000000 0.000000 0.000000 
71592662612719 0.000000 0.000000 0.000000 
71592681370532 0.000000 0.000000 0.000000 
71592700128344 0.000000 0.000000 0.000000 
71592718886157 0.000000 0.000000 0.000000 
71592737643917 0.000000 0.000000 0.000000 
71592756401730 0.000000 0.000000 0.000000 
71592775159542 0.000000 0.000000 0.000000 
71592793917355 0.000000 0.000000 0.000000 
71592812675115 0.000000 0.000000 0.000000 
71592831432927 0.000000 0.000000 0.000000 
71592850190688 0.000000 0.000000 0.000000 
71592868948552 0.000000 0.000000 0.000000 
71592887706313 0.000000 0.000000 0.000000 
71592906464125 0.000000 0.000000 0.000000 
71592925221938 0.000000 0.000000 0.000000 
71592943979698 0.000000 0.000000 0.000000 
71592962737511 0.000000 0.000000 0.000000 
71592981495323 0.000000 0.000000 0.000000 
71593000253136 0.000000 0.000000 0.000000 
71593019010896 0.000000 0.000000 0.000000 
71593037768709 0.000000 0.000000 0.000000 
71593056526521 0.000000 0.000000 0.000000 
71593075284334 0.000000 0.000000 0.000000 
71593094042094 0.000000 0.000000 0.000000 
71593112799907 0.000000 0.000000 0.000000 
71593131557719 0.000000 0.000000 0.000000 
71593150315480 0.000000 0.000000 0.000000 
71593169073292 0.000000 0.000000 0.000000 
71593187831105 0.000000 0.000000 0.000000 
71593206588917 0.000000 0.000000 0.000000 
71593225346677 0.000000 0.000000 0.000000 
71593244104490 0.000000 0.000000 0.000000 
71593262862302 0.000000 0.000000 0.000000 
71593281620063 0.000000 0.000000 0.000000 
71593300377875 0.000000 0.000000 0.000000 
71593319135688 0.000000 0.000000 0.000000 
71593337893500 0.000000 0.000000 0.000000 
71593356651261 0.000000 0.000000 0.000000 
71593375409073 0.000000 0.000000 0.000000 
71593394166886 0.000000 0.000000 0.000000 
71593412924646 0.000000 0.000000 0.000000 
71593431682459 0.000000 0.000000 0.000000 
71593450440271 0.000000 0.000000 0.000000 
71593469198084 0.000000 0.000000 0.000000 
71593487955844 0.000000 0.000000 0.000000 
71593506713657 0.000000 0.000000 0.000000 
71593525471469 0.000000 0.000000 0.000000 
71593544229230 0.000000 0.000000 0.000000 
71593562986990 0.000000 0.000000 0.000000 
71593581744855 0.000000 0.000000 0.000000 
71593600502667 0.000000 0.000000 0.000000 
71593619260427 0.000000 0.000000 0.000000 
71593638018240 0.000000 0.000000 0.000000 
71593656776052 0.000000 0.000000 0.000000 
71593675533813 0.000000 0.000000 0.000000 
71593694291625 0.000000 0.000000 0.000000 
71593713049438 0.000000 0.000000 0.000000 
71593731807250 0.000000 0.000000 0.000000 
71593750565011 0.000000 0.000000 0.000000 
71593769322823 0.000000 0.000000 0.000000 
71593788080636 0.000000 0.000000 0.000000 
71593806838448 0.000000 0.000000 0.000000 
71593825596261 0.000000 0.000000 0.000000 
71593844354021 0.000000 0.000000 0.000000 
71593863111834 0.000000 0.000000 0.000000 
71593881869594 0.000000 0.000000 0.000000 
71593900627407 0.000000 0.000000 0.000000 
71593919385219 0.000000 0.000000 0.000000 
71593938143032 0.000000 0.000000 0.000000 
71593956900844 0.000000 0.000000 0.000000 
71593975658605 0.000000 0.000000 0.000000 
71593994416417 0.000000 0.000000 0.000000 
71594013174230 0.000000 0.000000 0.000000 
71594031931990 0.000000 0.000000 0.000000 
71594050689802 0.000000 0.000000 0.000000 
71594069447615 0.000000 0.000000 0.000000 
71594088205375 0.000000 0.000000 0.000000 
71594106963188 0.000000 0.000000 0.000000 
71594125721000 0.000000 0.000000 0.000000 
71594144478761 0.000000 0.000000 0.000000 
71594163236573 0.000000 0.000000 0.000000 
71594181994386 0.000000 0.000000 0.000000 
71594200752146 0.000000 0.000000 0.000000 
71594219509959 0.000000 0.000000 0.000000 
71594238267771 0.000000 0.000000 0.000000 
71594257025532 0.000000 0.000000 0.000000 
71594275783344 0.000000 0.000000 0.000000 
71594294541157 0.000000 0.000000 0.000000 
71594313298917 0.000000 0.000000 0.000000 
71594332056730 0.000000 0.000000 0.000000 
71594350814542 0.000000 0.000000 0.000000 
71594369572302 0.000000 0.000000 0.000000 
71594388330115 0.000000 0.000000 0.000000 
71594407087927 0.000000 0.000000 0.000000 
71594425845740 0.000000 0.000000 0.000000 
71594444603500 0.000000 0.000000 0.000000 
71594463361313 0.000000 0.000000 0.000000 
71594482119073 0.000000 0.000000 0.000000 
71594500876886 0.000000 0.000000 0.000000 
71594519634698 0.000000 0.000000 0.000000 
71594538392459 0.000000 0.000000 0.000000 
71594557150271 0.000000 0.000000 0.000000 
71594575908084 0.000000 0.000000 0.000000 
71594594665844 0.000000 0.000000 0.000000 
71594613423657 0.000000 0.000000 0.000000 
71594632181469 0.000000 0.000000 0.000000 
71594650939230 0.000000 0.000000 0.000000 
71594669697042 0.000000 0.000000 0.000000 
71594688454855 0.000000 0.000000 0.000000 
71594707212615 0.000000 0.000000 0.000000 
71594725970427 0.000000 0.000000 0.000000 
71594744728188 0.000000 0.000000 0.000000 
71594763486000 0.000000 0.000000 0.000000 
71594782243761 0.000000 0.000000 0.000000 
71594801001573 0.000000 0.000000 0.000000 
71594819759334 0.000000 0.000000 0.000000 
71594838517146 0.000000 0.000000 0.000000 
71594857274959 0.000000 0.000000 0.000000 
71594876032771 0.000000 0.000000 0.000000 
71594894790532 0.000000 0.000000 0.000000 
71594913548344 0.000000 0.000000 0.000000 
71594932306105 0.000000 0.000000 0.000000 
71594951063917 0.000000 0.000000 0.000000 
71594969821730 0.000000 0.000000 0.000000 
71594988579490 0.000000 0.000000 0.000000 
71595007337302 0.000000 0.000000 0.000000 
71595026095115 0.000000 0.000000 0.000000 
71595044852875 0.000000 0.000000 0.000000 
71595063610688 0.000000 0.000000 0.000000 
71595082368500 0.000000 0.000000 0.000000 
71595101126261 0.000000 0.000000 0.000000 
71595119884073 0.000000 0.000000 0.000000 
71595138641886 0.000000 0.000000 0.000000 
71595157399646 0.000000 0.000000 0.000000 
71595176157459 0.000000 0.000000 0.000000 
71595194915219 0.000000 0.000000 0.000000 
71595213673032 0.000000 0.000000 0.000000 
71595232430740 0.000000 0.000000 0.000000 
71595251188605 0.000000 0.000000 0.000000 
71595269946417 0.000000 0.000000 0.000000 
71595288704230 0.000000 0.000000 0.000000 
71595307461990 0.000000 0.000000 0.000000 
71595326219802 0.000000 0.000000 0.000000 
71595344977563 0.000000 0.000000 0.000000 
71595363735375 0.000000 0.000000 0.000000 
71595382493188 0.000000 0.000000 0.000000 
71595401250948 0.000000 0.000000 0.000000 
71595420008761 0.000000 0.000000 0.000000 
71595438766521 0.000000 0.000000 0.000000 
71595457524334 0.000000 0.000000 0.000000 
71595476282146 0.000000 0.000000 0.000000 
71595495039907 0.000000 0.000000 0.000000 
71595513797719 0.000000 0.000000 0.000000 
71595532555480 0.000000 0.000000 0.000000 
71595551313292 0.000000 0.000000 0.000000 
71595570071105 0.000000 0.000000 0.000000 
71595588828865 0.000000 0.000000 0.000000 
71595607586677 0.000000 0.000000 0.000000 
71595626344490 0.000000 0.000000 0.000000 
71595645102250 0.000000 0.000000 0.000000 
71595663860063 0.000000 0.000000 0.000000 
71595682617875 0.000000 0.000000 0.000000 
71595701375584 0.000000 0.000000 0.000000 
71595720133448 0.000000 0.000000 0.000000 
71595738891209 0.000000 0.000000 0.000000 
71595757649021 0.000000 0.000000 0.000000 
71595776406782 0.000000 0.000000 0.000000 
71595795164594 0.000000 0.000000 0.000000 
71595813922407 0.000000 0.000000 0.000000 
71595832680167 0.000000 0.000000 0.000000 
71595851437980 0.000000 0.000000 0.000000 
71595870195740 0.000000 0.000000 0.000000 
71595888953448 0.000000 0.000000 0.000000 
71595907711365 0.000000 0.000000 0.000000 
71595926469125 0.000000 0.000000 0.000000 
71595945226938 0.000000 0.000000 0.000000 
71595963984750 0.000000 0.000000 0.000000 
71595982742511 0.000000 0.000000 0.000000 
71596001500323 0.000000 0.000000 0.000000 
71596020258084 0.000000 0.000000 0.000000 
71596039015896 0.000000 0.000000 0.000000 
71596057773709 0.000000 0.000000 0.000000 
71596076531469 0.000000 0.000000 0.000000 
71596095289282 0.000000 0.000000 0.000000 
71596114047042 0.000000 0.000000 0.000000 
71596132804855 0.000000 0.000000 0.000000 
71596151563344 0.000000 0.000000 0.000000 
71596170320427 0.000000 0.000000 0.000000 
71596189078240 0.000000 0.000000 0.000000 
71596207836000 0.000000 0.000000 0.000000 
71596226593813 0.000000 0.000000 0.000000 
71596245351573 0.000000 0.000000 0.000000 
71596264109334 0.000000 0.000000 0.000000 
71596282867198 0.000000 0.000000 0.000000 
71596301624959 0.000000 0.000000 0.000000 
71596320382771 0.000000 0.000000 0.000000 
71596339140532 0.000000 0.000000 0.000000 
71596357898344 0.000000 0.000000 0.000000 
71596376656157 0.000000 0.000000 0.000000 
71596395413917 0.000000 0.000000 0.000000 
71596414171730 0.000000 0.000000 0.000000 
71596432929490 0.000000 0.000000 0.000000 
71596451687302 0.000000 0.000000 0.000000 
71596470445115 0.000000 0.000000 0.000000 
71596489202875 0.000000 0.000000 0.000000 
71596507960688 0.000000 0.000000 0.000000 
71596526718448 0.000000 0.000000 0.000000 
71596545476261 0.000000 0.000000 0.000000 
71596564234073 0.000000 0.000000 0.000000 
71596582991834 0.000000 0.000000 0.000000 
71596601749646 0.000000 0.000000 0.000000 
71596620507407 0.000000 0.000000 0.000000 
71596639265219 0.000000 0.000000 0.000000 
71596658022980 0.000000 0.000000 0.000000 
71596676780792 0.000000 0.000000 0.000000 
71596695538605 0.000000 0.000000 0.000000 
71596714296365 0.000000 0.000000 0.000000 
71596733054177 0.000000 0.000000 0.000000 
71596751811938 0.000000 0.000000 0.000000 
71596770569750 0.000000 0.000000 0.000000 
71596789327511 0.000000 0.000000 0.000000 
71596808085375 0.000000 0.000000 0.000000 
71596826843136 0.000000 0.000000 0.000000 
71596845600948 0.000000 0.000000 0.000000 
71596864358709 0.000000 0.000000 0.000000 
71596883116521 0.000000 0.000000 0.000000 
71596901874334 0.000000 0.000000 0.000000 
71596920632094 0.000000 0.000000 0.000000 
71596939389907 0.000000 0.000000 0.000000 
71596958147667 0.000000 0.000000 0.000000 
71596976905427 0.000000 0.000000 0.000000 
71596995663240 0.000000 0.000000 0.000000 
71597014421052 0.000000 0.000000 0.000000 
71597033178865 0.000000 0.000000 0.000000 
71597051936625 0.000000 0.000000 0.000000 
71597070694438 0.000000 0.000000 0.000000 
71597089452198 0.000000 0.000000 0.000000 
71597108209907 0.000000 0.000000 0.000000 
71597126967771 0.000000 0.000000 0.000000 
71597145725584 0.000000 0.000000 0.000000 
71597164483344 0.000000 0.000000 0.000000 
71597183241157 0.000000 0.000000 0.000000 
71597201998969 0.000000 0.000000 0.000000 
71597220756730 0.000000 0.000000 0.000000 
71597239514542 0.000000 0.000000 0.000000 
71597258272302 0.000000 0.000000 0.000000 
71597277030115 0.000000 0.000000 0.000000 
71597295787875 0.000000 0.000000 0.000000 
71597314545688 0.000000 0.000000 0.000000 
71597333303500 0.000000 0.000000 0.000000 
71597352061261 0.000000 0.000000 0.000000 
71597370819073 0.000000 0.000000 0.000000 
71597389576834 0.000000 0.000000 0.000000 
71597408334646 0.000000 0.000000 0.000000 
71597427092407 0.000000 0.000000 0.000000 
71597445850219 0.000000 0.000000 0.000000 
71597464607980 0.000000 0.000000 0.000000 
71597483365792 0.000000 0.000000 0.000000 
71597502123552 0.000000 0.000000 0.000000 
71597520881365 0.000000 0.000000 0.000000 
71597539639177 0.000000 0.000000 0.000000 
71597558396938 0.000000 0.000000 0.000000 
71597577154750 0.000000 0.000000 0.000000 
71597595912511 0.000000 0.000000 0.000000 
71597614670323 0.000000 0.000000 0.000000 
71597633428084 0.000000 0.000000 0.000000 
71597662558917 0.000000 0.000000 0.000000 
71597681316730 0.000000 0.000000 0.000000 
71597700074490 0.000000 0.000000 0.000000 
71597718832302 0.000000 0.000000 0.000000 
71597737590063 0.000000 0.000000 0.000000 
71597756347875 0.000000 0.000000 0.000000 
71597775105636 0.000000 0.000000 0.000000 
71597793863448 0.000000 0.000000 0.000000 
71597812621209 0.000000 0.000000 0.000000 
71597831379021 0.000000 0.000000 0.000000 
71597850136782 0.000000 0.000000 0.000000 
71597868894594 0.000000 0.000000 0.000000 
71597887652355 0.000000 0.000000 0.000000 
71597906410167 0.000000 0.000000 0.000000 
71597925167980 0.000000 0.000000 0.000000 
71597943925740 0.000000 0.000000 0.000000 
71597962683500 0.000000 0.000000 0.000000 
71597981441313 0.000000 0.000000 0.000000 
71598000199125 0.000000 0.000000 0.000000 
71598018956886 0.000000 0.000000 0.000000 
71598037714698 0.000000 0.000000 0.000000 
71598056472459 0.000000 0.000000 0.000000 
71598075230271 0.000000 0.000000 0.000000 
71598093988084 0.000000 0.000000 0.000000 
71598112745844 0.000000 0.000000 0.000000 
71598131503605 0.000000 0.000000 0.000000 
71598150261417 0.000000 0.000000 0.000000 
71598169019230 0.000000 0.000000 0.000000 
71598187776990 0.000000 0.000000 0.000000 
71598206534750 0.000000 0.000000 0.000000 
71598225292563 0.000000 0.000000 0.000000 
71598244050375 0.000000 0.000000 0.000000 
71598262808136 0.000000 0.000000 0.000000 
71598281565948 0.000000 0.000000 0.000000 
71598300323709 0.000000 0.000000 0.000000 
71598319081521 0.000000 0.000000 0.000000 
71598337839282 0.000000 0.000000 0.000000 
71598356597094 0.000000 0.000000 0.000000 
71598375354855 0.000000 0.000000 0.000000 
71598394112667 0.000000 0.000000 0.000000 
71598412870427 0.000000 0.000000 0.000000 
71598431628240 0.000000 0.000000 0.000000 
71598450386052 0.000000 0.000000 0.000000 
71598469143813 0.000000 0.000000 0.000000 
71598487901625 0.000000 0.000000 0.000000 
71598506659386 0.000000 0.000000 0.000000 
71598525417198 0.000000 0.000000 0.000000 
71598544174959 0.000000 0.000000 0.000000 
71598562932771 0.000000 0.000000 0.000000 
71598581690584 0.000000 0.000000 0.000000 
71598600448344 0.000000 0.000000 0.000000 
71598619206157 0.000000 0.000000 0.000000 
71598637963917 0.000000 0.000000 0.000000 
71598656721730 0.000000 0.000000 0.000000 
71598675479542 0.000000 0.000000 0.000000 
71598694237355 0.000000 0.000000 0.000000 
71598712995115 0.000000 0.000000 0.000000 
71598731752875 0.000000 0.000000 0.000000 
71598750510688 0.000000 0.000000 0.000000 
71598769268500 0.000000 0.000000 0.000000 
71598788026313 0.000000 0.000000 0.000000 
71598806784073 0.000000 0.000000 0.000000 
71598825541886 0.000000 0.000000 0.000000 
71598844299646 0.000000 0.000000 0.000000 
71598863057459 0.000000 0.000000 0.000000 
71598881815271 0.000000 0.000000 0.000000 
71598900573084 0.000000 0.000000 0.000000 
71598919330844 0.000000 0.000000 0.000000 
71598938088657 0.000000 0.000000 0.000000 
71598956846417 0.000000 0.000000 0.000000 
71598975604230 0.000000 0.000000 0.000000 
71598994362042 0.000000 0.000000 0.000000 
71599013119855 0.000000 0.000000 0.000000 
71599031877615 0.000000 0.000000 0.000000 
71599050635427 0.000000 0.000000 0.000000 
71599069393240 0.000000 0.000000 0.000000 
71599088151052 0.000000 0.000000 0.000000 
71599106908813 0.000000 0.000000 0.000000 
71599125666625 0.000000 0.000000 0.000000 
71599144424438 0.000000 0.000000 0.000000 
71599163182250 0.000000 0.000000 0.000000 
71599181940063 0.000000 0.000000 0.000000 
71599200697823 0.000000 0.000000 0.000000 
71599219455636 0.000000 0.000000 0.000000 
71599238213448 0.000000 0.000000 0.000000 
71599256971261 0.000000 0.000000 0.000000 
71599275729021 0.000000 0.000000 0.000000 
71599294486834 0.000000 0.000000 0.000000 
71599313244646 0.000000 0.000000 0.000000 
71599332002459 0.000000 0.000000 0.000000 
71599350760271 0.000000 0.000000 0.000000 
71599369518084 0.000000 0.000000 0.000000 
71599388275896 0.000000 0.000000 0.000000 
71599407033657 0.000000 0.000000 0.000000 
71599425791469 0.000000 0.000000 0.000000 
71599444549282 0.000000 0.000000 0.000000 
71599463307094 0.000000 0.000000 0.000000 
71599482064907 0.000000 0.000000 0.000000 
71599500822719 0.000000 0.000000 0.000000 
71599519580532 0.000000 0.000000 0.000000 
71599538338344 0.000000 0.000000 0.000000 
71599557096157 0.000000 0.000000 0.000000 
71599575853969 0.000000 0.000000 0.000000 
71599594611782 0.000000 0.000000 0.000000 
71599613369594 0.000000 0.000000 0.000000 
71599632127407 0.000000 0.000000 0.000000 
71599650885219 0.000000 0.000000 0.000000 
71599669643032 0.000000 0.000000 0.000000 
71599688400844 0.000000 0.000000 0.000000 
71599707158657 0.000000 0.000000 0.000000 
71599725916469 0.000000 0.000000 0.000000 
71599744674282 0.000000 0.000000 0.000000 
71599763432094 0.000000 0.000000 0.000000 
71599782189907 0.000000 0.000000 0.000000 
71599800947719 0.000000 0.000000 0.000000 
71599819705532 0.000000 0.000000 0.000000 
71599838463344 0.000000 0.000000 0.000000 
71599857221157 0.000000 0.000000 0.000000 
71599875979021 0.000000 0.000000 0.000000 
71599894736834 0.000000 0.000000 0.000000 
71599913494646 0.000000 0.000000 0.000000 
71599932252459 0.000000 0.000000 0.000000 
71599951010271 0.000000 0.000000 0.000000 
71599969768136 0.000000 0.000000 0.000000 
71599988525948 0.000000 0.000000 0.000000 
71600007283761 0.000000 0.000000 0.000000 
71600026041573 0.000000 0.000000 0.000000 
71600044799386 0.000000 0.000000 0.000000 
71600063557250 0.000000 0.000000 0.000000 
71600082315063 0.000000 0.000000 0.000000 
71600101072875 0.000000 0.000000 0.000000 
71600119830740 0.000000 0.000000 0.000000 
71600138588552 0.000000 0.000000 0.000000 
71600157346365 0.000000 0.000000 0.000000 
71600176104177 0.000000 0.000000 0.000000 
71600194861990 0.000000 0.000000 0.000000 
71600213619855 0.000000 0.000000 0.000000 
71600232377719 0.000000 0.000000 0.000000 
71600251135532 0.000000 0.000000 0.000000 
71600269893344 0.000000 0.000000 0.000000 
71600288651209 0.000000 0.000000 0.000000 
71600307409021 0.000000 0.000000 0.000000 
71600326166886 0.000000 0.000000 0.000000 
71600344924698 0.000000 0.000000 0.000000 
71600363682511 0.000000 0.000000 0.000000 
71600382440375 0.000000 0.000000 0.000000 
71600401198240 0.000000 0.000000 0.000000 
71600419956052 0.000000 0.000000 0.000000 
71600438713865 0.000000 0.000000 0.000000 
71600457471730 0.000000 0.000000 0.000000 
71600476229542 0.000000 0.000000 0.000000 
71600494987407 0.000000 0.000000 0.000000 
71600513745219 0.000000 0.000000 0.000000 
71600532503084 0.000000 0.000000 0.000000 
71600551260948 0.000000 0.000000 0.000000 
71600570018761 0.000000 0.000000 0.000000 
71600588776625 0.000000 0.000000 0.000000 
71600607534490 0.000000 0.000000 0.000000 
71600626292302 0.000000 0.000000 0.000000 
71600645050167 0.000000 0.000000 0.000000 
71600663808032 0.000000 0.000000 0.000000 
71600682565844 0.000000 0.000000 0.000000 
71600701323709 0.000000 0.000000 0.000000 
71600720081573 0.000000 0.000000 0.000000 
71600738839386 0.000000 0.000000 0.000000 
71600757597250 0.000000 0.000000 0.000000 
71600776355115 0.000000 0.000000 0.000000 
71600795112980 0.000000 0.000000 0.000000 
71600813870792 0.000000 0.000000 0.000000 
71600832628657 0.000000 0.000000 0.000000 
71600851386521 0.000000 0.000000 0.000000 
71600870144386 0.000000 0.000000 0.000000 
71600888902250 0.000000 0.000000 0.000000 
71600907660115 0.000000 0.000000 0.000000 
71600926417927 0.000000 0.000000 0.000000 
71600945175844 0.000000 0.000000 0.000000 
71600963933657 0.000000 0.000000 0.000000 
71600982691521 0.000000 0.000000 0.000000 
71601001449386 0.000000 0.000000 0.000000 
71601020207250 0.000000 0.000000 0.000000 
71601038965115 0.000000 0.000000 0.000000 
71601057722980 0.000000 0.000000 0.000000 
71601076480844 0.000000 0.000000 0.000000 
71601095238761 0.000000 0.000000 0.000000 
71601113996573 0.000000 0.000000 0.000000 
71601132754490 0.000000 0.000000 0.000000 
71601151512302 0.000000 0.000000 0.000000 
71601170270219 0.000000 0.000000 0.000000 
71601189028032 0.000000 0.000000 0.000000 
71601207785948 0.000000 0.000000 0.000000 
71601226543813 0.000000 0.000000 0.000000 
71601245301677 0.000000 0.000000 0.000000 
71601264059594 0.000000 0.000000 0.000000 
71601282817407 0.000000 0.000000 0.000000 
71601301575323 0.000000 0.000000 0.000000 
71601320333188 0.000000 0.000000 0.000000 
71601339091052 0.000000 0.000000 0.000000 
71601357848969 0.000000 0.000000 0.000000 
71601376606782 0.000000 0.000000 0.000000 
71601395364698 0.000000 0.000000 0.000000 
