# Created at Thu Mar 27 08:59:56 GMT+01:00 2025 in Burnaby Canada 
1735218630345443 996.751465 
1735218670346745 996.739746 
1735218710338828 996.746582 
1735218750345338 996.745117 
1735218790338672 996.748047 
1735218830345182 996.748535 
1735218870339766 996.737305 
1735218910337318 996.761719 
1735218950346745 996.751953 
1735218990337474 996.720215 
1735219030340859 996.711426 
1735219070345599 996.718262 
1735219110345807 996.731201 
1735219150335495 996.749023 
1735219190345599 996.753174 
1735219230345495 996.762695 
1735219270339766 996.795410 
1735219310323984 996.844238 
1735219350345182 996.859131 
1735219390336797 996.764160 
1735219430346484 996.703857 
1735219470338672 996.664063 
1735219510345286 996.670654 
1735219550346797 996.699707 
1735219590337057 996.712891 
1735219630342109 996.732910 
1735219670338359 996.732422 
1735219710344713 996.808594 
1735219750337057 996.805420 
1735219790345547 996.877686 
1735219830345755 996.941650 
1735219870412995 996.973877 
1735219910336849 996.963867 
1735219950347474 996.918945 
1735219990328307 996.883301 
1735220030345599 996.841309 
1735220070345338 996.842529 
1735220110384713 996.825684 
1735220150339557 996.804199 
1735220190345651 996.760498 
1735220230345338 996.729492 
1735220270337786 996.718506 
1735220310345703 996.722900 
1735220350346328 996.794922 
1735220390346276 997.017822 
1735220430337838 997.427246 
1735220470342213 997.911865 
1735220510345130 998.245605 
1735220550346328 998.333740 
1735220590336484 998.104980 
1735220630346172 998.041016 
1735220670346588 998.053955 
1735220710340443 997.939941 
1735220750340391 997.558594 
1735220790345391 997.045410 
1735220830345234 996.509766 
1735220870338516 996.354004 
1735220910323932 996.393799 
1735220950345495 996.540527 
1735220990347005 996.687012 
1735221030336797 996.833008 
1735221070338672 996.870117 
1735221110345547 996.929443 
1735221150345547 997.088623 
1735221190336797 997.193359 
1735221230346172 997.010498 
1735221270344766 996.744385 
1735221310345807 996.662598 
1735221350337578 996.690674 
1735221390344453 996.739502 
1735221430344453 996.796875 
1735221470345755 996.840820 
1735221510341432 996.843506 
1735221550346068 996.820313 
1735221590346484 996.830322 
1735221630337578 996.903076 
1735221670337526 997.024170 
1735221710344974 997.082764 
1735221750346380 997.152100 
1735221790336745 997.170898 
1735221830345338 997.075684 
1735221870344818 996.859863 
1735221910347109 996.658203 
1735221950325026 996.578613 
1735221990338724 996.558838 
1735222030345026 996.578857 
1735222070346849 996.615723 
1735222110338776 996.646973 
1735222150345859 996.685547 
1735222190346484 996.727295 
1735222230337266 996.763428 
1735222270439349 996.802490 
1735222310344609 996.837158 
1735222350345026 996.866699 
1735222390337266 996.891113 
1735222430345755 996.910400 
1735222470345703 996.904053 
1735222510345651 996.875977 
1735222550338620 996.853516 
1735222590345026 996.824707 
1735222630344818 996.791016 
1735222670345755 996.743408 
1735222710339609 996.591797 
1735222750344661 996.565430 
1735222790345547 996.615967 
1735222830384818 996.628174 
1735222870339088 996.630127 
1735222910345234 996.656494 
1735222950344193 996.684814 
1735222990337266 996.700195 
1735223030345599 996.737549 
1735223070344713 996.799072 
1735223110346849 996.818115 
1735223150337318 996.803467 
1735223190345286 996.821777 
1735223230345182 996.856445 
1735223270346745 996.893066 
1735223310404609 996.892334 
1735223350345859 996.914063 
1735223390345443 996.917236 
1735223430384349 996.857666 
1735223470338828 996.861572 
1735223510345495 996.937744 
1735223550346745 996.996094 
1735223590337786 997.039063 
1735223630345651 997.094482 
1735223670344922 997.126709 
1735223710346172 997.130615 
1735223750337318 997.126953 
1735223790324297 997.144775 
1735223830344453 997.188721 
1735223870345234 997.264648 
1735223910324505 997.147461 
1735223950345443 996.889893 
1735223990345443 996.644531 
1735224030384088 996.520996 
1735224070339401 996.441162 
1735224110345391 996.371094 
1735224150343828 996.316406 
1735224190337526 996.300049 
1735224230344922 996.324219 
1735224270345495 996.394043 
1735224310346797 996.502441 
1735224350337422 996.607178 
1735224390342005 996.718506 
1735224430345234 996.860352 
1735224470345755 996.998535 
1735224510337005 997.087891 
1735224550345286 996.995850 
1735224590345911 996.804932 
1735224630346484 996.801514 
1735224670339505 996.865234 
1735224710338255 996.881592 
1735224750345234 996.933105 
1735224790346224 997.034180 
1735224830339245 997.127686 
1735224870345963 997.195801 
1735224910346797 997.230225 
1735224950336745 997.264404 
1735224990338984 997.291504 
1735225030345286 997.295166 
1735225070345286 997.186279 
1735225110337318 996.898193 
1735225150345026 996.614746 
1735225190345443 996.480713 
1735225230346745 996.468018 
1735225270327109 996.449219 
1735225310344713 996.411865 
1735225350345703 996.381592 
1735225390345963 996.349854 
1735225430340443 996.367920 
1735225470345026 996.445068 
1735225510346484 996.541016 
1735225550337526 996.654785 
1735225590337786 996.842529 
1735225630345234 997.014893 
1735225670345234 997.029541 
1735225710336484 996.874756 
1735225750344818 996.705322 
1735225790345234 996.732910 
1735225830345599 996.838135 
1735225870324141 996.887695 
1735225910336901 996.939209 
1735225950345443 997.037354 
1735225990345130 997.106934 
1735226030338047 997.192139 
1735226070344974 997.220703 
1735226110346901 997.274902 
1735226150337005 997.281006 
1735226190454453 997.240967 
1735226230345286 997.010498 
1735226270344557 996.646240 
1735226310337005 996.421631 
1735226350345338 996.403076 
1735226390345859 996.359863 
1735226430346536 996.341064 
1735226470337786 996.349609 
1735226510339088 996.351318 
1735226550345182 996.394531 
1735226590346276 996.471191 
1735226630339609 996.541992 
1735226670344661 996.666016 
1735226710345338 996.872803 
1735226750339453 997.045654 
1735226790364088 997.008057 
1735226830345026 996.804443 
1735226870346588 996.711670 
1735226910337266 996.800537 
1735226950339193 996.835449 
1735226990347057 996.864014 
1735227030346432 996.934814 
1735227070337526 997.057373 
1735227110345599 997.129395 
1735227150345338 997.146484 
1735227190346328 997.182861 
1735227230346797 997.237305 
1735227270346536 997.283447 
1735227310346172 997.243408 
1735227350384557 996.989014 
1735227390336484 996.652832 
1735227430345911 996.477295 
1735227470345234 996.402100 
1735227510337526 996.347900 
1735227550346953 996.341064 
1735227590346328 996.372559 
1735227630346068 996.375488 
1735227670336484 996.406006 
1735227710324141 996.498535 
1735227750345286 996.597168 
1735227790347109 996.760498 
1735227830325547 996.946289 
1735227870345703 997.000000 
1735227910346432 996.842285 
1735227950384245 996.663330 
1735227990340130 996.635010 
1735228030345703 996.754395 
1735228070344922 996.819580 
1735228110337213 996.875488 
1735228150345755 996.962646 
1735228190346224 997.053223 
1735228230346588 997.114014 
1735228270336745 997.125000 
1735228310338880 997.142334 
1735228350346120 997.155762 
1735228390346797 997.098389 
1735228430337266 997.019043 
1735228470346276 996.787109 
1735228510346588 996.581055 
1735228550384766 996.557373 
1735228590338672 996.525391 
1735228630324245 996.449219 
1735228670345286 996.429688 
1735228710346432 996.458496 
1735228750346172 996.487061 
1735228790346276 996.557617 
1735228830346432 996.651611 
1735228870337526 996.764160 
1735228910338463 996.902100 
1735228950345495 997.028320 
1735228990347526 997.031006 
1735229030337526 996.827637 
1735229070345495 996.719727 
1735229110346536 996.789551 
1735229150383724 996.831299 
1735229190339453 996.847412 
1735229230324036 996.905518 
1735229270345286 997.003662 
1735229310346120 997.066406 
1735229350346484 997.104004 
1735229390346172 997.160400 
1735229430346484 997.254150 
1735229470338151 997.301270 
1735229510348984 997.116943 
1735229550346068 996.752441 
1735229590347266 996.515869 
1735229630337266 996.438721 
1735229670346536 996.405762 
1735229710347109 996.380615 
1735229750384193 996.378906 
1735229790323620 996.363770 
1735229830345443 996.336426 
1735229870344974 996.393066 
1735229910345807 996.496094 
1735229950345807 996.621094 
1735229990346588 996.783936 
1735230030346536 996.916016 
1735230070357995 996.992432 
1735230110339401 996.876221 
1735230150345443 996.771240 
1735230190345338 996.871582 
1735230230337526 996.953369 
1735230270346224 997.001465 
1735230310346224 997.016357 
1735230350384245 997.076416 
1735230390337526 997.139404 
1735230430343411 997.162354 
1735230470346016 997.166748 
1735230510346849 997.188965 
1735230550346484 997.258057 
1735230590345651 997.315918 
1735230630345443 997.126953 
1735230670383984 996.759521 
1735230710339245 996.511719 
1735230750344818 996.458008 
1735230790346536 996.370361 
1735230830337266 996.306396 
1735230870346224 996.305664 
1735230910345963 996.317383 
1735230950346484 996.328125 
1735230990337266 996.425049 
1735231030344974 996.544678 
1735231070345130 996.657471 
1735231110345026 996.832275 
1735231150324141 996.993164 
1735231190346224 996.956299 
1735231230346432 996.792969 
1735231270384193 996.745850 
1735231310336953 996.825195 
1735231350339766 996.864014 
1735231390345338 996.879639 
1735231430337526 996.921875 
1735231470346224 997.003906 
1735231510346536 997.093018 
1735231550346484 997.150391 
1735231590337734 997.177490 
1735231630343255 997.236572 
1735231670345547 997.317383 
1735231710346328 997.276367 
1735231750324245 996.981201 
1735231790346588 996.662109 
1735231830346432 996.520508 
1735231870384297 996.485107 
1735231910338359 996.450439 
1735231950344974 996.421631 
1735231990345182 996.426758 
1735232030337213 996.433838 
1735232070346380 996.459473 
1735232110346536 996.529785 
1735232150346172 996.663086 
1735232190337526 996.818604 
1735232230342474 996.955811 
1735232270345130 997.077148 
1735232310346380 996.971191 
1735232350337213 996.769043 
1735232390346380 996.796631 
1735232430346484 996.863770 
1735232470386120 996.886719 
1735232510353463 996.937744 
1735232550344557 997.032227 
1735232590346120 997.136475 
1735232630346953 997.184570 
1735232670346380 997.164307 
1735232710346588 997.213379 
1735232750348984 997.201172 
1735232790337213 997.080566 
1735232830338255 996.750732 
1735232870344974 996.448242 
1735232910346432 996.383057 
1735232950337474 996.346436 
1735232990346380 996.287354 
1735233030345859 996.295166 
1735233070384245 996.321045 
1735233110325703 996.305908 
1735233150339193 996.379883 
1735233190345338 996.501709 
1735233230346432 996.662842 
1735233270344245 996.829834 
1735233310345859 997.022705 
1735233350348203 997.036621 
1735233390337213 996.814209 
1735233430359141 996.673584 
1735233470345026 996.757324 
1735233510346588 996.851318 
1735233550336953 996.905273 
1735233590345391 997.012451 
1735233630346380 997.121094 
1735233670383984 997.201416 
1735233710323463 997.224365 
1735233750342005 997.206787 
1735233790344922 997.182861 
1735233830346693 997.214844 
1735233870345755 997.127686 
1735233910346120 996.830078 
1735233950346120 996.614258 
1735233990384297 996.543701 
1735234030339974 996.441895 
1735234070345391 996.335693 
1735234110345182 996.298828 
1735234150337266 996.305664 
1735234190345599 996.302246 
1735234230345807 996.410400 
1735234270345807 996.561279 
1735234310336745 996.691895 
1735234350339818 996.871094 
1735234390345286 996.998291 
1735234430346276 996.985840 
1735234470346016 996.784912 
1735234510346432 996.742432 
1735234550345234 996.873535 
1735234590384036 996.935303 
1735234630339088 996.994385 
1735234670339557 997.076904 
1735234710346693 997.182129 
1735234750337266 997.255371 
1735234790346328 997.252686 
1735234830345495 997.218994 
1735234870346380 997.188477 
1735234910337213 997.208008 
1735234950337318 997.101318 
1735234990345755 996.778564 
1735235030346536 996.514160 
1735235070323828 996.458984 
1735235110346536 996.383789 
1735235150346432 996.307861 
1735235190383568 996.273438 
1735235230340130 996.292480 
1735235270345859 996.309570 
1735235310345391 996.391846 
1735235350339088 996.494629 
1735235390346120 996.636230 
1735235430339818 996.841797 
1735235470346224 996.986572 
1735235510337213 996.903076 
1735235550323932 996.714844 
1735235590345026 996.670410 
1735235630346380 996.738037 
1735235670323984 996.782227 
1735235710346484 996.848877 
1735235750346016 996.942139 
1735235790384088 997.024170 
1735235830338047 997.081299 
1735235870345234 997.133545 
1735235910345547 997.172852 
1735235950342734 997.250488 
1735235990345338 997.281250 
1735236030344922 997.198730 
1735236070345391 996.619141 
1735236110337734 996.531006 
1735236150339349 996.465820 
1735236190344661 996.384521 
1735236230345495 996.351563 
1735236270337266 996.336914 
1735236310346120 996.336182 
1735236350346276 996.388672 
1735236390384349 996.497314 
1735236430383307 996.630859 
1735236470339036 996.796631 
1735236510345755 996.943604 
1735236550347318 996.997070 
1735236590346276 996.861084 
1735236630346745 996.689697 
1735236670346484 996.692627 
1735236710337213 996.802490 
1735236750337213 996.853516 
1735236790345234 996.933594 
1735236830346120 997.048828 
1735236870337266 997.145508 
1735236910346276 997.187012 
1735236950346432 997.187988 
1735236990383984 997.206299 
1735237030325651 997.271484 
1735237070345182 997.297119 
1735237110345286 997.061279 
1735237150346901 996.721680 
1735237190346172 996.555420 
1735237230346432 996.470459 
1735237270346536 996.390869 
1735237310337526 996.345947 
1735237350354661 996.345459 
1735237390345286 996.366943 
1735237430347057 996.414795 
1735237470337213 996.480469 
1735237510346172 996.574951 
1735237550346224 996.740723 
1735237590384036 996.911377 
1735237630327786 997.028564 
1735237670339245 996.878174 
1735237710345338 996.696777 
1735237750346536 996.685791 
1735237790345963 996.746582 
1735237830346224 996.784180 
1735237870346432 996.838623 
1735237910384088 996.940674 
1735237950338984 997.075928 
1735237990346068 997.162842 
1735238030347109 997.208252 
1735238070337786 997.236328 
1735238110346536 997.246338 
1735238150345391 997.260254 
1735238190346380 997.217041 
1735238230336745 996.939941 
1735238270345234 996.614746 
1735238310345443 996.471680 
1735238350346536 996.425781 
1735238390346276 996.368164 
1735238430346745 996.326416 
1735238470346016 996.351807 
1735238510384609 996.351563 
1735238550340599 996.357666 
1735238590344922 996.418457 
1735238630345338 996.506348 
1735238670337005 996.674072 
1735238710346276 996.828613 
1735238750346224 996.950928 
1735238790346120 996.922363 
1735238830336693 996.745361 
1735238870323932 996.750732 
1735238910344349 996.852051 
1735238950345599 996.882080 
1735238990324193 996.942383 
1735239030346432 997.033936 
1735239070345911 997.128906 
1735239110384557 997.197266 
1735239150339818 997.202637 
1735239190345391 997.172119 
1735239230345338 997.174316 
1735239270337734 997.219727 
1735239310346276 997.183838 
1735239350346484 996.900635 
1735239390346588 996.601563 
1735239430337526 996.396240 
1735239470339349 996.302490 
1735239510345182 996.266602 
1735239550347318 996.301514 
1735239590323359 996.344238 
1735239630347057 996.422607 
1735239670346380 996.511963 
1735239710384036 996.612061 
1735239750338620 996.771240 
1735239790344922 996.918701 
1735239830345286 996.940918 
1735239870348516 996.770020 
1735239910346797 996.661621 
1735239950346380 996.724121 
1735239990346380 996.795410 
1735240030336693 996.824463 
1735240070339193 996.895996 
1735240110344505 996.990723 
1735240150346745 997.088867 
1735240190337474 997.145264 
1735240230346276 997.162598 
1735240270345443 997.202148 
1735240310384088 997.273682 
1735240350401536 997.291748 
1735240390341953 997.087646 
1735240430345443 996.737549 
1735240470346432 996.526611 
1735240510346276 996.448975 
1735240550346432 996.367920 
1735240590346536 996.292969 
1735240630337266 996.271484 
1735240670337630 996.297363 
1735240710344766 996.352295 
1735240750346276 996.428955 
1735240790337526 996.553223 
1735240830345443 996.728516 
1735240870346328 996.929932 
1735240910383724 997.056641 
1735240950327057 997.070557 
1735240990338307 996.876709 
1735241030344713 996.763184 
1735241070346328 996.835693 
1735241110344870 996.884277 
1735241150346536 996.904297 
1735241190347057 996.967773 
1735241230337474 997.066650 
1735241270447891 997.113037 
1735241310345182 997.111084 
1735241350344974 997.128174 
1735241390337474 997.172607 
1735241430346120 997.219727 
1735241470347109 997.206787 
1735241510383984 997.064453 
1735241550332682 996.721436 
1735241590346276 996.495361 
1735241630345182 996.421875 
1735241670346484 996.359375 
1735241710346745 996.283447 
1735241750346536 996.273926 
1735241790346536 996.278564 
1735241830383307 996.311523 
1735241870338776 996.391846 
1735241910339505 996.498535 
1735241950345338 996.594971 
1735241990337786 996.737305 
1735242030346120 996.902588 
1735242070346484 996.946045 
1735242110346016 996.800049 
1735242150337474 996.713623 
1735242190340651 996.759277 
1735242230345234 996.771484 
1735242270346224 996.820313 
1735242310346745 996.892578 
1735242350346536 997.011475 
1735242390346172 997.083984 
1735242430384036 997.113770 
1735242470340026 997.136963 
1735242510345391 997.159180 
1735242550346380 997.204590 
1735242590337266 997.244141 
1735242630344401 997.043457 
1735242670345495 996.708740 
1735242710346693 996.520752 
1735242750336953 996.486328 
1735242790338307 996.424072 
1735242830345443 996.379883 
1735242870346797 996.386230 
1735242910324818 996.415039 
1735242950346641 996.509766 
1735242990346588 996.589111 
1735243030383255 996.715332 
1735243070338307 996.885986 
1735243110345651 997.010010 
1735243150345078 996.927246 
1735243190337474 996.720215 
1735243230346745 996.697754 
1735243270346432 996.774414 
1735243310346432 996.813477 
1735243350337474 996.839355 
1735243390339557 996.921875 
1735243430345391 997.038330 
1735243470347057 997.112549 
1735243510324141 997.151367 
1735243550346172 997.174072 
1735243590346693 997.209717 
1735243630383984 997.210693 
1735243670339036 997.164063 
1735243710344974 996.885010 
1735243750345911 996.606201 
1735243790349922 996.485107 
1735243830344922 996.435791 
1735243870345547 996.389404 
1735243910346588 996.363770 
1735243950337266 996.368652 
1735243990339453 996.368408 
1735244030344974 996.422119 
1735244070346797 996.529053 
1735244110337266 996.654785 
1735244150346120 996.800537 
1735244190346484 996.922363 
1735244230384974 996.965088 
1735244270405963 996.791260 
1735244310345547 996.757324 
1735244350345286 996.852783 
1735244390347109 996.905029 
1735244430345703 996.926270 
1735244470346120 997.017334 
1735244510348047 997.116943 
1735244550337474 997.171875 
1735244590337578 997.173096 
1735244630345078 997.184082 
1735244670346693 997.228027 
1735244710337526 997.257324 
1735244750346797 997.227539 
1735244790346484 996.932129 
1735244830384401 996.596924 
1735244870329870 996.464355 
1735244910342318 996.412109 
1735244950345651 996.356201 
1735244990346849 996.295410 
1735245030344870 996.275635 
1735245070346432 996.276855 
1735245110346120 996.310303 
1735245150337213 996.425049 
1735245190434349 996.568848 
1735245230344349 996.730957 
1735245270345443 996.900391 
1735245310337786 997.026123 
1735245350346328 996.893799 
1735245390346745 996.723633 
1735245430384870 996.766846 
1735245470330078 996.850830 
1735245510345286 996.879150 
1735245550345859 996.913330 
1735245590346953 997.008301 
1735245630346120 997.088379 
1735245670345495 997.115967 
1735245710346484 997.124268 
1735245750383828 997.124023 
1735245790338984 997.170410 
1735245830345286 997.188721 
1735245870347266 996.955811 
1735245910336693 996.676514 
1735245950345651 996.557129 
1735245990346484 996.486816 
1735246030383984 996.414795 
1735246070337734 996.365723 
1735246110340807 996.372803 
1735246150345443 996.362305 
1735246190346745 996.413330 
1735246230345599 996.526611 
1735246270347109 996.633301 
1735246310346901 996.772705 
1735246350384245 997.027100 
1735246390340026 996.942383 
1735246430345130 996.733643 
1735246470346797 996.760254 
1735246510337266 996.862305 
1735246550346774 996.875732 
1735246590346252 996.881348 
1735246630346773 996.965088 
1735246670337138 997.062256 
1735246710324325 997.109863 
1735246750346252 997.147705 
1735246790346929 997.171143 
1735246830325419 997.230957 
1735246870346981 997.253174 
1735246910348804 997.009033 
1735246950384846 996.639404 
1735246990339065 996.489014 
1735247030345575 996.448486 
1735247070345836 996.361328 
1735247110338388 996.303223 
1735247150345992 996.297363 
1735247190346929 996.306885 
1735247230346825 996.343750 
1735247270337867 996.435059 
1735247310342242 996.527344 
1735247350344898 996.665527 
1735247390346304 996.834473 
1735247430324377 996.970703 
1735247470346929 996.899658 
1735247510346825 996.758301 
1735247550384638 996.777344 
1735247590339534 996.864990 
1735247630344846 996.885254 
1735247670345836 996.911377 
1735247710347346 996.964355 
1735247750345836 997.065430 
1735247790347086 997.137695 
1735247830346044 997.172852 
1735247870337659 997.165527 
1735247910342138 997.187744 
1735247950346200 997.192627 
1735247990347242 997.105957 
1735248030337346 996.815430 
1735248070346409 996.596191 
1735248110346617 996.520508 
1735248150383700 996.457520 
1735248190400888 996.391357 
1735248230342294 996.360840 
1735248270345940 996.364014 
1735248310347450 996.351807 
1735248350345784 996.407715 
1735248390346773 996.511719 
1735248430346669 996.641602 
1735248470337867 996.827148 
1735248510338648 996.972656 
1735248550345888 996.974121 
1735248590346877 996.788330 
1735248630338440 996.681152 
1735248670339325 996.757324 
1735248710346565 996.814697 
1735248750384481 996.855225 
1735248790325679 996.962646 
1735248830338492 997.103027 
1735248870345627 997.204590 
1735248910346304 997.235107 
1735248950344690 997.241211 
1735248990346981 997.223389 
1735249030346773 997.213379 
1735249070337919 997.178711 
1735249110390054 996.987549 
1735249150346200 996.645508 
1735249190346825 996.437256 
1735249230337919 996.401123 
1735249270345575 996.347168 
1735249310346981 996.301758 
1735249350384273 996.300293 
1735249390324117 996.281738 
1735249430346304 996.301514 
1735249470346252 996.420898 
1735249510347086 996.551025 
1735249550346721 996.750000 
1735249590346929 996.896973 
1735249630347398 996.982178 
1735249670384221 996.838623 
1735249710339898 996.704834 
1735249750345888 996.769531 
1735249790345679 996.837891 
1735249830337919 996.911377 
1735249870347711 997.035400 
1735249910346409 997.124023 
1735249950346617 997.164551 
1735249990337086 997.181641 
1735250030340159 997.235596 
1735250070345836 997.253174 
1735250110347398 997.206543 
1735250150345419 996.945557 
1735250190346669 996.640381 
1735250230346877 996.506592 
1735250270383856 996.423828 
1735250310340367 996.361572 
1735250350345106 996.323242 
1735250390346721 996.319336 
1735250430337346 996.296875 
1735250470345836 996.336182 
1735250510346617 996.445313 
1735250550346409 996.581299 
1735250590337398 996.795166 
1735250630324325 996.992188 
1735250670345784 997.038574 
1735250710346721 996.849854 
1735250750323752 996.687988 
1735250790346617 996.643066 
1735250830345731 996.646729 
1735250870383596 996.685791 
1735250910340523 996.783447 
1735250950345888 996.941162 
1735250990345575 997.060547 
1735251030339117 997.142578 
1735251070346148 997.210693 
1735251110346356 997.229492 
1735251150346877 997.253418 
1735251190337606 997.229492 
1735251230343492 997.009521 
1735251270345471 996.702393 
1735251310346981 996.552979 
1735251350330471 996.497559 
1735251390346929 996.398926 
1735251430346773 996.323730 
1735251470384377 996.335693 
1735251510340054 996.376709 
1735251550346200 996.453369 
1735251590345940 996.551025 
1735251630343856 996.659424 
1735251670344794 996.809326 
1735251710346877 996.927002 
1735251750349013 996.965332 
1735251790338388 996.789551 
1735251830340731 996.768799 
1735251870345940 996.859131 
1735251910346877 996.874268 
1735251950337659 996.880859 
1735251990346617 996.964355 
1735252030345992 997.086670 
1735252070384325 997.159180 
1735252110380419 997.177979 
1735252150345679 997.192627 
1735252190345367 997.219727 
1735252230347346 997.217285 
1735252270346929 997.153320 
1735252310346773 996.851807 
1735252350346721 996.613525 
1735252390337398 996.511719 
1735252430345784 996.453857 
1735252470345106 996.378174 
1735252510347034 996.348145 
1735252550337867 996.346436 
1735252590348700 996.364990 
1735252630346356 996.439941 
1735252670384690 996.512207 
1735252710325263 996.604492 
1735252750344898 996.772949 
1735252790345888 996.899414 
1735252830346825 996.886963 
1735252870344950 996.679443 
1735252910346877 996.669189 
1735252950347346 996.733887 
1735252990337606 996.778809 
1735253030420263 996.843262 
1735253070346200 996.950928 
1735253110346409 997.072266 
1735253150337606 997.169189 
1735253190346044 997.250732 
1735253230347138 997.246826 
1735253270384950 997.248291 
1735253310325211 997.202637 
1735253350345367 996.983887 
1735253390345836 996.646729 
1735253430347554 996.487061 
1735253470347346 996.435791 
1735253510346929 996.338135 
1735253550346825 996.271240 
1735253590384429 996.281494 
1735253630340211 996.299561 
1735253670345888 996.366455 
1735253710346825 996.474609 
1735253750337659 996.569824 
1735253790347242 996.726074 
1735253830346877 996.858887 
1735253870346565 996.920654 
1735253910337086 996.757568 
1735253950337815 996.714111 
1735253990345575 996.793457 
1735254030346461 996.821533 
1735254070345992 996.831055 
1735254110346721 996.895508 
1735254150346513 997.013184 
1735254190384325 997.096924 
1735254230340367 997.133301 
1735254270345054 997.144043 
1735254310346929 997.162598 
1735254350337398 997.159668 
1735254390346825 997.060059 
1735254430346617 996.745117 
1735254470346825 996.548096 
1735254510338179 996.455811 
1735254550337502 996.368408 
1735254590346096 996.300293 
1735254630347190 996.283691 
1735254670324898 996.311523 
1735254710346356 996.378174 
1735254750347190 996.507080 
1735254790384638 996.617188 
1735254830339950 996.765137 
1735254870344742 996.923096 
1735254910347034 996.966309 
1735254950337659 996.782227 
1735254990347138 996.713623 
1735255030346044 996.778809 
1735255070346513 996.827148 
1735255110337346 996.857666 
1735255150340054 996.919922 
1735255190345575 997.036621 
1735255230347086 997.135254 
1735255270324013 997.196777 
1735255310346981 997.217285 
1735255350346877 997.199463 
1735255390385159 997.198730 
1735255430338700 997.155762 
1735255470345263 996.862305 
1735255510345836 996.623291 
1735255550338648 996.536865 
1735255590345888 996.468262 
1735255630346929 996.383789 
1735255670346669 996.347656 
1735255710337919 996.371094 
1735255750340471 996.404297 
1735255790345888 996.496582 
1735255830346356 996.572754 
1735255870337606 996.688965 
1735255910346565 996.869629 
1735255950347450 997.002686 
1735255990384377 996.923828 
1735256030353700 996.713135 
1735256070345575 996.714844 
1735256110345575 996.769775 
1735256150345731 996.757080 
1735256190348909 996.766846 
1735256230348648 996.870605 
1735256270346877 996.988037 
1735256310337659 997.056152 
1735256350337971 997.110352 
1735256390345419 997.156250 
1735256430347138 997.204346 
1735256470337138 997.217529 
1735256510347138 997.109131 
1735256550346669 996.782959 
1735256590384481 996.574707 
1735256630324117 996.463135 
1735256670341200 996.416016 
1735256710345836 996.417725 
1735256750346877 996.407715 
1735256790347138 996.413818 
1735256830346721 996.475342 
1735256870346721 996.562988 
1735256910337398 996.700928 
1735256950364169 996.884277 
1735256990345731 997.019287 
1735257030346148 996.869629 
1735257070337659 996.734863 
1735257110348648 996.773682 
1735257150346981 996.782715 
1735257190384429 996.764893 
1735257230323023 996.793945 
1735257270342554 996.903809 
1735257310345888 997.036865 
1735257350346929 997.115967 
1735257390347867 997.152832 
1735257430346669 997.176025 
1735257470347346 997.208740 
1735257510373961 997.194580 
1735257550340002 997.057861 
1735257590345836 996.739258 
1735257630347138 996.551270 
1735257670337659 996.502930 
1735257710346929 996.440918 
1735257750346825 996.386963 
1735257790345888 996.372559 
1735257830337138 996.378174 
1735257870345731 996.390625 
1735257910345315 996.480225 
1735257950347190 996.604004 
1735257990346252 996.765625 
1735258030346929 996.894043 
1735258070346929 996.991699 
1735258110384377 996.939941 
1735258150340679 996.750977 
1735258190345888 996.767822 
1735258230345731 996.856445 
1735258270337919 996.870605 
1735258310346877 996.908203 
1735258350348752 997.001465 
1735258390346825 997.080811 
1735258430337919 997.122559 
1735258470324742 997.170654 
1735258510344638 997.185059 
1735258550346929 997.222656 
1735258590323492 997.219727 
1735258630346773 997.089600 
1735258670346356 996.720459 
1735258710387086 996.498047 
1735258750338648 996.446533 
1735258790345159 996.398682 
1735258830345784 996.338867 
1735258870337867 996.343750 
1735258910344898 996.378174 
1735258950346669 996.389404 
1735258990346981 996.475586 
1735259030337659 996.565430 
1735259070472815 996.686035 
1735259110345679 996.872803 
1735259150346825 996.997559 
1735259190327034 996.861816 
1735259230347815 996.702148 
1735259270345836 996.731445 
1735259310383856 996.773193 
1735259350338284 996.816895 
1735259390344950 996.881836 
1735259430344950 996.994385 
1735259470337346 997.101807 
1735259510346096 997.143066 
1735259550347034 997.157227 
1735259590346409 997.157959 
1735259630337867 997.192871 
1735259670340627 997.222656 
1735259710344846 997.063232 
1735259750346461 996.706055 
1735259790336148 996.499268 
1735259830346929 996.454102 
1735259870348023 996.414063 
1735259910384586 996.373779 
1735259950340523 996.354004 
1735259990345627 996.340088 
1735260030345731 996.348145 
1735260070346617 996.555664 
1735260110346669 996.712646 
1735260150346669 996.882080 
1735260190346617 997.001465 
1735260230337659 996.871094 
1735260270339429 996.702637 
1735260310345471 996.749756 
1735260350347346 996.832520 
1735260390337659 996.879639 
1735260430345784 996.929443 
1735260470346773 997.015381 
1735260510384429 997.098389 
1735260550339273 997.156250 
1735260590345836 997.189941 
1735260630345419 997.175537 
1735260670347138 997.183594 
1735260710347919 997.164551 
1735260750346513 997.027100 
1735260790346617 996.720703 
1735260830337815 996.544678 
1735260870434429 996.498047 
1735260910345888 996.421143 
1735260950347190 996.339600 
1735260990337659 996.321289 
1735261030347659 996.326904 
1735261070346565 996.340576 
1735261110384325 996.464111 
1735261150324221 996.595459 
1735261190346409 996.752930 
1735261230345523 996.913574 
1735261270346877 997.009521 
1735261310348336 996.859619 
1735261350346929 996.707275 
1735261390346773 996.788086 
1735261430352346 996.871826 
1735261470340679 996.896484 
1735261510346356 996.937500 
1735261550347138 997.011719 
1735261590337346 997.116455 
1735261630346669 997.199219 
1735261670346044 997.236572 
1735261710383804 997.235596 
1735261750337138 997.296387 
1735261790348336 997.218262 
1735261830345836 996.879150 
1735261870346877 996.570313 
1735261910344638 996.496826 
1735261950346148 996.419434 
1735261990346773 996.333740 
1735262030384377 996.297363 
1735262070339638 996.293945 
1735262110345940 996.324707 
1735262150347659 996.416504 
1735262190337606 996.534912 
1735262230347606 996.680176 
1735262270346565 996.862061 
1735262310345940 996.952637 
1735262350337867 996.841797 
1735262390338596 996.667969 
1735262430345836 996.681396 
1735262470346565 996.748535 
1735262510324377 996.784668 
1735262550346148 996.842041 
1735262590346617 996.922607 
1735262630384481 997.022217 
1735262670340106 997.095947 
1735262710345888 997.130127 
1735262750347346 997.150146 
1735262790337606 997.175293 
1735262830346981 997.153320 
1735262870346981 997.052490 
1735262910347138 996.764160 
1735262950337138 996.589600 
1735262990415159 996.535156 
1735263030346044 996.469482 
1735263070346877 996.398926 
1735263110326565 996.396973 
1735263150345784 996.426025 
1735263190346669 996.457764 
1735263230384742 996.534912 
1735263270340784 996.613525 
1735263310345784 996.741211 
1735263350345627 996.907471 
1735263390337606 997.014648 
1735263430345315 996.885010 
1735263470346617 996.761475 
1735263510346877 996.840088 
1735263550337659 996.856934 
1735263590343179 996.898926 
1735263630345315 996.995117 
1735263670345992 997.090820 
1735263710337606 997.147705 
1735263750346825 997.158203 
1735263790346565 997.161377 
1735263830384481 997.235840 
1735263870343179 997.145264 
1735263910345679 996.799072 
1735263950345471 996.558350 
1735263990346981 996.458740 
1735264030346513 996.375977 
1735264070346825 996.286621 
1735264110346877 996.239746 
1735264150337398 996.257324 
1735264190341929 996.308594 
1735264230346200 996.425781 
1735264270347450 996.534668 
1735264310337919 996.680420 
1735264350347919 996.918701 
1735264390347242 996.985840 
1735264430383596 996.798340 
1735264470349221 996.667236 
1735264510339586 996.703857 
1735264550345315 996.794922 
1735264590346669 996.829590 
1735264630346669 996.883545 
1735264670346929 997.000977 
1735264710346929 997.113281 
1735264750337398 997.205811 
1735264790339481 997.248779 
1735264830345888 997.250244 
1735264870346877 997.246826 
1735264910337398 997.155273 
1735264950346617 996.844727 
1735264990345992 996.649414 
1735265030384273 996.541016 
1735265070324221 996.445557 
1735265110340836 996.364746 
1735265150345523 996.318359 
1735265190346825 996.326904 
1735265230345784 996.382080 
1735265270348648 996.484619 
1735265310346513 996.593994 
1735265350338648 996.776367 
1735265390505419 996.942627 
1735265430345575 996.992432 
1735265470347034 996.783691 
1735265510337919 996.721924 
1735265550346929 996.803711 
1735265590346877 996.833740 
1735265630384429 996.818848 
1735265670338961 996.903320 
1735265710340523 997.036865 
1735265750345836 997.154541 
1735265790347190 997.227295 
1735265830346929 997.258057 
1735265870346825 997.302979 
1735265910346513 997.295898 
1735265950384429 997.210449 
1735265990339638 996.885498 
1735266030345836 996.613525 
1735266070345888 996.541992 
1735266110337398 996.489014 
1735266150345679 996.403809 
1735266190346617 996.364990 
1735266230346617 996.352783 
1735266270336877 996.296631 
1735266310346044 996.354248 
1735266350346356 996.481445 
1735266390347190 996.623047 
1735266430324221 996.815430 
1735266470346669 996.939209 
1735266510346617 996.906494 
1735266550384169 996.711670 
1735266590338127 996.730957 
1735266630346200 996.790771 
1735266670345836 996.787109 
1735266710337919 996.827637 
1735266750346409 996.951172 
1735266790346669 997.069580 
1735266830346565 997.100830 
1735266870337659 997.090332 
1735266910419065 997.132080 
1735266950345575 997.235107 
1735266990347190 997.144531 
1735267030325054 996.825684 
1735267070346304 996.597168 
1735267110346565 996.510986 
1735267150384690 996.437256 
1735267190340731 996.340576 
1735267230345888 996.301514 
1735267270345784 996.318115 
1735267310338336 996.356934 
1735267350346877 996.461182 
1735267390346721 996.594238 
1735267430346929 996.740234 
1735267470337398 996.891602 
1735267510342919 996.998291 
1735267550346461 996.921143 
1735267590347502 996.722900 
1735267630337138 996.719971 
1735267670347086 996.772217 
1735267710346877 996.794678 
1735267750385523 996.833740 
1735267790338596 996.922363 
1735267830324429 997.034668 
1735267870346409 997.094971 
1735267910347190 997.126709 
1735267950346929 997.192627 
1735267990346825 997.251465 
1735268030346773 997.248291 
1735268070337659 996.951904 
1735268110340211 996.711914 
1735268150344221 996.576904 
1735268190347086 996.457275 
1735268230337606 996.360840 
1735268270345888 996.318604 
1735268310346617 996.332275 
1735268350384950 996.353271 
1735268390343336 996.411377 
1735268430345523 996.527588 
1735268470345888 996.713623 
1735268510346877 996.905762 
1735268550346877 996.985107 
1735268590346773 996.800781 
1735268630346096 996.740723 
1735268670337919 996.845215 
1735268710338648 996.885742 
1735268750346200 996.885010 
1735268790347138 996.952393 
1735268830337659 997.066650 
1735268870346513 997.160400 
1735268910347711 997.224121 
1735268950385263 997.223633 
1735268990323648 997.210449 
1735269030345575 997.211670 
1735269070344846 997.140869 
1735269110346981 996.839600 
1735269150344534 996.635742 
1735269190346825 996.548340 
1735269230347659 996.449707 
1735269270337346 996.350342 
1735269310529742 996.285400 
1735269350345627 996.281982 
1735269390345940 996.325928 
1735269430337606 996.451416 
1735269470346304 996.589844 
1735269510346877 996.757568 
1735269550384429 996.881592 
1735269590337606 996.912842 
1735269630340054 996.773682 
1735269670344846 996.716553 
1735269710346981 996.780029 
1735269750346773 996.798828 
1735269790345940 996.810791 
1735269830346669 996.866455 
1735269870384377 996.983887 
1735269910339586 997.104004 
1735269950345627 997.156982 
1735269990347242 997.176270 
1735270030337606 997.228027 
1735270070345784 997.318359 
1735270110347190 997.198975 
1735270150346252 996.843018 
1735270190337398 996.609863 
1735270230336877 996.553467 
1735270270345523 996.460693 
1735270310346669 996.353271 
1735270350346825 996.305176 
1735270390346929 996.302490 
1735270430346877 996.387939 
1735270470384690 996.514404 
1735270510339429 996.700928 
1735270550345627 996.888672 
1735270590345784 997.008545 
1735270630337346 996.870117 
1735270670346096 996.698730 
1735270710345784 996.762451 
1735270750347502 996.881836 
1735270790337346 996.916992 
1735270830338804 996.942871 
1735270870345888 997.031982 
1735270910346929 997.140137 
1735270950326252 997.214844 
1735270990348388 997.243164 
1735271030345731 997.245605 
1735271070384950 997.270264 
1735271110340784 997.256836 
1735271150344794 996.942627 
1735271190345836 996.616211 
1735271230337711 996.502441 
1735271270346409 996.438232 
1735271310346617 996.355713 
1735271350346304 996.308350 
1735271390337346 996.331299 
1735271430343075 996.336182 
1735271470345523 996.373047 
1735271510347450 996.485107 
1735271550336825 996.630859 
1735271590346929 996.843750 
1735271630346669 996.984375 
1735271670384690 996.961670 
1735271710340836 996.725586 
1735271750345836 996.674805 
1735271790345575 996.750488 
1735271830346981 996.776855 
1735271870347086 996.807617 
1735271910346721 996.888916 
1735271950346669 997.016357 
1735271990337398 997.108154 
1735272030340888 997.175781 
1735272070345471 997.238037 
1735272110346356 997.309326 
1735272150337606 997.362549 
1735272190346565 997.193848 
1735272230346565 996.827148 
1735272270383804 996.620117 
1735272310341825 996.483887 
1735272350345575 996.389404 
1735272390345159 996.309814 
1735272430347138 996.317383 
1735272470346825 996.367188 
1735272510345836 996.382324 
1735272550346669 996.447754 
1735272590337346 996.568359 
1735272630339065 996.769531 
1735272670344898 996.934082 
1735272710346825 997.029297 
1735272750337659 996.852539 
1735272790346773 996.665039 
1735272830346617 996.699219 
1735272870383804 996.737793 
1735272910325888 996.762939 
1735272950339898 996.816650 
1735272990345627 996.916260 
1735273030346877 997.033936 
1735273070346981 997.115234 
1735273110346929 997.190430 
1735273150347086 997.240723 
1735273190337867 997.311523 
1735273230472659 997.285645 
1735273270345575 997.042236 
1735273310345627 996.724854 
1735273350338179 996.583740 
1735273390347450 996.509521 
1735273430347450 996.438965 
1735273470384950 996.356201 
1735273510340471 996.333496 
1735273550340888 996.329102 
1735273590346409 996.366455 
1735273630347190 996.482910 
1735273670345419 996.614258 
1735273710346877 996.798584 
1735273750346825 996.994385 
1735273790388127 997.063232 
1735273830340054 996.733643 
1735273870345575 996.751465 
1735273910346565 996.776611 
1735273950338179 996.834229 
1735273990346200 996.944580 
1735274030346981 997.088867 
1735274070346773 997.180908 
1735274110336877 997.213379 
1735274150396877 997.215332 
1735274190346096 997.248291 
1735274230347086 997.294922 
1735274270346513 997.065674 
1735274310347138 996.715088 
1735274350346929 996.556396 
1735274390384325 996.479492 
1735274430340627 996.386475 
1735274470345940 996.298828 
1735274510347138 996.294922 
1735274550338179 996.316406 
1735274590346565 996.371094 
1735274630347138 996.466064 
1735274670346721 996.626709 
1735274710337919 996.870117 
1735274750324377 997.003662 
1735274790346304 996.883789 
1735274830347086 996.711426 
1735274870324846 996.770508 
1735274910346200 996.843262 
1735274950346617 996.900879 
1735274990384534 996.951904 
1735275030339794 997.037354 
1735275070345679 997.122559 
1735275110345419 997.176270 
1735275150337919 997.197021 
1735275190345836 997.218018 
1735275230347034 997.227783 
1735275270346721 997.180908 
1735275310338179 996.905273 
1735275350340523 996.603516 
1735275390345575 996.508545 
1735275430347086 996.462402 
1735275470324377 996.375977 
1735275510346877 996.298828 
1735275550347138 996.273926 
1735275590384325 996.278564 
1735275630340471 996.343262 
1735275670345679 996.460205 
1735275710345731 996.639893 
1735275750346721 996.858398 
1735275790346981 997.004883 
1735275830346773 996.911865 
1735275870346929 996.712402 
1735275910337659 996.711426 
1735275950341929 996.765137 
1735275990345940 996.784668 
1735276030346929 996.846924 
1735276070337086 996.939697 
1735276110346825 997.050537 
1735276150347242 997.113037 
1735276190384325 997.156494 
1735276230420523 997.210449 
1735276270339586 997.268311 
1735276310346044 997.250977 
1735276350346877 997.009766 
1735276390346773 996.686279 
1735276430346096 996.548584 
1735276470346877 996.458252 
1735276510339742 996.363770 
1735276550338388 996.307373 
1735276590345731 996.322510 
1735276630347086 996.362793 
1735276670337606 996.439209 
1735276710346513 996.545898 
1735276750346877 996.669922 
1735276790384846 996.828857 
1735276830324794 996.951904 
1735276870338231 996.982178 
1735276910345315 996.773438 
1735276950346669 996.673340 
1735276990345367 996.767822 
1735277030347346 996.827148 
1735277070346565 996.855469 
1735277110338075 996.921143 
1735277150407502 997.030029 
1735277190345836 997.109619 
1735277230346148 997.200684 
1735277270336825 997.261963 
1735277310346877 997.203857 
1735277350346877 997.085205 
1735277390384690 996.815674 
1735277430340054 996.625244 
1735277470345679 996.553223 
1735277510346044 996.452393 
1735277550347138 996.339600 
1735277590346669 996.294922 
1735277630346877 996.302002 
1735277670346929 996.369873 
1735277710384846 996.494141 
1735277750341981 996.614990 
1735277790345992 996.758057 
1735277830345575 996.925049 
1735277870337659 997.002686 
1735277910346617 996.845703 
1735277950346669 996.702148 
1735277990346721 996.812256 
1735278030337659 996.842529 
1735278070345679 996.812256 
1735278110345211 996.837402 
1735278150346617 996.950928 
1735278190345471 997.054199 
1735278230346565 997.103516 
1735278270346721 997.139648 
1735278310384690 997.213867 
1735278350340002 997.280518 
1735278390345679 997.186768 
1735278430346148 996.838135 
1735278470337606 996.586182 
1735278510347919 996.479248 
1735278550346929 996.389160 
1735278590347138 996.315430 
1735278630338127 996.292725 
1735278670339846 996.317627 
1735278710345888 996.348877 
1735278750347242 996.419678 
1735278790324117 996.528564 
1735278830346148 996.705078 
1735278870346877 996.862305 
1735278910384742 996.940674 
1735278950339534 996.812012 
1735278990345888 996.724609 
1735279030345679 996.820313 
1735279070337659 996.873535 
1735279110346513 996.875977 
1735279150346877 996.956543 
1735279190347502 997.092529 
1735279230337919 997.182861 
1735279270342971 997.239990 
1735279310344846 997.251465 
1735279350346981 997.277344 
1735279390324221 997.298340 
1735279430346929 997.159912 
1735279470345992 996.805908 
1735279510386356 996.597168 
1735279550337711 996.461182 
1735279590345419 996.346436 
1735279630345627 996.245361 
1735279670351356 996.231201 
1735279710346877 996.261475 
1735279750347190 996.325928 
1735279790347138 996.431152 
1735279830337138 996.552490 
1735279870342867 996.727783 
1735310966218416 996.716553 
1735311006223416 996.720459 
1735311046220030 996.721191 
1735311086225707 996.721924 
1735311126217426 996.725098 
1735311166220655 996.727295 
1735311206219666 996.732666 
1735311246225291 996.730469 
1735311286218936 996.739014 
1735311326225291 996.724121 
1735311366219822 996.723877 
1735311406225603 996.718994 
1735311446219822 996.732178 
