# Created at Fri Mar 14 11:49:39 GMT+01:00 2025 in Burnaby Canada 
622201142395526 984.262207 
622201182396776 984.262207 
622201222392713 984.258301 
622201262395943 984.270508 
622201302396411 984.280518 
622201342397713 984.279297 
622201382390734 984.284180 
622201422396099 984.280029 
622201462396880 984.277588 
622201502395057 984.273438 
622201542389901 984.275146 
622201582395265 984.277344 
622201622395682 984.280029 
622201662388390 984.255615 
622201702393703 984.238525 
622201742396047 984.240967 
622201782396151 984.239502 
622201822387818 984.237061 
622201862396151 984.238525 
622201902396203 984.234863 
622201942396828 984.220947 
622201982404745 984.227295 
622202022395786 984.224609 
622202062395265 984.251465 
622202102397453 984.252441 
622202142390161 984.251465 
622202182396463 984.246338 
622202222397713 984.241455 
622202262387922 984.235840 
622202302392088 984.240723 
622202342396359 984.249268 
622202382396776 984.261475 
622202422387870 984.269043 
622202462397661 984.274414 
622202502396724 984.276611 
622202542397557 984.295166 
622202582393338 984.309814 
622202622395578 984.297363 
622202662396047 984.292725 
622202702397401 984.288330 
622202742390265 984.284180 
622202782395890 984.281494 
622202822396151 984.279785 
622202862387609 984.263916 
622202902390578 984.254639 
622202942396568 984.247314 
622202982397974 984.238281 
622203022388390 984.239746 
622203062375005 984.246826 
622203102396151 984.255859 
622203142398078 984.260986 
622203182375005 984.266602 
622203222396411 984.290527 
622203262395630 984.316650 
622203302397088 984.380859 
622203342389484 984.424316 
622203382396620 984.453857 
622203422398026 984.481445 
622203462388130 984.490967 
622203502388286 984.414551 
622203542396672 984.483887 
622203582397140 984.539795 
622203622387401 984.444824 
622203662375682 984.304443 
622203702396255 984.185547 
622203742398130 984.136475 
622203782375161 984.138672 
622203822387609 984.111328 
622203862395526 984.099365 
622203902396984 984.108887 
622203942390943 984.123291 
622203982396099 984.134521 
622204022395630 984.172119 
622204062388547 984.181641 
622204102389953 984.205811 
622204142395526 984.262451 
622204182397297 984.289307 
622204222387609 984.296875 
622204262393026 984.309814 
622204302385526 984.365723 
622204342397922 984.383789 
622204382391255 984.394043 
622204422396463 984.390137 
622204462395890 984.403076 
622204502397661 984.475830 
622204542391463 984.449219 
622204582395838 984.327148 
622204622396307 984.268799 
622204662401307 984.265869 
622204702512870 984.286621 
622204742396411 984.371094 
622204782396828 984.406738 
622204822388390 984.441895 
622204862397193 984.406494 
622204902390890 984.335205 
622204942397661 984.259521 
622204982388390 984.237793 
622205022395526 984.243164 
622205062396203 984.217041 
622205102396568 984.187256 
622205142390630 984.169189 
622205182395630 984.164795 
622205222396151 984.163330 
622205262434953 984.159668 
622205302393703 984.234619 
622205342396828 984.261963 
622205382396307 984.245850 
622205422388130 984.260010 
622205462390422 984.270752 
622205502396724 984.283691 
622205542396776 984.266846 
622205582387557 984.252930 
622205622396568 984.245117 
622205662396515 984.251953 
622205702393182 984.277100 
622205742433495 984.332764 
622205782391672 984.362305 
622205822396151 984.371582 
622205862397557 984.359375 
622205902390422 984.379395 
622205942398495 984.416504 
622205982390786 984.444092 
622206022388390 984.452881 
622206062388963 984.450684 
622206102389224 984.425781 
622206142397922 984.405518 
622206182388755 984.384521 
622206222395630 984.375000 
622206262396359 984.363037 
622206302391463 984.345215 
622206342375578 984.325928 
622206382396620 984.326660 
622206422395943 984.321533 
622206462397453 984.318359 
622206502390890 984.324219 
622206542396255 984.319580 
622206582469224 984.332031 
622206622388286 984.334961 
622206662392297 984.330811 
622206702396724 984.324707 
622206742397193 984.329102 
622206782388234 984.329590 
622206822390786 984.326416 
622206862396724 984.331055 
622206902393703 984.336914 
622206942373807 984.336670 
622206982391515 984.339111 
622207022374640 984.337402 
622207062397818 984.330566 
622207102388234 984.323242 
622207142396307 984.323242 
622207182389849 984.314697 
622207222387453 984.309082 
622207262389432 984.297119 
622207302392453 984.301025 
622207342395578 984.296387 
622207382388963 984.295410 
622207422375422 984.301270 
622207462396307 984.312744 
622207502394276 984.324463 
622207542381672 984.329102 
622207582396515 984.341797 
622207622396932 984.353516 
622207662397818 984.367920 
622207702391359 984.383057 
622207742396620 984.403564 
622207782395578 984.427246 
622207822396463 984.438965 
622207862393286 984.442383 
622207902396776 984.436523 
622207942398390 984.420166 
622207982388130 984.411377 
622208022393547 984.404297 
622208062396255 984.395996 
622208102396203 984.380371 
622208142387401 984.369873 
622208182397401 984.369629 
622208222396463 984.352783 
622208262397661 984.300781 
622208302398963 984.201660 
622208342395682 984.061768 
622208382396203 983.918945 
622208422396359 983.845459 
622208462390318 983.831543 
622208502393286 983.845459 
622208542395370 983.876221 
622208582387349 983.925293 
622208622392870 983.978760 
622208662396672 984.034424 
622208702393390 984.077637 
622208742388130 984.140137 
622208782374224 984.173828 
622208822396307 984.192627 
622208862398026 984.209961 
622208902391828 984.215332 
622208942396307 984.220215 
622208982396411 984.235107 
622209022396463 984.250488 
622209062390422 984.273682 
622209102393182 984.351807 
622209142396307 984.463623 
622209182388130 984.537842 
622209222389068 984.602539 
622209262395838 984.639648 
622209302374380 984.670410 
622209342387140 984.690186 
622209382395682 984.697754 
622209422395578 984.685059 
622209462397140 984.593994 
622209502375161 984.458252 
622209542397818 984.306152 
622209582396411 984.166748 
622209622397870 984.067139 
622209662390005 983.998047 
622209702396672 983.981201 
622209742396359 983.985596 
622209782388078 984.013672 
622209822391255 984.055664 
622209862396620 984.095215 
622209902398234 984.128418 
622209942388182 984.209961 
622209982394745 984.232666 
622210022396359 984.208252 
622210062396984 984.198730 
622210102373963 984.199707 
622210142396411 984.210449 
622210182395682 984.237305 
622210222397297 984.269043 
622210262391359 984.358398 
622210302395734 984.498047 
622210342395890 984.608154 
622210382387870 984.668457 
622210422392818 984.676270 
622210462396411 984.659424 
622210502396932 984.643555 
622210542387609 984.635986 
622210582393703 984.627197 
622210622396672 984.591309 
622210662397974 984.507324 
622210702388911 984.367920 
622210742396359 984.193359 
622210782395943 984.039551 
622210822396307 983.968750 
622210862389849 983.942383 
622210902396047 983.947266 
622210942395943 983.971436 
622210982396776 984.009521 
622211022391984 984.044922 
622211062396099 984.084961 
622211102397818 984.116699 
622211142387609 984.179199 
622211182398286 984.214844 
622211222396047 984.209717 
622211262396568 984.201660 
622211302389172 984.213379 
622211342396255 984.217529 
622211382396307 984.234619 
622211422397609 984.258545 
622211462404432 984.374023 
622211502396151 984.492432 
622211542396411 984.558105 
622211582397557 984.593994 
622211622390890 984.609619 
622211662396515 984.628662 
622211702397557 984.646973 
622211742390526 984.650146 
622211782387661 984.596191 
622211822396203 984.465332 
622211862397349 984.262939 
622211902388443 984.111572 
622211942396047 984.039551 
622211982396463 984.016602 
622212022397401 984.018799 
622212062391151 984.040771 
622212102396568 984.075439 
622212142396307 984.105469 
622212182397193 984.135254 
622212222390370 984.171631 
622212262396411 984.213623 
622212302397140 984.248535 
622212342388911 984.254639 
622212382396724 984.249756 
622212422396984 984.242920 
622212462397401 984.234375 
622212502388390 984.238525 
622212542396359 984.241943 
622212582396099 984.265869 
622212622397713 984.335449 
622212662376411 984.458252 
622212702396463 984.563477 
622212742396099 984.613525 
622212782397401 984.625977 
622212822388703 984.646484 
622212862396932 984.651367 
622212902396776 984.653076 
622212942389380 984.615723 
622212982394588 984.495117 
622213022397140 984.312500 
622213062397349 984.146729 
622213102388390 984.046143 
622213142395265 984.003662 
622213182396515 983.997314 
622213222397349 984.020508 
622213262375109 984.056885 
622213302396724 984.086914 
622213342396359 984.114014 
622213382397505 984.150879 
622213422389068 984.184082 
622213462395318 984.239746 
622213502396411 984.251709 
622213542388130 984.241943 
622213582393234 984.242920 
622213622396932 984.236084 
622213662396828 984.234863 
622213702388443 984.243408 
622213742393547 984.272217 
622213782396828 984.328857 
622213822397661 984.433105 
622213862389172 984.534424 
622213902396724 984.583252 
622213942390838 984.604492 
622213982397713 984.624756 
622214022389432 984.636719 
622214062396047 984.640381 
622214102396151 984.617676 
622214142397870 984.527344 
622214182389953 984.376953 
622214222396568 984.195068 
622214262396099 984.069824 
622214302388651 984.013428 
622214342390161 983.995850 
622214382395838 984.002197 
622214422397713 984.029297 
622214462387401 984.065918 
622214502396151 984.104980 
622214542396359 984.139160 
622214582397557 984.172363 
622214622466932 984.218018 
622214662396047 984.241699 
622214702396047 984.237549 
622214742397713 984.229248 
622214782390526 984.216309 
622214822396307 984.219482 
622214862395370 984.221436 
622214902387609 984.231689 
622214942390370 984.239258 
622214982396203 984.371338 
622215022396047 984.479492 
622215062388390 984.557373 
622215102396307 984.604004 
622215142396463 984.647949 
622215182397193 984.671143 
622215222393807 984.662354 
622215262396047 984.638672 
622215302396099 984.525391 
622215342396828 984.330566 
622215382389588 984.148926 
622215422396463 984.046631 
622215462396151 984.000488 
622215502390526 983.994141 
622215542390057 984.016357 
622215582396463 984.048584 
622215622397453 984.086426 
622215662387818 984.116943 
622215702390630 984.150635 
622215742396515 984.182129 
622215782397661 984.250488 
622215822377505 984.240723 
622215862396411 984.225830 
622215902395578 984.222900 
622215942397140 984.213379 
622215982389953 984.207031 
622216022396151 984.222412 
622216062396463 984.233398 
622216102387870 984.267578 
622216142398234 984.366211 
622216182395838 984.492432 
622216222396359 984.580566 
622216262388443 984.631104 
622216302395526 984.659180 
622216342395943 984.678467 
622216382397818 984.690430 
622216422376984 984.655029 
622216462396047 984.540283 
622216502396463 984.368164 
622216542397609 984.172363 
622216582390995 984.034180 
622216622396672 983.982910 
622216662395786 983.970215 
622216702430422 983.987793 
622216742447349 984.021729 
622216782395526 984.059082 
622216822397765 984.090088 
622216862388911 984.131836 
622216902393338 984.163330 
622216942395057 984.198730 
622216982397974 984.210449 
622217022388911 984.221924 
622217062396932 984.222168 
622217102396515 984.223145 
622217142397661 984.222168 
622217182392661 984.221924 
622217222396463 984.231689 
622217262396203 984.261230 
622217302434745 984.335693 
622217342388495 984.435547 
622217382395786 984.510986 
622217422395682 984.576416 
622217462387349 984.638916 
622217502391411 984.691406 
622217542396411 984.706543 
622217582397661 984.666504 
622217622388651 984.532959 
622217662396359 984.334229 
622217702396411 984.160889 
622217742397713 984.057617 
622217782418130 984.016113 
622217822396307 984.008057 
622217862395526 984.020752 
622217902435265 984.056152 
622217942389745 984.103027 
622217982396359 984.138184 
622218022395526 984.165771 
622218062388651 984.217041 
622218102388963 984.239502 
622218142396359 984.251465 
622218182397870 984.246826 
622218222388443 984.244629 
622218262396203 984.244385 
622218302396307 984.249023 
622218342397713 984.248291 
622218382389276 984.264893 
622218422396620 984.316406 
622218462396411 984.412598 
622218502397818 984.511963 
622218542389640 984.572266 
622218582396776 984.629883 
622218622395995 984.666260 
622218662389953 984.684082 
622218702389484 984.621338 
622218742396359 984.464111 
622218782398234 984.256836 
622218822388390 984.112305 
622218862396203 984.044922 
622218902395995 984.017578 
622218942397713 984.021973 
622218982374693 984.049316 
622219022395943 984.087646 
622219062395630 984.123047 
622219102397974 984.164551 
622219142390578 984.186035 
622219182395786 984.250000 
622219222396411 984.260986 
622219262388338 984.241943 
622219302389797 984.249023 
622219342396307 984.239258 
622219382395526 984.233398 
622219422388390 984.236572 
622219462395682 984.233887 
622219502396568 984.251465 
622219542398234 984.327393 
622219582387922 984.449707 
622219622396047 984.529053 
622219662396255 984.592285 
622219702397661 984.639160 
622219742389432 984.667236 
622219782396047 984.660889 
622219822396828 984.637939 
622219862391255 984.553955 
622219902391880 984.370605 
622219942396672 984.177734 
622219982396672 984.069580 
622220022388390 984.025391 
622220062391984 984.015381 
622220102396307 984.037842 
622220142397870 984.060547 
622220182388390 984.084961 
622220222396255 984.128418 
622220262396932 984.167725 
622220302397974 984.193604 
622220342390318 984.251465 
622220382389068 984.240967 
622220422396151 984.230469 
622220462397974 984.223877 
622220502390005 984.220459 
622220542396359 984.222900 
622220582390682 984.239258 
622220622388130 984.239990 
622220662399068 984.269287 
622220702396672 984.372803 
622220742397557 984.494629 
622220782388390 984.573975 
622220822395682 984.623047 
622220862396463 984.651855 
622220902397661 984.670654 
622220942455422 984.685547 
622220982396880 984.639160 
622221022396307 984.516602 
622221062397609 984.342285 
622221102543130 984.177979 
622221142396203 984.057617 
622221182395630 984.012451 
622221222387870 983.999268 
622221262394015 984.020020 
622221302395578 984.051025 
622221342396932 984.091309 
622221382388390 984.129639 
622221422375057 984.165527 
622221462396099 984.218994 
622221502397609 984.263672 
622221542377297 984.261475 
622221582396151 984.249023 
622221622396359 984.240967 
622221662396984 984.232910 
622221702391568 984.222168 
622221742396672 984.234619 
622221782396672 984.244385 
622221822387609 984.308105 
622221862389484 984.416260 
622221902396411 984.523193 
622221942397661 984.573975 
622221982387609 984.619873 
622222022395682 984.665771 
622222062396359 984.697266 
622222102397609 984.699219 
622222142375265 984.610840 
622222182395578 984.450684 
622222222395943 984.253662 
622222262397661 984.111572 
622222302389276 984.015137 
622222342395578 984.026855 
622222382395213 984.043945 
622222422388130 984.077148 
622222462402713 984.110596 
622222502396411 984.135254 
622222542396099 984.161621 
622222582387870 984.231201 
622222622401568 984.241211 
622222662396047 984.232178 
622222702396880 984.235352 
622222742376411 984.227783 
622222782396411 984.227539 
622222822395526 984.228271 
622222862396776 984.248779 
622222902390786 984.277832 
622222942396255 984.389404 
622222982396620 984.500000 
622223022393599 984.566162 
622223062389276 984.592529 
622223102396411 984.620117 
622223142396047 984.665771 
622223182387349 984.687744 
622223222396359 984.665527 
622223262396672 984.562988 
622223302397713 984.375488 
622223342388390 984.186523 
622223382393495 984.070557 
622223422395943 984.020508 
622223462397036 984.009521 
622223502388859 984.027832 
622223542396463 984.063965 
622223582396411 984.102539 
622223622397401 984.131348 
622223662393390 984.168457 
622223702396463 984.181152 
622223742396099 984.251221 
622223782388130 984.259521 
622223822497922 984.248535 
622223862396411 984.241699 
622223902397088 984.233643 
622223942388390 984.227783 
622223982390213 984.232910 
622224022395890 984.241211 
622224062397453 984.296875 
622224102431568 984.411621 
622224142396724 984.528809 
622224182397140 984.596680 
622224222396828 984.620361 
622224262390786 984.636475 
622224302395838 984.654053 
622224342396411 984.666260 
622224382388911 984.656494 
622224422389693 984.555420 
622224462397140 984.400879 
622224502397349 984.220459 
622224542387349 984.080322 
622224582396203 984.019775 
622224622395630 984.005615 
622224662397036 984.016357 
622224702393547 984.042969 
622224742395838 984.072754 
622224782396932 984.101318 
622224822397922 984.124756 
622224862390734 984.156982 
622224902396099 984.186279 
622224942396047 984.200195 
622224982388234 984.214111 
622225022396463 984.233154 
622225062396880 984.258545 
622225102397193 984.299561 
622225142387870 984.403564 
622225182374276 984.520996 
622225222396307 984.605713 
622225262397245 984.637939 
622225302374745 984.624756 
622225342395578 984.606445 
622225382396724 984.637451 
622225422396776 984.690918 
622225462387453 984.725586 
622225502396411 984.684814 
622225542396568 984.569580 
622225582387870 984.419189 
622225622444068 984.215820 
622225662396411 984.064209 
622225702396828 983.992676 
622225742388443 983.966797 
622225782375370 983.967529 
622225822396411 983.992676 
622225862397609 984.040527 
622225902386359 984.122803 
622225942396307 984.158203 
622225982394745 984.204102 
622226022396307 984.205078 
622226062388963 984.205811 
622226102395786 984.210205 
622226142396672 984.208984 
622226182393911 984.213867 
622226222392036 984.232422 
622226262395526 984.271484 
622226302396724 984.363037 
622226342387818 984.481689 
622226382401151 984.579346 
622226422396828 984.630615 
622226462396828 984.681641 
622226502388130 984.723877 
622226542396828 984.732666 
622226582396880 984.690918 
622226622397297 984.588135 
622226662389484 984.434326 
622226702395578 984.240479 
622226742395890 984.085449 
622226782396255 984.018311 
622226822390213 983.996582 
622226862395109 984.005127 
622226902396411 984.029785 
622226942388599 984.062500 
622226982394484 984.095703 
622227022396359 984.130859 
622227062396984 984.170166 
622227102388390 984.248779 
622227142396359 984.235596 
622227182395630 984.214844 
622227222397870 984.208496 
622227262394068 984.213135 
622227302396568 984.219482 
622227342396515 984.234131 
622227382397661 984.263428 
622227422389953 984.355225 
622227462396411 984.467285 
622227502396099 984.546143 
622227542388130 984.600586 
622227582389849 984.624756 
622227622395578 984.650146 
622227662398130 984.684570 
622227702388390 984.687012 
622227742396568 984.645020 
622227782395630 984.512939 
622227822397870 984.296143 
622227862375838 984.130371 
622227902395630 984.048584 
622227942396307 984.022461 
622227982397140 984.032471 
622228022392713 984.063232 
622228062396672 984.089600 
622228102396307 984.111816 
622228142388911 984.140625 
622228182389015 984.159424 
622228222396515 984.219482 
622228262397401 984.244629 
622228302388443 984.231201 
622228342395630 984.232422 
622228382396359 984.222412 
622228422397609 984.220947 
622228462374953 984.236328 
622228502395890 984.266846 
622228542396359 984.312744 
622228582396880 984.410400 
622228622389797 984.535400 
622228662396984 984.607910 
622228702396984 984.659180 
622228742388911 984.676025 
622228782389276 984.694580 
622228822395890 984.695068 
622228862396828 984.677002 
622228902388130 984.624023 
622228942401880 984.477783 
622228982396776 984.261230 
622229022398026 984.093262 
622229062393026 984.016602 
622229102396359 983.998779 
622229142396463 984.008057 
622229182397609 984.040771 
622229222390265 984.083496 
622229262396203 984.127930 
622229302396411 984.159424 
622229342434328 984.185547 
622229382393390 984.221680 
622229422396047 984.244873 
622229462396411 984.243896 
622229502387609 984.243164 
622229542401463 984.240234 
622229582396359 984.225342 
622229622397922 984.255615 
622229662387870 984.297119 
622229702393338 984.397461 
622229742396359 984.509766 
622229782396359 984.604980 
622229822391828 984.660645 
622229862395890 984.692871 
622229902396724 984.708008 
622229942397661 984.713135 
622229982392713 984.696533 
622230022396724 984.594971 
622230062395630 984.413818 
622230102387870 984.223389 
622230142392713 984.086426 
622230182396411 984.021484 
622230222397974 983.998291 
622230262388130 984.013916 
622230302396620 984.043457 
622230342396307 984.084229 
622230382396515 984.115479 
622230422428963 984.142822 
622230462393807 984.185303 
622230502396672 984.248779 
622230542398182 984.267090 
622230582390786 984.232910 
622230622396463 984.235596 
622230662397401 984.234131 
622230702388390 984.232422 
622230742389015 984.246826 
622230782396620 984.290039 
622230822397557 984.336426 
622230862387609 984.468262 
622230902396880 984.572021 
622230942395630 984.605957 
622230982396359 984.652100 
622231022388130 984.711914 
622231062396411 984.739258 
622231102396620 984.718506 
622231142396776 984.623047 
622231182389693 984.420654 
622231222395630 984.192139 
622231262395578 984.070801 
622231302388390 984.028076 
622231342391411 984.021729 
622231382394953 984.035645 
622231422391984 984.057861 
622231462388390 984.104492 
622231502397193 984.137695 
622231542396099 984.181152 
622231582396880 984.197510 
622231622375109 984.245605 
622231662388026 984.251953 
622231702395838 984.261230 
622231742397453 984.255371 
622231782390630 984.247070 
622231822396151 984.252197 
622231862395995 984.259033 
622231902388390 984.274170 
622231942460005 984.336426 
622231982395734 984.454834 
622232022396307 984.555420 
622232062387349 984.620850 
622232102392297 984.658691 
622232142395370 984.678955 
622232182397922 984.702393 
622232222392036 984.696533 
622232262396359 984.682129 
622232302396411 984.566406 
622232342396672 984.361328 
622232382388390 984.173584 
622232422395995 984.063232 
622232462395682 984.026123 
622232502397609 984.025635 
622232542393390 984.052246 
622232582396411 984.087646 
622232622395890 984.123291 
622232662388911 984.161377 
622232702396828 984.182617 
622232742395630 984.223633 
622232782396307 984.281982 
622232822388651 984.278809 
622232862396880 984.269043 
622232902395370 984.260986 
622232942397349 984.251953 
622232982389797 984.252197 
622233022395370 984.268311 
622233062395890 984.291016 
622233102397140 984.333496 
622233142390682 984.429199 
622233182396463 984.546631 
622233222397922 984.624268 
622233262387297 984.662598 
622233302393495 984.703613 
622233342396463 984.715332 
622233382397557 984.699951 
622233422388078 984.570801 
622233462396099 984.374756 
622233502396463 984.191895 
622233542397557 984.079590 
622233582390995 984.042480 
622233622395578 984.040771 
622233662396463 984.059814 
622233702396880 984.086670 
622233742390474 984.126221 
622233782396307 984.167725 
622233822397140 984.218262 
622233862388390 984.245361 
622233902392401 984.292236 
622233942396411 984.281250 
622233982396255 984.278564 
622234022387609 984.275635 
622234062396776 984.267578 
622234102396307 984.261230 
622234142396255 984.259033 
622234182375370 984.263428 
622234222396672 984.300781 
622234262396099 984.394531 
622234302397401 984.503906 
622234342388547 984.584961 
622234382397609 984.639648 
622234422395578 984.675049 
622234462388130 984.712891 
622234502389432 984.718506 
622234542395526 984.704590 
622234582397609 984.598145 
622234622387609 984.413818 
622234662390682 984.230957 
622234702396307 984.106689 
622234742397609 984.055176 
622234782375057 984.038818 
622234822396463 984.053711 
622234862395943 984.075684 
622234902397245 984.110107 
622234942389172 984.150146 
622234982396151 984.173340 
622235022396099 984.202881 
622235062387349 984.260742 
622235102389901 984.269775 
622235142395786 984.266846 
622235182397453 984.255615 
622235222388651 984.245117 
622235262390630 984.248535 
622235302396359 984.254150 
622235342397193 984.262207 
622235382393599 984.291992 
622235422396307 984.406982 
622235462396411 984.535156 
622235502397713 984.618652 
622235542390943 984.645996 
622235582396724 984.665039 
622235622396203 984.685547 
622235662400265 984.689941 
622235702425682 984.670410 
622235742396099 984.570068 
622235782397765 984.368408 
622235822388130 984.179199 
622235862393599 984.079834 
622235902396672 984.053223 
622235942398130 984.054688 
622235982388338 984.072754 
622236022396307 984.104248 
622236062396672 984.136719 
622236102397088 984.173340 
622236142391672 984.198975 
622236182396099 984.217285 
622236222396672 984.269287 
622236262397557 984.268066 
622236302389901 984.272217 
622236342395318 984.270996 
622236382396828 984.276123 
622236422387661 984.280029 
622236462396047 984.285889 
622236502396932 984.296875 
622236542396880 984.354492 
622236582387870 984.454590 
622236622396099 984.566406 
622236662396099 984.641113 
622236702397870 984.674072 
622236742441047 984.692871 
622236782396047 984.703857 
622236822396620 984.700928 
622236862396307 984.644043 
622236902391620 984.502197 
622236942396568 984.286865 
622236982396047 984.135986 
622237022388443 984.049072 
622237062395995 984.061279 
622237102396411 984.085205 
622237142397661 984.120361 
622237182388599 984.145264 
622237222396932 984.180420 
622237262395890 984.191406 
622237302396932 984.244385 
622237342376776 984.259277 
622237382395422 984.250244 
622237422395526 984.247070 
622237462396984 984.250732 
622237502390109 984.249268 
622237542395890 984.264648 
622237582396099 984.296631 
622237622387401 984.386475 
622237662394849 984.520020 
622237702396307 984.608154 
622237742397557 984.652832 
622237782388130 984.670410 
622237822396203 984.684326 
622237862396203 984.698242 
622237902397557 984.697021 
622237942375109 984.666260 
622237982396047 984.503906 
622238022396359 984.276123 
622238062397609 984.125977 
622238102388182 984.062256 
622238142396411 984.050537 
622238182396099 984.053955 
622238222388807 984.081543 
622238262401255 984.124268 
622238302395682 984.168945 
622238342396359 984.197998 
622238382388390 984.230957 
622238422396724 984.261475 
622238462397140 984.306885 
622238502397870 984.289795 
622238542392036 984.276855 
622238582396411 984.269287 
622238622395890 984.270996 
622238662397401 984.273926 
622238702390265 984.284424 
622238742395005 984.301025 
622238782396411 984.358887 
622238822400578 984.470215 
622238862393026 984.576416 
622238902396515 984.637695 
622238942397713 984.664307 
622238982387349 984.702637 
622239022394015 984.742432 
622239062396411 984.747803 
622239102397453 984.719482 
622239142387870 984.610840 
622239182396463 984.393311 
622239222396099 984.191650 
622239262396620 984.081055 
622239302395526 984.042725 
622239342398547 984.032959 
622239382390682 984.056641 
622239422396255 984.088867 
622239462396776 984.122559 
622239502388911 984.163574 
622239542389015 984.197754 
622239582395943 984.215576 
622239622396307 984.267090 
622239662387974 984.278320 
622239702375265 984.267334 
622239742396047 984.265625 
622239782397453 984.262451 
622239822374745 984.260742 
622239862396724 984.266113 
622239902396932 984.276611 
622239942397661 984.331543 
622239982391515 984.441406 
622240022396307 984.555176 
622240062396724 984.628906 
622240102388130 984.677734 
622240142393182 984.711182 
622240182396411 984.734619 
622240222397088 984.735596 
622240262387870 984.689941 
622240302394432 984.555420 
622240342387661 984.341797 
622240382396151 984.181396 
622240422396359 984.099609 
622240462397713 984.068604 
622240502376568 984.071045 
622240542395734 984.090576 
622240582396620 984.124023 
622240622397974 984.158203 
622240662388495 984.189697 
622240702396359 984.204834 
622240742395057 984.245605 
622240782388130 984.281982 
622240822390578 984.273926 
622240862396620 984.277588 
622240902397609 984.272705 
622240942388130 984.273193 
622240982390578 984.282959 
622241022393338 984.284912 
622241062396359 984.322266 
622241102374120 984.426758 
622241142396359 984.531250 
622241182396203 984.590332 
622241222397661 984.635742 
622241262390265 984.688965 
622241302396932 984.727539 
622241342396411 984.731201 
622241382387609 984.680420 
622241422388703 984.548096 
622241462396047 984.347168 
622241502397401 984.187744 
622241542387661 984.094727 
622241582394901 984.053223 
622241622396359 984.051025 
622241662396776 984.067139 
622241702392505 984.105957 
622241742396411 984.142822 
622241782396411 984.178467 
622241822397922 984.197510 
622241862389745 984.228760 
622241902396620 984.267578 
622241942396411 984.264160 
622241982399693 984.260010 
622242022375370 984.263428 
622242062396672 984.258301 
622242102397193 984.265137 
622242142388130 984.282715 
622242182393026 984.310303 
622242222396151 984.372559 
622242262396359 984.479980 
622242302388182 984.565674 
622242342396307 984.622314 
622242382395630 984.666992 
622242422397609 984.696045 
622242462389745 984.717041 
622242502396568 984.710938 
622242542395786 984.678223 
622242582397505 984.580078 
622242622393078 984.407471 
622242662396099 984.223877 
622242702396151 984.102539 
622242742388443 984.049805 
622242782391151 984.043945 
622242822395734 984.067871 
622242862397765 984.098389 
622242902388338 984.137207 
622242942390630 984.166992 
622242982396151 984.205811 
622243022396672 984.224854 
622243062430370 984.281738 
622243102396932 984.276855 
622243142395943 984.269531 
622243182397974 984.270996 
622243222390370 984.265381 
622243262396672 984.261719 
622243302396047 984.276123 
622243342388651 984.299316 
622243382389953 984.362549 
622243422396411 984.474609 
622243462396828 984.565186 
622243502388390 984.595703 
622243542396047 984.607910 
622243582396724 984.635742 
622243622398078 984.679688 
622243662376359 984.699951 
622243702396151 984.657227 
622243742395526 984.516357 
622243782398390 984.308350 
622243822389849 984.162598 
622243862395995 984.079346 
622243902395943 984.051758 
622243942388390 984.052490 
622243982396411 984.078857 
622244022396880 984.105957 
622244062397713 984.150635 
622244102388390 984.178711 
622244142396099 984.198486 
622244182396099 984.245850 
622244222397713 984.286133 
622244262390734 984.291016 
622244302396255 984.274902 
622244342396307 984.269775 
622244382397609 984.263184 
622244422387557 984.267578 
622244462395630 984.273193 
622244502396932 984.318848 
622244542388651 984.394287 
622244582498495 984.473389 
622244622396776 984.531006 
622244662397557 984.596191 
622244702387609 984.655518 
622244742392713 984.683105 
622244782396203 984.684082 
622244822396307 984.645508 
622244862392036 984.541016 
622244902396203 984.368652 
622244942395526 984.200439 
622244982397870 984.105225 
622245022388182 984.067627 
622245062396776 984.071289 
622245102396047 984.079590 
622245142400213 984.098145 
622245182393026 984.131592 
622245222396672 984.169434 
622245262397870 984.201660 
622245302388651 984.219971 
622245342393026 984.274902 
622245382396099 984.283936 
622245422397036 984.269531 
622245462388390 984.261230 
622245502395682 984.261719 
622245542396984 984.254883 
622245582397661 984.266113 
622245622390474 984.272949 
622245662392713 984.307861 
622245702391047 984.393311 
622245742397609 984.502441 
622245782389640 984.581543 
622245822395578 984.618896 
622245862396359 984.662354 
622245902387453 984.678711 
622245942392557 984.696533 
622245982396151 984.706543 
622246022397401 984.630615 
622246062387922 984.467529 
622246102396099 984.265869 
622246142396880 984.141113 
622246182397713 984.077881 
622246222388911 984.060547 
622246262395630 984.072998 
622246302395786 984.096436 
622246342397765 984.120361 
622246382390995 984.153809 
622246422396463 984.192871 
622246462396672 984.206543 
622246502388443 984.276611 
622246542388651 984.291992 
622246582395838 984.275879 
622246622397609 984.263916 
622246662388390 984.267822 
622246702375422 984.263916 
622246742396411 984.270508 
622246782397974 984.287109 
622246822376411 984.320313 
622246862375370 984.429932 
622246902395630 984.538330 
622246942397661 984.619141 
622246982389797 984.656006 
622247022396620 984.661377 
622247062396411 984.673828 
622247102389172 984.697754 
622247142389901 984.707031 
622247182395370 984.659424 
622247222397505 984.517334 
622247262387661 984.273682 
622247302389849 984.110596 
622247342396463 984.049316 
622247382398390 984.032715 
622247422374693 984.048828 
622247462395474 984.072510 
622247502396411 984.111572 
622247542396932 984.141602 
622247582392557 984.181885 
622247622396776 984.204102 
622247662396047 984.247070 
622247702388182 984.260254 
622247742389224 984.264404 
622247782398390 984.261963 
622247822396724 984.260498 
622247862387922 984.260986 
622247902394068 984.271240 
622247942395734 984.272949 
622247982396828 984.307861 
622248022392453 984.382568 
622248062396359 984.538330 
622248102396099 984.596924 
622248142397922 984.667480 
622248182391255 984.717285 
622248222395578 984.725098 
622248262396984 984.697021 
622248302434432 984.593018 
622248342414693 984.406006 
622248382396359 984.202393 
622248422397401 984.094727 
622248462388390 984.061035 
622248502393911 984.067139 
622248542395943 984.094238 
622248582396828 984.118896 
622248622388390 984.158936 
622248662396307 984.187500 
622248702396203 984.220215 
622248742397661 984.253174 
622248782401307 984.300293 
622248822396047 984.293457 
622248862395786 984.286133 
622248902397453 984.295410 
622248942393234 984.293457 
622248982396463 984.290527 
622249022396151 984.293945 
622249062388130 984.325439 
622249102390630 984.383545 
622249142395109 984.478027 
622249182397818 984.547852 
622249222388651 984.547119 
622249262396151 984.610596 
622249302396515 984.696289 
622249342397713 984.729492 
622249382432401 984.736816 
622249422395838 984.693115 
622249462396099 984.548340 
622249502397140 984.347900 
622249542391099 984.196289 
622249582396203 984.122559 
622249622395838 984.087646 
622249662387870 984.091064 
622249702389462 984.109863 
622249742396285 984.139404 
622249782397796 984.180908 
622249822387744 984.209473 
622249862396285 984.221680 
622249902389723 984.269287 
622249942398108 984.311279 
622249982376494 984.294189 
622250022396285 984.271729 
622250062396181 984.281250 
622250102397692 984.272949 
622250142390192 984.273438 
622250182396702 984.281494 
622250222396337 984.306885 
622250262388264 984.389648 
622250302390244 984.516357 
622250342396285 984.592773 
622250382397223 984.595459 
622250422387952 984.626953 
622250462375348 984.698242 
622250502396181 984.726563 
622250542398421 984.711182 
622250582374775 984.655273 
622250622396181 984.513916 
622250662396285 984.299805 
622250702398004 984.162598 
622250742387692 984.096436 
622250782396233 984.080322 
622250822396910 984.090088 
622250862388785 984.114746 
622250902454098 984.139893 
622250942396494 984.175537 
622250982397639 984.201660 
622251022388264 984.225830 
622251062395192 984.266846 
622251102396025 984.300537 
622251142397171 984.282715 
622251182391233 984.281982 
622251222395504 984.279785 
622251262396494 984.283691 
622251302396702 984.288818 
622251342389827 984.282715 
622251382395973 984.270752 
622251422396285 984.321045 
622251462394514 984.405029 
622251502390087 984.510254 
622251542396233 984.586670 
622251582395192 984.640381 
622251622388264 984.700684 
622251662392275 984.740967 
622251702395556 984.736572 
622251742397535 984.667725 
622251782388004 984.510742 
622251822396285 984.135986 
622251862395921 984.074463 
622251902397744 984.067383 
622251942402483 984.073975 
622251982396598 984.089111 
622252022396181 984.119385 
622252062396962 984.155762 
622252102389462 984.189941 
622252142395035 984.196045 
622252182395660 984.272461 
622252222387744 984.265381 
622252262393837 984.253174 
622252302395817 984.244141 
622252342397431 984.239502 
622252382388004 984.240967 
622252422395764 984.258301 
622252462396285 984.252686 
622252502397483 984.275879 
622252542392952 984.375000 
622252582396910 984.501709 
622252622396598 984.574219 
622252662396962 984.599609 
622252702389775 984.635254 
622252742396754 984.680908 
622252782396181 984.716553 
622252822387744 984.720459 
622252862389723 984.627686 
622252902394931 984.448975 
622252942397223 984.245850 
622252982388264 984.129883 
622253022395452 984.089111 
622253062395452 984.080322 
622253102396962 984.092041 
622253142378160 984.115479 
622253182396181 984.145508 
622253222395452 984.179443 
622253262396702 984.209473 
622253302390087 984.233887 
622253342395973 984.276611 
622253382398004 984.286865 
622253422389306 984.293701 
622253462389462 984.290527 
622253502395712 984.285889 
622253542396702 984.293457 
622253582388004 984.289551 
622253622390400 984.290039 
622253662396233 984.307861 
622253702398108 984.369873 
622253742374983 984.458984 
622253782396233 984.558350 
622253822396025 984.627930 
622253862397431 984.695313 
622253902391285 984.732422 
622253942396598 984.746338 
622253982395817 984.742676 
622254022387744 984.663818 
622254062388473 984.508301 
622254102395817 984.316895 
622254142397587 984.179199 
622254182388004 984.112793 
622254222390192 984.082275 
622254262396962 984.082031 
622254302397275 984.096191 
622254342386025 984.127197 
622254382374983 984.160400 
622254422395764 984.181641 
622254462397848 984.195801 
622254502391650 984.264404 
622254542397379 984.265869 
622254582396598 984.268799 
622254622393994 984.263672 
622254662390192 984.259033 
622254702396442 984.257568 
622254742397587 984.262939 
622254782388317 984.274170 
622254822392535 984.284668 
622254862395192 984.360107 
622254902397275 984.462646 
622254942388525 984.542725 
622254982389358 984.594482 
622255022397587 984.599609 
622255062396702 984.629639 
622255102388681 984.659424 
622255142396077 984.691650 
622255182395400 984.670898 
622255222397223 984.542969 
622255262390348 984.337891 
622255302396337 984.188477 
622255342395764 984.121338 
622255382388264 984.104492 
622255422389931 984.106934 
622255462395660 984.137207 
622255502397535 984.163330 
622255542388004 984.191162 
622255582392535 984.239258 
622255622396233 984.274170 
622255662397379 984.300781 
622255702388160 984.312988 
622255742395556 984.296143 
622255782396494 984.281494 
622255822398056 984.268555 
622255862389410 984.264893 
622255902396598 984.282227 
622255942395660 984.301514 
622255982387796 984.358887 
622256022390348 984.463867 
622256062396546 984.575439 
622256102398004 984.634766 
622256142388056 984.667969 
622256182395869 984.706055 
622256222396442 984.726318 
622256262397483 984.723633 
622256302490296 984.651611 
622256342396025 984.514648 
622256382396546 984.288086 
622256422397796 984.127441 
622256462389931 984.064941 
622256502395608 984.043701 
622256542396546 984.051025 
622256582388733 984.083984 
622256622391077 984.112305 
622256662395712 984.143311 
622256702397223 984.179443 
622256742388004 984.203857 
622256782396494 984.247314 
622256822395921 984.271240 
622256862397900 984.269531 
622256902373785 984.265625 
622256942396598 984.260986 
622256982396077 984.266602 
622257022397327 984.275391 
622257062389879 984.282471 
622257102396129 984.294434 
622257142397327 984.334473 
622257182388264 984.413818 
622257222392744 984.505127 
622257262396285 984.581787 
622257302396962 984.647217 
622257342387744 984.693848 
622257382388994 984.713379 
622257422395869 984.710938 
622257462396389 984.648438 
622257502378108 984.501221 
622257542396025 984.298340 
622257582396285 984.170410 
622257622397067 984.119141 
622257662388369 984.102539 
622257702395504 984.104492 
622257742395400 984.124512 
622257782393942 984.156982 
622257822388056 984.182373 
622257862396389 984.214600 
622257902396233 984.224854 
622257942387223 984.268555 
622257982391285 984.273438 
622258022396025 984.266113 
622258062397327 984.262207 
622258102388004 984.254639 
622258142396285 984.255615 
622258182395921 984.265381 
622258222397744 984.284668 
622258262392535 984.319824 
622258302395921 984.402100 
622258342396233 984.510010 
622258382397535 984.578857 
622258422389931 984.592041 
622258462396285 984.613770 
622258502395973 984.657227 
622258542388525 984.687988 
622258582389827 984.704102 
622258622396337 984.652588 
622258662397535 984.486572 
622258702389046 984.272949 
622258742395921 984.147217 
622258782396546 984.101563 
622258822397119 984.088623 
622258862493212 984.095215 
622258902396337 984.116699 
622258942396598 984.143799 
622258982397483 984.174072 
622259022390348 984.208252 
622259062396598 984.217285 
622259102396962 984.263916 
622259142388317 984.286621 
622259182389983 984.274658 
622259222395192 984.282715 
622259262396494 984.279785 
622259302387744 984.270020 
622259342395244 984.277832 
622259382396546 984.318848 
622259422397483 984.415283 
622259462376233 984.540039 
622259502395452 984.613770 
622259542396754 984.651855 
622259582397535 984.669189 
622259622389462 984.679688 
622259662395556 984.689453 
622259702397744 984.658936 
622259742387744 984.554443 
622259782389358 984.334717 
622259822396233 984.151855 
622259862397744 984.054199 
622259902388317 984.023926 
622259942375192 984.030029 
622259982395973 984.061279 
622260022397535 984.084717 
622260062376181 984.112061 
622260102396546 984.152344 
622260142396129 984.191406 
622260182397431 984.218750 
622260222391025 984.263672 
622260262396077 984.276611 
622260302396442 984.277100 
622260342387952 984.280273 
622260382390348 984.270752 
622260422396389 984.262939 
622260462397692 984.265137 
622260502388525 984.262207 
622260542392952 984.292480 
622260582396233 984.357422 
622260622397223 984.466064 
622260662382275 984.557861 
622260702374879 984.603516 
622260742396181 984.655029 
622260782398056 984.702393 
622260822390139 984.727783 
622260862396754 984.731201 
622260902396598 984.647705 
622260942388004 984.480957 
622260982406598 984.278076 
622261022396389 984.138428 
622261062397483 984.083252 
622261102388264 984.054688 
622261142393212 984.070068 
622261182396337 984.098877 
622261222398004 984.130615 
622261262388317 984.165283 
622261302393577 984.180176 
622261342395348 984.200439 
622261382397223 984.248047 
622261422390921 984.250977 
622261462396233 984.247559 
622261502395973 984.252197 
622261542397119 984.250977 
622261582391389 984.241699 
622261622396025 984.246826 
622261662395921 984.252686 
622261702388056 984.297852 
622261742395608 984.406250 
622261782396077 984.523682 
622261822397796 984.587891 
622261862388004 984.662842 
622261902396494 984.719238 
622261942396337 984.735352 
622261982397327 984.702637 
622262022407744 984.589355 
622262062395660 984.401855 
622262102396077 984.220459 
622262142397483 984.126709 
622262182390296 984.082764 
622262222396233 984.075195 
622262262397483 984.093506 
622262302388264 984.117920 
622262342390192 984.150635 
622262382395973 984.178955 
622262422396754 984.202148 
622262462388264 984.230469 
622262502388837 984.270996 
622262542396181 984.267822 
622262582397535 984.258545 
622262622378525 984.250000 
622262662396702 984.265381 
622262702396181 984.271973 
622262742397483 984.283691 
622262782390192 984.318359 
622262822395504 984.401855 
622262862396025 984.518066 
622262902387744 984.609375 
622262942388942 984.647461 
622262982395921 984.658691 
622263022397067 984.666260 
622263062387431 984.696045 
622263102388004 984.682373 
622263142396858 984.558594 
622263182397744 984.342285 
622263222376181 984.182129 
622263262396337 984.083740 
622263302396025 984.047607 
622263342397067 984.044434 
622263382390452 984.068604 
622263422396129 984.109619 
622263462395921 984.143555 
622263502388785 984.167969 
622263542388577 984.192871 
622263582395660 984.227783 
622263622397587 984.271729 
622263662388264 984.272705 
622263702395973 984.270752 
622263742395400 984.268066 
622263782397535 984.260254 
622263822374567 984.268066 
622263862396650 984.273438 
622263902395400 984.290039 
622263942397067 984.358887 
622263982389098 984.462646 
622264022395504 984.558838 
622264062396337 984.621094 
622264102388004 984.663818 
622264142526754 984.693848 
622264182396025 984.704346 
622264222395712 984.705811 
622264262388577 984.644287 
622264302447275 984.451904 
622264342395921 984.247803 
622264382397223 984.118652 
622264422389306 984.068848 
622264462395764 984.060059 
622264502395400 984.065430 
622264542397275 984.098877 
622264582390869 984.134521 
622264622395452 984.166992 
622264662396285 984.201416 
622264702397796 984.223877 
622264742390192 984.288818 
622264782396702 984.299561 
622264822396546 984.281006 
622264862388264 984.259521 
622264902392796 984.264893 
622264942395452 984.258545 
622264982397483 984.258545 
622265022388004 984.274170 
622265062395504 984.345459 
622265102395556 984.457031 
622265142396494 984.575195 
622265182464098 984.639893 
622265222396598 984.666016 
622265262396181 984.680176 
622265302397223 984.697754 
622265342390504 984.702393 
622265382396077 984.673584 
622265422396285 984.553223 
622265462387744 984.359619 
622265502394567 984.179688 
622265542375035 984.083496 
622265582396181 984.053467 
622265622387952 984.050781 
622265662395608 984.067627 
622265702395452 984.107422 
622265742397327 984.146240 
622265782389150 984.182617 
622265822396025 984.199707 
622265862395452 984.237793 
622265902397327 984.267334 
622265942390817 984.268311 
622265982396233 984.274170 
622266022396494 984.280029 
622266062387223 984.276367 
622266102390556 984.277588 
622266142396025 984.277588 
622266182397275 984.279297 
622266222387744 984.325684 
622266262375244 984.419434 
622266302396337 984.539063 
622266342397014 984.631104 
622266382374827 984.672607 
622266422389150 984.718750 
622266462395712 984.737061 
622266502396702 984.726074 
622266542390452 984.652588 
622266582396494 984.490234 
622266622395452 984.260010 
622266662387223 984.125000 
622266702396806 984.068604 
622266742396285 984.052246 
622266782397483 984.099609 
622266822387744 984.136719 
622266862389879 984.177246 
622266902396285 984.208008 
622266942397483 984.229980 
622266982373889 984.282471 
622267022396285 984.298096 
622267062395764 984.264893 
622267102397796 984.259277 
622267142390504 984.255615 
622267182396337 984.259033 
622267222396077 984.267578 
622267262388056 984.296631 
622267302389931 984.361816 
622267342395556 984.497314 
622267382396754 984.601074 
622267422388577 984.658203 
622267462393369 984.674561 
622267502396077 984.684082 
622267542397848 984.698975 
622267582387744 984.707520 
622267622396233 984.682617 
622267662396494 984.560791 
622267702397744 984.328857 
622267742390348 984.153564 
622267782396598 984.074463 
622267822395660 984.055664 
622267862397327 984.062744 
622267902389619 984.088135 
622267942396494 984.113525 
622267982397796 984.150635 
622268022387796 984.180176 
622268062391285 984.197266 
622268102396077 984.253418 
622268142397587 984.277100 
622268182388264 984.282715 
622268222396494 984.278320 
622268262395087 984.270752 
622268302396806 984.254150 
622268342390087 984.255615 
622268382396181 984.265625 
622268422396494 984.285156 
622268462396858 984.351807 
622268502390817 984.477051 
622268542396285 984.569824 
622268582396077 984.634277 
622268622388004 984.678955 
622268662390087 984.706787 
622268702396181 984.721436 
622268742398004 984.711670 
622268782388264 984.627686 
622268822396546 984.457031 
622268862396025 984.254150 
622268902397275 984.131348 
622268942480087 984.072510 
622268982396285 984.054688 
622269022395869 984.068359 
622269062397379 984.091797 
622269102391337 984.124023 
622269142395452 984.164307 
622269182396702 984.201416 
622269222387483 984.226807 
622269262390192 984.285400 
622269302396181 984.290283 
622269342397483 984.281250 
622269382389098 984.271484 
622269422374514 984.264893 
622269462395973 984.262695 
622269502397587 984.274170 
622269542375764 984.278076 
622269582396337 984.312500 
622269622395660 984.393555 
622269662397327 984.516846 
622269702389046 984.609619 
622269742395817 984.654541 
622269782396806 984.697021 
622269822388004 984.731445 
622269862392848 984.732422 
622269902395973 984.690674 
622269942396129 984.560547 
622269982387483 984.339600 
622270022375296 984.170410 
622270062395400 984.080078 
622270102397483 984.055176 
622270142374150 984.060303 
622270182395556 984.093506 
622270222395556 984.126953 
622270262397744 984.160156 
622270302389306 984.185791 
622270342396233 984.208984 
622270382396077 984.247314 
622270422388264 984.285889 
622270462407431 984.284912 
622270502395712 984.276123 
622270542396389 984.277344 
622270582388004 984.278320 
622270622400400 984.279053 
622270662396494 984.340332 
622270702397171 984.457031 
622270742388317 984.572021 
622270782396389 984.636963 
622270822396129 984.669189 
622270862396650 984.689941 
622270902389254 984.693604 
622270942396285 984.694092 
622270982396337 984.677246 
622271022397952 984.569824 
622271062494983 984.368408 
622271102395556 984.196045 
622271142395817 984.094482 
622271182388525 984.052246 
622271222393317 984.043945 
622271262395192 984.069824 
622271302397431 984.102295 
622271342388004 984.133301 
622271382396650 984.165771 
622271422396598 984.194824 
622271462397535 984.232666 
622271502430348 984.278076 
622271542396129 984.274902 
622271582396389 984.274170 
622271622398317 984.264893 
622271662389879 984.260986 
622271702395764 984.266357 
622271742396598 984.264404 
622271782387744 984.291992 
622271822389983 984.387207 
622271862395817 984.518066 
622271902397744 984.607910 
622271942388525 984.652588 
622271982396233 984.673340 
622272022396598 984.700195 
622272062397587 984.727295 
622272102391025 984.724609 
622272142395660 984.650391 
622272182396233 984.497314 
622272222396702 984.280273 
622272262389879 984.133789 
622272302396285 984.078125 
622272342396389 984.060303 
622272382388525 984.068848 
622272422387639 984.091309 
622272462395712 984.123535 
622272502397535 984.154785 
622272542388525 984.198975 
622272582396754 984.215576 
622272622395035 984.275391 
622272662397744 984.287109 
622272702375921 984.274658 
622272742396233 984.277832 
622272782395400 984.274414 
622272822397223 984.275391 
622272862387744 984.286377 
622272902396025 984.313232 
622272942395400 984.368652 
622272982388004 984.486816 
622273022387587 984.583008 
622273062396233 984.638184 
622273102397223 984.664307 
622273142387952 984.673584 
622273182389202 984.695068 
622273222396181 984.706543 
622273262397535 984.680664 
622273302373994 984.581543 
622273342396285 984.367676 
622273382395869 984.184326 
622273422397171 984.085205 
622273462390504 984.054443 
622273502396442 984.058594 
622273542395348 984.079346 
622273582388264 984.113770 
622273622390764 984.149658 
622273662395869 984.182861 
622273702397587 984.220947 
622273742388004 984.244629 
622273782390244 984.322021 
622273822396233 984.305664 
622273862397014 984.287842 
622273902391910 984.278564 
622273942396233 984.270752 
622273982396494 984.272949 
622274022397223 984.283691 
622274062391285 984.314209 
622274102395712 984.398682 
622274142396077 984.523926 
622274182396442 984.647705 
622274222390504 984.672607 
622274262396181 984.713867 
622274302397327 984.722900 
622274342388004 984.691895 
622274382389202 984.612793 
622274422396025 984.459473 
622274462397067 984.249023 
622274502387692 984.126465 
622274542392744 984.082764 
622274582396077 984.070557 
622274622397223 984.079102 
622274662389775 984.102051 
622274702395817 984.133789 
622274742396077 984.169434 
622274782396910 984.196533 
622274822390712 984.228516 
622274862395817 984.291016 
622274902396077 984.294434 
622274942388004 984.288330 
622274982390504 984.286133 
622275022395504 984.281494 
622275062397587 984.286377 
622275102388264 984.277100 
622275142395764 984.290527 
622275182395921 984.330811 
622275222398004 984.438232 
622275262448212 984.556152 
622275302395973 984.643555 
622275342395712 984.678223 
622275382397327 984.692383 
622275422389671 984.724121 
622275462395400 984.741943 
622275502396181 984.740234 
622275542388525 984.658691 
622275582388473 984.491455 
622275622395817 984.289307 
622275662397223 984.142578 
622275702387744 984.075195 
622275742395504 984.051025 
622275782395556 984.069336 
622275822397639 984.098389 
622275862391546 984.131104 
622275902396442 984.169434 
622275942394983 984.205566 
622275982397379 984.220947 
622276022388837 984.273438 
622276062395400 984.332275 
622276102396546 984.305176 
622276142389046 984.283691 
622276182388421 984.280273 
622276222395712 984.277100 
622276262397014 984.282227 
622276302387744 984.283936 
622276342396806 984.325439 
622276382396233 984.430908 
622276422397744 984.552490 
622276462375921 984.624756 
622276502395348 984.663330 
622276542396442 984.682373 
622276582396702 984.702393 
622276622392014 984.709717 
622276662394931 984.686279 
622276702398056 984.571777 
622276742388264 984.359863 
622276782396858 984.198730 
622276822396233 984.112061 
622276862395660 984.074463 
622276902388785 984.065918 
622276942389567 984.086182 
622276982396285 984.117676 
622277022397483 984.154053 
622277062387692 984.192627 
622277102396546 984.216309 
622277142395504 984.274658 
622277182397952 984.344482 
622277222389775 984.335693 
622277262396233 984.294678 
622277302396077 984.295166 
622277342389827 984.282959 
622277382452014 984.276611 
622277422396494 984.293945 
622277462396494 984.325195 
622277502388004 984.357666 
622277542393837 984.446777 
622277582396077 984.554688 
622277622397692 984.621826 
622277662388317 984.667480 
622277702389879 984.698730 
622277742396754 984.726563 
622277782397119 984.709961 
622277822389619 984.711182 
622277862396650 984.649170 
622277902396754 984.366455 
622277942397327 984.215088 
622277982392587 984.089600 
622278022395869 984.036133 
622278062396702 984.025635 
622278102387952 984.039795 
622278142390087 984.065186 
622278182395973 984.095703 
622278222396806 984.125977 
622278262388004 984.157959 
622278302395817 984.190674 
622278342396389 984.212891 
622278382397483 984.220215 
622278422463264 984.246094 
622278462396181 984.279297 
622278502396181 984.290283 
622278542397014 984.320557 
622278582390035 984.332275 
622278622395973 984.334961 
622278662395921 984.343506 
622278702388264 984.335693 
622278742389671 984.346436 
622278782396025 984.361572 
622278822397639 984.384766 
622278862388212 984.399170 
622278902396077 984.405518 
622278942396962 984.406494 
622278982396702 984.398193 
622279022376754 984.406006 
622279062395817 984.416748 
622279102396285 984.420654 
622279142397587 984.412598 
622279182389358 984.405273 
622279222395660 984.402100 
622279262396650 984.394775 
622279302388785 984.396729 
622279342389827 984.387695 
622279382396337 984.389893 
622279422396754 984.386719 
622279462387952 984.368164 
622279502395296 984.364014 
622279542395921 984.363037 
622279582397275 984.362793 
622279622374306 984.389893 
622279662395556 984.429443 
622279702396285 984.458496 
622279742397535 984.469971 
622279782388421 984.476563 
622279822396337 984.482422 
622279862396598 984.482178 
622279902388733 984.475586 
622279942388525 984.467773 
622279982395764 984.454834 
622280022395712 984.439453 
622280062387223 984.424316 
622280102375348 984.407715 
622280142395921 984.393311 
622280182397327 984.379639 
622280222374358 984.356689 
622280262396181 984.344727 
622280302395504 984.321533 
622280342396598 984.292969 
622280382391389 984.279785 
622280422395921 984.269531 
622280462396337 984.268799 
622280502387744 984.278076 
622280542392483 984.285645 
622280582395400 984.306641 
622280622395817 984.319092 
622280662388004 984.341309 
622280702394202 984.356689 
622280742396337 984.373535 
622280782398056 984.385742 
622280822388056 984.391113 
622280862392587 984.390625 
622280902396233 984.392822 
622280942397431 984.383301 
622280982391285 984.374512 
622281022395973 984.360107 
622281062396337 984.350586 
622281102397327 984.355469 
622281142414150 984.361084 
622281182396181 984.371582 
622281222396077 984.368408 
622281262387223 984.361816 
622281302393264 984.366943 
622281342395087 984.365234 
622281382397692 984.355713 
622281422387483 984.344971 
622281462393160 984.337646 
622281502395504 984.333008 
622281542396962 984.299316 
622281582391181 984.296143 
622281622396389 984.295898 
622281662395973 984.285400 
622281702397223 984.269287 
622281742390192 984.262939 
622281782395764 984.267090 
622281822396025 984.265137 
622281862387952 984.257080 
622281902392848 984.273438 
622281942395452 984.273193 
622281982396806 984.274414 
622282022388004 984.280273 
622282062396285 984.294434 
622282102395764 984.304688 
622282142397275 984.310059 
622282182460139 984.312012 
622282222396442 984.306885 
622282262397014 984.314453 
622282302397483 984.329102 
622282342390504 984.350342 
622282382396337 984.346924 
622282422395921 984.351318 
622282462388577 984.363525 
622282502389254 984.392822 
622282542393056 984.414063 
622282582397483 984.408203 
622282622387223 984.440918 
622282662396442 984.444824 
622282702396285 984.426025 
622282742397327 984.395508 
622282782388004 984.347168 
622282822396337 984.279541 
622282862395452 984.227295 
622282902397275 984.193115 
622282942390556 984.179932 
622282982396077 984.179932 
622283022396598 984.178467 
622283062389462 984.199951 
622283102392692 984.202637 
622283142396337 984.221924 
622283182397587 984.247070 
622283222387952 984.251221 
622283262429827 984.252197 
622283302396285 984.254395 
622283342396962 984.260254 
622283382375348 984.267822 
622283422395348 984.278564 
622283462396285 984.290283 
622283502397379 984.299316 
622283542390244 984.307617 
622283582395452 984.310303 
622283622395452 984.317627 
622283662388004 984.330811 
622283702389462 984.331299 
622283742396181 984.333740 
622283782395452 984.327637 
622283822387275 984.332764 
622283862390504 984.340332 
622283902395869 984.334229 
622283942396910 984.334717 
622283982389827 984.331787 
622284022396181 984.345703 
622284062396181 984.354492 
622284102397379 984.393555 
622284142388942 984.427979 
622284182396025 984.428955 
622284222396754 984.422363 
622284262397848 984.401123 
622284302391442 984.375000 
622284342396233 984.359375 
622284382395921 984.358154 
622284422387692 984.350098 
622284462392535 984.340088 
622284502396181 984.336182 
622284542397223 984.341309 
622284582388004 984.355225 
622284622396077 984.387939 
622284662395764 984.420410 
622284702397639 984.444092 
622284742422275 984.490234 
622284782396181 984.582031 
622284822396494 984.678711 
622284862397848 984.737305 
622284902390244 984.741699 
622284942396650 984.705811 
622284982396233 984.674072 
622285022388004 984.620361 
622285062389619 984.597168 
622285102395712 984.573730 
622285142397327 984.541504 
622285182388525 984.469238 
622285222396025 984.424805 
622285262396025 984.346191 
622285302397379 984.274658 
622285342392535 984.227783 
622285382395244 984.225830 
622285422396337 984.226807 
622285462397171 984.213867 
622285502389931 984.209473 
622285542395139 984.218018 
622285582397223 984.214844 
622285622388525 984.214600 
622285662390035 984.215576 
622285702396233 984.213135 
622285742396442 984.204590 
622285782388785 984.222900 
622285822396233 984.226318 
622285862396077 984.223145 
622285902396962 984.215332 
622285942374723 984.210205 
622285982375035 984.185059 
622286022396546 984.163818 
622286062396285 984.131836 
622286102390556 984.129150 
622286142395400 984.142822 
622286182397223 984.168701 
622286222387744 984.187012 
622286262388369 984.194580 
622286302396494 984.205811 
622286342399827 984.215820 
622286382387692 984.230225 
622286422390296 984.243896 
622286462395504 984.247070 
622286502397639 984.255127 
622286542375921 984.258057 
622286582393264 984.259766 
622286622396181 984.268799 
622286662397535 984.274414 
622286702391442 984.283447 
622286742396494 984.284180 
622286782395764 984.291016 
622286822391910 984.294189 
622286862417223 984.303223 
622286902395973 984.301270 
622286942396962 984.295654 
622286982388264 984.297607 
622287022476806 984.299805 
622287062396285 984.298828 
622287102397535 984.301514 
622287142373994 984.305420 
622287182396233 984.307129 
622287222396181 984.314453 
622287262397327 984.321045 
