# Created at Fri Mar 14 12:01:08 GMT+01:00 2025 in Burnaby Canada 
622890487039961 984.286865 
622890527044336 984.275879 
622890567038971 984.319336 
622890607025169 984.338623 
622890647039753 984.329346 
622890687045221 984.322510 
622890727039023 984.328613 
622890767037930 984.324951 
622890807039596 984.357422 
622890847045742 984.415283 
622890887037253 984.425293 
622890927046003 984.422607 
622890967039284 984.423584 
622891007044857 984.422607 
622891047037409 984.425293 
622891087024076 984.428955 
622891127038190 984.405518 
622891167045065 984.386230 
622891207039961 984.392578 
622891247045378 984.405762 
622891287039492 984.380127 
622891327045221 984.312744 
622891367039805 984.267334 
622891407045013 984.242188 
622891447039284 984.248291 
622891487050117 984.266357 
622891527038711 984.269287 
622891567045117 984.281006 
622891607038919 984.295410 
622891647036419 984.313721 
622891687039909 984.329346 
622891727044701 984.338867 
622891767038763 984.340820 
622891807036732 984.345215 
622891847039492 984.349121 
622891887044961 984.346436 
622891927036940 984.365479 
622891967045013 984.368408 
622892007045898 984.369141 
622892047046159 984.383789 
622892087047565 984.398682 
622892127025013 984.395508 
622892167046159 984.390869 
622892207047982 984.392578 
622892247038242 984.394775 
622892287046211 984.390625 
622892327046159 984.391357 
622892367046992 984.445801 
622892407038451 984.441895 
622892447047253 984.432617 
622892487046680 984.416748 
622892527084857 984.417725 
622892567042357 984.427490 
622892607039440 984.416992 
622892647046003 984.412842 
622892687047357 984.401367 
622892727047253 984.383789 
622892767047305 984.372314 
622892807046940 984.371094 
622892847038503 984.375244 
622892887046315 984.370361 
622892927046523 984.383545 
622892967046055 984.408203 
622893007038242 984.388428 
622893047047148 984.383301 
622893087047253 984.380615 
622893127084909 984.398682 
622893167025638 984.480225 
622893207045378 984.448730 
622893247045690 984.474609 
622893287046888 984.450684 
622893327047305 984.402832 
622893367047201 984.450195 
622893407047305 984.503662 
622893447038398 984.476074 
622893487071576 984.430908 
622893527046315 984.456787 
622893567047201 984.446533 
622893607037930 984.427246 
622893647047253 984.436768 
622893687047409 984.431641 
622893727086628 984.424561 
622893767033711 984.421387 
622893807046055 984.407227 
622893847046003 984.406738 
622893887047565 984.402100 
622893927047148 984.396729 
622893967046732 984.394531 
622894007047201 984.402588 
622894047084388 984.413330 
622894087040326 984.413818 
622894127046471 984.417969 
622894167045846 984.418213 
622894207037982 984.424561 
622894247047773 984.432617 
622894287047148 984.438721 
622894327047721 984.450195 
622894367037982 984.462891 
622894407025013 984.480225 
622894447046003 984.509521 
622894487047409 984.553467 
622894527047201 984.599609 
622894567047253 984.666992 
622894607047513 984.714355 
622894647085273 984.753662 
622894687040794 984.749756 
622894727046003 984.682617 
622894767046992 984.574463 
622894807038451 984.489258 
622894847046940 984.445068 
622894887047148 984.437500 
622894927047201 984.465820 
622894967037982 984.500244 
622895007039961 984.552979 
622895047045638 984.517090 
622895087047044 984.388916 
622895127024753 984.290527 
622895167046992 984.217041 
622895207047773 984.178711 
622895247084753 984.149658 
622895287039857 984.176270 
622895327060430 984.207764 
622895367046836 984.237793 
622895407038242 984.259033 
622895447046732 984.258789 
622895487047148 984.279541 
622895527046628 984.296631 
622895567037669 984.303955 
622895607039857 984.374756 
622895647046211 984.413818 
622895687047357 984.426758 
622895727025378 984.419678 
622895767046992 984.423340 
622895807046628 984.452881 
622895847085221 984.490723 
622895887040742 984.505371 
622895927046211 984.510742 
622895967045846 984.511963 
622896007037669 984.504395 
622896047046940 984.493896 
622896087046940 984.494629 
622896127047096 984.594971 
622896167038451 984.641846 
622896207040065 984.700439 
622896247045430 984.756348 
622896287047409 984.528076 
622896327024805 984.285156 
622896367047148 984.183105 
622896407046940 984.147217 
622896447086836 984.135742 
622896487040326 984.120117 
622896527038346 984.124756 
622896567046159 984.162842 
622896607038451 984.220215 
622896647047721 984.236572 
622896687047253 984.259033 
622896727046836 984.290771 
622896767037982 984.396484 
622896807040534 984.403809 
622896847046263 984.383545 
622896887047826 984.376709 
622896927037930 984.454102 
622896967047096 984.474854 
622897007046836 984.489990 
622897047084961 984.497070 
622897087039128 984.497070 
622897127045846 984.510254 
622897167045482 984.496094 
622897207047148 984.527100 
622897247047148 984.629639 
622897287046836 984.658447 
622897327046784 984.637207 
622897367037930 984.645264 
622897407104805 984.471436 
622897447046107 984.219727 
622897487047305 984.202393 
622897527037721 984.167236 
622897567046992 984.152344 
622897607047148 984.196533 
622897647084753 984.205566 
622897687172826 984.221924 
622897727046680 984.250732 
622897767046784 984.266113 
622897807047565 984.343018 
622897847047148 984.412354 
622897887047201 984.425293 
622897927046888 984.415527 
622897967038242 984.419434 
622898007026576 984.480713 
622898047045742 984.510498 
622898087047773 984.519287 
622898127038398 984.522949 
622898167047357 984.536621 
622898207046992 984.540527 
622898247085065 984.533203 
622898287026784 984.624512 
622898327039909 984.698486 
622898367046107 984.758301 
622898407046836 984.753906 
622898447047878 984.628174 
622898487047253 984.384521 
622898527047253 984.196045 
622898567038503 984.181152 
622898607067044 984.137695 
622898647046211 984.119385 
622898687045951 984.142578 
622898727037669 984.157227 
622898767046888 984.190186 
622898807048919 984.219482 
622898847085430 984.283936 
622898887023555 984.297607 
622898927046055 984.372803 
622898967046523 984.423584 
622899007047201 984.417480 
622899047047461 984.367432 
622899087047409 984.421143 
622899127047096 984.461670 
622899167057357 984.490967 
622899207039388 984.517090 
622899247045638 984.527832 
622899287047253 984.539307 
622899327037982 984.545898 
622899367046628 984.541260 
622899407047096 984.651367 
622899447084648 984.729492 
622899487038451 984.791748 
622899527045534 984.791748 
622899567045742 984.553223 
622899607047201 984.302979 
622899647047305 984.239502 
622899687047201 984.195557 
622899727046940 984.156494 
622899767085638 984.130859 
622899807042930 984.150391 
622899847038971 984.185791 
622899887047096 984.224121 
622899927037982 984.241943 
622899967047721 984.275391 
622900007046992 984.317871 
622900047047201 984.422119 
622900087037669 984.454834 
622900127044128 984.413086 
622900167046263 984.403320 
622900207047096 984.465576 
622900247047201 984.461182 
622900287047096 984.477539 
622900327047148 984.501709 
622900367084857 984.519043 
622900407040794 984.542236 
622900447046107 984.548340 
622900487047148 984.665527 
622900527037930 984.733887 
622900567047096 984.792236 
622900607046992 984.758301 
622900647047201 984.541016 
622900687037409 984.289307 
622900727046471 984.150391 
622900767046055 984.120117 
622900807047201 984.108154 
622900847025534 984.135498 
622900887047044 984.168457 
622900927046576 984.210938 
622900967084961 984.268066 
622901007041732 984.281494 
622901047045951 984.307861 
622901087046471 984.398926 
622901127037930 984.481934 
622901167046992 984.400879 
622901207046940 984.432617 
622901247046888 984.448975 
622901287038190 984.448242 
622901327130586 984.466309 
622901367046003 984.484619 
622901407047096 984.502930 
622901447025742 984.515381 
622901487047201 984.572998 
622901527047253 984.725830 
622901567084857 984.742676 
622901607042148 984.779053 
622901647046159 984.776367 
622901687046523 984.534668 
622901727037930 984.255127 
622901767046940 984.150635 
622901807046836 984.141113 
622901847047357 984.098877 
622901887037930 984.091309 
622901927042253 984.133057 
622901967046159 984.172607 
622902007047096 984.219482 
622902047037669 984.278564 
622902087046992 984.283691 
622902127046940 984.389648 
622902167085013 984.425781 
622902207037721 984.405029 
622902247046003 984.410400 
622902287045898 984.445557 
622902327047253 984.460205 
622902367047148 984.476807 
622902407047148 984.502686 
622902447046940 984.509766 
622902487037930 984.522705 
622902527040742 984.523193 
622902567045846 984.612061 
622902607046888 984.731689 
622902647037930 984.753174 
622902687047565 984.692627 
622902727047357 984.638428 
622902767084909 984.381836 
622902807073763 984.178711 
622902847039284 984.171387 
622902887046107 984.150146 
622902927047409 984.122070 
622902967047201 984.132324 
622903007047461 984.177246 
622903047047461 984.205566 
622903087038190 984.248779 
622903127067982 984.273682 
622903167024961 984.305664 
622903207047513 984.399414 
622903247038346 984.437256 
622903287047253 984.415039 
622903327047096 984.431396 
622903367085013 984.461426 
622903407043971 984.471191 
622903447046159 984.499268 
622903487046263 984.512695 
622903527047513 984.532471 
622903567047773 984.543457 
622903607047253 984.565186 
622903647047305 984.764404 
622903687038398 984.820557 
622903727039232 984.902100 
622903767046367 984.718262 
622903807047461 984.523682 
622903847038190 984.238525 
622903887046628 984.233398 
622903927046888 984.186768 
622903967084753 984.133057 
622904007027148 984.109619 
622904047039336 984.217773 
622904087046055 984.265869 
622904127047878 984.258545 
622904167047148 984.324219 
622904207046784 984.383545 
622904247047201 984.402100 
622904287037878 984.417236 
622904327039701 984.453125 
622904367045846 984.472656 
622904407047096 984.477539 
622904447037930 984.482910 
622904487047201 984.500244 
622904527047409 984.516357 
622904567085169 984.520752 
622904607041784 984.559082 
622904647046419 984.732178 
622904687046211 984.760010 
622904727047148 984.787109 
622904767047253 984.538330 
622904807047201 984.308838 
622904847047096 984.125244 
622904887085378 984.134521 
622904927038763 984.123047 
622904967046523 984.111572 
622905007047096 984.132080 
622905047038190 984.191162 
622905087047201 984.214600 
622905127047617 984.265869 
622905167085326 984.275146 
622905207037669 984.292969 
622905247120482 984.408936 
622905287045951 984.471436 
622905327047096 984.402344 
622905367047357 984.447998 
622905407047305 984.463867 
622905447047253 984.479004 
622905487085221 984.486572 
622905527041107 984.510742 
622905567046263 984.537842 
622905607046055 984.541748 
622905647038190 984.545654 
622905687047096 984.745117 
622905727047201 984.741455 
622905767047930 984.781738 
622905807038451 984.656006 
622905847046263 984.413330 
622905887046211 984.205078 
622905927047148 984.102539 
622905967047148 984.129639 
622906007047148 984.114502 
622906047047044 984.130615 
622906087084961 984.192627 
622906127040482 984.206543 
622906167046628 984.245361 
622906207047357 984.281982 
622906247038711 984.303223 
622906287047461 984.453125 
622906327046888 984.468750 
622906367047253 984.446533 
622906407037982 984.445068 
622906447024701 984.442627 
622906487046107 984.464355 
622906527047253 984.474854 
622906567025117 984.496826 
622906607047148 984.519043 
622906647047461 984.522217 
622906687085169 984.503906 
622906727039857 984.521484 
622906767039440 984.707520 
622906807045586 984.736816 
622906847037669 984.741211 
622906887047513 984.498535 
622906927046940 984.297852 
622906967049284 984.131348 
622907007037878 984.167480 
622907047046471 984.130127 
622907087045846 984.120117 
622907127047461 984.166504 
622907167023815 984.206787 
622907207046836 984.218018 
622907247046888 984.250000 
622907287084701 984.292969 
622907327039076 984.452881 
622907367045638 984.477783 
622907407046367 984.431641 
622907447038763 984.413330 
622907487046992 984.468262 
622907527047044 984.474609 
622907567046992 984.473145 
622907607037721 984.493896 
622907647039857 984.527832 
622907687046159 984.532715 
622907727047773 984.509033 
622907767038190 984.643799 
622907807047253 984.696777 
622907847049076 984.753662 
622907887084909 984.573730 
622907927046263 984.442139 
622907967040482 984.239258 
622908007046159 984.145752 
622908047047096 984.163330 
622908087047357 984.148193 
622908127047357 984.156494 
622908167047201 984.169434 
622908207037461 984.194580 
622908247042878 984.261963 
622908287042305 984.282715 
622908327047305 984.288330 
622908367037878 984.440918 
622908407048815 984.486572 
622908447047096 984.457275 
622908487084961 984.452393 
622908527123555 984.466797 
622908567041003 984.474365 
622908607045898 984.497314 
622908647047409 984.521729 
622908687046888 984.544434 
622908727046888 984.547852 
622908767047357 984.558350 
622908807037930 984.762939 
622908847106992 984.787354 
622908887046055 984.830322 
622908927047409 984.737793 
622908967037930 984.499512 
622909007047201 984.247314 
622909047047409 984.224609 
622909087084961 984.179688 
622909127026055 984.133545 
622909167046003 984.127686 
622909207045846 984.134521 
622909247047513 984.157227 
622909287047148 984.189453 
622909327047148 984.229980 
622909367046940 984.240234 
622909407038503 984.309326 
622909447024857 984.404541 
622909487044076 984.428467 
622909527046159 984.386963 
622909567038190 984.435791 
622909607047096 984.452393 
622909647048398 984.462158 
622909687085169 984.494141 
622909727032617 984.518799 
622909767042645 984.529541 
622909807044989 984.538574 
622909847046760 984.530029 
622909887047125 984.725342 
622909927046239 984.715088 
622909967046395 984.688477 
622910007037958 984.702881 
622910047037229 984.429199 
622910087045666 984.212402 
622910127045458 984.117676 
622910167037489 984.134033 
622910207046552 984.111328 
622910247046448 984.106689 
622910287084156 984.134521 
622910327037177 984.169434 
622910367024312 984.193604 
622910407045406 984.287842 
622910447046656 984.292480 
622910487046708 984.353760 
622910527046239 984.456055 
622910567046604 984.434082 
622910607087489 984.389648 
622910647042281 984.449219 
622910687045458 984.454346 
622910727046239 984.469482 
622910767037437 984.496094 
622910807047229 984.499512 
622910847046187 984.497314 
622910887046968 984.473145 
622910927037177 984.693604 
622910967039260 984.721191 
622911007044833 984.694824 
622911047046135 984.625977 
622911087046448 984.381836 
622911127046500 984.205811 
622911167046656 984.144043 
622911207084208 984.141846 
622911247038791 984.123779 
622911287037802 984.149170 
622911327046291 984.191895 
622911367036916 984.219238 
622911407045979 984.262451 
622911447045979 984.292480 
622911487046656 984.303955 
622911527037437 984.411377 
622911567037593 984.465820 
622911607043948 984.443848 
622911647046083 984.426025 
622911687024312 984.467285 
622911727046500 984.488037 
622911767046343 984.509277 
622911807083895 984.525146 
622911847039052 984.538330 
622911887039677 984.544189 
622911927045302 984.529053 
622911967037177 984.671387 
622912007046083 984.731445 
622912047046395 984.789063 
622912087046448 984.726563 
622912127037385 984.525635 
622912167039000 984.274658 
622912207044885 984.238525 
622912247046500 984.184570 
622912287023114 984.132324 
622912327046448 984.128418 
622912367046135 984.135254 
622912407084573 984.162354 
622912447037958 984.220459 
622912487139937 984.259521 
622912527045093 984.265137 
622912567037437 984.383057 
622912607046448 984.440186 
622912647046500 984.424561 
622912687046968 984.413086 
622912727036135 984.439697 
622912767042802 984.446289 
622912807045510 984.459229 
622912847046604 984.479980 
622912887024989 984.496582 
622912927046500 984.512451 
622912967046135 984.512207 
622913007083635 984.627441 
622913047037437 984.724365 
622913087045041 984.784668 
622913127045406 984.655029 
622913167043687 984.440186 
622913207046552 984.206055 
622913247046083 984.157959 
622913287046552 984.145996 
622913327036656 984.110840 
622913367045145 984.092285 
622913407045198 984.116455 
622913447046708 984.161133 
622913487037177 984.197754 
622913527046187 984.247803 
622913567046083 984.270508 
622913607083948 984.355713 
622913647037958 984.419922 
622913687042437 984.422119 
622913727045302 984.355225 
622913767046656 984.444092 
622913807045562 984.466309 
622913847045979 984.468750 
622913887046656 984.463623 
622913927037177 984.465820 
622913967039312 984.470947 
622914007045718 984.530518 
622914047046083 984.690918 
622914087036864 984.744385 
622914127046812 984.608398 
622914167046135 984.542969 
622914207084052 984.299805 
622914247040198 984.163330 
622914287045718 984.207764 
622914327044104 984.175049 
622914367046500 984.178467 
622914407046083 984.180176 
622914447046395 984.235352 
622914487046239 984.275635 
622914527037229 984.314209 
622914567045354 984.309082 
622914607045510 984.428955 
622914647046500 984.466797 
622914687037906 984.426758 
622914727046343 984.453369 
622914767046395 984.469971 
622914807084104 984.496094 
622914847025823 984.510986 
622914887045666 984.518066 
622914927045354 984.539795 
622914967046708 984.538330 
622915007046343 984.530029 
622915047046708 984.566650 
622915087046239 984.689209 
622915127036916 984.683838 
622915167041968 984.611328 
622915207045093 984.357178 
622915247046395 984.164551 
622915287037177 984.065918 
622915327046239 984.114258 
622915367046135 984.107910 
622915407083895 984.108154 
622915447023323 984.131104 
622915487038948 984.181152 
622915527045458 984.219971 
622915567046552 984.278320 
622915607046500 984.279785 
622915647046395 984.341309 
622915687046395 984.402832 
622915727043375 984.397949 
622915767037750 984.365234 
622915807045458 984.443848 
622915847045614 984.481689 
622915887037177 984.483154 
622915927046708 984.503906 
622915967047489 984.518066 
622916007084833 984.535889 
622916047037229 984.533691 
622916087045406 984.608887 
622916127045145 984.715576 
622916167046760 984.778564 
622916207046500 984.804199 
622916247046343 984.593750 
622916287046395 984.330566 
622916327087906 984.167725 
622916367042333 984.201904 
622916407038948 984.152588 
622916447046395 984.129639 
622916487037177 984.132813 
622916527046083 984.174561 
622916567046760 984.198975 
622916607046448 984.258545 
622916647037177 984.266602 
622916687046395 984.325928 
622916727045458 984.426025 
622916767046656 984.433594 
622916807047020 984.366699 
622916847046239 984.448242 
622916887046500 984.482666 
622916927084156 984.472168 
622916967038635 984.476074 
622917007045250 984.506348 
622917047044833 984.528076 
622917087037229 984.527832 
622917127046239 984.534424 
622917167046135 984.712646 
622917207046500 984.732910 
622917247037125 984.679199 
622917287041864 984.389404 
622917327045354 984.197754 
622917367046604 984.114258 
622917407024312 984.137939 
622917447046239 984.136230 
622917487046395 984.128174 
622917527083635 984.151367 
622917567038791 984.188721 
622917607044781 984.262695 
622917647046708 984.285400 
622917687037177 984.295654 
622917727046135 984.479248 
622917767046343 984.519775 
622917807046500 984.431641 
622917847037437 984.409424 
622917887044885 984.466309 
622917927045979 984.482422 
622917967046968 984.478516 
622918007024468 984.481445 
622918047046760 984.508789 
622918087046343 984.530029 
622918127084156 984.544922 
622918167040093 984.594482 
622918207037437 984.724609 
622918247045145 984.756104 
622918287037437 984.694580 
622918327046395 984.470703 
622918367046395 984.246094 
622918407046187 984.204346 
622918447037177 984.163818 
622918487039833 984.131836 
622918527045145 984.136230 
622918567046343 984.165527 
622918607032437 984.199219 
622918647046187 984.232910 
622918687046187 984.333496 
622918727084208 984.323242 
622918767037489 984.376953 
622918807045145 984.458740 
622918847044937 984.456055 
622918887045250 984.428467 
622918927046083 984.472412 
622918967046395 984.491455 
622919007046083 984.524902 
622919047037489 984.546875 
622919087041656 984.558350 
622919127044833 984.548340 
622919167046395 984.520996 
622919207037229 984.533691 
622919247046135 984.691162 
622919287046552 984.708252 
622919327084416 984.673096 
622919367041395 984.739746 
622919407045250 984.470947 
622919447045458 984.261963 
622919487046500 984.179932 
622919527046343 984.189941 
622919567045979 984.166016 
622919607046135 984.171143 
622919647036656 984.188965 
622919687116760 984.211182 
622919727046239 984.273438 
622919767046395 984.281494 
622919807037958 984.314453 
622919847046500 984.436768 
622919887046343 984.461914 
622919927084104 984.408936 
622919967124052 984.463867 
622920007044989 984.474121 
622920047044260 984.483154 
622920087045510 984.502441 
622920127045302 984.534424 
622920167047906 984.547119 
622920207046448 984.549805 
622920247037437 984.576904 
622920287022854 984.757813 
622920327045510 984.733887 
622920367046448 984.745850 
622920407037177 984.797363 
622920447046500 984.482910 
622920487045354 984.250488 
622920527084677 984.197510 
622920567025406 984.185059 
622920607045354 984.138428 
622920647045302 984.141846 
622920687046500 984.182861 
622920727046448 984.230713 
622920767046916 984.287354 
622920807046500 984.283691 
622920847037489 984.347900 
622920887111031 984.452148 
622920927045198 984.452637 
622920967046448 984.393555 
622921007037229 984.441406 
622921047046552 984.453125 
622921087045614 984.462646 
622921127084208 984.496094 
622921167024000 984.524414 
622921207044989 984.534180 
622921247044885 984.534180 
622921287046448 984.558594 
622921327046968 984.738770 
622921367046083 984.767578 
622921407046187 984.789551 
622921447043166 984.593994 
622921487038218 984.392822 
622921527045458 984.194336 
622921567046604 984.197754 
622921607037229 984.179443 
622921647046500 984.157471 
622921687046604 984.162842 
622921727084260 984.190186 
622921767036968 984.208496 
622921807044677 984.266602 
622921847045458 984.289795 
622921887046448 984.310791 
622921927046500 984.414307 
622921967046500 984.480225 
622922007046395 984.463623 
622922047088323 984.441406 
622922087039208 984.471680 
622922127045458 984.493164 
622922167046187 984.498535 
622922207036916 984.520752 
622922247046604 984.539795 
622922287046239 984.546631 
622922327046916 984.535645 
622922367037698 984.613281 
622922407045041 984.747803 
622922447045510 984.768799 
622922487046500 984.705322 
622922527046760 984.461426 
622922567046552 984.248535 
622922607046291 984.123047 
622922647083948 984.168701 
622922687039208 984.149658 
622922727044781 984.152588 
622922767046500 984.173584 
622922807037177 984.226074 
622922847045093 984.233398 
622922887046343 984.305664 
622922927046343 984.297607 
622922967037229 984.338135 
622923007047906 984.443848 
622923047045354 984.487061 
622923087046395 984.406006 
622923127024104 984.453369 
622923167046760 984.470947 
622923207046552 984.491943 
622923247084833 984.501709 
622923287036187 984.511230 
622923327044885 984.527344 
622923367046083 984.537842 
622923407037177 984.531494 
622923447046448 984.668945 
622923487046552 984.717529 
622923527046083 984.732422 
622923567036916 984.722656 
622923607041760 984.528320 
622923647045510 984.296875 
622923687046708 984.175049 
622923727024989 984.181885 
622923767046083 984.155518 
622923807046448 984.167725 
622923847084781 984.175293 
622923887038010 984.211670 
622923927041395 984.242432 
622923967044937 984.297119 
622924007037177 984.371094 
622924047046187 984.468262 
622924087046968 984.457275 
622924127046448 984.416016 
622924167037177 984.463623 
622924207040406 984.483154 
622924247044364 984.480957 
622924287046343 984.494873 
622924327022698 984.525146 
622924367046552 984.541260 
622924407046083 984.546387 
622924447083687 984.537354 
622924487038479 984.772217 
622924527044989 984.772217 
622924567045458 984.720703 
622924607043479 984.777588 
622924647045927 984.507324 
622924687046135 984.272949 
622924727046395 984.235107 
622924767037229 984.213867 
622924807042489 984.177979 
622924847045354 984.176514 
622924887046448 984.205566 
622924927037437 984.230713 
622924967046448 984.253174 
622925007049520 984.306641 
622925047083895 984.318115 
622925087039000 984.440186 
622925127040458 984.505859 
622925167045041 984.446777 
622925207046708 984.460693 
622925247046604 984.458496 
622925287046968 984.478271 
622925327046343 984.494385 
622925367037437 984.517578 
622925407040510 984.536133 
622925447045510 984.542725 
622925487046864 984.531738 
622925527037698 984.690186 
622925567046760 984.765137 
622925607045875 984.780518 
622925647084573 984.560303 
622925687129989 984.459961 
622925727045145 984.231445 
622925767045302 984.095703 
622925807046500 984.102783 
622925847046239 984.112793 
622925887046395 984.119629 
622925927046500 984.140869 
622925967037437 984.191162 
622926007027593 984.228516 
622926047045354 984.308594 
622926087046448 984.312012 
622926127037437 984.395996 
622926167046239 984.477051 
622926207046760 984.482422 
622926247084364 984.450684 
622926287025250 984.464844 
622926327045666 984.470947 
622926367044885 984.481934 
622926407046708 984.512451 
622926447046343 984.527832 
622926487046343 984.544922 
622926527046395 984.539307 
622926567037177 984.572021 
622926607037437 984.774414 
622926647045666 984.771484 
622926687045145 984.779297 
622926727037177 984.654297 
622926767046187 984.423828 
622926807045823 984.219238 
622926847084260 984.170166 
622926887023635 984.153564 
622926927042958 984.127686 
622926967045406 984.139648 
622927007046916 984.235840 
622927047046187 984.252441 
622927087045927 984.275391 
622927127046135 984.283691 
622927167037437 984.296875 
622927207174833 984.428223 
622927247045250 984.478271 
622927287046708 984.418213 
622927327037177 984.475342 
622927367046500 984.489258 
622927407046291 984.494873 
622927447084052 984.516113 
622927487037177 984.548584 
622927527045302 984.557129 
622927567045145 984.544189 
622927607047281 984.612061 
622927647046968 984.759033 
622927687045875 984.771484 
622927727046760 984.775879 
622927767087020 984.499023 
622927807043114 984.282959 
622927847045145 984.132080 
622927887046448 984.174561 
622927927036656 984.144531 
622927967046343 984.154785 
622928007046448 984.174561 
622928047046500 984.211914 
622928087037177 984.221436 
622928127045198 984.290771 
622928167045093 984.304199 
622928207046343 984.376465 
622928247046500 984.474854 
622928287046291 984.497803 
622928327046343 984.441650 
622928367084260 984.456543 
622928407039833 984.437744 
622928447046343 984.460205 
622928487047281 984.478271 
622928527037177 984.492188 
622928567046135 984.513428 
622928607046187 984.520264 
622928647046395 984.504883 
622928687037437 984.705322 
622928727024000 984.724609 
622928767045041 984.740967 
622928807046343 984.611084 
622928847024208 984.454590 
622928887046291 984.245850 
622928927046448 984.131836 
622928967084260 984.169189 
622929007039833 984.153320 
622929047045406 984.159668 
622929087047281 984.162354 
622929127037437 984.202637 
622929167046135 984.236084 
622929207046604 984.310547 
622929247046083 984.318848 
622929287037177 984.343018 
622929327116864 984.427734 
622929367045510 984.474121 
622929407046760 984.422363 
622929447024625 984.460693 
622929487046500 984.462158 
622929527046708 984.492188 
622929567084000 984.517090 
622929607040354 984.533203 
622929647044833 984.548096 
622929687045041 984.542236 
622929727037177 984.536377 
622929767046031 984.790039 
622929807045927 984.803711 
622929847046500 984.812500 
622929887037698 984.852051 
622929927046604 984.557373 
622929967045302 984.303223 
622930007046916 984.226074 
622930047029000 984.195801 
622930087046343 984.149902 
622930127046500 984.154053 
622930167084208 984.172852 
622930207039625 984.191162 
622930247045250 984.223633 
622930287045093 984.293213 
622930327037958 984.303223 
622930367046343 984.360107 
622930407046187 984.451904 
622930447046448 984.449951 
622930487037177 984.387451 
622930527044677 984.458984 
622930567040354 984.497803 
622930607045406 984.498779 
622930647036708 984.511475 
622930687047177 984.536133 
622930727046343 984.532959 
622930767084416 984.510254 
622930807038427 984.680176 
622930847041239 984.730469 
622930887045510 984.676025 
622930927046760 984.750977 
622930967046395 984.485840 
622931007046395 984.281006 
622931047046395 984.172363 
622931087036656 984.177246 
622931127038166 984.159912 
622931167045979 984.156250 
622931207046448 984.168213 
622931247037698 984.208984 
622931287046812 984.287598 
622931327046291 984.308838 
622931367084052 984.309082 
622931407130041 984.379639 
622931447024312 984.448242 
622931487044989 984.450928 
622931527047125 984.426514 
622931567046083 984.459473 
622931607046135 984.464844 
622931647046500 984.493408 
622931687037177 984.516357 
622931727042333 984.542725 
622931767045718 984.560303 
622931807046187 984.553955 
622931847036864 984.564209 
622931887046239 984.781250 
622931927046343 984.849854 
622931967083635 984.965576 
622932007025250 984.668457 
622932047044573 984.370605 
622932087045458 984.283203 
622932127045354 984.202393 
622932167046552 984.168457 
622932207046135 984.142822 
622932247046448 984.145020 
622932287037177 984.205566 
622932327040562 984.209717 
622932367045354 984.254395 
622932407046187 984.257568 
622932447036864 984.289551 
622932487046343 984.416016 
622932527046708 984.467529 
622932567084156 984.433105 
622932607023270 984.418213 
622932647045406 984.472656 
622932687044833 984.492188 
622932727046448 984.488037 
622932767046500 984.499268 
622932807046083 984.519775 
622932847048323 984.531738 
622932887037437 984.530273 
622932927036031 984.652344 
622932967039156 984.726563 
622933007045145 984.796143 
622933047036395 984.794189 
622933087045875 984.569580 
622933127046343 984.323975 
622933167083948 984.218506 
622933207038218 984.211914 
622933247045354 984.170654 
622933287045718 984.164795 
622933327046604 984.185059 
622933367046135 984.219238 
622933407046343 984.242188 
622933447046343 984.300049 
622933487084312 984.306396 
622933527039573 984.371582 
622933567045718 984.502686 
622933607047177 984.524658 
622933647037177 984.474121 
622933687048166 984.436279 
622933727046500 984.458984 
622933767045666 984.455078 
622933807036656 984.457275 
622933847045198 984.485107 
622933887045354 984.513184 
622933927046500 984.519531 
622933967047020 984.694580 
622934007046760 984.749512 
622934047048427 984.767090 
622934087084312 984.783691 
622934127041239 984.518799 
622934167045510 984.273438 
622934207045145 984.151855 
622934247036916 984.184082 
622934287046135 984.148682 
622934327046604 984.149658 
622934367046083 984.155029 
622934407037645 984.199707 
622934447039364 984.229004 
622934487044885 984.299561 
622934527046968 984.278809 
622934567024104 984.309814 
622934607046083 984.423096 
622934647046395 984.450928 
622934687083166 984.409912 
622934727040198 984.426270 
622934767044625 984.450439 
622934807044833 984.460449 
622934847036916 984.476807 
622934887046500 984.492920 
622934927046864 984.517090 
622934967046395 984.511230 
622935007037177 984.479248 
622935047041916 984.657227 
622935087046083 984.696533 
622935127046135 984.730225 
622935167025093 984.448242 
622935207046500 984.355957 
622935247046135 984.171143 
622935287083687 984.081543 
622935327024104 984.145264 
622935367045614 984.131592 
622935407045406 984.144287 
622935447037229 984.160156 
622935487046448 984.205566 
622935527046395 984.250000 
622935567048010 984.285156 
622935607038218 984.295410 
622935647039104 984.338379 
622935687045823 984.438721 
622935727046448 984.468994 
622935767023948 984.429443 
622935807048375 984.476318 
622935847046395 984.496094 
622935887083739 984.518799 
622935927040666 984.541260 
622935967045145 984.558594 
622936007045406 984.571533 
622936047037437 984.567627 
622936087046135 984.554932 
622936127046448 984.748291 
622936167046604 984.766113 
622936207047593 984.825684 
622936247042125 984.575439 
622936287045198 984.366699 
622936327046239 984.179443 
622936367037698 984.188721 
622936407046395 984.153320 
622936447046448 984.126465 
622936487084052 984.137695 
622936527041760 984.169189 
622936567037906 984.198730 
622936607045979 984.258057 
622936647046604 984.298340 
622936687046500 984.323486 
622936727046083 984.473633 
622936767046031 984.521729 
622936807036916 984.472168 
622936847039729 984.481689 
622936887045198 984.452637 
622936927046343 984.468018 
622936967036916 984.491211 
622937007046656 984.483154 
622937047046187 984.459961 
622937087084052 984.435791 
622937127097437 984.412598 
622937167154781 984.568604 
622937207037958 984.656738 
622937247045927 984.694824 
622937287046083 984.497559 
622937327046343 984.309082 
622937367046343 984.232666 
622937407037437 984.211426 
622937447045406 984.167725 
622937487045458 984.189941 
622937527046760 984.191162 
622937567037177 984.220215 
622937607046395 984.255127 
622937647046343 984.265381 
622937687084104 984.276123 
622937727026343 984.365723 
622937767039312 984.440186 
622937807046187 984.443848 
622937847046604 984.396484 
622937887046343 984.471436 
622937927046448 984.510010 
622937967046187 984.527832 
622938007037593 984.551025 
622938047037906 984.567139 
622938087045145 984.570313 
622938127046395 984.556885 
622938167037437 984.564941 
622938207046135 984.699219 
622938247046760 984.723145 
622938287084208 984.675781 
622938327024104 984.880859 
622938367045510 984.569336 
622938407045198 984.331787 
622938447046708 984.209717 
622938487046083 984.246338 
622938527046395 984.227295 
622938567046343 984.212646 
622938607036968 984.233643 
622938647040718 984.267822 
622938687045198 984.285156 
622938727045093 984.295166 
622938767037177 984.328857 
622938807046552 984.482666 
622938847046395 984.462158 
622938887084416 984.425781 
622938927041864 984.492188 
622938967024208 984.513672 
622939007045145 984.541504 
622939047046395 984.573242 
622939087047020 984.576904 
622939127046187 984.572754 
622939167046500 984.539795 
622939207084364 984.503418 
622939247039260 984.736084 
622939287045145 984.743896 
622939327045145 984.758301 
622939367037125 984.636230 
622939407046343 984.459717 
622939447046760 984.254395 
622939487046500 984.210938 
622939527036708 984.201660 
622939567045145 984.192627 
622939607045093 984.195068 
622939647046500 984.202148 
622939687046343 984.211670 
622939727046135 984.253418 
622939767045562 984.283691 
622939807083635 984.304688 
622939847040718 984.424072 
622939887056187 984.468750 
622939927045198 984.458252 
622939967037125 984.395508 
622940007046604 984.512451 
622940047046500 984.522461 
622940087046343 984.521484 
622940127037437 984.541016 
622940167045979 984.560547 
622940207045093 984.568604 
622940247046291 984.559326 
622940287046343 984.703369 
622940327046187 984.755615 
622940367046968 984.772461 
622940407084156 984.482910 
622940447040041 984.437988 
622940487108843 984.218506 
622940527046656 984.104980 
622940567037437 984.061279 
622940607046343 984.128174 
622940647046239 984.161133 
622940687046083 984.249268 
622940727036864 984.266602 
622940767037281 984.354980 
622940807045198 984.336914 
622940847046083 984.390869 
622940887025875 984.472900 
622940927046135 984.508301 
622940967046395 984.459717 
622941007083895 984.483398 
622941047039781 984.496826 
622941087045354 984.531982 
622941127045145 984.544189 
622941167038062 984.554932 
622941207046187 984.553467 
622941247046343 984.530029 
622941287046239 984.637207 
622941327036916 984.732666 
622941367037229 984.769287 
622941407045145 984.688965 
622941447046760 984.531494 
622941487024364 984.272705 
622941527046135 984.138916 
622941567046135 984.166992 
622941607083843 984.143799 
622941647038635 984.142334 
622941687045770 984.153564 
622941727045406 984.184814 
622941767036916 984.224854 
622941807046500 984.282715 
622941847048323 984.280518 
622941887046864 984.328857 
622941927036708 984.428711 
622941967039364 984.446777 
622942007045354 984.402588 
622942047046864 984.456787 
622942087040510 984.478516 
622942127046135 984.505615 
622942167046239 984.523682 
622942207084260 984.537354 
622942247038635 984.550293 
622942287045250 984.550049 
622942327045145 984.603516 
622942367046343 984.774658 
622942407046239 984.786865 
622942447046448 984.685059 
622942487046500 984.657715 
622942527036656 984.383789 
622942567038843 984.208252 
622942607045510 984.161865 
622942647046291 984.151855 
622942687036916 984.143799 
622942727046708 984.157471 
622942767046343 984.231934 
622942807083895 984.244141 
622942847090979 984.277100 
622942887037802 984.290039 
622942927045354 984.356445 
622942967046864 984.460938 
622943007046708 984.470703 
622943047046135 984.425049 
622943087046135 984.464111 
622943127037229 984.460205 
622943167035562 984.470459 
622943207044468 984.499756 
622943247046604 984.520264 
622943287036916 984.520508 
622943327046239 984.526855 
622943367046343 984.550781 
622943407084208 984.736572 
622943447041187 984.750000 
622943487045666 984.757568 
622943527044573 984.697510 
622943567046448 984.437988 
622943607046135 984.233154 
622943647046916 984.221680 
622943687046239 984.179932 
622943727037229 984.160156 
622943767039000 984.176758 
622943807045354 984.207275 
622943847046500 984.239258 
622943887037437 984.275146 
622943927046239 984.313232 
622943967048010 984.403076 
622944007084208 984.480957 
622944047024104 984.486816 
622944087044885 984.454346 
622944127044989 984.463867 
622944167046604 984.485107 
622944207046187 984.523193 
622944247046135 984.542969 
622944287046187 984.558838 
622944327037177 984.548828 
622944367043375 984.528320 
622944407043270 984.523193 
622944447046395 984.684326 
622944487037437 984.765381 
622944527046135 984.786133 
622944567047177 984.504150 
622944607083948 984.304443 
622944647036656 984.146240 
622944687045718 984.217041 
622944727045145 984.185059 
622944767046187 984.167725 
622944807046448 984.168701 
622944847047906 984.182129 
622944887046031 984.216553 
622944927084000 984.272217 
622944967041135 984.283936 
622945007039416 984.312012 
622945047046083 984.453613 
622945087037177 984.492432 
622945127046135 984.437988 
622945167046760 984.428711 
622945207046343 984.483643 
622945247037177 984.485840 
622945287044364 984.511230 
622945327045354 984.545410 
622945367046343 984.573730 
622945407022645 984.593018 
622945447046187 984.617676 
622945487046395 984.788086 
622945527084729 984.797607 
622945567039573 984.809082 
622945607045666 984.757813 
622945647045250 984.512695 
622945687037177 984.287354 
622945727046500 984.207275 
622945767046083 984.142090 
622945807046187 984.122559 
622945847037489 984.124023 
622945887045145 984.162598 
622945927045093 984.212158 
622945967046448 984.224121 
622946007045927 984.258301 
622946047046187 984.282715 
622946087048010 984.432617 
622946127084312 984.489258 
622946167038791 984.461670 
622946207039416 984.461670 
622946247046239 984.467041 
622946287037125 984.465088 
622946327046135 984.473877 
622946367046500 984.480713 
622946407046135 984.488281 
622946447036916 984.484619 
622946487043479 984.476563 
622946527045406 984.607178 
622946567046343 984.732910 
622946607024468 984.744141 
622946647046343 984.578125 
622946687046083 984.795166 
622946727083791 984.493164 
622946767041135 984.290771 
622946807044364 984.195068 
622946847044833 984.192139 
622946887037437 984.184570 
622946927045875 984.198242 
622946967046708 984.255859 
622947007046500 984.269043 
622947047037177 984.320313 
622947087043583 984.326904 
622947127045718 984.363525 
622947167046656 984.469727 
622947207023427 984.486084 
622947247046135 984.420898 
622947287048114 984.479248 
622947327084312 984.475098 
622947367039156 984.477539 
622947407045458 984.512451 
622947447045406 984.531494 
622947487037281 984.543701 
622947527046395 984.551270 
622947567046239 984.803223 
622947607046343 984.816895 
622947647037333 984.851807 
622947687044885 984.635986 
622947727045041 984.391602 
622947767046448 984.180908 
622947807036708 984.203125 
622947847046656 984.139404 
622947887046395 984.117920 
622947927083895 984.134766 
622947967024000 984.184570 
622948007045927 984.208496 
622948047045302 984.237549 
622948087047073 984.284912 
622948127046448 984.304199 
622948167046656 984.460205 
622948207046031 984.514893 
622948247036916 984.475586 
622948287036864 984.459961 
622948327045250 984.466797 
622948367047020 984.464844 
622948407037437 984.475342 
622948447046395 984.495117 
622948487046395 984.518066 
622948527084729 984.525146 
622948567083375 984.520752 
622948607049573 984.659912 
622948647045614 984.739990 
622948687046448 984.759277 
622948727046343 984.572510 
622948767045770 984.440186 
622948807046187 984.222168 
622948847037177 984.103027 
622948887036083 984.160156 
622948927044937 984.150391 
622948967046448 984.144287 
622949007037958 984.153564 
622949047046604 984.199219 
622949087046239 984.229736 
622949127084312 984.286865 
622949167040927 984.292969 
622949207045614 984.326416 
622949247045875 984.431641 
622949287046448 984.481201 
622949327046500 984.439453 
622949367046031 984.463867 
622949407048270 984.476563 
622949447037437 984.504639 
622949487042645 984.530762 
622949527045093 984.543457 
622949567046448 984.545410 
622949607037125 984.545166 
622949647046395 984.530029 
622949687046500 984.720703 
622949727083948 984.734863 
622949767024781 984.733398 
622949807040979 984.763184 
622949847045145 984.483398 
622949887046604 984.270996 
622949927046760 984.157959 
622949967046135 984.210205 
622950007046708 984.186035 
622950047037437 984.186279 
622950087039625 984.197266 
622950127045145 984.221436 
622950167046135 984.252197 
622950207036864 984.303711 
622950247046291 984.298584 
622950287046187 984.367188 
622950327083687 984.444336 
622950367023843 984.473633 
622950407045614 984.423584 
622950447046187 984.476318 
622950487046448 984.495117 
622950527046395 984.505615 
622950567046187 984.520264 
622950607047958 984.560303 
622950647071031 984.553223 
622950687039416 984.576904 
622950727045145 984.756104 
622950767045718 984.779053 
622950807037437 984.899658 
622950847046083 984.577637 
622950887046916 984.373291 
622950927083948 984.207275 
622950967037437 984.185547 
622951007045093 984.152344 
622951047045250 984.146729 
622951087046500 984.163818 
622951127046187 984.200439 
622951167046083 984.210449 
622951207046760 984.259277 
622951247084000 984.297363 
622951287042489 984.310059 
622951327045354 984.457031 
622951367045041 984.489502 
622951407036916 984.427979 
622951447048948 984.456543 
622951487046083 984.460693 
622951527046135 984.466797 
622951567037125 984.468018 
622951607048427 984.488770 
622951647045354 984.523193 
622951687046239 984.533447 
622951727046187 984.523926 
622951767046239 984.677002 
622951807046552 984.713379 
622951847083479 984.762939 
622951887039677 984.663818 
622978427242774 984.391357 
622978467243295 984.390137 
622978507244753 984.392578 
622978547241368 984.393555 
622978587241889 984.397705 
622978627243295 984.389648 
622978667245118 984.389160 
622978707240639 984.384277 
622978747243087 984.381836 
622978787243399 984.377197 
622978827244389 984.379883 
622978867241941 984.378174 
622978907242826 984.375977 
622978947244858 984.374756 
622978987241108 984.380371 
622979027247410 984.386230 
622979067242983 984.387451 
622979107244805 984.388672 
622979147241264 984.390869 
622979187242670 984.388428 
622979227243712 984.400391 
