# Created at Thu Mar 27 09:01:52 GMT+01:00 2025 in Burnaby Canada 
1735334166219770 996.723389 
1735334206220655 996.705078 
1735334246220082 996.693604 
1735334286220082 996.689941 
1735334326219145 996.693604 
1735334366219822 996.697266 
1735334406219249 996.700195 
1735334446219770 996.693604 
1735334486219197 996.697754 
1735334526219666 996.704346 
1735334566217270 996.701416 
1735334606221072 996.701416 
1735334646218988 996.710938 
1735334686220291 996.707764 
1735334726217113 996.709717 
1735334766221124 996.716064 
1735334806219041 996.714844 
1735334846220499 996.717285 
1735334886219718 996.716553 
1735334926221020 996.720459 
1735334966218624 996.698975 
1735335006219926 996.690430 
1735335046220551 996.694580 
1735335086220707 996.704590 
1735335126218936 996.716064 
1735335166217270 996.713379 
1735335206219145 996.715088 
1735335246221072 996.707275 
1735335286219197 996.708740 
1735335326217999 996.718750 
1735335366219718 996.742188 
1735335406217843 996.754395 
1735335446219249 996.831543 
1735335486219666 996.861816 
1735335526219145 996.891846 
1735335566220291 996.901855 
1735335606226853 996.919678 
1735335646225551 996.917236 
1735335686226853 996.902588 
1735335726223468 996.904541 
1735335766227270 996.926514 
1735335806228572 996.976318 
1735335846219145 997.018066 
1735335886219145 997.072266 
1735335926226593 997.096924 
1735335966226488 997.311523 
1735336006219093 997.499023 
1735336046227582 997.588135 
1735336086227478 997.689453 
1735336126227322 997.778564 
1735336166206488 997.635986 
1735336206204822 997.632813 
1735336246225811 997.535889 
1735336286226957 997.482422 
1735336326227478 997.356934 
1735336366227947 997.064697 
1735336406227530 996.662598 
1735336446217791 996.268311 
1735336486219978 995.992920 
1735336526226645 995.866699 
1735336566227270 995.955322 
1735336606219093 996.183350 
1735336646226488 996.375488 
1735336686227270 996.532227 
1735336726227895 996.672852 
1735336766218572 996.740479 
1735336806226905 996.783203 
1735336846226280 996.909180 
1735336886227478 997.138184 
1735336926226853 997.387451 
1735336966227843 997.419678 
1735337006227738 997.187744 
1735337046227738 997.038818 
1735337086221176 996.942871 
1735337126225603 996.901855 
1735337166227582 996.855225 
1735337206218572 996.784668 
1735337246227218 996.785889 
1735337286227426 996.834961 
1735337326227686 996.863281 
1735337366218832 996.824951 
1735337406226072 996.792480 
1735337446226488 996.708008 
1735337486227791 996.597900 
1735337526205082 996.547119 
1735337566227582 996.496338 
1735337606227009 996.478760 
1735337646227113 996.474609 
1735337686218988 996.498291 
1735337726226280 996.518555 
1735337766227061 996.541992 
1735337806217791 996.583252 
1735337846227113 996.621582 
1735337886226749 996.646484 
1735337926227686 996.668457 
1735337966219041 996.680420 
1735338006256593 996.697998 
1735338046225551 996.718750 
1735338086227270 996.722900 
1735338126205447 996.720703 
1735338166226853 996.727295 
1735338206227113 996.747803 
1735338246227895 996.788086 
1735338286218520 996.820068 
1735338326221124 996.851807 
1735338366227113 996.868652 
1735338406218520 996.894531 
1735338446227947 996.939453 
1735338486227582 996.931152 
1735338526228155 996.879883 
1735338566218520 996.859375 
1735338606224770 996.862549 
1735338646226488 996.884521 
1735338686227478 996.898438 
1735338726218832 996.903564 
1735338766227530 996.972412 
1735338806227530 996.994385 
1735338846227582 996.983398 
1735338886220968 996.956787 
1735338926226280 996.958984 
1735338966225811 996.946045 
1735339006227738 996.940918 
1735339046227999 996.952148 
1735339086227530 996.950684 
1735339126227426 996.973145 
1735339166218051 997.003174 
1735339206220551 997.039551 
1735339246226853 997.035645 
1735339286227582 997.027832 
1735339326218520 997.002930 
1735339366227270 996.923584 
1735339406227843 996.770752 
1735339446227582 996.579346 
1735339486223416 996.429688 
1735339526205291 996.364990 
1735339566226488 996.354492 
1735339606227530 996.361328 
1735339646227843 996.360107 
1735339686227843 996.368896 
1735339726227374 996.392822 
1735339766218520 996.437988 
1735339806223259 996.510498 
1735339846227322 996.587891 
1735339886227791 996.671387 
1735339926218311 996.752930 
1735339966227582 996.808105 
1735340006227738 996.845703 
1735340046227791 996.890137 
1735340086204770 996.944824 
1735340126226488 996.956543 
1735340166226853 996.827148 
1735340206228103 996.715820 
1735340246227738 996.735596 
1735340286227322 996.781250 
1735340326228780 996.829102 
1735340366218520 996.871826 
1735340406219301 996.920898 
1735340446226593 996.983643 
1735340486226384 997.028320 
1735340526217791 997.059814 
1735340566227738 997.089111 
1735340606227009 997.129395 
1735340646227478 997.151855 
1735340686218051 997.151855 
1735340726226228 997.110352 
1735340766226488 997.019775 
1735340806227061 996.957031 
1735340846227791 996.783691 
1735340886227843 996.532959 
1735340926227738 996.394531 
1735340966228624 996.397949 
1735341006221332 996.389648 
1735341046226853 996.382568 
1735341086226593 996.404053 
1735341126217530 996.418701 
1735341166227530 996.411133 
1735341206227999 996.433105 
1735341246227478 996.541016 
1735341286218051 996.703613 
1735341326216905 996.809570 
1735341366226593 996.842285 
1735341406226384 996.843994 
1735341446205551 996.856689 
1735341486228103 996.886230 
1735341526226853 996.916260 
1735341566227530 996.802979 
1735341606221593 996.666748 
1735341646226020 996.629883 
1735341686225968 996.689697 
1735341726218051 996.728027 
1735341766226957 996.764160 
1735341806226957 996.844482 
1735341846226853 996.943848 
1735341886218103 996.995850 
1735341926271124 997.018311 
1735341966225811 997.047852 
1735342006227218 997.078125 
1735342046204926 997.097168 
1735342086227374 997.114502 
1735342126226957 997.031250 
1735342166226905 996.960449 
1735342206222426 996.819336 
1735342246226280 996.568604 
1735342286227009 996.404297 
1735342326217061 996.375732 
1735342366229874 996.396729 
1735342406227634 996.386963 
1735342446227322 996.367432 
1735342486217999 996.388916 
1735342526225916 996.422607 
1735342566226593 996.446289 
1735342606226905 996.525146 
1735342646218832 996.663818 
1735342686227738 996.756104 
1735342726227478 996.825195 
1735342766227634 996.881348 
1735342806219353 996.898438 
1735342846226853 996.891113 
1735342886226541 996.858643 
1735342926226905 996.737305 
1735342966226593 996.654053 
1735343006226905 996.721191 
1735343046227478 996.793945 
1735343086218520 996.833740 
1735343126222582 996.890137 
1735343166226436 996.976563 
1735343206227530 997.041016 
1735343246217999 997.072266 
1735343286227895 997.088135 
1735343326227634 997.104004 
1735343366228624 997.145508 
1735343406221384 997.155273 
1735343446226280 997.124512 
1735343486225968 997.077393 
1735343526226072 996.943604 
1735343566227270 996.726807 
1735343606227322 996.514893 
1735343646227582 996.414551 
1735343686218832 996.425537 
1735343726219353 996.423096 
1735343766227634 996.403809 
1735343806227947 996.380127 
1735343846219093 996.399170 
1735343886227530 996.447754 
1735343926226749 996.543701 
1735343966228155 996.650879 
1735344006205968 996.750488 
1735344046225811 996.798340 
1735344086226436 996.831055 
1735344126226645 996.870605 
1735344166226957 996.843994 
1735344206226905 996.746582 
1735344246227738 996.676025 
1735344286218572 996.677490 
1735344326405551 996.708252 
1735344366226488 996.774414 
1735344406227270 996.833252 
1735344446216905 996.905518 
1735344486226645 996.953125 
1735344526227374 996.996582 
1735344566227686 997.057861 
1735344606218207 997.106689 
1735344646220343 997.129883 
1735344686226593 997.143799 
1735344726227061 997.091309 
1735344766228051 996.910889 
1735344806227166 996.651611 
1735344846227009 996.523438 
1735344886227738 996.532227 
1735344926220916 996.521973 
1735344966226905 996.486816 
1735345006225447 996.451904 
1735345046218259 996.431396 
1735345086227843 996.427734 
1735345126228520 996.449219 
1735345166227738 996.556396 
1735345206219093 996.693359 
1735345246226228 996.807373 
1735345286226332 996.889648 
1735345326227322 996.949219 
1735345366226801 996.926270 
1735345406226749 996.764893 
1735345446227061 996.755127 
1735345486225759 996.817627 
1735345526221176 996.814453 
1735345566226488 996.848877 
1735345606226593 996.925537 
1735345646218051 996.974121 
1735345686226749 997.007568 
1735345726227530 997.069092 
1735345766227634 997.111572 
1735345806217999 997.096680 
1735345846225759 997.065430 
1735345886225759 996.962402 
1735345926226905 996.731689 
1735345966207426 996.579102 
1735346006227999 996.522705 
1735346046227582 996.493408 
1735346086227270 996.454834 
1735346126221176 996.447510 
1735346166226645 996.449219 
1735346206226020 996.440186 
1735346246216801 996.450439 
1735346286227426 996.487305 
1735346326227426 996.601074 
1735346366227009 996.737793 
1735346406218832 996.874756 
1735346446222061 996.963623 
1735346486225968 996.968262 
1735346526227947 996.912354 
1735346566215395 996.743408 
1735346606227009 996.707764 
1735346646227009 996.786377 
1735346686227686 996.820801 
1735346726219093 996.841797 
1735346766220238 996.902588 
1735346806220238 996.986328 
1735346846228103 997.022949 
1735346886226645 997.060303 
1735346926226853 997.074707 
1735346966227322 997.100342 
1735347006218259 997.140869 
1735347046220863 997.133545 
1735347086226749 997.031494 
1735347126227895 996.814209 
1735347166218520 996.599121 
1735347206227738 996.510986 
1735347246227530 996.502197 
1735347286226124 996.495850 
1735347326304874 996.495850 
1735347366226332 996.489990 
1735347406226488 996.484131 
1735347446227322 996.480469 
1735347486226697 996.487549 
1735347526227478 996.559326 
1735347566227530 996.692627 
1735347606218520 996.839844 
1735347646220551 996.925293 
1735347686226749 996.948486 
1735347726226749 996.879150 
1735347766218520 996.709961 
1735347806227061 996.707031 
1735347846227791 996.756104 
1735347886227426 996.771240 
1735347926204197 996.800293 
1735347966220395 996.868408 
1735348006226176 996.952637 
1735348046225707 996.994873 
1735348086227061 997.003174 
1735348126229666 997.008301 
1735348166227009 997.040039 
1735348206218572 997.058350 
1735348246219978 997.033691 
1735348286225499 996.935059 
1735348326225499 996.692383 
1735348366218259 996.477295 
1735348406226957 996.409424 
1735348446226853 996.419922 
1735348486228103 996.428711 
1735348526222843 996.434570 
1735348566225655 996.470703 
1735348606225863 996.479004 
1735348646227061 996.502197 
1735348686226436 996.558838 
1735348726226853 996.649658 
1735348766226905 996.759033 
1735348806227061 996.868896 
1735348846219561 996.957764 
1735348886225811 996.888916 
1735348926227322 996.730713 
1735348966222999 996.667480 
1735349006227009 996.745850 
1735349046227478 996.788818 
1735349086227738 996.837891 
1735349126218259 996.916748 
1735349166227061 997.019531 
1735349206226020 997.076172 
1735349246225968 997.088623 
1735349286226801 997.087646 
1735349326227009 997.068359 
1735349366227791 997.057861 
1735349406227270 997.018555 
1735349446221072 996.933594 
1735349486226697 996.713867 
1735349526227322 996.496582 
1735349566217009 996.428711 
1735349606227895 996.423340 
1735349646227322 996.409668 
1735349686227166 996.405518 
1735349726217999 996.412842 
1735349766226228 996.407227 
1735349806225916 996.426270 
1735349846225499 996.532959 
1735349886206176 996.650635 
1735349926226645 996.766602 
1735349966227530 996.831543 
1735350006227791 996.895752 
1735350046222843 996.917969 
1735350086225968 996.825195 
1735350126225603 996.660400 
1735350166218520 996.673828 
1735350206227791 996.703369 
1735350246227061 996.715088 
1735350286227218 996.775391 
1735350326217738 996.864502 
1735350366219093 996.966553 
1735350406225655 997.026855 
1735350446225655 997.075195 
1735350486203884 997.098633 
1735350526229249 997.112793 
1735350566227686 997.096680 
1735350606227895 997.041260 
1735350646219197 996.929932 
1735350686226593 996.696289 
1735350726225968 996.563477 
1735350766227478 996.567383 
1735350806227478 996.554199 
1735350846227582 996.486328 
1735350886227999 996.466553 
1735350926218572 996.469727 
1735350966221593 996.462646 
1735351006226072 996.502930 
1735351046227791 996.604980 
1735351086218520 996.723389 
1735351126227686 996.803711 
1735351166227113 996.857422 
1735351206227166 996.917969 
1735351246273832 996.939209 
1735351286225707 996.799561 
1735351326220811 996.703125 
1735351366226541 996.761475 
1735351406226749 996.782715 
1735351446227634 996.791748 
1735351486227530 996.828857 
1735351526219041 996.882813 
1735351566222009 996.934814 
1735351606225655 996.960449 
1735351646227218 996.999512 
1735351686217999 997.048340 
1735351726227530 997.079834 
1735351766226801 997.061035 
1735351806227895 997.064941 
1735351846205863 996.934326 
1735351886225707 996.691406 
1735351926226332 996.555664 
1735351966219197 996.531738 
1735352006226905 996.509766 
1735352046227478 996.465820 
1735352086227530 996.480225 
1735352126217478 996.501953 
1735352166334249 996.525879 
1735352206226593 996.556641 
1735352246228155 996.616699 
1735352286217426 996.698730 
1735352326227322 996.870850 
1735352366229718 996.924561 
1735352406227530 996.823975 
1735352446205395 996.677002 
1735352486226593 996.629639 
1735352526226697 996.705811 
1735352566227791 996.750488 
1735352606227426 996.774658 
1735352646226957 996.854492 
1735352686227478 996.977539 
1735352726228051 997.066895 
1735352766220968 997.101074 
1735352806226853 997.127930 
1735352846219978 997.161377 
1735352886217999 997.175781 
1735352926226853 997.172363 
1735352966227738 997.115967 
1735353006228155 996.989990 
1735353046218780 996.741943 
1735353086220395 996.531250 
1735353126227322 996.467773 
1735353166226541 996.454346 
1735353206227530 996.411133 
1735353246228103 996.384033 
1735353286227686 996.377930 
1735353326227530 996.383057 
1735353366220551 996.451904 
1735353406227218 996.576416 
1735353446226697 996.724609 
1735353486217061 996.834473 
1735353526226905 996.932129 
1735353566227478 996.984375 
1735353606227166 996.890625 
1735353646218676 996.694336 
1735353686221384 996.652832 
1735353726226593 996.740967 
1735353766226488 996.784424 
1735353806207374 996.826660 
1735353846227791 996.898193 
1735353886227843 996.976074 
1735353926228103 997.055176 
1735353966221749 997.131836 
1735354006226853 997.180908 
1735354046226280 997.225342 
1735354086218780 997.221680 
1735354126227426 997.147461 
1735354166227478 997.002197 
1735354206227582 996.702881 
1735354246218259 996.473877 
1735354286220916 996.430664 
1735354326226645 996.402100 
1735354366228051 996.367676 
1735354406205603 996.378418 
1735354446227270 996.395752 
1735354486227582 996.386719 
1735354526227530 996.458984 
1735354566220916 996.557129 
1735354606227009 996.652100 
1735354646226020 996.763184 
1735354686230655 996.870605 
1735354726229561 996.943848 
1735354766226905 996.969971 
1735354806227791 996.851807 
1735354846217999 996.784180 
1735354886226749 996.827637 
1735354926226853 996.850830 
1735354966226593 996.834229 
1735355006218780 996.849609 
1735355046227113 996.954590 
1735355086227686 997.044678 
1735355126227322 997.091309 
1735355166219457 997.110107 
1735355206226124 997.115723 
1735355246225759 997.130615 
1735355286227999 997.104248 
1735355326227478 996.987061 
1735355366227530 996.898926 
1735355406227686 996.723877 
1735355446217999 996.483398 
1735355486218468 996.397949 
1735355526226228 996.418457 
1735355566227582 996.380127 
1735355606218572 996.350830 
1735355646227738 996.381104 
1735355686227791 996.413086 
1735355726227843 996.571777 
1735355766221124 996.656982 
1735355806222113 996.760986 
1735355846226749 996.841797 
1735355886226749 996.876709 
1735355926228051 996.944092 
1735355966227843 996.913574 
1735356006227686 996.770752 
1735356046218988 996.750488 
1735356086221541 996.780762 
1735356126226488 996.840088 
1735356166226541 996.885254 
1735356206218572 996.980469 
1735356246227738 997.078369 
1735356286226749 997.139648 
1735356326228311 997.158447 
1735356366204978 997.163330 
1735356406222322 997.162842 
1735356446226593 997.146729 
1735356486226488 997.061279 
1735356526227791 996.970703 
1735356566227791 996.844238 
1735356606227895 996.568848 
1735356646218832 996.370850 
1735356686221749 996.367432 
1735356726226801 996.339844 
1735356766226697 996.298340 
1735356806218311 996.336182 
1735356846226853 996.375977 
1735356886228051 996.382813 
1735356926227530 996.471191 
1735356966219093 996.587646 
1735357006226541 996.726563 
1735357046226593 996.882813 
1735357086227843 996.949463 
1735357126230082 996.961670 
1735357166227634 996.775391 
1735357206227686 996.717529 
1735357246228103 996.780762 
1735357286220655 996.747803 
1735357326226749 996.769775 
1735357366228103 996.848389 
1735357406218780 996.977783 
1735357446229561 997.054932 
1735357486227686 997.089600 
1735357526226905 997.129150 
1735357566219353 997.174805 
1735357606227009 997.209473 
1735357646226801 997.176270 
1735357686227791 997.095947 
1735357726205343 996.961426 
1735357766227426 996.673584 
1735357806226957 996.482910 
1735357846227686 996.453369 
1735357886221176 996.427246 
1735357926225655 996.405029 
1735357966219093 996.398193 
1735358006218572 996.397217 
1735358046226957 996.408936 
1735358086227061 996.477539 
1735358126227738 996.584961 
1735358166217999 996.682129 
1735358206273155 996.749023 
1735358246226749 996.813965 
1735358286226488 996.900391 
1735358326206593 996.860107 
1735358366226905 996.710205 
1735358406227999 996.671875 
1735358446227530 996.731934 
1735358486220291 996.783936 
1735358526226593 996.858887 
1735358566225655 996.947266 
1735358606218572 997.033691 
1735358646227009 997.089844 
1735358686227686 997.132568 
1735358726227530 997.170898 
1735358766218572 997.198730 
1735358806223051 997.193115 
1735358846226593 997.139893 
1735358886327791 997.039795 
1735358926218259 996.809570 
1735358966226749 996.572021 
1735359006227686 996.467041 
1735359046227947 996.469482 
1735359086219822 996.456787 
1735359126225968 996.420410 
1735359166225551 996.397705 
1735359206227947 996.398926 
1735359246227374 996.468750 
1735359286227426 996.577637 
1735359326226801 996.697021 
1735359366218520 996.794922 
1735359406221853 996.826416 
1735359446226280 996.846924 
1735359486227478 996.879395 
1735359526217791 996.832275 
1735359566227478 996.714844 
1735359606227218 996.734863 
1735359646227322 996.766357 
1735359686303051 996.828369 
1735359726227061 996.906006 
1735359766226853 997.009033 
1735359806227947 997.123047 
1735359846227270 997.183594 
1735359886227634 997.193115 
1735359926227426 997.185547 
1735359966219041 997.190186 
1735360006221488 997.141602 
1735360046226280 997.091797 
1735360086227426 996.942871 
1735360126218259 996.693848 
1735360166227791 996.506348 
1735360206227843 996.436035 
1735360246228051 996.403809 
1735360286206957 996.387207 
1735360326226645 996.399902 
1735360366227322 996.404785 
1735360406228259 996.407471 
1735360446227686 996.432129 
1735360486227530 996.507813 
1735360526227843 996.627441 
1735360566219770 996.742432 
1735360606299509 996.822754 
1735360646226853 996.929443 
1735360686227530 996.993408 
1735360726218520 996.758301 
1735360766227791 996.624756 
1735360806227843 996.656982 
1735360846227478 996.693604 
1735360886215238 996.731934 
1735360926227166 996.812012 
1735360966226436 996.924561 
1735361006226853 997.012939 
1735361046227270 997.063477 
1735361086227843 997.071289 
1735361126227426 997.082764 
1735361166227947 997.125244 
1735361206221176 997.125732 
1735361246226280 997.045166 
1735361286226541 996.931396 
1735361326217999 996.718750 
1735361366227791 996.541504 
1735361406227791 996.482422 
1735361446227009 996.445068 
1735361486218259 996.412354 
1735361526220186 996.419678 
1735361566226436 996.446533 
1735361606228207 996.480713 
1735361646226905 996.500732 
1735361686227426 996.548340 
1735361726227009 996.645996 
1735361766227686 996.798096 
1735361806220291 996.898926 
1735361846225759 996.929688 
1735361886227999 996.961182 
1735361926216749 996.942627 
1735361966226905 996.752197 
1735362006226801 996.706299 
1735362046227166 996.780273 
1735362086217738 996.840088 
1735362126221280 996.906006 
1735362166226280 996.965820 
1735362206227738 997.032715 
1735362246204770 997.072510 
1735362286227843 997.103516 
1735362326227478 997.143066 
1735362366227999 997.167969 
1735362406219145 997.169678 
1735362446227009 997.123535 
1735362486226645 997.031982 
1735362526218259 996.604248 
1735362566227843 996.520752 
1735362606226957 996.474365 
1735362646227061 996.419189 
1735362686218520 996.375732 
1735362726222009 996.373291 
1735362766226488 996.384766 
1735362806228363 996.430420 
1735362846205499 996.526611 
1735362886226801 996.652100 
1735362926229613 996.768799 
1735362966227218 996.865967 
1735363006219978 996.925293 
1735363046226124 996.933594 
1735363086226280 996.725098 
1735363126227582 996.680908 
1735363166226749 996.761475 
1735363206227686 996.730225 
1735363246227530 996.710938 
1735363286217999 996.755615 
1735363326220447 996.859131 
1735363366226176 996.947510 
1735363406226801 996.988281 
1735363446218259 997.022461 
1735363486227426 997.085449 
1735363526227582 997.139893 
1735363566227843 997.162109 
1735363606228259 997.158936 
1735363646220395 997.075195 
1735363686226541 996.830322 
1735363726227582 996.576172 
1735363766226957 996.448730 
1735363806226801 996.424805 
1735363846226957 996.444092 
1735363886218780 996.461426 
1735363926218936 996.467529 
1735363966226228 996.433594 
1735364006226436 996.423340 
1735364046218520 996.461670 
1735364086227530 996.545654 
1735364126227843 996.665771 
1735364166228103 996.797363 
1735364206222113 996.893555 
1735364246205395 996.880371 
1735364286226853 996.719971 
1735364326228103 996.615723 
1735364366226905 996.632324 
1735364406227843 996.689941 
1735364446227686 996.727051 
1735364486217999 996.767578 
1735364526221541 996.855225 
1735364566226853 996.962891 
1735364606227582 997.052246 
1735364646217999 997.102539 
1735364686227530 997.151367 
1735364726226749 997.198486 
1735364766227218 997.222656 
1735364806205238 997.216553 
1735364846225811 997.175293 
1735364886226384 996.985596 
1735364926226541 996.717285 
1735364966227530 996.568359 
1735365006227686 996.510010 
1735365046227843 996.476563 
1735365086223988 996.438965 
1735365126409718 996.424072 
1735365166226853 996.421143 
1735365206227270 996.440918 
1735365246218051 996.476318 
1735365286227426 996.552246 
1735365326227634 996.648193 
1735365366227738 996.747559 
1735365406219561 996.863281 
1735365446226749 996.958740 
1735365486226853 996.856201 
1735365526227999 996.699219 
1735365566227895 996.726074 
1735365606227999 996.800049 
1735365646227791 996.806396 
1735365686227738 996.824219 
1735365726220395 996.894043 
1735365766226488 996.994629 
1735365806225447 997.049072 
1735365846216749 997.061768 
1735365886227113 997.082031 
1735365926227582 997.101074 
1735365966227478 997.010254 
1735366006218311 996.934326 
1735366046226436 996.706787 
1735366086226436 996.530762 
1735366126274405 996.511963 
1735366166204405 996.507324 
1735366206226801 996.468018 
1735366246226957 996.448486 
1735366286227061 996.447266 
1735366326217895 996.458496 
1735366366226853 996.523193 
1735366406227530 996.616699 
1735366446217061 996.720703 
1735366486226541 996.832520 
1735366526226801 996.919678 
1735366566227582 996.981934 
1735366606218520 996.954102 
1735366646357374 996.783203 
1735366686226228 996.755859 
1735366726226853 996.855957 
1735366766205707 996.884521 
1735366806227061 996.880859 
1735366846226697 996.935791 
1735366886226384 997.028076 
1735366926220655 997.069336 
1735366966226853 997.090332 
1735367006226645 997.108398 
1735367046218311 997.125000 
1735367086227582 997.123291 
1735367126227009 997.096191 
1735367166227270 996.985840 
1735367206218988 996.712646 
1735367246221436 996.539551 
1735367286227061 996.510742 
1735367326226593 996.501709 
1735367366219874 996.439941 
1735367406227843 996.396240 
1735367446229561 996.401367 
1735367486227947 996.388916 
1735367526220707 996.433594 
1735367566226072 996.535156 
1735367606226124 996.659668 
1735367646226488 996.773682 
1735367686226957 996.865723 
1735367726227738 996.927002 
1735367766227530 996.963379 
1735367806218259 996.832764 
1735367846225291 996.726563 
1735367886226853 996.787354 
1735367926227322 996.846436 
1735367966217322 996.857666 
1735368006227009 996.893799 
1735368046227113 996.983398 
1735368086226436 997.051025 
1735368126310030 997.099365 
1735368166226332 997.115234 
1735368206225707 997.124023 
1735368246227322 997.137207 
1735368286227426 997.092285 
1735368326227426 996.996094 
1735368366228810 996.793457 
1735368406219331 996.569092 
1735368446221050 996.528076 
1735368486226987 996.521240 
1735368526227092 996.461670 
1735368566219019 996.420654 
1735368606228029 996.404053 
1735368646228290 996.390381 
1735368686227769 996.439453 
1735368726205633 996.568604 
1735368766226154 996.713379 
1735368806226675 996.837646 
1735368846227352 996.913330 
1735368886227248 996.945557 
1735368926229904 996.924316 
1735368966228342 996.789795 
1735369006219175 996.799805 
1735369046220842 996.871826 
1735369086226987 996.890869 
1735369126228237 996.927734 
1735369166217769 997.002197 
1735369206227352 997.083740 
1735369246227196 997.122314 
1735369286228862 997.141113 
1735369326223081 997.114258 
1735369366227300 997.091064 
1735369406227196 996.965088 
1735369446228290 996.703369 
1735369486228081 996.552490 
1735369526228081 996.517090 
1735369566228133 996.435059 
1735369606228498 996.336182 
1735369646221883 996.321777 
1735369686226206 996.371582 
1735369726227873 996.405518 
1735369766219019 996.450684 
1735369806228081 996.546631 
1735369846227925 996.685791 
1735369886228237 996.812012 
1735369926218758 996.932129 
1735369966220373 996.998047 
1735370006227300 996.850830 
1735370046227196 996.718262 
1735370086228237 996.750488 
1735370126228185 996.767578 
1735370166228237 996.789307 
1735370206228498 996.831543 
1735370246221467 996.918457 
1735370286206102 996.985840 
1735370326226727 997.018555 
1735370366219019 997.068115 
1735370406228185 997.110596 
1735370446228029 997.155762 
1735370486228290 997.195557 
1735370526218810 997.182861 
1735370566205842 996.997559 
1735370606226102 996.708984 
1735370646228290 996.547363 
1735370686206050 996.523682 
1735370726227560 996.496826 
1735370766227508 996.485596 
1735370806228342 996.491455 
1735370846222977 996.493652 
1735370886226310 996.479980 
1735370926225998 996.515625 
1735370966219071 996.610352 
1735371006227456 996.722900 
1735371046228237 996.846436 
1735371086228602 996.940918 
1735371126219279 996.985840 
1735371166217769 996.896729 
1735371206225946 996.704834 
1735371246228133 996.668213 
1735371286205529 996.737549 
1735371326227300 996.776367 
1735371366228185 996.818359 
1735371406228446 996.928467 
1735371446220008 997.061035 
1735371486227092 997.143799 
1735371526226831 997.197266 
1735371566226935 997.216309 
1735371606228237 997.190674 
1735371646227977 997.158936 
1735371686229904 997.107910 
1735371726218498 996.942871 
1735371766222925 996.673340 
1735371806223446 996.494629 
1735371846227040 996.427002 
1735371886218758 996.384277 
1735371926227508 996.323975 
1735371966227977 996.299316 
1735372006228029 996.309326 
1735372046226883 996.305420 
1735372086218602 996.349609 
1735372126226831 996.459229 
1735372166226467 996.607178 
1735372206228081 996.750488 
1735372246227717 996.847412 
1735372286227665 996.949463 
1735372326219279 996.975342 
1735372366219852 996.801270 
1735372406227092 996.806885 
1735372446228290 996.936279 
1735372486219279 996.991211 
1735372526228602 997.035645 
1735372566227977 997.088623 
1735372606228185 997.163574 
1735372646224019 997.238037 
1735372686206206 997.259277 
1735372726227248 997.262939 
1735372766226935 997.229492 
1735372806228758 997.121826 
1735372846227925 996.968750 
1735372886227300 996.726318 
1735372926218498 996.555176 
1735372966242196 996.544678 
1735373006227040 996.507568 
1735373046227925 996.452393 
1735373086219331 996.424072 
1735373126230112 996.414307 
1735373166227196 996.416992 
1735373206227508 996.455322 
1735373246205633 996.562256 
1735373286217821 996.691162 
1735373326227300 996.827148 
1735373366226675 996.920166 
1735373406227248 997.010254 
1735373446228342 996.982910 
1735373486227769 996.757324 
1735373526226362 996.747314 
1735373566221154 996.794189 
1735373606227612 996.815430 
1735373646228237 996.856934 
1735373686218550 996.966309 
1735373726227456 997.094238 
1735373766227352 997.161133 
1735373806227612 997.170410 
1735373846219019 997.200684 
1735373886227040 997.228760 
1735373926227300 997.198730 
1735373966218342 997.137207 
1735374006228133 997.013672 
1735374046228237 996.757080 
1735374086227717 996.501221 
1735374126228498 996.421143 
1735374166220425 996.435303 
1735374206227352 996.409668 
1735374246227248 996.388672 
1735374286219175 996.422119 
1735374326227560 996.447510 
1735374366230946 996.450684 
1735374406227040 996.476563 
1735374446218550 996.581787 
1735374486226623 996.712158 
1735374526227196 996.856934 
1735374566227040 996.964111 
1735374606205737 997.007324 
1735374646227196 996.985840 
1735374686227300 996.752197 
1735374726228029 996.603516 
1735374766219956 996.649414 
1735374806227248 996.713623 
1735374846227040 996.779785 
1735374886218081 996.869141 
1735374926227977 996.976074 
1735374966227821 997.032471 
1735375006227352 997.061279 
1735375046218081 997.093262 
1735375086306727 997.119873 
1735375126226467 997.130127 
1735375166226883 997.100098 
1735375206206050 996.987793 
1735375246228133 996.731445 
1735375286227092 996.528564 
1735375326227612 996.475830 
1735375366222612 996.470215 
1735375406225685 996.443359 
1735375446227040 996.417725 
1735375486219540 996.412842 
1735375526227248 996.398682 
1735375566227404 996.375977 
1735375606227717 996.421143 
1735375646219279 996.556885 
1735375686234540 996.689941 
1735375726227092 996.790527 
1735375766228654 996.892822 
1735375806218758 996.942139 
1735375846227248 996.904785 
1735375886227300 996.714355 
1735375926228498 996.620850 
1735375966220790 996.696777 
1735376006226571 996.793701 
1735376046227040 996.884033 
1735376086227092 996.978760 
1735376126227404 997.123047 
1735376166228342 997.157471 
1735376206228394 997.170898 
1735376246219019 997.198730 
1735376286222040 997.242676 
1735376326226935 997.213379 
1735376366227456 997.080811 
1735376406218758 996.777832 
1735376446228342 996.566650 
1735376486227456 996.525879 
1735376526228706 996.489258 
1735376566328029 996.447754 
1735376606227352 996.434082 
1735376646227300 996.428955 
1735376686228602 996.406250 
1735376726228237 996.415039 
1735376766227665 996.500977 
1735376806227612 996.604736 
1735376846220112 996.697510 
1735376886226935 996.748291 
1735376926226935 996.838135 
1735376966228446 996.897705 
1735377006219071 996.744873 
1735377046230112 996.678955 
1735377086228029 996.744873 
1735377126228237 996.801514 
1735377166206258 996.862793 
1735377206227352 996.958252 
1735377246227248 997.049072 
1735377286229175 997.110596 
1735377326228550 997.134521 
1735377366227977 997.151611 
1735377406228550 997.173584 
1735377446219435 997.220947 
1735377486314123 997.274170 
1735377526227092 997.163818 
1735377566227456 996.861084 
1735377606219019 996.612549 
1735377646227352 996.531738 
1735377686227977 996.483643 
1735377726228290 996.404297 
1735377766223029 996.375488 
1735377806218967 996.378906 
1735377846226779 996.390869 
1735377886227144 996.428223 
1735377926228550 996.501221 
1735377966228237 996.582275 
1735378006227873 996.669189 
1735378046227769 996.765137 
1735378086221467 996.871094 
1735378126227248 996.937012 
1735378166227769 996.818115 
1735378206219019 996.703857 
1735378246227248 996.779297 
1735378286227456 996.818115 
1735378326228185 996.828857 
1735378366219019 996.872314 
1735378406218915 996.966797 
1735378446227612 997.052490 
1735378486227248 997.075439 
1735378526228342 997.091797 
1735378566228185 997.104248 
1735378606227977 997.127197 
1735378646227925 997.131592 
1735378686221675 997.053711 
1735378726226883 996.772461 
1735378766228602 996.496338 
1735378806219279 996.436279 
1735378846227196 996.470703 
1735378886227977 996.471924 
1735378926227977 996.463623 
1735378966219019 996.454834 
1735379006240373 996.454590 
1735379046227040 996.448975 
1735379086225894 996.517578 
1735379126206050 996.641357 
1735379166227560 996.765381 
1735379206227248 996.861816 
1735379246228185 996.916016 
1735379286221415 996.954346 
1735379326226310 996.862793 
1735379366228081 996.724609 
1735379406218550 996.738770 
1735379446227300 996.826904 
1735379486227248 996.864502 
1735379526227925 996.902100 
1735379566218550 997.075928 
1735379606223915 997.125000 
1735379646226727 997.156738 
1735379686227300 997.190186 
1735379726204540 997.177490 
1735379766227196 997.166748 
1735379806227925 997.110352 
1735379846228862 996.905518 
1735379886220581 996.637695 
1735379926225998 996.494385 
1735379966226623 996.459229 
1735380006227144 996.420166 
1735380046228237 996.395264 
1735380086228185 996.398682 
1735380126228862 996.395264 
1735380166218758 996.419434 
1735380206228446 996.516846 
1735380246226206 996.655029 
1735380286220112 996.794922 
1735380326219019 996.880371 
1735380366227404 996.897949 
1735380406227352 996.925781 
1735380446227821 996.839355 
1735380486232456 996.707031 
1735380526227717 996.751221 
1735380566227612 996.809814 
1735380606227821 996.819336 
1735380646228862 996.860107 
1735380686227977 996.929688 
1735380726228081 997.017334 
1735380766218290 997.095459 
1735380806219331 997.138428 
1735380846226206 997.147949 
1735380886228185 997.119385 
1735380926218342 997.093262 
1735380966227248 997.060303 
1735381006229383 996.864746 
1735381046228237 996.611328 
1735381086206935 996.506592 
1735381126221050 996.487305 
1735381166226310 996.468018 
1735381206226935 996.443604 
1735381246227665 996.440186 
1735381286227560 996.419189 
1735381326228290 996.434082 
1735381366219592 996.472900 
1735381406220008 996.550293 
1735381446226519 996.668457 
1735381486228342 996.750732 
1735381526218810 996.815430 
1735381566227925 996.902832 
1735381606228029 996.934814 
1735381646228237 996.805908 
1735381686208706 996.736328 
1735381726225633 996.816650 
1735381766226362 996.870605 
1735381806227352 996.880127 
1735381846228237 996.936279 
1735381886228342 997.019531 
1735381926228394 997.098633 
1735381966224800 997.148682 
1735382006411571 997.175293 
1735382046226831 997.200928 
1735382086226362 997.195801 
1735382126218029 997.125244 
1735382166228133 997.014160 
1735382206227144 996.773438 
1735382246228237 996.525391 
1735382286219019 996.434082 
1735382326227092 996.434326 
1735382366226258 996.421631 
1735382406226258 996.413818 
1735382446227769 996.420898 
1735382486227248 996.419434 
1735382526228602 996.466309 
1735382566228342 996.579102 
1735382606220321 996.697998 
1735382646226987 996.814209 
1735382686227456 996.878662 
1735382726217508 996.921875 
1735382766227248 996.957031 
1735382806227821 996.819092 
1735382846227404 996.708984 
1735382886219019 996.812500 
1735382926226987 996.851318 
1735382966227040 996.837402 
1735383006226935 996.988037 
1735383046205737 997.030762 
1735383086226935 997.046631 
1735383126227508 997.072754 
1735383166228237 997.095459 
1735383206219748 997.079346 
1735383246227092 996.999756 
1735383286228342 996.912598 
1735383326219279 996.674561 
1735383366228029 996.521484 
1735383406227508 996.493408 
1735383446228029 996.461182 
1735383486218810 996.426514 
1735383526343185 996.430664 
1735383566227196 996.439941 
1735383606227977 996.446533 
1735383646206415 996.497070 
1735383686227977 996.598389 
1735383726227560 996.748779 
1735383766227456 996.869629 
1735383806221883 996.965820 
1735383846226362 996.992188 
1735383886226258 996.846436 
1735383926217300 996.700684 
1735383966229227 996.738770 
1735384006226935 996.791016 
1735384046227196 996.802246 
1735384086218706 996.863770 
1735384126221310 996.984863 
1735384166226779 997.061279 
1735384206226987 997.106934 
1735384246219019 997.137451 
1735384286227196 997.178467 
1735384326228133 997.183350 
1735384366228394 997.176270 
1735384406219800 997.137451 
1735384446227144 996.968506 
1735384486226935 996.695557 
1735384526228029 996.530518 
1735384566230321 996.486816 
1735384606228602 996.451660 
1735384646228342 996.417725 
1735384686219071 996.404297 
1735384726220217 996.398926 
1735384766226935 996.390381 
1735384806227144 996.425049 
1735384846219279 996.532471 
1735384886227769 996.671387 
1735384926228081 996.786377 
1735384966228029 996.846680 
1735385006323237 996.916260 
1735385046226050 996.955078 
1735385086226935 996.836426 
1735385126220581 996.712158 
1735385166227508 996.751221 
1735385206228290 996.826416 
1735385246228237 996.854004 
1735385286219019 996.902832 
1735385326219540 996.998779 
1735385366227144 997.111084 
1735385406228550 997.198730 
1735385446219331 997.254150 
1735385486228081 997.279541 
1735385526227977 997.281494 
1735385566228602 997.198486 
1735385606206675 997.063477 
1735385646227092 996.800537 
1735385686227092 996.555176 
1735385726228498 996.465088 
1735385766227404 996.450928 
1735385806227977 996.413818 
1735385846228342 996.378662 
1735385886219487 996.372314 
1735385926362040 996.367188 
1735385966226571 996.392578 
1735386006228550 996.477539 
1735386046218290 996.576660 
1735386086228290 996.670166 
1735386126228029 996.768311 
1735386166227821 996.837402 
1735386206219748 996.887451 
1735386246228185 996.853516 
1735386286226675 996.670898 
1735386326228810 996.625977 
1735386366227456 996.788330 
1735386406227300 996.832275 
1735386446228342 996.924561 
1735386486228029 997.049316 
1735386526221102 997.138184 
1735386566227040 997.199463 
1735386606226519 997.229736 
1735386646218237 997.247559 
1735386686228081 997.233643 
1735386726227352 997.216064 
1735386766226935 997.077393 
1735386806219019 996.789795 
1735386846332925 996.563721 
1735386886227508 996.498535 
1735386926228498 996.455811 
1735386966228706 996.410645 
1735387006227925 996.396729 
1735387046228029 996.403320 
1735387086228602 996.406250 
1735387126221623 996.428955 
1735387166227248 996.519775 
1735387206226987 996.641357 
1735387246217821 996.730469 
1735387286228133 996.802734 
1735387326228290 996.886230 
1735387366227821 996.975830 
1735387406219019 996.923096 
1735387446205477 996.760742 
1735387486227092 996.758789 
1735387526228498 996.838623 
1735387566206362 996.867676 
1735387606228133 996.905029 
1735387646227352 996.981689 
1735387686228498 997.050781 
1735387726218967 997.084229 
1735387766226362 997.094238 
1735387806227352 997.108154 
1735387846218810 997.153564 
1735387886227196 997.177490 
1735387926228498 997.155762 
1735387966227977 996.972900 
1735388006219592 996.704346 
1735388046221206 996.552490 
1735388086227092 996.504395 
1735388126220633 996.484131 
1735388166205269 996.475098 
1735388206230008 996.458008 
1735388246227977 996.462402 
1735388286226675 996.462646 
1735388326220685 996.456299 
1735388366227873 996.488037 
1735388406226362 996.579102 
1735388446226310 996.692139 
1735388486228029 996.769531 
1735388526227925 996.840576 
1735388566228498 996.876953 
1735388606219019 996.832275 
1735388646220477 996.709961 
1735388686226467 996.676270 
1735388726228133 996.740967 
1735388766218498 996.792236 
1735388806227144 996.815918 
1735388846228237 996.863281 
1735388886228290 996.937988 
1735388926233394 996.985352 
1735388966206050 997.010010 
1735389006226675 997.040771 
1735389046226779 997.088379 
1735389086228081 997.126465 
1735389126227612 997.085693 
1735389166228394 997.050049 
1735389206218498 996.887939 
1735389246221987 996.660400 
1735389286226675 996.522949 
1735389326225946 996.497559 
1735389366219071 996.500488 
1735389406228133 996.487793 
1735389446227196 996.468018 
1735389486228133 996.472900 
1735389526217612 996.498535 
1735389566205842 996.522949 
1735389606226519 996.582520 
1735389646227717 996.644531 
1735389686227456 996.696533 
1735389726227769 996.735352 
1735389766228081 996.833740 
1735389806219071 996.826660 
1735389846249540 996.702393 
1735389886226206 996.635254 
1735389926227300 996.669922 
1735389966217769 996.737061 
1735390006229331 996.800781 
1735390046227977 996.865723 
1735390086227612 996.919678 
1735390126205321 996.980957 
1735390166223290 997.033936 
1735390206226727 997.072266 
1735390246228185 997.101807 
1735390286228133 997.121826 
1735390326228862 997.111572 
1735390366227508 997.080811 
1735390406226362 997.051514 
1735390446220529 996.981201 
1735390486226831 996.859131 
1735390526227144 996.720215 
1735390566218810 996.614746 
1735390606228029 996.565674 
1735390646227873 996.515381 
1735390686228290 996.494141 
1735390726219331 996.487305 
1735390766227404 996.494629 
1735390806227248 996.490967 
1735390846228498 996.539063 
1735390886228029 996.616943 
1735390926228342 996.677734 
1735390966228029 996.753418 
1735391006229071 996.852051 
1735391046221467 996.929199 
1735391086227456 996.904541 
1735391126227821 996.750732 
1735391166217300 996.717285 
1735391206227248 996.795898 
1735391246228342 996.842529 
1735391286228602 996.886963 
1735391326218967 996.954590 
1735391366226987 997.038086 
1735391406227040 997.105469 
1735391446228550 997.145752 
1735391486205685 997.177002 
1735391526227665 997.212402 
1735391566227404 997.245117 
1735391606227977 997.205322 
1735391646220685 997.124512 
1735391686226258 996.911133 
1735391726227665 996.604980 
1735391766217508 996.459961 
1735391806227456 996.410156 
1735391846227977 996.366943 
1735391886227925 996.340576 
1735391926217977 996.337402 
1735391966332925 996.362305 
1735392006226779 996.425293 
1735392046226310 996.512695 
1735392086206102 996.581787 
1735392126228029 996.666260 
1735392166227196 996.773926 
1735392206227404 996.886719 
1735392246223550 996.963379 
1735392286226571 996.911133 
1735392326225998 996.729736 
1735392366217769 996.692383 
1735392406227925 996.745850 
1735392446228342 996.771484 
1735392486227300 996.834229 
1735392526219279 996.947021 
1735392566221623 997.058594 
1735392606226987 997.132813 
1735392646227717 997.174561 
1735392686217508 997.202393 
1735392726228029 997.220703 
1735392766227300 997.186523 
1735392806227560 997.090576 
1735392846221415 997.006104 
1735392886218394 996.800293 
1735392926226571 996.547852 
1735392966225946 996.469727 
1735393006228237 996.472412 
1735393046227248 996.439941 
1735393086228133 996.409912 
1735393126219019 996.405273 
1735393166225425 996.407227 
1735393206227352 996.457520 
1735393246227196 996.552246 
1735393286218758 996.668945 
1735393326227196 996.785400 
1735393366228498 996.870361 
1735393406228602 996.904053 
1735393446312717 996.929932 
1735393486227300 996.764893 
1735393526226779 996.673828 
1735393566228862 996.760010 
1735393606228133 996.768311 
1735393646228290 996.777588 
1735393686227665 996.859131 
1735393726219019 996.977783 
1735393766229644 997.072021 
1735393806226779 997.106689 
1735393846226467 997.123047 
1735393886219019 997.156982 
1735393926228185 997.150391 
1735393966228602 997.109619 
1735394006227977 997.056885 
1735394046206258 996.844727 
1735394086226050 996.618408 
1735394126227144 996.527100 
1735394166224540 996.516357 
1735394206228342 996.485596 
1735394246228185 996.448486 
1735394286227977 996.451172 
1735394326219331 996.470703 
1735394366349383 996.467041 
1735394406227144 996.489746 
1735394446228446 996.574463 
1735394486218550 996.667236 
1735394526227456 996.742432 
1735394566228810 996.789551 
1735394606228342 996.877930 
1735394646223967 996.951172 
1735394686227769 996.825439 
1735394726226987 996.684082 
1735394766226779 996.668701 
1735394806228081 996.711670 
1735394846227612 996.741943 
1735394886228342 996.793945 
1735394926227821 996.905273 
1735394966221779 997.022705 
1735395006226467 997.089600 
1735395046225946 997.135986 
1735395086218498 997.174561 
1735395126228290 997.179688 
1735395166229279 997.163086 
1735395206227456 997.167480 
1735395246219071 997.051514 
1735395286221310 996.785400 
1735395326227092 996.572754 
1735395366227144 996.529297 
1735395406227196 996.501709 
1735395446227977 996.462646 
1735395486227404 996.441895 
1735457308932996 996.773193 
1735457348928308 996.769531 
1735457388931694 996.775635 
1735457428933152 996.777588 
1735457468923673 996.774902 
1735457508924298 996.773438 
1735457548930860 996.772705 
1735457588932110 996.769531 
1735457628924454 996.766113 
1735457668931954 996.764648 
1735457708931173 996.768555 
1735457748932319 996.762695 
1735457788910965 996.762939 
1735457828931433 996.762207 
1735457868931381 996.766113 
1735457908932058 996.757568 
1735457948924350 996.760742 
1735457988931121 996.781738 
