# Created at Fri Mar 14 11:10:29 GMT+01:00 2025 in Burnaby Canada 
619851518925910 984.180664 
619851558934035 984.184082 
619851598935024 984.176514 
619851638925649 984.179932 
619851678934816 984.176025 
619851718935233 984.183594 
619851758972941 984.186035 
619851798911795 984.182861 
619851838933670 984.186035 
619851878934451 984.186768 
619851918935129 984.186035 
619851958935024 984.190430 
619851998934660 984.184814 
619852038935024 984.190674 
619852078925962 984.195313 
619852118927889 984.188232 
619852158934504 984.185791 
619852198934087 984.185303 
619852238927524 984.185547 
619852278935233 984.183350 
619852318934972 984.183350 
619852358972524 984.180176 
619852398927837 984.177979 
619852438931222 984.180420 
619852478933722 984.178711 
619852518935233 984.177734 
619852558935129 984.175293 
619852598934608 984.172363 
619852638934972 984.176270 
619852678937004 984.176025 
619852718929087 984.175049 
619852758933931 984.173828 
619852798935181 984.172607 
619852838925910 984.172852 
619852878934972 984.167480 
619852918935129 984.170166 
619852958934920 984.173340 
619852998925910 984.177490 
619853038912837 984.175537 
619853078933774 984.163330 
619853118935181 984.160400 
619853158935129 984.158447 
619853198934972 984.171631 
619853238934972 984.167725 
619853278935337 984.170898 
619853318928306 984.164063 
619853358933931 984.163574 
619853398933670 984.167480 
619853438925389 984.175781 
619853478934816 984.165771 
619853518934816 984.173096 
619853558935181 984.175781 
619853598925649 984.166260 
619853638933931 984.168213 
619853678934139 984.169434 
619853718935441 984.166016 
619853758913045 984.164795 
619853798934972 984.169434 
619853838935545 984.170166 
619853878935389 984.167480 
619853918928358 984.171143 
619853958934399 984.178223 
619853998933566 984.171631 
619854038926222 984.169189 
619854078935076 984.169189 
619854118935076 984.165039 
619854158934972 984.166260 
619854198925910 984.166016 
619854238927993 984.171387 
619854278934451 984.167236 
619854318935910 984.169434 
619854358912681 984.160889 
619854398934868 984.168945 
619854438935545 984.177002 
619854478935076 984.178955 
619854518931795 984.179443 
619854558933879 984.179932 
619854598934035 984.168945 
619854638925910 984.166992 
619854678935233 984.167236 
619854718936899 984.174316 
619854758935233 984.179688 
619854798926170 984.173096 
619854838928774 984.174561 
619854878933097 984.171143 
619854918934868 984.175049 
619854958912264 984.168213 
619854998935858 984.164795 
619855038935181 984.164551 
619855078972576 984.166260 
619855118928566 984.177979 
619855158934087 984.183594 
619855198933879 984.179932 
619855238933983 984.182861 
619855278935181 984.177734 
619855318935181 984.180664 
619855358934920 984.172607 
619855398925910 984.174316 
619855438936899 984.174561 
619855478934087 984.167969 
619855518934972 984.169434 
619855558926222 984.170898 
619855598935233 984.169678 
619855638934868 984.166992 
619855678972993 984.170898 
619855718958566 984.172363 
619855758934035 984.174561 
619855798933670 984.168945 
619855838935181 984.170166 
619855878934920 984.166504 
619855918934087 984.171143 
619855958935701 984.167725 
619855998926431 984.174561 
619856038927264 984.177002 
619856078933879 984.176758 
619856118935962 984.172363 
619856158926170 984.167969 
619856198935129 984.171143 
619856238935233 984.174316 
619856278935754 984.166992 
619856318928462 984.171875 
619856358934191 984.179199 
619856398933826 984.178711 
619856438934712 984.175049 
619856478935181 984.180420 
619856518935493 984.180908 
619856558935389 984.183838 
619856598926222 984.183105 
619856639002212 984.181885 
619856678933826 984.182373 
619856718928358 984.181641 
619856758925910 984.170166 
619856798935076 984.170654 
619856838934972 984.169678 
619856878935441 984.173340 
619856918913931 984.176025 
619856958930493 984.173584 
619856998933566 984.178955 
619857038935389 984.177246 
619857078935233 984.171631 
619857118935129 984.170166 
619857158934712 984.172363 
619857198925962 984.177979 
619857238927733 984.181396 
619857278933618 984.184326 
619857318935076 984.195313 
619857358925389 984.198486 
619857398935076 984.210205 
619857438935441 984.220459 
619857478972941 984.235352 
619857518911847 984.261475 
619857558934035 984.291016 
619857598933879 984.327148 
619857638935024 984.360107 
619857678935181 984.374268 
619857718935233 984.355225 
619857758934972 984.306641 
619857798925649 984.284668 
619857838927420 984.279541 
619857878933670 984.244873 
619857918934816 984.216064 
619857958925910 984.203613 
619857998935024 984.186768 
619858038935493 984.181152 
619858078935076 984.170410 
619858118929816 984.166260 
619858158933983 984.176025 
619858198933618 984.197510 
619858238934816 984.189453 
619858278934816 984.193848 
619858318935129 984.192871 
619858358934556 984.192139 
619858398935285 984.193115 
619858438927837 984.190186 
619858478934451 984.180908 
619858518933566 984.189209 
619858558925337 984.205811 
619858598934920 984.219971 
619858638934712 984.226074 
619858678935649 984.237549 
619858718925910 984.243164 
619858758927420 984.256592 
619858798934139 984.274170 
619858838935493 984.262939 
619858878911795 984.302979 
619858918935076 984.249756 
619858958934556 984.209717 
619858998934972 984.212646 
619859038926274 984.243408 
619859078933826 984.282227 
619859118934868 984.303955 
619859158925858 984.281738 
619859198935233 984.239014 
619859238935076 984.222656 
619859278935024 984.212891 
619859318926170 984.206787 
619859358933983 984.199219 
619859398933879 984.200928 
619859438934920 984.193359 
619859478912993 984.215088 
619859518935181 984.229736 
619859558935337 984.233887 
619859598935285 984.223633 
619859638932681 984.216309 
619859678933879 984.222412 
619859718933931 984.233643 
619859758924660 984.242432 
619859798935233 984.246582 
619859838935493 984.277832 
619859878935181 984.269531 
619859918926170 984.272217 
619859958934243 984.270752 
619859998933931 984.283203 
619860038935129 984.262207 
619860078913566 984.240723 
619860118934243 984.208008 
619860158935181 984.230225 
619860198972941 984.205078 
619860238927785 984.203613 
619860278913254 984.206299 
619860318933826 984.208252 
619860358926170 984.210449 
619860398935858 984.223145 
619860438933931 984.225586 
619860478935858 984.217285 
619860518925701 984.235596 
619860558927993 984.307373 
619860598931066 984.368652 
619860638935076 984.403076 
619860678916170 984.420898 
619860718933566 984.441895 
619860758935389 984.443359 
619860798973149 984.454590 
619860838927368 984.450439 
619860878933201 984.429932 
619860918933931 984.444824 
619860958935076 984.471924 
619860998928566 984.511230 
619861038933670 984.556396 
619861078935441 984.563965 
619861118930181 984.562988 
619861158933931 984.547607 
619861198933879 984.543945 
619861238934816 984.501709 
619861278925649 984.343506 
619861318934399 984.208252 
619861358935181 984.088379 
619861399026118 983.983398 
619861438945597 983.950195 
619861478928462 983.972168 
619861518933879 983.998047 
619861558934816 983.995117 
619861598927004 983.986328 
619861638934764 984.009766 
619861678935337 984.089844 
619861718924868 984.207520 
619861758934087 984.278809 
619861798933879 984.322266 
619861838933931 984.358154 
619861878926170 984.406494 
619861918934087 984.340820 
619861958934295 984.295654 
619861998972472 984.293213 
619862038927576 984.330566 
619862078933983 984.362061 
619862118934295 984.388672 
619862158934972 984.423584 
619862199017472 984.498535 
619862238934451 984.552734 
619862278935233 984.565430 
619862318926170 984.529297 
619862358931014 984.340332 
619862398927889 984.360107 
619862438934295 984.148926 
619862478925389 984.041260 
619862518933879 983.974854 
619862558934868 983.994141 
619862598973201 983.995605 
619862638914764 984.027100 
619862678933826 984.066162 
619862718934087 984.120605 
619862758935129 984.218262 
619862798935337 984.312500 
619862838934920 984.350342 
619862878935024 984.320801 
619862918911535 984.308594 
619862958927889 984.243896 
619862998933879 984.274902 
619863038934139 984.282715 
619863078926743 984.315186 
619863118935181 984.386719 
619863158935233 984.392090 
619863198972629 984.498535 
619863238912889 984.501465 
619863278933618 984.546875 
619863318930493 984.406006 
619863358934920 984.440918 
619863398935389 984.184814 
619863438935129 984.019287 
619863478935441 983.967773 
619863518939399 983.933105 
619863558927576 983.943115 
619863598933983 983.954590 
619863638935649 983.995605 
619863678926431 984.023926 
619863718934920 984.069580 
619863758933879 984.161377 
619863798934868 984.264160 
619863838924920 984.334473 
619863878933670 984.353027 
619863918928201 984.308105 
619863958935129 984.294678 
619863998935701 984.290283 
619864038931066 984.316406 
619864078935076 984.334229 
619864118935493 984.364746 
619864158927733 984.412354 
619864198934087 984.430176 
619864238912733 984.544922 
619864278926170 984.552002 
619864319058826 984.590576 
619864358935233 984.528320 
619864398934191 984.332764 
619864438924972 984.112549 
619864478933774 984.044189 
619864518933879 983.980957 
619864558934295 983.970459 
619864598912160 983.988281 
619864638934451 983.979492 
619864678934347 984.014160 
619864718912733 984.041992 
619864758927212 984.093994 
619864798934764 984.166016 
619864838934191 984.257324 
619864878925910 984.283691 
619864918934920 984.290039 
619864958933774 984.284912 
619864998934660 984.290283 
619865038926170 984.349609 
619865078931222 984.395508 
619865118929504 984.406738 
619865158934972 984.427490 
619865198913254 984.406982 
619865238933670 984.483643 
619865278934920 984.492676 
619865318935076 984.522461 
619865358928097 984.310303 
619865398934712 984.128174 
619865438934191 984.074219 
619865478924660 984.023438 
619865518935181 984.009033 
619865558936066 984.041260 
619865598934868 984.067383 
619865638924972 984.063965 
619865678928618 984.052002 
619865718934660 984.090088 
619865758934087 984.189209 
619865798912993 984.260010 
619865838935181 984.333008 
619865878934087 984.321289 
619865918972941 984.290527 
619865958929868 984.266602 
619865998934035 984.224121 
619866038934295 984.271484 
619866078928254 984.338867 
619866118930858 984.349121 
619866158934920 984.374268 
619866198934972 984.416016 
619866238924764 984.436523 
619866278933879 984.553711 
619866318927108 984.533203 
619866358934868 984.535645 
619866398925649 984.377930 
619866438934087 984.131592 
619866478934035 984.133789 
619866518972993 984.019287 
619866558928097 983.956543 
619866598933410 983.955322 
619866638927785 983.981934 
619866678934920 983.988525 
619866718934556 984.078857 
619866758933097 984.180664 
619866798935129 984.250977 
619866838924660 984.308350 
619866878934451 984.315674 
619866918934243 984.324707 
619866958934920 984.307373 
619866998926170 984.265625 
619867038933983 984.305908 
619867078934868 984.318604 
619867118973097 984.332520 
619867159006014 984.346924 
619867198934191 984.348389 
619867238934504 984.537842 
619867278935441 984.557373 
619867318935233 984.568115 
619867358935285 984.677979 
619867398935389 984.430908 
619867438925441 984.193848 
619867478926795 984.069580 
619867518933410 984.004150 
619867558934191 983.978516 
619867598925649 983.987793 
619867638935233 984.005859 
619867678934451 984.030273 
619867718972993 984.060059 
619867758912941 984.151367 
619867798934139 984.225586 
619867838933983 984.297852 
619867878934764 984.308838 
619867918937316 984.290283 
619867958934035 984.268799 
619867998935181 984.241699 
619868038926379 984.282715 
619868078932056 984.299561 
619868118934191 984.313721 
619868158933879 984.353027 
619868198926222 984.356689 
619868238935233 984.459229 
619868278934556 984.516113 
619868318973358 984.545410 
619868358928774 984.459473 
619868398934087 984.235107 
619868438933618 984.034424 
619868478934816 983.987793 
619868518934556 983.922852 
619868558928462 983.914795 
619868598934451 983.927979 
619868638926795 984.015625 
619868678931379 984.019531 
619868718934243 984.075684 
619868758934191 984.138184 
619868798926222 984.224854 
619868838935233 984.272705 
619868878934191 984.292236 
619868918935181 984.306396 
619868958929556 984.270752 
619868998933618 984.229980 
619869038933566 984.281250 
619869078934972 984.330811 
619869118934191 984.343750 
619869158935181 984.355469 
619869198935233 984.390137 
619869238934816 984.497559 
619869278927160 984.532227 
619869318933774 984.517090 
619869358935962 984.455811 
619869398925962 984.464844 
619869438935181 984.219482 
619869478935441 984.089111 
619869518935076 984.003418 
619869558925910 983.971680 
619869598933983 983.963867 
619869638933983 983.958496 
619869678935233 983.989746 
619869718912733 984.017822 
619869758936795 984.068604 
619869798934816 984.158691 
619869838935129 984.261719 
619869878926014 984.326660 
619869918934035 984.289551 
619869958934660 984.258545 
619869998925649 984.244141 
619870038927889 984.296387 
619870078935337 984.341309 
619870118934608 984.365234 
619870158926170 984.380859 
619870198930754 984.403809 
619870238933931 984.419678 
619870278934920 984.529785 
619870318912785 984.504150 
619870358934920 984.533203 
619870398937004 984.561035 
619870438935493 984.332275 
619870478929504 984.132324 
619870518933931 984.078857 
619870558935181 984.000244 
619870598926170 983.983643 
619870638934816 983.951904 
619870678934868 983.953125 
619870718935181 983.972168 
619870758927889 984.022461 
619870798929816 984.103027 
619870838933722 984.208984 
619870878935076 984.299805 
619870918913670 984.313477 
619870958935076 984.320313 
619870998935441 984.296143 
619871038972889 984.248047 
619871078927993 984.281738 
619871118934451 984.309570 
619871158933722 984.331299 
619871198925441 984.352295 
619871238935701 984.403076 
619871278935129 984.469971 
619871318935233 984.544189 
619871358925649 984.543213 
619871398930962 984.432861 
619871438933983 984.572998 
619871478935129 984.278076 
619871518915441 984.053955 
619871558935597 983.980469 
619871598935181 983.938721 
619871638973201 983.950195 
619871678929504 983.947754 
619871718934243 984.005859 
619871758933879 984.019531 
619871798934920 984.069580 
619871838934972 984.159180 
619871878935910 984.231689 
619871918935233 984.289063 
619871958925910 984.259277 
619871998926066 984.232422 
619872038934035 984.210938 
619872078935181 984.259033 
619872118926691 984.281738 
619872158934972 984.313965 
619872198935649 984.357910 
619872238973045 984.379883 
619872278981587 984.511963 
619872318933983 984.521484 
619872358934087 984.558838 
619872398934087 984.460449 
619872438934816 984.259033 
619872478935233 984.018066 
619872518935701 983.929199 
619872558925910 983.881104 
619872598933826 983.881836 
619872638934087 983.908691 
619872678935441 983.935791 
619872718925910 983.965088 
619872758934972 984.043945 
619872798937056 984.134521 
619872838972837 984.220215 
619872878912629 984.279297 
619872918933983 984.321533 
619872958933566 984.318359 
619872998935754 984.271729 
619873038935337 984.276367 
619873078936951 984.308350 
619873118934451 984.311279 
619873158925910 984.333008 
619873199004347 984.359619 
619873238933826 984.440186 
619873278935076 984.526367 
619873318925910 984.521729 
619873358935181 984.398193 
619873398935233 984.589111 
619873438973045 984.324219 
619873478913514 984.075195 
619873518934243 984.018066 
619873558933879 983.942627 
619873598937108 983.951904 
619873638935129 983.995361 
619873678934816 984.026367 
619873718935701 984.026855 
619873758926170 984.050781 
619873798930285 984.112061 
619873838934191 984.195068 
619873878933826 984.262451 
619873918925701 984.264648 
619873958934816 984.274170 
619873998934712 984.243164 
619874038972837 984.208740 
619874078912576 984.262939 
619874118930962 984.297363 
619874158934035 984.312500 
619874198934504 984.344971 
619874238935129 984.358887 
619874278928722 984.385742 
619874318935233 984.451904 
619874358939243 984.437988 
619874398928149 984.290039 
619874438933879 984.443848 
619874478933566 984.210938 
619874518928722 984.074707 
619874558935285 984.012207 
619874598934556 983.981934 
619874638934972 983.981201 
619874678925910 983.989014 
619874718933983 984.026611 
619874758934504 984.067871 
619874798935076 984.129883 
619874838935129 984.195068 
619874878935233 984.259277 
619874918934972 984.293213 
619874958935076 984.258301 
619874998932004 984.229004 
619875038933931 984.219971 
619875078935493 984.271729 
619875118925962 984.318115 
619875158934920 984.345703 
619875198935129 984.388184 
619875238935181 984.445557 
619875278926222 984.529053 
619875318933879 984.477539 
619875358934399 984.479248 
619875398935754 984.595215 
619875438911326 984.341309 
619875478935076 984.107422 
619875518935233 984.036133 
619875558934868 983.976563 
619875598929035 983.963135 
619875638933983 983.951660 
619875678933670 983.980469 
619875718926379 984.001709 
619875758935389 984.076660 
619875798934920 984.159668 
619875838935701 984.246582 
619875878926431 984.294678 
619875918930285 984.263428 
619875958933931 984.251953 
619875998934972 984.221680 
619876038913618 984.263428 
619876078935233 984.305420 
619876118935858 984.322021 
619876158935858 984.346191 
619876198930285 984.391602 
619876238933722 984.428467 
619876278933931 984.531494 
619876318926222 984.510742 
619876358935024 984.416016 
619876398928826 984.391602 
619876438935181 984.139160 
619876478925389 984.026123 
619876518933931 983.943115 
619876558933097 983.917480 
619876598935233 983.933350 
619876638927212 983.935303 
619876678934816 983.979248 
619876718934868 984.031494 
619876758973097 984.110107 
619876798928410 984.193604 
619876838933983 984.296143 
619876878927108 984.277100 
619876918931639 984.263672 
619876958934816 984.258301 
619876998935858 984.230713 
619877038934972 984.295898 
619877078925701 984.308838 
619877118928410 984.338623 
619877158933618 984.385498 
619877198935597 984.392090 
619877238925962 984.516602 
619877278934972 984.522217 
619877318935024 984.497803 
619877358972993 984.656982 
619877398934191 984.354492 
619877438933722 984.098633 
619877478934035 984.022461 
619877518935233 983.980957 
619877558934816 983.986572 
619877598937524 984.019287 
619877638935233 984.017578 
619877678925701 984.016357 
619877718926170 984.031982 
619877758933826 984.088623 
619877798935129 984.168213 
619877838925962 984.249512 
619877878935441 984.289551 
619877918934816 984.278076 
619877958973931 984.246338 
619877998929295 984.200928 
619878038933983 984.257324 
619878078934139 984.300049 
619878118935076 984.327393 
619878158935389 984.365234 
619878198935389 984.395020 
619878238935129 984.519043 
619878278926483 984.550781 
619878318928045 984.504150 
619878358934035 984.435791 
619878398935129 984.549561 
619878438925910 984.270996 
619878478935129 984.088135 
619878518913254 984.004150 
619878558973149 983.947021 
619878598914868 983.915039 
619878638933306 983.958496 
619878678934139 983.983398 
619878718934920 984.059814 
619878758934243 984.152832 
619878798934295 984.270020 
619878838935233 984.300537 
619878878926691 984.250732 
619878918927681 984.253662 
619878958933879 984.224365 
619878998934191 984.301758 
619879038925910 984.334717 
619879078935181 984.360352 
619879118936222 984.420654 
619879158972889 984.409180 
619879198912264 984.541748 
619879238934087 984.513672 
619879278933826 984.510986 
619879318934920 984.564697 
619879358934972 984.354492 
619879398934868 984.132080 
619879438935024 984.079346 
619879478925389 983.989014 
619879518930181 983.962402 
619879558933618 983.946533 
619879598933566 983.945801 
619879638925962 983.989502 
619879678935129 984.048584 
619879718934920 984.123535 
619879758935076 984.240234 
619879798927524 984.318359 
619879838933826 984.370605 
619879878934035 984.368408 
619879918935649 984.300293 
619879958935181 984.284424 
619879998935337 984.293945 
619880038935076 984.298340 
619880078935076 984.306885 
619880118928201 984.312256 
619880158934399 984.366211 
619880198934191 984.506836 
619880238925389 984.472412 
619880278935076 984.529785 
619880318935129 984.576904 
619880358934139 984.351563 
619880398925649 984.092773 
619880438934451 984.022461 
619880478933931 983.955078 
619880518935076 983.924561 
619880558913045 983.928223 
619880598934868 983.921875 
619880638927785 983.951172 
619880678935024 984.005859 
619880718925545 984.083496 
619880758933931 984.171875 
619880798935493 984.276611 
619880838926483 984.294922 
619880878935129 984.230225 
619880918934972 984.234131 
619880958935129 984.265381 
619880998926170 984.325928 
619881038912576 984.370361 
619881078933670 984.408447 
619881118935597 984.417480 
619881158913254 984.512939 
619881198934920 984.474854 
619881238935181 984.251953 
619881278935389 984.046631 
619881318930701 983.973145 
619881358933931 983.965576 
619881398935129 984.020264 
619881438925910 984.032471 
619881478934972 984.066650 
619881518934920 984.061768 
619881558933931 984.074219 
619881598926483 984.156494 
619881638937160 984.219482 
619881678933670 984.295166 
619881718933983 984.302734 
619881758911691 984.259277 
619881798935389 984.225342 
619881838935129 984.225586 
619881878973149 984.299072 
619881918929660 984.332520 
619881958933931 984.375977 
619881998933983 984.384521 
619882038925962 984.472900 
619882078934660 984.469482 
619882118935285 984.437988 
619882158935389 984.606934 
619882198925701 984.323486 
619882238931014 984.070557 
619882278935024 984.004639 
619882318934660 983.945313 
619882358919035 983.923340 
619882398935233 983.919678 
619882438934868 983.934814 
619882478973097 983.988281 
619882518927420 984.037354 
619882558933983 984.115479 
619882598933722 984.203369 
619882638935285 984.279053 
619882678935129 984.305664 
619882718934920 984.320068 
619882758928410 984.284912 
619882798926431 984.305664 
619882838914191 984.325195 
619882878934347 984.333496 
619882918935389 984.354736 
619882958924920 984.362061 
619882998934764 984.409668 
619883038935181 984.502197 
619883078972576 984.478271 
619883118994451 984.400879 
619883158934191 984.662842 
619883198934347 984.372314 
619883238935181 984.124023 
619883278935337 984.049805 
619883318934816 983.991455 
619883358935181 983.969727 
619883398925910 983.963623 
619883438932420 983.961426 
619883478933826 984.011475 
619883518935910 984.062744 
619883558927993 984.123779 
619883598935389 984.212402 
619883638933983 984.271729 
619883678972785 984.250244 
619883718928254 984.233887 
619883758933879 984.218506 
619883798933670 984.289063 
619883838935181 984.335693 
619883878934972 984.368164 
619883918934608 984.418945 
619883958937212 984.425537 
619883998925910 984.577148 
619884038930389 984.616943 
619884078934139 984.702881 
619884118935129 984.421387 
619884158924660 984.154541 
619884198935024 984.013672 
619884238934972 983.986816 
619884278972993 983.987305 
619884318913097 983.988770 
619884358929764 984.027344 
619884398934191 984.027588 
619884438934920 984.055908 
619884478935337 984.135986 
619884518935181 984.223389 
619884558934920 984.308838 
619884598926170 984.311035 
619884638928462 984.279541 
619884678933826 984.238037 
619884718935129 984.248291 
619884758925858 984.293701 
619884798935129 984.309082 
619884838935024 984.335449 
619884878933670 984.390869 
619884918912420 984.404053 
619884958935649 984.528076 
619884998933566 984.512939 
619885038935076 984.483887 
619885078935129 984.536621 
619885118936951 984.291748 
619885158934920 984.038330 
619885198939556 983.962646 
619885238928358 983.970459 
619885278936222 983.968018 
619885318933931 983.973633 
619885358926170 983.999023 
619885398934920 984.070313 
619885438934972 984.172119 
619885478935181 984.268799 
619885518925389 984.302002 
619885558934139 984.315918 
619885598933879 984.299072 
619885638935649 984.239746 
619885678935076 984.252197 
619885718935181 984.269531 
619885758934868 984.299316 
619885798935129 984.356201 
619885838929347 984.396240 
619885878933201 984.474854 
619885918935076 984.556396 
619885958925441 984.550049 
619885998935076 984.467041 
619886038935129 984.304932 
619886078935441 984.072510 
619886118925962 983.968018 
619886158933826 983.896484 
619886198933826 983.870850 
619886238935285 983.891602 
619886278928722 983.888672 
619886318936222 983.954590 
619886358935701 984.000977 
619886398935389 984.086182 
619886438929399 984.168213 
619886478933879 984.260254 
619886518933931 984.323975 
619886558925910 984.310791 
619886598934712 984.285645 
619886638934868 984.231689 
619886678934764 984.254639 
619886718926170 984.288086 
619886758933826 984.306152 
619886798934087 984.335205 
619886838934347 984.390869 
619886878913514 984.436279 
619886918935233 984.529053 
619886958935701 984.473389 
619886998934556 984.449463 
619887038929556 984.454834 
619887078933983 984.270020 
619887118933879 984.062744 
619887158925129 983.993896 
619887198934972 983.932617 
619887238935389 983.911377 
619887278935181 983.913086 
619887318925389 983.931885 
619887358927160 983.976318 
619887398933826 984.045166 
619887438935076 984.115967 
619887478911587 984.214111 
619887518934868 984.314697 
619887558934868 984.290527 
619887598972524 984.254639 
619887638927681 984.236572 
619887678933931 984.289307 
619887718928514 984.335938 
619887758931118 984.360840 
619887798935129 984.395996 
619887838935129 984.434082 
619887878935754 984.496582 
619887918926483 984.561279 
619887958928358 984.593262 
619887998933826 984.316650 
619888038934816 984.307861 
619888078925962 984.063232 
619888118934816 983.945801 
619888158937056 983.916748 
619888198972785 983.915771 
619888238931118 983.933838 
619888278934191 983.957275 
619888318933670 983.994385 
619888358934972 984.032471 
619888398933879 984.104736 
619888438934972 984.190186 
619888478934920 984.322266 
619888518925389 984.265381 
619888558929295 984.252930 
619888598933983 984.219971 
619888638934556 984.267578 
619888678925910 984.294678 
619888718934972 984.314453 
619888758934608 984.368896 
619888798972889 984.387695 
619888838927837 984.534912 
619888878927056 984.508057 
619888918933879 984.525635 
619888958935597 984.498779 
619888998934972 984.299072 
619889038934608 984.047119 
619889078934868 983.935059 
619889118924712 983.909668 
619889158927368 983.931152 
619889198933931 983.943848 
619889238934764 983.996094 
619889278925649 984.053223 
619889318935701 984.112793 
619889358934399 984.187988 
619889398972941 984.241943 
619889438913826 984.302734 
619889478933618 984.295410 
619889518933826 984.275146 
619889558935181 984.304199 
619889598935181 984.334717 
619889638934816 984.351807 
619889678934868 984.380859 
619889718926639 984.426025 
619889758927576 984.449463 
619889798933879 984.484619 
619889838935129 984.487305 
619889878925962 984.483398 
619889918935233 984.527832 
619889958934972 984.241943 
619889998973045 984.110352 
619890038912264 984.013184 
619890078933826 983.910645 
619890118933931 983.878662 
619890158935441 983.918457 
619890198935285 983.932617 
619890238935493 983.970459 
619890278935754 984.008545 
619890318926222 984.078857 
619890358927212 984.161133 
619890398933566 984.244385 
619890438934295 984.286621 
619890478926170 984.243408 
619890518933983 984.248779 
619890558934972 984.230713 
619890598935181 984.279297 
619890638929816 984.316162 
619890678934087 984.348633 
619890718934920 984.408447 
619890758935233 984.423340 
619890798935129 984.520020 
619890838934816 984.526123 
619890878937264 984.542969 
619890918935545 984.497803 
619890958927316 984.346191 
619890998933879 984.123047 
619891038933358 984.011719 
619891078925649 983.955322 
619891118935076 983.955566 
619891158934972 983.962891 
619891198936743 983.996094 
619891238924920 984.009033 
619891278912785 984.078613 
619891318933826 984.136475 
619891358934556 984.197021 
619891398912472 984.253174 
619891438934972 984.262695 
619891478934868 984.260498 
619891518934556 984.253174 
619891558928722 984.312988 
619891598933931 984.368896 
619891638934399 984.409668 
619891678925962 984.437012 
619891718936951 984.440674 
619891758935389 984.507324 
619891798935493 984.538086 
619891838926743 984.577148 
619891878912629 984.336914 
619891918934399 984.117676 
619891958934972 984.003418 
619891998911274 983.954102 
619892038935076 983.976563 
619892078934451 984.011475 
619892118933826 984.039063 
619892158928358 984.047119 
619892198933722 984.035645 
619892238934035 984.079102 
619892278925910 984.166016 
619892318935649 984.217285 
619892358934920 984.265137 
619892398935233 984.259521 
619892438925649 984.236816 
619892478930858 984.237061 
619892518933879 984.219238 
619892558935129 984.285645 
619892598913097 984.323975 
619892638933879 984.346191 
619892678935024 984.391357 
619892718972941 984.418457 
619892758929139 984.464844 
619892798933931 984.509521 
619892838933670 984.477295 
619892878927160 984.250488 
619892918934972 984.436279 
619892958935076 984.191406 
619892998935493 984.030762 
619893038925962 984.007568 
619893078936222 983.954346 
619893118933670 983.965088 
619893158933722 983.986572 
619893198920910 984.003174 
619893238935129 984.017578 
619893278937004 984.098877 
619893318972837 984.159424 
619893358927629 984.246826 
619893398933826 984.287598 
619893438926824 984.305420 
619893478936929 984.270508 
619893518934741 984.240479 
619893558935574 984.270996 
619893598934220 984.317871 
619893638925522 984.343750 
619893678928335 984.375488 
619893718933856 984.421387 
619893758934741 984.479980 
619893798926304 984.552979 
619893838934845 984.539307 
619893878935054 984.426025 
619893918972241 984.595215 
619893958981095 984.304443 
619893998934220 984.077637 
619894038933856 984.009033 
619894078934949 983.943359 
619894118935002 983.947510 
619894158934689 983.941162 
619894198934689 984.006104 
619894238927606 984.029785 
619894278926772 984.095703 
619894318933595 984.160645 
619894358934168 984.260498 
619894398933804 984.322021 
619894438935470 984.326416 
619894478913127 984.343018 
619894518914585 984.288818 
619894558933960 984.316406 
619894598934845 984.327881 
619894638927866 984.333496 
619894678934064 984.355957 
619894718934012 984.389404 
619894758938752 984.415527 
619894798927189 984.501709 
619894838933699 984.483887 
619894878933283 984.419678 
619894918926043 984.720703 
619894958933699 984.375732 
619894998934012 984.131348 
619895038935314 984.068115 
619895078926095 983.997803 
619895118933231 983.952637 
619895158934012 983.959473 
619895198934533 984.012451 
619895238929481 984.063721 
619895278933699 984.145020 
619895318934012 984.252197 
619895358935887 984.322021 
619895398928595 984.277832 
619895438933283 984.259521 
619895478934793 984.220947 
619895518925783 984.271484 
619895558933856 984.317383 
619895598934481 984.338623 
619895638935783 984.389648 
619895678926043 984.434814 
619895718934220 984.471191 
619895758933595 984.545410 
619895798935314 984.506104 
619895838976356 984.398438 
619895878933699 984.666260 
619895918934377 984.351563 
619895958935158 984.094482 
619895998926356 984.016846 
619896038934324 983.987793 
619896078935002 983.970703 
619896118925522 983.974609 
619896158933856 983.975342 
619896198934012 984.007080 
619896238934949 984.072754 
619896278925574 984.136230 
619896318934012 984.223877 
619896358934064 984.298584 
619896398935314 984.305664 
619896438914741 984.289307 
619896478934637 984.245117 
619896518934116 984.205078 
619896558935627 984.273438 
619896598928491 984.319824 
619896638927241 984.335449 
619896678933804 984.361572 
619896718925314 984.395020 
619896758933908 984.529785 
619896798934064 984.542236 
619896838935106 984.562012 
619896878924793 984.503174 
619896918931147 984.274170 
619896958933283 984.058838 
619896998934845 983.989746 
619897038915627 983.952393 
619897078933856 983.945313 
619897118934324 983.964600 
619897158973127 983.985107 
619897198926772 984.014160 
619897238933335 984.063721 
619897278933856 984.149414 
619897318926095 984.223145 
619897358912814 984.281006 
619897398933752 984.301025 
619897438935366 984.299316 
619897478925262 984.301758 
619897518928387 984.249756 
619897558933699 984.296387 
619897598935366 984.326172 
619897638925522 984.349854 
619897678934272 984.382568 
619897718934272 984.399902 
619897758972762 984.432861 
619897798926408 984.527344 
619897838933699 984.492188 
619897878932970 984.479492 
619897918934168 984.705322 
619897958930106 984.386963 
619897998934637 984.153076 
619898038925835 984.056885 
619898078925262 983.986084 
619898118932970 983.969727 
619898158932397 983.953125 
619898198935054 983.978271 
619898238925262 984.006592 
619898278934272 984.062012 
619898318933179 984.118408 
619898358935679 984.195801 
619898398993283 984.295898 
619898438934272 984.321777 
619898478933804 984.270996 
619898518934793 984.302734 
619898558932710 984.335205 
619898598933335 984.353516 
619898638935158 984.393799 
619898678926095 984.449219 
619898718932033 984.480225 
619898758933804 984.556396 
619898798935783 984.549561 
619898838926095 984.654297 
619898878934116 984.418701 
619898918933804 984.205078 
619898958935054 984.069092 
619898998914377 984.008545 
619899038933804 984.013916 
619899078933908 984.019043 
619899118935210 984.036377 
619899158927502 984.043701 
619899198933752 984.061768 
619899238935366 984.141357 
619899278926772 984.202881 
619899318930106 984.261719 
619899358933804 984.285645 
619899398934585 984.313721 
619899438925835 984.296631 
619899478934324 984.265381 
619899518933856 984.296875 
619899558935574 984.309082 
619899598912397 984.327881 
619899638933752 984.337646 
619899678932449 984.344238 
619899718935054 984.366211 
619899758926199 984.446045 
619899798934377 984.411865 
619899838934949 984.434570 
619899878925783 984.525391 
619899918928491 984.260986 
619899958934949 984.080811 
619899998934741 984.041260 
619900038926304 983.950439 
619900078934324 983.949951 
619900118933439 983.953613 
619900158935054 983.978760 
619900198926720 983.998779 
619900238933595 984.062500 
619900278933908 984.124268 
619900318934845 984.210205 
619900358928595 984.287842 
619900398934220 984.306885 
619900438933960 984.250732 
619900478935366 984.239258 
619900518928804 984.218750 
619900558933856 984.291016 
619900598935054 984.336426 
619900638926356 984.362549 
619900678934116 984.406006 
619900718933543 984.430908 
619900758935106 984.557861 
619900798925262 984.547852 
619900838928543 984.489502 
619900878927554 984.689453 
619900918934689 984.384277 
619900958927085 984.113525 
619900998934272 984.011963 
619901038934012 983.971924 
619901078934324 983.958984 
619901118929220 983.957275 
619901158933283 983.978760 
619901198933387 984.010742 
619901238926304 984.075195 
619901278934324 984.133301 
619901318933960 984.225098 
619901358934429 984.308594 
619901398925783 984.335449 
619901438912449 984.313232 
619901478934220 984.269043 
619901518935210 984.239258 
619901559010158 984.281738 
619901598934272 984.308594 
619901638933022 984.322266 
619901678934689 984.344971 
619901718928074 984.360107 
619901758933335 984.516846 
619901798933699 984.530762 
619901838925522 984.300049 
619901878933856 984.391846 
619901918934064 984.144287 
619901958935262 983.984619 
619901998924741 983.965820 
619902038933908 983.941162 
619902078933960 983.947754 
619902118934689 983.945801 
619902158912866 984.011719 
619902198934220 984.052490 
619902238933804 984.132080 
619902278927814 984.196777 
619902318927710 984.261475 
619902358933387 984.316406 
619902398933647 984.324951 
619902438925470 984.308838 
619902478933908 984.264648 
619902518934481 984.313965 
619902558935314 984.334717 
619902598926095 984.348389 
619902638927866 984.390381 
619902678933752 984.414063 
619902718934949 984.450439 
619902758929689 984.533691 
619902798934377 984.505859 
619902838934220 984.384033 
619902878972918 984.643799 
619902918926460 984.374512 
619902958932918 984.170898 
619902998927658 984.100098 
619903038939533 984.017822 
619903078912762 983.971924 
619903118933752 983.945068 
619903158935210 983.947021 
619903198927866 984.012939 
619903238927710 984.076172 
619903278933647 984.170410 
619903318935002 984.299805 
619903358925783 984.337158 
619903398933335 984.342285 
619903438934012 984.293701 
619903478935366 984.263916 
619903518992762 984.262451 
619903558927502 984.307617 
619903598933283 984.334473 
619903638934949 984.356201 
619903678931304 984.391113 
619903718934220 984.431641 
619903758935210 984.557129 
619903798925522 984.586670 
619903838927293 984.562988 
619903878933804 984.357666 
619903918934741 984.534424 
619903958926043 984.230713 
619903998934116 984.044678 
619904038933699 983.981934 
619904078935366 983.935303 
619904119055887 983.932617 
619904158936147 983.919189 
619904198933543 983.957275 
619904238935470 983.999268 
619904278928491 984.059570 
619904318933908 984.124756 
619904358935262 984.234863 
619904398924793 984.336670 
619904438931512 984.297607 
619904478934324 984.224854 
619904518935106 984.260254 
619904558925783 984.324219 
619904598933856 984.363281 
619904638934220 984.372803 
619904678935002 984.393311 
619904718913804 984.413086 
619904758933699 984.542236 
619904798933439 984.560059 
619904838935054 984.531250 
619904878928283 984.513184 
619904918933491 984.398682 
619904958935314 984.140137 
619904998927606 984.035889 
619905038978960 983.947021 
619905078933960 983.921143 
619905118933804 983.947998 
619905158925522 983.990234 
619905198934012 984.015869 
619905238933699 984.100586 
619905278935627 984.179932 
619905318911720 984.286621 
619905358934897 984.325439 
619905398933595 984.297607 
619905438935887 984.298584 
619905478927033 984.234131 
619905518934116 984.278809 
619905558935106 984.302002 
619905598926616 984.329346 
619905638927710 984.408691 
619905678933439 984.438965 
619905718934012 984.583740 
619905758925835 984.549805 
619905798934324 984.564697 
619905838934168 984.312500 
619905878935106 984.460938 
619905918925470 984.186279 
619905958934116 983.998779 
619905998934272 983.969971 
619906038934585 983.934814 
619906078927710 983.928955 
619906118933699 983.931152 
619906158933595 983.989502 
619906198934689 984.040283 
619906238927137 984.109131 
619906278934064 984.183105 
619906318934064 984.312012 
619906358925783 984.345947 
619906398933283 984.325439 
619906438934116 984.316650 
619906478935054 984.243164 
619906518925939 984.279053 
619906558933491 984.309570 
619906598933231 984.328369 
619906638935002 984.368164 
619906678955106 984.395020 
619906718933804 984.568359 
619906758934168 984.568115 
619906798934793 984.570801 
619906838928283 984.349609 
619906878933856 984.542480 
619906918935574 984.247070 
619906958926304 984.080566 
619906998933804 984.007080 
619907038934064 983.967041 
619907078935210 983.961182 
619907118925262 983.955322 
619907158933856 984.054443 
619907198934220 984.104492 
619907238935106 984.184326 
619907278926304 984.249756 
619907318934116 984.289063 
619907358934064 984.336426 
619907398934793 984.309570 
619907438930054 984.254639 
619907478933127 984.295166 
619907518934741 984.324707 
619907558926199 984.345947 
619907598934012 984.394043 
619907638933804 984.431885 
619907678935366 984.579834 
619907718925783 984.591797 
619907758912606 984.437744 
619907798933752 984.402588 
619907838935002 984.165771 
619907878913595 983.982910 
619907918934220 983.954102 
619907958933856 983.931396 
619907998972970 983.933350 
619908038926616 983.943848 
619908078933856 983.981201 
619908118934064 984.003906 
619908158925783 984.081299 
619908198934012 984.155273 
619908238934116 984.251221 
619908278934481 984.332275 
619908318926564 984.322021 
619908358930679 984.311035 
619908398933022 984.255859 
619908438935106 984.294189 
619908478926929 984.325928 
619908518934377 984.362061 
619908558933595 984.374268 
619908598973335 984.382813 
619908638927762 984.510010 
619908678933804 984.514160 
619908718927814 984.515869 
619908758935262 984.325195 
619908798928439 984.445801 
619908838933335 984.219727 
619908878935262 984.051758 
619908918926304 984.029297 
619908958936043 983.964600 
619908998933804 983.968750 
619909038934793 983.967773 
619909078925574 983.975098 
619909118933543 983.998535 
619909158933752 984.051270 
619909198935314 984.107910 
619909238954481 984.197998 
619909278912449 984.296875 
619909318933804 984.307373 
619909358935210 984.271240 
619909398930939 984.260498 
619909438933856 984.243408 
619909478935574 984.298584 
619909518926043 984.335449 
619909558929689 984.368408 
619909598934012 984.424072 
619909638935210 984.442383 
619909678925314 984.560547 
619909718934012 984.516846 
619909758933022 984.510498 
619909798935835 984.504395 
619909838927345 984.333984 
619909878933856 984.092041 
619909918933960 984.014404 
619909958935314 983.950684 
619909998927189 983.937988 
619910038933647 983.960449 
619910078936095 983.968018 
619910118926095 983.998535 
619910159022085 984.037354 
619910198933595 984.103516 
619910238937137 984.185791 
619910278925783 984.264648 
619910318933960 984.297119 
619910358934272 984.302734 
619910398935314 984.263428 
619910438912449 984.213867 
619910478933856 984.265137 
619910518934324 984.314697 
619910558934689 984.331543 
619910598927762 984.358398 
619910638934116 984.410400 
619910678934741 984.497559 
619910718926095 984.582275 
619910758927866 984.529541 
619910798934116 984.409912 
619910838933752 984.465576 
619910878926043 984.250488 
619910918934012 984.055664 
619910958934377 983.997559 
619910998935002 983.932617 
619911038912710 983.930176 
619911078933491 983.940430 
619911118934116 983.947510 
619911158934897 984.006836 
619911198929272 984.064209 
619911238934220 984.145020 
619911278935002 984.248535 
619911318939845 984.329834 
619911358927397 984.318604 
619911398934220 984.282227 
619911438933856 984.272705 
619911478926252 984.228027 
619911518933752 984.293945 
619911558934220 984.326904 
619911598935522 984.362793 
619911638926043 984.410889 
619911678934272 984.428223 
619911718933387 984.594727 
619911758934637 984.597168 
619911798928022 984.352539 
619911838933908 984.293457 
619911878933595 984.046631 
619911918935627 983.893555 
619911958928335 983.869385 
619911998933752 983.867188 
619912038933543 983.889404 
619912078925314 983.909424 
619912118933179 983.977539 
619912158933752 984.043213 
619912198934949 984.102539 
619912238925314 984.187988 
619912278934012 984.285400 
619912318934064 984.347412 
619912358935106 984.300781 
619912398957606 984.285645 
619912438934429 984.225586 
619912478934116 984.280273 
619912518934585 984.321045 
619912558925991 984.353516 
619912598933908 984.405273 
619912638934064 984.437988 
619912678925054 984.586914 
619912718933752 984.577148 
619912758933804 984.584229 
619912798935002 984.797363 
619912838925783 984.449219 
619912878930522 984.160400 
619912918933752 984.068359 
619912958934689 983.986084 
619912998924845 983.976563 
619913038933804 983.980713 
619913078934585 984.022217 
619913118934012 984.061279 
619913158929689 984.110352 
619913198933439 984.169189 
619913238933804 984.255371 
619913278925835 984.312988 
619913318934272 984.295654 
619913358934533 984.301514 
619913398935210 984.272705 
619913438925262 984.197021 
619913478938179 984.239502 
619913518934429 984.286865 
619913558935210 984.312012 
619913598916356 984.341064 
619913638934377 984.380371 
619913678934377 984.463135 
619913718973283 984.526611 
619913758926043 984.503906 
619913798927606 984.480469 
619913838933543 984.629150 
619913878925835 984.341553 
619913918933752 984.094971 
619913958933439 984.046875 
619913998934793 983.968262 
619914038925939 983.934326 
619914078929741 983.933594 
619914118934116 983.926025 
619914158934689 983.958252 
619914198927085 984.020508 
619914238933960 984.084717 
619914278933752 984.153809 
619914318972866 984.261475 
619914358928127 984.288330 
619914398934064 984.302734 
619914438927449 984.272705 
619914478934845 984.222168 
619914518931147 984.278564 
619914558933856 984.315430 
619914598934949 984.326416 
619914638927606 984.339600 
619914678929116 984.357666 
619914718933022 984.437012 
619914758934949 984.531738 
619914798925262 984.498779 
619914838934064 984.435547 
619914878934012 984.489990 
619914918934220 984.255615 
619914958990054 984.033691 
619914998927554 983.936768 
619915038933491 983.924316 
619915078934845 983.924561 
619915118931147 983.943359 
619915158933908 983.993408 
619915198935106 984.056885 
619915238925522 984.130127 
619915278928022 984.222656 
619915318933752 984.308838 
619915358934689 984.314697 
619915398926043 984.284912 
619915438934897 984.249023 
619915478933439 984.227539 
619915518935106 984.277832 
619915558913856 984.305176 
619915598933804 984.333496 
619915638934116 984.365479 
619915678935106 984.387695 
619915718927293 984.516357 
619915758934064 984.523438 
619915798935106 984.530518 
619915838926304 984.328125 
619915878984533 984.436035 
619915918933231 984.173828 
619915958934741 984.016602 
619915998925522 983.971680 
619916038933752 983.923828 
619916078933856 983.928955 
619916118934949 983.932861 
619916158914637 983.973389 
619916198933595 984.013672 
619916238933908 984.071777 
619916278934949 984.128418 
619916318926512 984.238525 
619916358933752 984.326660 
619916398935574 984.342041 
619916438925522 984.320068 
619916478929429 984.266602 
619916518933595 984.260010 
619916558934637 984.305908 
619916598925783 984.323486 
619916638934220 984.350830 
619916678933752 984.396973 
619916718935054 984.421143 
619916758925939 984.536133 
619916798930158 984.519287 
619916838933439 984.562500 
619916878934949 984.664551 
619916918927554 984.406982 
619916958932970 984.138428 
619916998933074 984.079590 
619917038935054 983.984375 
619917078927189 983.953125 
619917118933960 983.957031 
619917158933439 983.937988 
619917198925262 983.960693 
619917238933856 984.012207 
619917278934064 984.063721 
619917318934741 984.134766 
619917358926304 984.209229 
619917398934168 984.306152 
619917438934220 984.342529 
619917478934741 984.328613 
619917518929272 984.284912 
619917558933908 984.265137 
619917598934324 984.304443 
619917638935158 984.316162 
619917678927554 984.319580 
619917718927241 984.334473 
619917758932502 984.361084 
619917798925835 984.517822 
619917838933752 984.556152 
619917878934064 984.520264 
619917918935106 984.464355 
619917958925783 984.579834 
619917998925679 984.325439 
619918038932970 984.105713 
619918078934689 984.051270 
619918119019689 983.959717 
619918158933856 983.948975 
619918198934012 983.955566 
619918238935574 983.969482 
619918278926772 983.975342 
619918318933595 984.029053 
619918358933335 984.105225 
619918398925783 984.177002 
619918438933752 984.281006 
619918478934533 984.249268 
619918518935314 984.227783 
619918558926616 984.217041 
619918598929897 984.287842 
619918638933283 984.346680 
619918678935887 984.368652 
619918718913335 984.396484 
619918758933804 984.417236 
619918798934637 984.444336 
619918838934689 984.555420 
619918878927293 984.524658 
619918918933699 984.436279 
619918958934168 984.763184 
619918998925783 984.432129 
619919038932970 984.177002 
619919078933752 984.073486 
619919118935418 984.008057 
619919158926043 984.003418 
619919198930731 983.982910 
619919238933908 984.018799 
619919278934533 984.052979 
619919318911616 984.116211 
619919358933804 984.174805 
619919398933804 984.263428 
619919438973387 984.346924 
619919478928752 984.342285 
619919518933543 984.320801 
619919558933699 984.271240 
619919598931252 984.276123 
619919638912606 984.311768 
619919678935522 984.310791 
619919718935106 984.342773 
619919758925470 984.385986 
619919798926199 984.396973 
619919838933491 984.556152 
619919878935002 984.507568 
619919918926043 984.551514 
619919958933752 984.296631 
619919998933699 984.469238 
619920038973022 984.174072 
619920078927918 983.963867 
619920118933647 983.952881 
619920158933856 983.930420 
619920198935106 983.924316 
619920238931095 983.927246 
619920278933699 983.946045 
619920318934689 983.966064 
619920358926095 984.040039 
619920398933231 984.122803 
619920438934116 984.218018 
619920478935002 984.285645 
619920518926564 984.268555 
619920558933752 984.259766 
619920598933960 984.230957 
619920638935158 984.261719 
619920679033960 984.309570 
619920718912241 984.340576 
619920758933699 984.354980 
619920798935054 984.379150 
619920838930627 984.410889 
619920878934012 984.547119 
619920918934845 984.547607 
619920958925835 984.566895 
619920998926877 984.483887 
619921038933074 984.306885 
619921078935002 984.063721 
619921118926356 984.004395 
619921158934324 983.951172 
619921198933856 983.927002 
619921238935002 983.958008 
619921278915574 983.960205 
619921318930731 984.003662 
619921358933491 984.056641 
619921398935054 984.141113 
619921438927814 984.202637 
619921478933491 984.292236 
619921518935210 984.329590 
619921558928179 984.336670 
619921599095627 984.305664 
619921638933699 984.293457 
619921678935366 984.310791 
619921718925783 984.316162 
619921758933127 984.327148 
619921798934064 984.340576 
619921838935574 984.527100 
619921878912710 984.507813 
619921918933804 984.471680 
619921958933699 984.603271 
619921998934741 984.370850 
619922038927502 984.145020 
619922078933804 984.050537 
619922118933856 983.980469 
619922158925314 983.956787 
619922198928335 983.986816 
619922238933595 984.015869 
619922278933804 984.016357 
619922318926043 984.005371 
619922358936095 984.029053 
619922398934064 984.051514 
619922438935314 984.081787 
619922478928856 984.139404 
619922518936981 984.247803 
619922558934116 984.239502 
619922598935366 984.225098 
619922638927293 984.152832 
619922678934168 984.177490 
619922718933491 984.222656 
619922758933699 984.267822 
619922798928335 984.290527 
619922838933231 984.279785 
619922878933804 984.239746 
619922918925835 984.177490 
619922958933022 984.175049 
619922998934272 984.221924 
619923038935366 984.209717 
619923078925262 984.125977 
619923118933491 984.114258 
619923158934272 984.072021 
619923198935106 984.054932 
619923238943752 984.077637 
619923278933856 984.120361 
619923318933960 984.147949 
619923358934533 984.184082 
619923398927345 984.209229 
619923438933856 984.250488 
619923478934897 984.284424 
619923518925783 984.315186 
619923558934012 984.360596 
619923598934168 984.409180 
619923638935262 984.461426 
619923678926095 984.461182 
619923718925731 984.456299 
619923758933908 984.460449 
619923798934949 984.436035 
619923838995314 984.340332 
619923878934012 984.276611 
619923918934324 984.244873 
619923958934845 984.182861 
619923998928283 984.134277 
619924038933908 984.087158 
619924078933752 984.052002 
619924118925835 984.036377 
619924158935106 984.045654 
619924198934064 984.099365 
619924238935887 984.131104 
619924278925783 984.128174 
619924318928543 984.119629 
619924358934064 984.117920 
619924398935262 984.096436 
619924438914272 984.075195 
619924478933804 984.068848 
619924518934168 984.060791 
619924558934324 984.058838 
619924598928127 984.062256 
619924638933179 984.071777 
619924678932918 984.073486 
619924718926043 984.068115 
619924758934012 984.044922 
619924798933752 984.019775 
619924838935158 984.020264 
619924878925262 984.027344 
619924918931408 984.041260 
619924958931043 984.052002 
619924998934845 984.065186 
619925038911043 984.080566 
619925078934168 984.090088 
619925118934429 984.096436 
619925158934272 984.113037 
619925198928699 984.125488 
619925238933699 984.130615 
619925278934012 984.140137 
619925318932866 984.140137 
619925358912502 984.144287 
619925398933856 984.141602 
619925438935314 984.140381 
619925478913022 984.140625 
619925518927970 984.142822 
619925558933752 984.144043 
619925598927397 984.135254 
619925638925627 984.137451 
619925678933856 984.147949 
619925718933543 984.148682 
619925758935314 984.147217 
619925798927814 984.143799 
619925838933491 984.144775 
619925878934064 984.138916 
619925918933595 984.143799 
619925958930731 984.135498 
619925998929793 984.138428 
619926038935679 984.144287 
619926078926512 984.148926 
619926118933856 984.153564 
619926158933856 984.161621 
619926198934793 984.159668 
619926238924585 984.161865 
619926278933856 984.155029 
619926318933595 984.155518 
619926358935158 984.157715 
619926398931304 984.157471 
619926438933856 984.159424 
619926478933856 984.149658 
619926518934949 984.148682 
619926558931043 984.150635 
619926598933856 984.150635 
619926638935731 984.149902 
619926678925991 984.152344 
619926718925366 984.152588 
619926758933231 984.147949 
619926798934064 984.137451 
619926838925835 984.140381 
619926878927866 984.141113 
619926918934116 984.143066 
619926958934585 984.147461 
619926998914168 984.148682 
619927038934481 984.145508 
619927078933647 984.144287 
619927118933543 984.138184 
619927158926877 984.131348 
619927198928231 984.126221 
619927238937554 984.135254 
619927278925939 984.133789 
619927319059012 984.139160 
619927358933752 984.146729 
619927398926356 984.145264 
619927438926095 984.174805 
