# Created at Fri Mar 14 11:53:52 GMT+01:00 2025 in Burnaby Canada 
157062915922435 986.424561 
157063015910601 986.429443 
157063115898467 986.427734 
157063215886333 986.419678 
157063315874333 986.416504 
157063415862333 986.412354 
157063515850299 986.418457 
157063615838265 986.418701 
157063715826265 986.417480 
157063815814265 986.415283 
157063915802231 986.418213 
157064015790197 986.419678 
157064115778197 986.424805 
157064215766063 986.424805 
157064315753963 986.433838 
157064415742196 986.432373 
157064515730429 986.446045 
157064615718629 986.444336 
157064715706829 986.442383 
157064815695062 986.433105 
157064915683295 986.441650 
157065015671495 986.440430 
157065115659695 986.441650 
157065215647728 986.447021 
157065315635628 986.443604 
157065415623561 986.442383 
157065515611794 986.446533 
157065615600027 986.445557 
157065715588227 986.447510 
157065815576427 986.453369 
157065915564660 986.453369 
157066015552893 986.454590 
157066115541093 986.453857 
157066215529293 986.459961 
157066315517393 986.459961 
157066415505493 986.459473 
157066515493626 986.465820 
157066615481859 986.463135 
157066715470059 986.460938 
157066815458259 986.467041 
157066915446459 986.460205 
157067015434692 986.452881 
157067115422892 986.443848 
157067215411092 986.458008 
157067315399292 986.453857 
157067415387158 986.464355 
157067515375024 986.466797 
157067615363157 986.467285 
157067715351357 986.468262 
157067815339523 986.468262 
157067915327689 986.470459 
157068015315855 986.474609 
157068115304055 986.463623 
157068215292221 986.471924 
157068315280387 986.478027 
157068415268520 986.478516 
157068515256386 986.476074 
157068615244252 986.473389 
157068715232252 986.473633 
157068815220252 986.475098 
157068915208218 986.475098 
157069015196184 986.482178 
157069115184184 986.482666 
157069215172184 986.471191 
157069315160150 986.484131 
157069415148116 986.481689 
157069515136082 986.470703 
157069615123948 986.466553 
157069715111948 986.467285 
157069815100181 986.459229 
157069915088414 986.452393 
157070015076614 986.454834 
157070115064814 986.454346 
157070215053047 986.460449 
157070315041247 986.457031 
157070415029447 986.456543 
157070515017647 986.452393 
157070615005613 986.456543 
157070714993513 986.450928 
157070814981613 986.456055 
157070914969846 986.452393 
157071014958079 986.458984 
157071114946279 986.456299 
157071214934479 986.454346 
157071314922779 986.453369 
157071414911012 986.453369 
157071514899212 986.452637 
157071614887412 986.454346 
157071714875512 986.448242 
157071814863678 986.445557 
157071914851911 986.447510 
157072014840144 986.446777 
157072114828344 986.445801 
157072214816544 986.448975 
157072314804844 986.445801 
157072414793077 986.463135 
157072514781277 986.464111 
157072614769477 986.461182 
157072714757577 986.458740 
157072814745510 986.451416 
157072914733376 986.449707 
157073014721576 986.451904 
157073114709776 986.460693 
157073214697942 986.465576 
157073314686175 986.465576 
157073414674375 986.467773 
157073514662575 986.461670 
157073614650741 986.462646 
157073714638907 986.447998 
157073814626940 986.450928 
157073914614806 986.455566 
157074014602672 986.455566 
157074114590672 986.456543 
157074214578672 986.458252 
157074314566638 986.451416 
157074414554604 986.453369 
157074514542604 986.455811 
157074614530604 986.463867 
157074714518570 986.462402 
157074814506536 986.460449 
157074914494402 986.461670 
157075014482268 986.467529 
157075114470368 986.463379 
157075214458601 986.468506 
157075314446801 986.461670 
157075414435001 986.461914 
157075514423234 986.460693 
157075614411467 986.463379 
157075714399667 986.460449 
157075814387867 986.457520 
157075914376067 986.457764 
157076014363967 986.453613 
157076114351867 986.450928 
157076214340000 986.449463 
157076314328233 986.455322 
157076414316433 986.455078 
157076514304633 986.459229 
157076614292833 986.451172 
157076714281066 986.445557 
157076814269299 986.440918 
157076914257499 986.441650 
157077014245699 986.448730 
157077114233799 986.454590 
157077214221899 986.455811 
157077314210132 986.458740 
157077414198365 986.462158 
157077514186565 986.464355 
157077614174765 986.452393 
157077714162998 986.455811 
157077814151231 986.457031 
157077914139431 986.462646 
157078014127664 986.462158 
157078114115664 986.459229 
157078214103530 986.453125 
157078314091430 986.456787 
157078414079630 986.466553 
157078514067796 986.466309 
157078614055962 986.465088 
157078714044128 986.463379 
157078814032328 986.456299 
157078914020528 986.462646 
157079014008694 986.460938 
157079113996860 986.462891 
157079213984826 986.460449 
157079313972692 986.462158 
157079413960625 986.472168 
157079513948625 986.469482 
157079613936625 986.472900 
157079713924591 986.461426 
157079813912557 986.468262 
157079913900557 986.465332 
157080013888557 986.466064 
157080113876523 986.465576 
157080213864489 986.458984 
157080313852355 986.458252 
157080413840221 986.456543 
157080513828354 986.450684 
157080613816587 986.443848 
157080713804787 986.435791 
157080813792987 986.429688 
157080913781220 986.437988 
157081013769420 986.438965 
157081113757620 986.438477 
157081213745820 986.445068 
157081313734020 986.450195 
157081413721920 986.456299 
157081513709820 986.462402 
157081613698053 986.460938 
157081713686286 986.454346 
157081813674486 986.453125 
157081913662686 986.452637 
157082013650919 986.447754 
157082113639152 986.454102 
157082213627352 986.454102 
157082313615552 986.451172 
157082413603718 986.456543 
157082513591818 986.453857 
157082613579918 986.455811 
157082713568151 986.464111 
157082813556384 986.459229 
157082913544584 986.459473 
157083013532784 986.473633 
157083113521017 986.472656 
157083213509250 986.469482 
157083313497450 986.465576 
157083413485650 986.461670 
157083513473616 986.468018 
157083613461482 986.462891 
157083713449548 986.464111 
157083813437781 986.458984 
157083913425981 986.455566 
157084013414181 986.458984 
157084113402414 986.457031 
157084213390647 986.457031 
157084313378847 986.458008 
157084413367047 986.457520 
157084513355247 986.454590 
157084613343147 986.456543 
157084713331047 986.458008 
157084813319147 986.457275 
157084913307380 986.455566 
157085013295580 986.458252 
157085113283780 986.454590 
157085213271980 986.461182 
157085313260213 986.454590 
157085413248413 986.452148 
157085513236613 986.450684 
157085613224813 986.450928 
157085713212913 986.460205 
157085813201013 986.452637 
157085913189246 986.450684 
157086013177479 986.444580 
157086113165679 986.455811 
157086213153879 986.450684 
157086313142112 986.460938 
157086413130345 986.464600 
157086513118545 986.463623 
157086613106745 986.459229 
157086713094778 986.457520 
157086813082644 986.467041 
157086913070544 986.462158 
157087013058744 986.464111 
157087113046910 986.460938 
157087213035076 986.458740 
157087313023242 986.462646 
157087413011442 986.458252 
157087512999642 986.460205 
157087612987808 986.457520 
157087712975974 986.454834 
157087812963974 986.461182 
157087912951840 986.462402 
157088012939740 986.466309 
157088112927740 986.459229 
157088212915740 986.451904 
157088312903706 986.451416 
157088412891672 986.462891 
157088512879672 986.456299 
157088612867672 986.455811 
157088712855638 986.456055 
157088812843604 986.458252 
157088912831470 986.460205 
157089012819370 986.456543 
157089112807503 986.454834 
157089212795736 986.451660 
157089312783936 986.453613 
157089412772136 986.453613 
157089512760369 986.457764 
157089612748602 986.457275 
157089712736802 986.454590 
157089812725002 986.458496 
157089912713202 986.449951 
157090012701102 986.449463 
157090112689002 986.452637 
157090212677168 986.452393 
157090312665401 986.457275 
157090412653601 986.458496 
157090512641801 986.462402 
157090612630034 986.461914 
157090712618267 986.464111 
157090812606467 986.460938 
157090912594667 986.455322 
157091012582867 986.457031 
157091112570967 986.447510 
157091212559067 986.449951 
157091312547300 986.451172 
157091412535533 986.457275 
157091512523733 986.462891 
157091612511933 986.458984 
157091712500166 986.451904 
157091812488399 986.442871 
157091912476599 986.444824 
157092012464765 986.451904 
157092112452731 986.440918 
157092212440597 986.443359 
157092312428597 986.455322 
157092412416797 986.461670 
157092512404963 986.461914 
157092612393129 986.463867 
157092712381295 986.463623 
157092812369495 986.477783 
157092912357661 986.468506 
157093012345827 986.465820 
157093112333993 986.465820 
157093212321926 986.457275 
157093312309792 986.454590 
157093412297792 986.449219 
157093512285792 986.452393 
157093612273758 986.453369 
157093712261724 986.459961 
157093812249724 986.453369 
157093912237724 986.451416 
157094012225690 986.459717 
157094112213656 986.459229 
157094212201656 986.454346 
157094312189522 986.460938 
157094412177388 986.457520 
157094512165554 986.456055 
157094612153787 986.459717 
157094712141987 986.461426 
157094812130187 986.448242 
157094912118420 986.450439 
157095012106653 986.444824 
157095112094853 986.449707 
157095212083053 986.453613 
157095312071153 986.458740 
157095412059053 986.464600 
157095512046953 986.463135 
157095612035186 986.468018 
157095712023419 986.463379 
157095812011619 986.461182 
157095911999819 986.464600 
157096011988052 986.464844 
157096111976285 986.468750 
157096211964485 986.463623 
157096311952685 986.475830 
157096411940785 986.475830 
157096511928885 986.467773 
157096611917018 986.462158 
157096711905251 986.460449 
157096811893451 986.468994 
157096911881651 986.469238 
157097011869884 986.467529 
157097111858184 986.464355 
157097211846384 986.468994 
157097311834584 986.469727 
157097411822817 986.464111 
157097511810750 986.462402 
157097611798683 986.474609 
157097711786783 986.471191 
157097811774983 986.471680 
157097911763149 986.460938 
157098011751315 986.454346 
157098111739548 986.449951 
157098211727748 986.456787 
157098311715914 986.459961 
157098411704080 986.458984 
157098511692246 986.460693 
157098611680179 986.459229 
157098711668045 986.462402 
157098811656045 986.470703 
157098911644045 986.467529 
157099011632011 986.469238 
157099111620044 986.465820 
157099211608044 986.460693 
157099311596044 986.463623 
157099411584010 986.463867 
157099511571976 986.471924 
157099611560009 986.477539 
157099711547875 986.477783 
157099811535775 986.483887 
157099911523975 986.477295 
157100011512141 986.475098 
157100111500307 986.467773 
157100211488473 986.468750 
157100311476673 986.477295 
157100411464839 986.473389 
157100511453005 986.468750 
157100611441171 986.464600 
157100711429137 986.457520 
157100811417003 986.454834 
157100911404936 986.456543 
157101011392936 986.468018 
157101111380936 986.467285 
157101211368902 986.468994 
157101311356868 986.469727 
157101411344868 986.473633 
157101511332868 986.484131 
157101611320834 986.479736 
157101711308800 986.483643 
157101811296666 986.489746 
157101911284532 986.483398 
157102011272665 986.486572 
157102111260898 986.484375 
157102211249098 986.480225 
157102311237298 986.484619 
157102411225531 986.479004 
157102511213764 986.475830 
157102611201964 986.473633 
157102711190164 986.469238 
157102811178364 986.466309 
157102911166264 986.474854 
157103011154164 986.477539 
157103111142330 986.472412 
157103211130563 986.469482 
157103311118763 986.472412 
157103411106963 986.474609 
157103511095196 986.465820 
157103611083429 986.467529 
157103711071629 986.461182 
157103811059829 986.460449 
157103911047995 986.465576 
157104011036095 986.469971 
157104111024195 986.467285 
157104211012428 986.460449 
157104311000661 986.464600 
157104410988861 986.464600 
157104510977061 986.460938 
157104610965294 986.464111 
157104710953527 986.466553 
157104810941727 986.468506 
157104910929927 986.476074 
157105010917893 986.483643 
157105110905759 986.486328 
157105210893825 986.480469 
157105310882025 986.477295 
157105410870191 986.476807 
157105510858357 986.479004 
157105610846523 986.471191 
157105710834723 986.466064 
157105810822889 986.466309 
157105910811055 986.467773 
157106010799221 986.467041 
157106110787154 986.469482 
157106210775020 986.467529 
157106310763020 986.473389 
157106410751020 986.470703 
157106510738986 986.467773 
157106610726952 986.464600 
157106710714952 986.468750 
157106810702952 986.466309 
157106910690918 986.467529 
157107010678884 986.473877 
157107110666884 986.479004 
157107210654750 986.476563 
157107310642616 986.474854 
157107410630849 986.472168 
157107510619082 986.467041 
157107610607282 986.480713 
157107710595482 986.480957 
157107810583715 986.478027 
157107910571948 986.473633 
157108010560148 986.471680 
157108110548348 986.479736 
157108210536381 986.470215 
157108310524281 986.475586 
157108410512214 986.466309 
157108510500447 986.464844 
157108610488680 986.465820 
157108710476880 986.479004 
157108810465080 986.473145 
157108910453313 986.466553 
157109010441546 986.472412 
157109110429746 986.469727 
157109210417946 986.473633 
157109310406046 986.474609 
157109410394146 986.473633 
157109510382279 986.473389 
157109610370512 986.465088 
157109710358712 986.463623 
157109810346912 986.458740 
157109910335145 986.462646 
157110010323378 986.467041 
157110110311578 986.467285 
157110210299778 986.468506 
157110310287978 986.474365 
157110410275844 986.475342 
157110510263710 986.470703 
157110610251810 986.467529 
157110710240010 986.462646 
157110810228176 986.461914 
157110910216342 986.460693 
157111010204508 986.462646 
157111110192708 986.465820 
157111210180874 986.470703 
157111310169040 986.473877 
157111410157173 986.479492 
157111510145039 986.485596 
157111610132905 986.485352 
157111710120905 986.477539 
157111810108905 986.483887 
157111910096871 986.480957 
157112010084837 986.477051 
157112110072837 986.477539 
157112210060837 986.483398 
157112310048803 986.480225 
157112410036769 986.474609 
157112510024735 986.474365 
157112610012601 986.474365 
157112710000601 986.476807 
157112809988834 986.484375 
157112909977034 986.483887 
157113009965234 986.487793 
157113109953434 986.479736 
157113209941667 986.486328 
157113309929900 986.480469 
157113409918100 986.483398 
157113509906300 986.488525 
157113609894300 986.483398 
157113709882200 986.482910 
157113809870233 986.477051 
157113909858466 986.482910 
157114009846699 986.483398 
157114109834899 986.478027 
157114209823099 986.479004 
157114309811332 986.474121 
157114409799565 986.469727 
157114509787765 986.474365 
157114609775965 986.470703 
157114709764065 986.465088 
157114809752165 986.472900 
157114909740398 986.475342 
157115009728631 986.469727 
157115109716831 986.467529 
157115209705031 986.463135 
157115309693264 986.460938 
157115409681497 986.465820 
157115509669697 986.459229 
157115609657897 986.460449 
157115709645997 986.463135 
157115809633863 986.473389 
157115909621729 986.468506 
157116009609929 986.471680 
157116109598129 986.472168 
157116209586295 986.466797 
157116309574461 986.471436 
157116409562661 986.474121 
157116509550861 986.481201 
157116609539027 986.483154 
157116709527193 986.488525 
157116809515226 986.480713 
157116909503092 986.484375 
157117009490958 986.483643 
157117109478958 986.487061 
157117209466958 986.485596 
157117309454924 986.483154 
157117409442890 986.473877 
157117509430890 986.477539 
157117609418890 986.481201 
157117709406856 986.475586 
157117809394822 986.468018 
157117909382688 986.473389 
157118009370554 986.477539 
157118109358620 986.484619 
157118209346853 986.489258 
157118309335053 986.486816 
157118409323253 986.479004 
157118509311486 986.479492 
157118609299719 986.476563 
157118709287919 986.471924 
157118809276119 986.474854 
157118909264319 986.471680 
157119009252219 986.477539 
157119109240119 986.476563 
157119209228252 986.482422 
157119309216485 986.486572 
157119409204685 986.476807 
157119509192885 986.477051 
157119609181085 986.482422 
157119709169318 986.475586 
157119809157551 986.482178 
157119909145751 986.481201 
157120009133951 986.484131 
157120109122051 986.477539 
157120209110151 986.480713 
157120309098384 986.477539 
157120409086617 986.473877 
157120509074817 986.480957 
157120609063017 986.477295 
157120709051250 986.476563 
157120809039483 986.473633 
157120909027683 986.477051 
157121009015883 986.476074 
157121109003916 986.472656 
157121208991782 986.471924 
157121308979682 986.474854 
157121408967915 986.472656 
157121508956115 986.471680 
157121608944315 986.476563 
157121708932515 986.474365 
157121808920748 986.474609 
157121908908981 986.479736 
157122008897181 986.476318 
157122108885381 986.468750 
157122208873381 986.468994 
157122308861281 986.466553 
157122408849314 986.475098 
157122508837547 986.473877 
157122608825780 986.480957 
157122708813980 986.478516 
157122808802180 986.484863 
157122908790413 986.483398 
157123008778646 986.493408 
157123108766846 986.491699 
157123208755046 986.492676 
157123308743146 986.490479 
157123408731312 986.483643 
157123508719478 986.486572 
157123608707711 986.489014 
157123708695911 986.489502 
157123808684111 986.485107 
157123908672411 986.474854 
157124008660644 986.477539 
157124108648844 986.475342 
157124208637044 986.479248 
157124308625244 986.477539 
157124408613177 986.476318 
157124508601043 986.480957 
157124608589176 986.480713 
157124708577376 986.480957 
157124808565542 986.471191 
157124908553775 986.468750 
157125008541941 986.480469 
157125108530141 986.471680 
157125208518307 986.465332 
157125308506473 986.467773 
157125408494573 986.479248 
157125508482439 986.479004 
157125608470305 986.478760 
157125708458305 986.485107 
157125808446305 986.488037 
157125908434338 986.480713 
157126008422304 986.484619 
157126108410304 986.486816 
157126208398304 986.483154 
157126308386270 986.490723 
157126408374236 986.487793 
157126508362169 986.498291 
157126608350035 986.497314 
157126708338101 986.499756 
157126808326301 986.481445 
157126908314467 986.482178 
157127008302633 986.478271 
157127108290799 986.484863 
157127208278999 986.487549 
157127308267165 986.490723 
157127408255331 986.490234 
157127508243497 986.491211 
157127608231430 986.488770 
157127708219296 986.486572 
157127808207296 986.492920 
157127908195296 986.493652 
157128008183296 986.480225 
157128108171262 986.486816 
157128208159262 986.485596 
157128308147262 986.488037 
157128408135262 986.492676 
157128508123228 986.495361 
157128608111228 986.492432 
157128708099094 986.487549 
157128808086960 986.489014 
157128908075126 986.478516 
157129008063359 986.482178 
157129108051559 986.484619 
157129208039759 986.483643 
157129308027992 986.486328 
157129408016225 986.489746 
157129508004425 986.485596 
157129607992625 986.488037 
157129707980658 986.494629 
157129807968558 986.497070 
157129907956458 986.486816 
157130007944691 986.486816 
157130107932924 986.487305 
157130207921124 986.491699 
157130307909324 986.489502 
157130407897557 986.493896 
157130507885790 986.492432 
157130607873990 986.494629 
157130707862190 986.496826 
157130807850290 986.481689 
157130907838390 986.473145 
157131007826523 986.470459 
157131107814756 986.477783 
157131207802956 986.488281 
157131307791156 986.479248 
157131407779356 986.492920 
157131507767589 986.486816 
157131607755789 986.480225 
157131707743989 986.493896 
157131807732189 986.489990 
157131907720122 986.494141 
157132007707988 986.480713 
157132107696088 986.480713 
157132207684288 986.485840 
157132307672454 986.485107 
157132407660620 986.485107 
157132507648786 986.481445 
157132607636986 986.490967 
157132707625152 986.492676 
157132807613318 986.490967 
157132907601484 986.489746 
157133007589350 986.491455 
157133106626917 986.488525 
157133206614917 986.489502 
157133306602917 986.491211 
157133406590883 986.497559 
157133506578849 986.495117 
157133606566849 986.496826 
157133706554849 986.493896 
157133806542815 986.493652 
157133906530781 986.495361 
157134006518747 986.498535 
157134106506613 986.496338 
157134206494613 986.499268 
157134306482846 986.494629 
157134406471079 986.491699 
157134506459279 986.491455 
157134606447479 986.481934 
157134706435712 986.474854 
157134806423945 986.472412 
157134906412145 986.467773 
157135006400345 986.467773 
157135106388345 986.463867 
157135206376245 986.474121 
157135306364278 986.475586 
157135406352511 986.483887 
157135506340744 986.486084 
157135606328944 986.486328 
157135706317144 986.488525 
157135806305377 986.487061 
157135906293610 986.491455 
157136006281810 986.480957 
157136106270010 986.480713 
157136206258110 986.477051 
157136306246210 986.478027 
157136406234376 986.482178 
157136506222609 986.489014 
157136606210809 986.497803 
157136706199009 986.498291 
157136806187242 986.499268 
157136906175475 986.497070 
157137006163675 986.495850 
157137106151875 986.492188 
157137206139975 986.489258 
157137306127841 986.493896 
157137406115707 986.508789 
157137506103907 986.510010 
157137606092107 986.505615 
157137706080273 986.504639 
157137806068439 986.502686 
157137906056605 986.500488 
157138006044805 986.498291 
157138106032971 986.487305 
157138206021137 986.481201 
157138306009170 986.489014 
157138405997036 986.503906 
157138505984902 986.509521 
157138605972902 986.517090 
157138705960902 986.526367 
157138805948868 986.525635 
157138905936834 986.518799 
157139005924834 986.518555 
157139105912834 986.511230 
157139205900800 986.508301 
157139305888766 986.496826 
157139405876699 986.492188 
157139505864565 986.489502 
157139605852631 986.494385 
157139705840864 986.503906 
157139805829064 986.503662 
157139905817264 986.504883 
157140005805497 986.502441 
157140105793730 986.497559 
157140205781930 986.483398 
157140305770130 986.481934 
157140405758330 986.485352 
157140505746230 986.489990 
157140605734130 986.495605 
157140705722263 986.495605 
157140805710496 986.496826 
157140905698729 986.502686 
157141005686929 986.508301 
157141105675129 986.510986 
157141205663362 986.512207 
157141305651595 986.509521 
157141405639795 986.505127 
157141505627995 986.513184 
157141605616095 986.509033 
157141705604195 986.507813 
157141805592428 986.502930 
157141905580661 986.507813 
157142005568861 986.501953 
157142105557061 986.501953 
157142205545294 986.500000 
157142305533527 986.499756 
157142405521727 986.489746 
157142505509927 986.492188 
157142605497960 986.491455 
157142705485826 986.482910 
157142805473726 986.483887 
157142905461959 986.478516 
157143005450159 986.470703 
157143105438359 986.467041 
157143205426559 986.469238 
157143305414792 986.466553 
157143405403025 986.461182 
