# Created at Fri Mar 14 11:05:16 GMT+01:00 2025 in Burnaby Canada 
619538398934826 984.178223 
619538438921441 984.175781 
619538478933420 984.173096 
619538518933889 984.169678 
619538558935399 984.173828 
619538598929461 984.169434 
619538638933889 984.166748 
619538678933628 984.175293 
619538718935191 984.174072 
619538758928107 984.172852 
619538798934149 984.171875 
619538838933732 984.173096 
619538878925920 984.167969 
619538918930764 984.166260 
619538958933993 984.162598 
619538998935451 984.161865 
619539038925920 984.163330 
619539078933941 984.154053 
619539118934461 984.144043 
619539158935399 984.135254 
619539198936805 984.137451 
619539238933680 984.147217 
619539278934357 984.166260 
619539318935347 984.163330 
619539358928264 984.160156 
619539398934514 984.152832 
619539438935034 984.149414 
619539478924670 984.144043 
619539518928107 984.145020 
619539558933993 984.149902 
619539598935191 984.146484 
619539638925972 984.143555 
619539678933941 984.142578 
619539718933941 984.145752 
619539758935191 984.145508 
619539798982014 984.143066 
619539838934409 984.144775 
619539878933941 984.147217 
619539918935243 984.139648 
619539958928420 984.136475 
619539998933836 984.143066 
619540038933889 984.141846 
619540078925659 984.146484 
619540118925451 984.149170 
619540158933732 984.149170 
619540198933628 984.152344 
619540238925972 984.152832 
619540278912586 984.150146 
619540318933889 984.153564 
619540358935972 984.149170 
619540398913472 984.149658 
619540438933941 984.142334 
619540478933836 984.136963 
619540518935451 984.140381 
619540558926284 984.138428 
619540598934514 984.139648 
619540638933732 984.143066 
619540678926493 984.141357 
619540718933993 984.143066 
619540758933941 984.143799 
619540798935086 984.147949 
619540838925920 984.144531 
619540878938159 984.146729 
619540918933889 984.147949 
619540958934514 984.156250 
619540998913264 984.166504 
619541038934045 984.187256 
619541078933889 984.192627 
619541118937326 984.201172 
619541158926805 984.197266 
619541198931336 984.211426 
619541238933889 984.206787 
619541278925659 984.205811 
619541318927118 984.191406 
619541358933941 984.187988 
619541398935086 984.146973 
619541438925920 984.080078 
619541478930972 984.042969 
619541518933941 984.024658 
619541558935451 984.029785 
619541598917847 984.035645 
619541638934149 984.051025 
619541678934253 984.074219 
619541718935191 984.099609 
619541758927586 984.123291 
619541798933472 984.145020 
619541838933264 984.145752 
619541878935711 984.150391 
619541918926284 984.161621 
619541958926180 984.165283 
619541998929930 984.205566 
619542038925243 984.317139 
619542078925503 984.368164 
619542118926545 984.316406 
619542159054670 984.240967 
619542198927378 984.207275 
619542238926753 984.183350 
619542278926232 984.178467 
619542318928680 984.183838 
619542358927586 984.205078 
619542398927274 984.210693 
619542438933836 984.228760 
619542478935139 984.310059 
619542518927222 984.368652 
619542558933732 984.313477 
619542598934461 984.229980 
619542638926232 984.171631 
619542678933628 984.133301 
619542718933941 984.120605 
619542758935243 984.121338 
619542798926232 984.133057 
619542838913003 984.185059 
619542878934514 984.224609 
619542918935191 984.292236 
619542958962222 984.274902 
619542998933784 984.251465 
619543038933159 984.194092 
619543078934826 984.146484 
619543118926649 984.124268 
619543158934097 984.104736 
619543198933993 984.109131 
619543238926441 984.120605 
619543278934097 984.138428 
619543318933941 984.193604 
619543358935086 984.199951 
619543398925920 984.205322 
619543438930607 984.205078 
619543478933316 984.196045 
619543518935399 984.191162 
619543558926701 984.189941 
619543598934514 984.194092 
619543638934618 984.189209 
619543678934982 984.194580 
619543718927534 984.188965 
619543758934357 984.217285 
619543798934097 984.264648 
619543838926909 984.264160 
619543878934774 984.346924 
619543918933628 984.425781 
619543958935347 984.369629 
619543998928472 984.343750 
619544038938264 984.354736 
619544078933107 984.389404 
619544118934357 984.423828 
619544158913055 984.425049 
619544198936076 984.418945 
619544238933836 984.427490 
619544278934878 984.538330 
619544318927118 984.531006 
619544358933993 984.604980 
619544398933628 984.371582 
619544438926128 984.164307 
619544478934149 984.122803 
619544518934253 984.045654 
619544558933628 983.992432 
619544598925920 984.019287 
619544638927743 984.008545 
619544678933576 984.017822 
619544718934670 984.042236 
619544758921909 984.084473 
619544798934253 984.127686 
619544838934253 984.157227 
619544878934253 984.245605 
619544918926701 984.322510 
619544958934045 984.293213 
619544998933368 984.258789 
619545038935191 984.279053 
619545078928941 984.293213 
619545118933993 984.291016 
619545158933941 984.288330 
619545198925139 984.283447 
619545238930764 984.369385 
619545278934097 984.433838 
619545318935191 984.467041 
619545358925868 984.493652 
619545398934045 984.280273 
619545438927274 984.175293 
619545478935347 984.104980 
619545519006180 984.020508 
619545558933941 984.026123 
619545598934409 984.032471 
619545638926545 984.020996 
619545678930659 984.018066 
619545718934201 984.024414 
619545758933628 984.048340 
619545798926180 984.093262 
619545838931232 984.189209 
619545878933628 984.292725 
619545918934878 984.304199 
619545958924930 984.283447 
619545998934461 984.280762 
619546038928680 984.290283 
619546078933889 984.302002 
619546118933576 984.304688 
619546158929670 984.316406 
619546198933993 984.450928 
619546238935399 984.486084 
619546278929357 984.546387 
619546318933889 984.468994 
619546358931076 984.290771 
619546398926232 984.194092 
619546438991493 984.067627 
619546478933836 984.013916 
619546518935191 984.016846 
619546558925399 983.996094 
619546598933941 984.000000 
619546638926597 983.999512 
619546678935347 984.026611 
619546718913784 984.086426 
619546758931284 984.149170 
619546798927378 984.260986 
619546838933680 984.297363 
619546878933941 984.278076 
619546918935607 984.254639 
619546958935191 984.268799 
619546998934670 984.302002 
619547038977222 984.310791 
619547078925920 984.320068 
619547118927743 984.339355 
619547158932066 984.355225 
619547198934930 984.536133 
619547238925920 984.542480 
619547278934409 984.585449 
619547318934253 984.415527 
619547358973003 984.183838 
619547399018628 984.083740 
619547438934097 983.981934 
619547478933941 983.969727 
619547518934930 983.977783 
619547558994461 983.963379 
619547598933159 983.973145 
619547638935399 983.979492 
619547678924930 984.045410 
619547718992014 984.130127 
619547758933889 984.202881 
619547798935243 984.273438 
619547838926128 984.288818 
619547878933420 984.266357 
619547918935503 984.245850 
619547958972378 984.295166 
619547998927639 984.328857 
619548038933836 984.355469 
619548078932170 984.376221 
619548118935503 984.384033 
619548158934566 984.550293 
619548198933680 984.593506 
619548238935243 984.641602 
619548278932951 984.683350 
619548318931076 984.407959 
619548358933941 984.196289 
619548398935347 984.126709 
619548438925607 984.000244 
619548478927274 983.988770 
619548518935243 983.995605 
619548558935451 983.984619 
619548598913003 983.980469 
619548638933732 984.007568 
619548678933889 984.049316 
619548718935764 984.111084 
619548758935191 984.208740 
619548798934409 984.280029 
619548838934930 984.195801 
619548878925972 984.193848 
619548918928159 984.231934 
619548958933889 984.265137 
619548998935191 984.280273 
619549038925972 984.291260 
619549078934305 984.346191 
619549118935139 984.438232 
619549158934930 984.564453 
619549198926493 984.576416 
619549238934357 984.675049 
619549278933732 984.421387 
619549318935399 984.186035 
619549358935034 984.112305 
619549398935139 984.034424 
619549438934930 984.010742 
619549478925764 983.993164 
619549518928889 984.006104 
619549558933993 984.015137 
619549598933889 984.064941 
619549638926180 984.135254 
619549678935243 984.237061 
619549718934201 984.277588 
619549758935191 984.241699 
619549798926180 984.238281 
619549838934201 984.213623 
619549878934097 984.257324 
619549918933836 984.277344 
619549958934722 984.309814 
619549998933784 984.349121 
619550038934149 984.361328 
619550078935191 984.556152 
619550118928264 984.551514 
619550158933264 984.531738 
619550198934097 984.726074 
619550238925659 984.408447 
619550278934982 984.172119 
619550318934045 984.126709 
619550358935243 984.043701 
619550398925816 984.041992 
619550438928316 984.022461 
619550478934097 984.010742 
619550518933576 984.017090 
619550558912795 984.046875 
619550598933680 984.086426 
619550638934878 984.171875 
619550678988316 984.319580 
619550718925191 984.274902 
619550758933628 984.212891 
619550798927691 984.235596 
619550838924722 984.295654 
619550878929409 984.342041 
619550918937170 984.360352 
619550958934826 984.404541 
619550998925399 984.440918 
619551038931076 984.582520 
619551078925139 984.564453 
619551118935243 984.589600 
619551158913472 984.346680 
619551198935295 984.052246 
619551238933993 984.032715 
619551278935659 983.956299 
619551318929461 983.885498 
619551358933680 983.929199 
619551398926441 983.961182 
619551438926180 983.971924 
619551478935399 983.980957 
619551518937326 984.018311 
619551558934461 984.084229 
619551598925451 984.169922 
619551638931284 984.261230 
619551678933993 984.255127 
619551718935191 984.205566 
619551758912170 984.209229 
619551798928993 984.264160 
619551838935711 984.299316 
619551878972691 984.323486 
619551918930711 984.341309 
619551958933680 984.370361 
619551998934201 984.557861 
619552038925920 984.574219 
619552078912639 984.603027 
619552118935139 984.644775 
619552158934930 984.373047 
619552198927586 984.198486 
619552238928368 984.117188 
619552278933993 984.015625 
619552318934149 983.958496 
619552358912118 983.976563 
619552398935086 983.977539 
619552438935086 983.991455 
619552478972951 984.002197 
619552518929305 984.060059 
619552558933889 984.134521 
619552598933836 984.197021 
619552638933784 984.256836 
619552678934878 984.291016 
619552718935139 984.249756 
619552758935139 984.211670 
619552798925920 984.247559 
619552838929097 984.275635 
619552878933159 984.327881 
619552918935139 984.376953 
619552958926180 984.429688 
619552998934826 984.557373 
619553038934774 984.536377 
619553078972951 984.543701 
619553118972066 984.406006 
619553158933941 984.141113 
619553198933836 984.087891 
619553238935555 984.012451 
619553278934878 983.970703 
619553318935086 983.970215 
619553358934826 983.982910 
619553398925451 983.996582 
619553438928420 984.002930 
619553478933836 984.061035 
619553518935191 984.130615 
619553558925659 984.210449 
619553598935086 984.300537 
619553638934722 984.317139 
619553678973107 984.319580 
619553718928889 984.270020 
619553758933889 984.291260 
619553798933628 984.294678 
619553838933889 984.297852 
619553878935451 984.310547 
619553918936961 984.338623 
619553958935347 984.409424 
619553998925399 984.519043 
619554038933107 984.520508 
619554078934357 984.475342 
619554118935139 984.626709 
619554158925920 984.322998 
619554198935399 984.127441 
619554238937118 984.079346 
619554278972899 984.018555 
619554318927170 984.016113 
619554358933524 984.012451 
619554398933941 984.014404 
619554438935347 984.029297 
619554478934670 984.058105 
619554518935399 984.124268 
619554558935191 984.187500 
619554598926441 984.269775 
619554638930764 984.358887 
619554678933576 984.326172 
619554718935399 984.281738 
619554758925920 984.297607 
619554798935191 984.314453 
619554838934878 984.334961 
619554878972691 984.372559 
619554918913420 984.400879 
619554958933889 984.461426 
619554998934201 984.541504 
619555038935451 984.592041 
619555078934878 984.773438 
619555118934722 984.541504 
619555158935972 984.283691 
619555198926180 984.229736 
619555238928368 984.082031 
619555278934097 983.994141 
619555318933941 983.995117 
619555358926441 983.987061 
619555398935034 983.996094 
619555438933836 984.031738 
619555478973003 984.091309 
619555518912847 984.134277 
619555558934253 984.218262 
619555598934618 984.315918 
619555638935139 984.281982 
619555678934930 984.264648 
619555718934878 984.274170 
619555758934618 984.308594 
619555798938420 984.323975 
619555838928680 984.345703 
619555878933889 984.393799 
619555918935086 984.446289 
619555958925191 984.562744 
619555998936180 984.557861 
619556038934930 984.652344 
619556078935243 984.465576 
619556118926753 984.207520 
619556158933732 984.113281 
619556198934201 984.029297 
619556238935034 983.956299 
619556278934878 983.966064 
619556318934930 983.987793 
619556358934253 983.982178 
619556398935399 984.034180 
619556438929618 984.104248 
619556478933836 984.181152 
619556518934670 984.262207 
619556558925920 984.320313 
619556598935555 984.275879 
619556638934930 984.238770 
619556678935295 984.237305 
619556718925920 984.270508 
619556758931128 984.292236 
619556798933784 984.319092 
619556838935347 984.375244 
619556878912639 984.439209 
619556918935607 984.580322 
619556958935086 984.575684 
619556998936180 984.597900 
619557038926232 984.320801 
619557078934305 984.108887 
619557118935191 984.031738 
619557158925399 983.953125 
619557198935243 983.925537 
619557238935191 983.942627 
619557278935920 983.934326 
619557318925399 983.960938 
619557358929514 983.996338 
619557398933941 984.073730 
619557438935191 984.131592 
619557478912951 984.254150 
619557518934826 984.305664 
619557558935295 984.267334 
619557598936128 984.244873 
619557638928836 984.239014 
619557678933836 984.275879 
619557718934201 984.306641 
619557758925399 984.319580 
619557798935086 984.348145 
619557838929253 984.364746 
619557878935086 984.531982 
619557918926180 984.546631 
619557958931076 984.586914 
619557998933941 984.620117 
619558038935503 984.326660 
619558078912534 984.123047 
619558118934826 984.053711 
619558158935191 983.977295 
619558198973264 983.965332 
619558238929357 983.960938 
619558278933576 983.959473 
619558318934097 983.966064 
619558358926649 984.008545 
619558398934826 984.065918 
619558438934618 984.144287 
619558478934618 984.252441 
619558518925972 984.268311 
619558558928368 984.270264 
619558598933576 984.261963 
619558638934774 984.226074 
619558678913628 984.269043 
619558718926961 984.290039 
619558758930347 984.320068 
619558798931232 984.350098 
619558838927847 984.366699 
619558878928836 984.560547 
619558918931024 984.584229 
619558958930972 984.607422 
619558998929149 984.618652 
619559038925920 984.349609 
619559078926753 984.117188 
619559118925868 984.068848 
619559158925295 983.984619 
619559198929670 983.961182 
619559239013368 983.979736 
619559278928264 983.971924 
619559318927482 983.974365 
619559358929357 984.029785 
619559398929357 984.099121 
619559438962170 984.161865 
619559478927847 984.268799 
619559518928889 984.315918 
619559558932691 984.291016 
619559598925139 984.291016 
619559638926805 984.253174 
619559678925920 984.293457 
619559718925972 984.321289 
619559758928628 984.363281 
619559798926284 984.395508 
619559838928628 984.590820 
619559879038159 984.562012 
619559918927691 984.612549 
619559958925972 984.676514 
619559998928524 984.353760 
619560038930503 984.156982 
619560078927170 984.044678 
619560118926336 983.986084 
619560158934930 983.978760 
619560198930972 983.982910 
619560238933836 984.002197 
619560278935139 984.022705 
619560318926493 984.055664 
619560358936805 984.126221 
619560398933889 984.232178 
619560438934461 984.337402 
619560478925399 984.333984 
619560518934253 984.304688 
619560558933993 984.281982 
619560598935503 984.283936 
619560638913472 984.268311 
619560678934253 984.290771 
619560718933941 984.314697 
619560758935451 984.350586 
619560798927326 984.508301 
619560838934149 984.517334 
619560878934774 984.553223 
619560918927847 984.650391 
619560958928264 984.399658 
619560998933628 984.136475 
619561038934670 984.092529 
619561078925920 983.992432 
619561118934201 983.958252 
619561158934514 983.957520 
619561198935399 983.971924 
619561238912118 983.992676 
619561278933107 984.044678 
619561318933836 984.106934 
619561358930034 984.178955 
619561398927534 984.261719 
619561438934878 984.340820 
619561478935191 984.306885 
619561518925920 984.270264 
619561558928628 984.281250 
619561598933836 984.285156 
619561638933420 984.290771 
619561678925920 984.292480 
619561718933941 984.308350 
619561758933889 984.397705 
619561798935399 984.526855 
619561838927743 984.523926 
619561878934149 984.483643 
619561918933889 984.575928 
619561958935139 984.275146 
619561998928368 984.143555 
619562038934774 984.070557 
619562078912743 983.999512 
619562118934982 983.999023 
619562158927586 983.980957 
619562198934201 983.998535 
619562238935243 984.021973 
619562278926180 984.066406 
619562318934201 984.130615 
619562358933836 984.224854 
619562398935607 984.284912 
619562438925920 984.279541 
619562478935503 984.249268 
619562518933889 984.220947 
619562558934774 984.260986 
619562598926909 984.286133 
619562638933784 984.303467 
619562678934149 984.333984 
619562718935191 984.400146 
619562758927795 984.433838 
619562798934201 984.578125 
619562838933836 984.562500 
619562878925920 984.773193 
619562918934514 984.519775 
619562958933889 984.342529 
619562998935243 984.245605 
619563038926128 984.086426 
619563078933889 984.031982 
619563118933836 984.008789 
619563158934878 984.001953 
619563198965243 984.041748 
619563238933836 984.106934 
619563278933576 984.166260 
619563318935347 984.250977 
619563358927430 984.317627 
619563398934253 984.274902 
619563438935139 984.225586 
619563478925920 984.243408 
619563518934409 984.276367 
619563558934149 984.301270 
619563598935191 984.330566 
619563638925659 984.374756 
619563678931441 984.452881 
619563718931232 984.571533 
619563758934930 984.593750 
619563798925399 984.719727 
619563838933472 984.470215 
619563878933889 984.253174 
619563918935139 984.177979 
619563958926909 984.029297 
619563998933055 983.976318 
619564038933628 983.965820 
619564078926649 983.952393 
619564118933993 983.952148 
619564158933993 984.005615 
619564198928472 984.056396 
619564238925711 984.101074 
619564278930451 984.202148 
619564318933316 984.256836 
619564358935659 984.216553 
619564398912743 984.189697 
619564438933836 984.198486 
619564478934097 984.237061 
619564518935711 984.256104 
619564558931076 984.293213 
619564598934722 984.340332 
619564638933628 984.383545 
619564678925399 984.578125 
619564718933941 984.588379 
619564758934774 984.570801 
619564798935503 984.487061 
619564838925920 984.189941 
619564878928264 984.085205 
619564918933524 983.994385 
619564958934878 983.945557 
619564998920816 983.960693 
619565038934357 983.957275 
619565078933941 983.958496 
619565118973524 983.975342 
619565158926336 984.009277 
619565198934253 984.084961 
619565238934097 984.148438 
619565278935503 984.200684 
619565318931389 984.258301 
619565358934201 984.233398 
619565398936128 984.210449 
619565438925920 984.255371 
619565478927951 984.284180 
619565518933368 984.293701 
619565558933680 984.329834 
619565598924409 984.376709 
619565638933784 984.571045 
619565678933889 984.609375 
619565718973524 984.628662 
619565758936441 984.660889 
619565798928836 984.341309 
619565838933889 984.208496 
619565878934826 984.105225 
619565918930711 983.996338 
619565958933889 983.978027 
619565998935191 983.977783 
619566038925868 983.999023 
619566078929253 984.014160 
619566118933836 984.063232 
619566158934618 984.122070 
619566198926180 984.178711 
619566238933576 984.284912 
619566278934670 984.254883 
619566318935347 984.207275 
619566359054253 984.199707 
619566398933472 984.263672 
619566438934149 984.313477 
619566478935139 984.365479 
619566518930451 984.383301 
619566558933941 984.518799 
619566598935191 984.564453 
619566638928055 984.567383 
619566678932222 984.705078 
619566718933889 984.358398 
619566758935399 984.113525 
619566798926180 984.069092 
619566838933784 983.978516 
619566878934149 983.966064 
619566918935139 983.970703 
619566958912951 983.978516 
619566998933680 983.983643 
619567038934253 984.014648 
619567078934670 984.084961 
619567118927222 984.149658 
619567158934357 984.224854 
619567198935191 984.267578 
619567238925972 984.244873 
619567278927586 984.211426 
619567318933941 984.237549 
619567358935139 984.275146 
619567398925399 984.294434 
619567438933316 984.324219 
619567478933836 984.364258 
619567518935347 984.371826 
619567558915764 984.516357 
619567598933368 984.504150 
619567638934461 984.493652 
619567678935139 984.655762 
619567718927691 984.334473 
619567758934253 984.154785 
619567798935191 984.084717 
619567838925191 984.019775 
619567878927430 984.016846 
619567918933784 984.002686 
619567958935086 984.002930 
619567998926180 983.998291 
619568038934253 984.024658 
619568078933732 984.084473 
619568118935503 984.170654 
619568158930191 984.249268 
619568198933784 984.252686 
619568238933993 984.211670 
619568278935451 984.212891 
619568318926961 984.234375 
619568358934566 984.274902 
619568398933889 984.294434 
619568438934357 984.335938 
619568478928784 984.375732 
619568518934514 984.459229 
619568558934253 984.563721 
619568598925920 984.619385 
619568638934514 984.713867 
619568678933993 984.466064 
619568718935451 984.271240 
619568758925920 984.154785 
619568798933836 984.039063 
619568838934253 983.999512 
619568878934878 983.986572 
619568918926441 983.967041 
619568958933889 983.977539 
619568998933628 984.012451 
619569038934409 984.077393 
619569078927118 984.125000 
619569118933420 984.208740 
619569158934618 984.251953 
619569198926441 984.198975 
619569238934097 984.185059 
619569278934097 984.202637 
619569318935711 984.255615 
619569358925920 984.295654 
619569398934045 984.328125 
619569438933941 984.387939 
619569478934409 984.435303 
619569518972326 984.562744 
619569558934514 984.593750 
619569598934045 984.708008 
619569638935086 984.409180 
619569678926128 984.209473 
619569718934514 984.107422 
619569758934357 984.010742 
619569798926701 983.986084 
619569838928211 983.991943 
619569878934253 983.977295 
619569918935764 983.986084 
619569958925920 984.037354 
619569998929670 984.094482 
619570038934461 984.174316 
619570078935347 984.244873 
619570118923316 984.264648 
619570158934409 984.250488 
619570198934253 984.227783 
619570238934670 984.255371 
619570278928368 984.281006 
619570318913211 984.300049 
619570358934097 984.327637 
619570398925868 984.373535 
619570438934045 984.533936 
619570478933836 984.586670 
619570518935607 984.588867 
619570558926441 984.581787 
619570598930399 984.326660 
619570638933941 984.100830 
619570678934982 984.018799 
619570718911857 983.949219 
619570758933889 983.921143 
619570798933836 983.937500 
619570838973003 983.930420 
619570878926649 983.956543 
619570918933941 984.002930 
619570958933889 984.068115 
619570998925920 984.135986 
619571038933993 984.236084 
619571078934149 984.254639 
619571118935451 984.166260 
619571158925920 984.160889 
619571198932014 984.207275 
619571238934201 984.268311 
619571278935503 984.303711 
619571318929618 984.331543 
619571358933628 984.383789 
619571398934514 984.467285 
619571438935139 984.591797 
619571478927586 984.571289 
619571518933159 984.686523 
619571558933941 984.371094 
619571598935191 984.169922 
619571638929409 984.080078 
619571678934253 983.990967 
619571718935086 983.963623 
619571758925920 983.971680 
619571798928316 983.977539 
619571838933889 983.977295 
619571878934930 984.028320 
619571918925451 984.082275 
619571958933941 984.133057 
619571998934201 984.195557 
619572038972899 984.255127 
619572078978159 984.238770 
619572118934149 984.211914 
619572158933472 984.204834 
619572198935295 984.232910 
619572238931076 984.245361 
619572278933941 984.262207 
619572318935139 984.298096 
619572358925659 984.334473 
619572398926024 984.473633 
619572438935764 984.529297 
619572478934878 984.567627 
619572518926701 984.579834 
619572558933993 984.339355 
619572598933941 984.050049 
619572638935399 984.009033 
619572678930451 983.945068 
619572718934409 983.905518 
619572758933576 983.936279 
619572798935295 983.949219 
619572838926961 983.960205 
619572878934201 983.985840 
619572918935503 984.023682 
619572958926232 984.094971 
619572998966128 984.159668 
619573038933472 984.213623 
619573078935399 984.248535 
619573118925972 984.217529 
619573158933211 984.203857 
619573198934253 984.227051 
619573238935243 984.239014 
619573278913107 984.271240 
619573318930972 984.321045 
619573358927118 984.361816 
619573398935555 984.486084 
619573438927170 984.520752 
619573478934201 984.727539 
619573518935659 984.399414 
619573558925920 984.221191 
619573598930607 984.127686 
619573638933889 984.006836 
619573678933420 983.944336 
619573718925711 983.943359 
619573758934409 983.949463 
619573798934253 983.953857 
619573838935711 983.979248 
619573878914514 984.013672 
619573918934514 984.079834 
619573958933993 984.125732 
619573998935243 984.208496 
619574038929461 984.256836 
619574078934097 984.219727 
619574118935243 984.195801 
619574158928264 984.206299 
619574198930034 984.246338 
619574238933836 984.279785 
619574278934566 984.306641 
619574318925920 984.344238 
619574358934149 984.361816 
619574398934045 984.520264 
619574438935191 984.512939 
619574478929826 984.532715 
619574518933889 984.565674 
619574558933524 984.272217 
619574598935191 984.130615 
619574638927899 984.044434 
619574678933993 983.989014 
619574718934618 983.999023 
619574758935347 983.997559 
619574798927639 984.012939 
619574838933628 984.018799 
619574878934305 984.073730 
619574918925711 984.146484 
619574958934253 984.185547 
619574998933889 984.248047 
619575038935191 984.292236 
619575078925920 984.261963 
619575118933836 984.225830 
619575158934357 984.250000 
619575198935295 984.283447 
619575238958211 984.294189 
619575278933993 984.319336 
619575318933993 984.359375 
619575358934045 984.465820 
619575398927951 984.536133 
619575438933941 984.552490 
619575478926857 984.602051 
619575518925972 984.356445 
619575558934097 984.112061 
619575598933941 984.067383 
619575638936024 983.969971 
619575678925711 983.948975 
619575718912951 983.963379 
619575758933368 983.960205 
619575798935034 983.970459 
619575838999357 984.000488 
619575878934357 984.050049 
619575918934097 984.093750 
619575958926128 984.187256 
619575998929097 984.253662 
619576038934201 984.224609 
619576078934097 984.217529 
619576118925711 984.197754 
619576158934461 984.245117 
619576198933993 984.287109 
619576238935191 984.311768 
619576278925399 984.337402 
619576318933732 984.362793 
619576358933368 984.522461 
619576398935139 984.539795 
619576438912482 984.581055 
619576478933628 984.624756 
619576518933993 984.397461 
619576558935503 984.116943 
619576598927274 984.077148 
619576638933368 984.012695 
619576678933732 983.950195 
619576718925920 983.959473 
619576758934305 983.979736 
619576798934305 984.039551 
619576838935139 984.093018 
619576878925399 984.142090 
619576918930816 984.204102 
619576958934357 984.255615 
619576998935034 984.210938 
619577038914357 984.176514 
619577078933889 984.221924 
619577118934722 984.270508 
619577158973003 984.288086 
619577198927170 984.301025 
619577238933889 984.334717 
619577278933680 984.368896 
619577318925920 984.497070 
619577358936857 984.504639 
619577398934201 984.614990 
619577438935711 984.304932 
619577478925659 984.039307 
619577518928055 984.054932 
619577558933680 983.965332 
619577598934045 983.899170 
619577638929826 983.913330 
619577678933211 983.930176 
619577718933368 983.937256 
619577758972326 983.946289 
619577798928420 983.982910 
619577838933993 984.067871 
619577878934253 984.156982 
619577918935711 984.256592 
619577958928211 984.284180 
619577998934514 984.280273 
619578038935503 984.241699 
619578078926284 984.266113 
619578118928941 984.321045 
619578158933836 984.341309 
619578198934826 984.371582 
619578238925659 984.384277 
619578278934149 984.389893 
619578318936024 984.534668 
619578358935451 984.499756 
619578398947691 984.519287 
619578438933941 984.483643 
619578478933941 984.195313 
619578518934930 984.108398 
619578558930972 984.018799 
619578598934097 983.936035 
619578638935711 983.946533 
619578678925399 983.943848 
619578718927951 983.953857 
619578758933732 983.975098 
619578798935191 984.015869 
619578838926180 984.093262 
619578878933993 984.170654 
619578918933836 984.225586 
619578958935086 984.253662 
619578998931389 984.250977 
619579038933680 984.218750 
619579078934201 984.259521 
619579118934878 984.284424 
619579158931024 984.317139 
619579198933993 984.354980 
619579238935764 984.395508 
619579278926180 984.612793 
619579319014670 984.630859 
619579358933576 984.656006 
619579398933889 984.756348 
619579438925920 984.458008 
619579478933941 984.225098 
619579518933889 984.148193 
619579558935764 984.028564 
619579598912743 983.967773 
619579638934461 983.963135 
619579678933836 983.946777 
619579718928576 983.948486 
619579758927326 983.998047 
619579798934357 984.060303 
619579838935659 984.152588 
619579878925920 984.253174 
619579918931024 984.305176 
619579958934982 984.274658 
619579998935399 984.232910 
619580038925399 984.249512 
619580078933836 984.296631 
619580118934357 984.314941 
619580158935399 984.401367 
619580198912222 984.446533 
619580238933941 984.591309 
619580278934149 984.588623 
619580318934878 984.687256 
619580358930399 984.382568 
619580398934097 984.225586 
619580438935243 984.128662 
619580478925920 984.002197 
619580518927639 983.978271 
619580558934097 983.978271 
619580598934409 983.989990 
619580638926232 984.004395 
619580678934566 984.034180 
619580718933889 984.094482 
619580758935659 984.153809 
619580798929514 984.257324 
619580838933628 984.281738 
619580878934253 984.251709 
619580918935086 984.222168 
619580958927951 984.255127 
619580998933680 984.297607 
619581038933941 984.319824 
619581078935347 984.356445 
619581118927743 984.412109 
619581158933628 984.486084 
619581198935191 984.604004 
619581238925920 984.576904 
619581278933784 984.697266 
619581318934253 984.512939 
619581358935243 984.306152 
619581398925451 984.190674 
619581438933472 984.047119 
619581478934201 983.993408 
619581518935139 983.996094 
619581558927482 983.973877 
619581598934618 983.992188 
619581638934305 984.019531 
619581678934878 984.060059 
619581718928680 984.133057 
619581758933368 984.224121 
619581798934670 984.279541 
619581838926597 984.219727 
619581878933889 984.214111 
619581918934097 984.232910 
619581958935503 984.280762 
619581998926180 984.308105 
619582038912795 984.341309 
619582078933628 984.386719 
619582118934722 984.413574 
619582158978003 984.574463 
619582198934461 984.568604 
619582238935295 984.505127 
619582278934982 984.469238 
619582318928784 984.190186 
619582358933941 984.094727 
619582398934566 984.009033 
619582438926493 983.946045 
619582478934097 983.953369 
619582518933836 983.956299 
619582558935399 983.991943 
619582598925972 984.054932 
619582638912274 984.111084 
619582678934253 984.165771 
619582718935191 984.260742 
619582758914409 984.293213 
619582798933889 984.254150 
619582838934149 984.231201 
619582878934878 984.247803 
619582918927066 984.283203 
619582958933836 984.307617 
619582998933732 984.331543 
619583038925607 984.386475 
619583078933941 984.419189 
619583118934045 984.575684 
619583158934930 984.574951 
619583198925920 984.598877 
619583238928316 984.353271 
619583278934566 984.093994 
619583318935086 984.064941 
619583358911753 983.972900 
619583398934149 983.933838 
619583438934305 983.946045 
619583478972795 983.934814 
619583518927795 983.956299 
619583558934149 984.011475 
619583598933628 984.159668 
619583638925920 984.263184 
619583678912847 984.286621 
619583718933889 984.272949 
619583758935659 984.255859 
619583798926180 984.238281 
619583838928993 984.281250 
619583878933889 984.307373 
619583918935295 984.333740 
619583958928368 984.376465 
619583998934774 984.400879 
619584038933836 984.559570 
619584078935399 984.522217 
619584118927482 984.567627 
619584158932586 984.748779 
619584198926805 984.397461 
619584238935555 984.145996 
619584278929930 984.056641 
619584318933941 984.012939 
619584358935607 984.010742 
619584398925920 983.989990 
619584438930139 983.995605 
619584478934097 984.017578 
619584518935347 984.055176 
619584558926180 984.125977 
619584598934670 984.239746 
619584638933941 984.281982 
619584678935243 984.244629 
619584718962066 984.216553 
619584758933368 984.182617 
619584798934201 984.237793 
619584838934930 984.299805 
619584878930399 984.323730 
619584918933941 984.367432 
619584958935086 984.398682 
619584998925607 984.555908 
619585038926545 984.590820 
619585078933784 984.613281 
619585118934357 984.689941 
619585158925659 984.415283 
619585198934097 984.177490 
619585238934149 984.119141 
619585278934878 984.030029 
619585318931232 984.001465 
619585358934149 983.999756 
619585398934305 983.981689 
619585438935399 983.989990 
619585478928836 984.037109 
619585518933941 984.092041 
619585558935139 984.193604 
619585598925972 984.274414 
619585638963107 984.266357 
619585678933941 984.251709 
619585718934930 984.218018 
619585758925659 984.223633 
619585798933836 984.282959 
619585838933941 984.290527 
619585878935659 984.324219 
619585918912430 984.375977 
619585958930659 984.445313 
619585998933993 984.561035 
619586038935347 984.549561 
619586078928264 984.490967 
619586118934253 984.493164 
619586158937274 984.181885 
619586198925711 984.069336 
619586238927170 984.007324 
619586278933836 983.947998 
619586318934774 983.958496 
619586358926180 983.941895 
619586398934566 983.985107 
619586438934253 984.037842 
619586478935347 984.110596 
619586518912743 984.189453 
619586558934201 984.256836 
619586598934461 984.276367 
619586638935139 984.223145 
619586678931336 984.206299 
619586718934045 984.179199 
619586758935711 984.220947 
619586798925920 984.241943 
619586838930347 984.284180 
619586878934097 984.369873 
619586918934722 984.444092 
619586958925659 984.600342 
619586998933941 984.553955 
619587038933941 984.778076 
619587078934878 984.435547 
619587118930347 984.167236 
619587158934045 984.089600 
619587198933993 984.002197 
619587238928264 984.002686 
619587278927743 983.977783 
619587318933889 984.011475 
619587358933732 984.052734 
619587398935607 984.096436 
619587438927118 984.158203 
619587478933993 984.246582 
619587518935347 984.272949 
619587558925920 984.273438 
619587598933993 984.259277 
619587638934201 984.171631 
619587678934461 984.202881 
619587718925659 984.228027 
619587758934357 984.252930 
619587798932795 984.311279 
619587838935451 984.356201 
619587878927534 984.543457 
619587918934461 984.543457 
619587958931284 984.581299 
619587998935711 984.657227 
619588038927743 984.401855 
619588078934409 984.181885 
619588118935243 984.102295 
619588158926180 984.042480 
619588198934045 984.034424 
619588238933941 984.020996 
619588278935816 983.991699 
619588318925659 983.980957 
619588358933889 984.025879 
619588398934045 984.085938 
619588438935086 984.151611 
619588478962326 984.213135 
619588518934357 984.259033 
619588558933003 984.217041 
619588598935503 984.202637 
619588638930139 984.256592 
619588678931128 984.285400 
619588718934930 984.302246 
619588758925659 984.331055 
619588798934201 984.386963 
619588838933993 984.563232 
619588878935607 984.606934 
619588918926180 984.619141 
619588958930659 984.573730 
619588998933836 984.335205 
619589038935295 984.043945 
619589078913316 984.016602 
619589118933889 983.959717 
619589158934514 983.923340 
619589198935191 983.944336 
619589238928836 983.940430 
619589278932639 983.968750 
619589318933680 984.015869 
619589358924149 984.074463 
619589398933889 984.167725 
619589438934097 984.248779 
619589478935243 984.262207 
619589518925920 984.255859 
619589558912847 984.241699 
619589598933993 984.209229 
619589638934618 984.252930 
619589678911857 984.268066 
619589718934045 984.288818 
619589758934566 984.335449 
619589798972951 984.350098 
619589838928420 984.521973 
619589878934514 984.508789 
619589918933836 984.528076 
619589958925920 984.741455 
619589998933993 984.423096 
619590038934149 984.204346 
619590078930347 984.105957 
619590118925972 984.048096 
619590158931180 984.041992 
619590198934253 984.016846 
619590238934618 984.044189 
619590278930764 984.057373 
619590318934097 984.097168 
619590358934461 984.152588 
619590398935920 984.218994 
619590438928003 984.277588 
619590478933836 984.276123 
619590518933107 984.215820 
619590558935659 984.254150 
619590598912586 984.286621 
619590638934514 984.312988 
619590678934409 984.348145 
619590718926180 984.383301 
619590758927639 984.471436 
619590798933628 984.566162 
619590838935972 984.548828 
619590878927743 984.423096 
619590918933993 984.307861 
619590958934045 984.064697 
619590998973732 984.004883 
619591038971232 983.952637 
619591078933576 983.933594 
619591118934461 983.951904 
619591158935451 983.934570 
619591198929253 983.976563 
619591238933628 984.023682 
619591278935555 984.075928 
619591318925399 984.174805 
619591358927743 984.270996 
619591398933784 984.279541 
619591438934618 984.254883 
619591478924670 984.261719 
619591518934149 984.215820 
619591558934149 984.267090 
619591598935139 984.285400 
619591638931961 984.320068 
619591678933941 984.395508 
619591718933628 984.424072 
619591758934878 984.560059 
619591798932274 984.550781 
619591838933836 984.548584 
619591878935139 984.726563 
619591918925920 984.375488 
619591958981284 984.202393 
619591998934097 984.108643 
619592038935503 984.013916 
619592078925139 983.994629 
619592118934409 983.972412 
619592158933732 983.984619 
619592198933732 983.998291 
619592238913836 984.031006 
619592278933889 984.113525 
619592318933889 984.238281 
619592358935347 984.293701 
619592398926701 984.262695 
619592438933732 984.268799 
619592478935711 984.234619 
619592518927743 984.265869 
619592559058993 984.301514 
619592598933472 984.318604 
619592638934826 984.357178 
619592678925659 984.379883 
619592718933889 984.478516 
619592758933784 984.566406 
619592798935191 984.605469 
619592838912951 984.399414 
619592878933472 984.281738 
619592918934253 984.017334 
619592958934930 983.944336 
619592998926753 983.897705 
619593038934409 983.905273 
619593078935659 983.934570 
619593118925920 983.941162 
619593158928732 983.983887 
619593198934253 984.032715 
619593238935139 984.087891 
619593278925607 984.166016 
619593318933889 984.249023 
619593358933211 984.279053 
619593398934982 984.269531 
619593438925586 984.243896 
619593478933971 984.248047 
619593518933711 984.292725 
619593558934961 984.308350 
619593598927565 984.333740 
619593638934231 984.384766 
619593678933711 984.410645 
619593718935169 984.550537 
619593758928815 984.531738 
619593798933763 984.511475 
619593838933711 984.422852 
619593878926002 984.192139 
619593918934283 984.084473 
619593958934075 984.051514 
619593998933971 984.030029 
619594038925742 983.996338 
619594078933606 984.005615 
619594118933711 984.053711 
619594158935377 984.106201 
619594198927721 984.176270 
619594238933606 984.260498 
619594278933815 984.276367 
619594318935325 984.272461 
619594358927200 984.278564 
619594398933606 984.235352 
619594438934075 984.283691 
619594478925221 984.294434 
619594518933711 984.321533 
619594558933867 984.369141 
619594598935221 984.387939 
619594638926002 984.539795 
619594678934179 984.537598 
619594718933658 984.593262 
619594758935273 984.521240 
619594798958294 984.251953 
619594838933919 984.025879 
619594878934336 983.956299 
619594918935221 983.945068 
619594958927773 983.936035 
619594998933138 983.930420 
619595038935429 983.939209 
619595078926002 983.978760 
619595118934023 984.040527 
619595158934283 984.092041 
619595198935169 984.186035 
619595238926002 984.251953 
619595278932252 984.268311 
619595318933763 984.282715 
619595358934336 984.242676 
619595398925586 984.285156 
619595438933763 984.311523 
619595478933658 984.322754 
619595518934908 984.372314 
619595558929752 984.398438 
619595598933450 984.616211 
619595638934961 984.612549 
619595678926419 984.633789 
619595718933815 984.608398 
619595758933815 984.337402 
619595798935169 984.095703 
619595838924908 984.034424 
619595878936054 983.966553 
619595918933919 983.945801 
619595958934336 983.957520 
619595998911471 983.952148 
619596038933763 983.978516 
619596078933711 984.034180 
619596118972981 984.088623 
619596158927148 984.176514 
619596198934492 984.256104 
619596238933502 984.277832 
619596278925742 984.267090 
619596318933658 984.249023 
619596358933711 984.281494 
619596398935325 984.326172 
619596438925742 984.335449 
619596478927981 984.365967 
619596518934231 984.405518 
619596558935221 984.424072 
619596598916002 984.572510 
619596638933971 984.559570 
619596678933919 984.494873 
619596718972773 984.564453 
619596758927356 984.256836 
619596798933658 984.142578 
619596838934075 984.053955 
619596878934544 984.000977 
619596918930846 984.000488 
619596958933867 983.980957 
619596998935117 984.006836 
619597038925481 984.050049 
619597078927721 984.111572 
619597118934336 984.178955 
619597158934336 984.263672 
619597198925481 984.293701 
619597238933919 984.259033 
619597278933711 984.227783 
619597318935586 984.281494 
619597358979856 984.297363 
619597398983138 984.330566 
619597438933658 984.376709 
619597478934804 984.391846 
619597518930273 984.593506 
619597558933450 984.578125 
619597598935013 984.603516 
619597638925481 984.531494 
619597678925898 984.322266 
619597718934336 984.065430 
619597758934127 984.043213 
619597798926263 983.989014 
619597838933971 983.957520 
619597878934336 983.958252 
619597918934908 983.958252 
619597958931367 983.969238 
619597998930533 984.024658 
619598038933711 984.104248 
619598078933502 984.201416 
619598118930638 984.286377 
619598158933867 984.281738 
619598198935325 984.256348 
619598238925742 984.224854 
619598278978971 984.242676 
619598318933398 984.279053 
619598358934648 984.295410 
619598398925221 984.337402 
619598438933658 984.381104 
619598478934127 984.436035 
619598518934961 984.561523 
619598558914231 984.547363 
619598598933502 984.368896 
619598638933398 984.448975 
619598678935169 984.164795 
619598718927721 984.046387 
619598758934283 984.010254 
619598798934127 983.974609 
619598838926419 983.975342 
619598878927252 983.967773 
619598918933658 983.985596 
619598958934961 984.019287 
619598998925794 984.061279 
619599038933658 984.124268 
619599078933711 984.192383 
619599118935221 984.245605 
619599158914023 984.237305 
619599198927617 984.255371 
619599238933242 984.254395 
619599278934908 984.315674 
619599318925481 984.334229 
619599358933763 984.350342 
619599398933658 984.378174 
619599438925533 984.378662 
619599478927825 984.549561 
619599518933763 984.560791 
619599558933815 984.710938 
619599598925742 984.342041 
619599638933763 984.121094 
619599678932981 984.120361 
619599718934700 984.040527 
619599758925950 983.960938 
619599798933971 983.980713 
619599838934179 983.983887 
619599878934700 983.980713 
619599918926575 984.000488 
619599958933398 984.039551 
619599998935013 984.119385 
619600038934908 984.181641 
619600078927565 984.274658 
619600118933815 984.296875 
619600158933450 984.317383 
619600198926002 984.293213 
619600238933450 984.296387 
619600278933658 984.296875 
619600318935481 984.309082 
619600358925950 984.318359 
619600398927825 984.324707 
619600438933711 984.395996 
619600478934700 984.490723 
619600518927565 984.505859 
619600558934596 984.514648 
619600598933502 984.289307 
619600638934804 984.096191 
619600678927461 984.082275 
619600718933398 984.008057 
619600758934700 984.031006 
619600798926002 984.057129 
619600838934336 984.064209 
619600878933711 984.058838 
619600918935221 984.088135 
619600958925742 984.118652 
619600998933658 984.151367 
619601038934283 984.218262 
619601078934440 984.313477 
619601118936106 984.316162 
619601158933815 984.298828 
619601198933971 984.349121 
619601238935377 984.370605 
619601278925481 984.364502 
619601318933815 984.357910 
619601358933919 984.342041 
619601398925690 984.334473 
619601438934336 984.480957 
619601478933606 984.449951 
619601518935429 984.441162 
619601558925742 984.706055 
619601598912617 984.433105 
619601638933711 984.240967 
619601678933606 984.215332 
619601718927304 984.155518 
619601758933658 984.127686 
619601798932981 984.151611 
619601838934492 984.152100 
619601878927721 984.147705 
619601918933658 984.134277 
619601958933502 984.127686 
619601998925221 984.135010 
619602038933398 984.183105 
619602078933763 984.266602 
619602118934908 984.301514 
619602158926315 984.299561 
619602198926575 984.356201 
619602238934179 984.370361 
619602278935533 984.345947 
619602318913398 984.332275 
619602358933658 984.316895 
619602398933815 984.304199 
619602438973242 984.397217 
619602478928294 984.332764 
619602518933242 984.436523 
619602558933919 984.366211 
619602598926419 984.271973 
619602638933711 984.301270 
619602678933971 984.263672 
619602718935794 984.225830 
619602758925273 984.211914 
619602798930117 984.197754 
619602838933554 984.197754 
619602878934648 984.205566 
619602918912773 984.213135 
619602958933658 984.216309 
619602998933763 984.216309 
619603038972513 984.208008 
619603078932825 984.179688 
619603118933711 984.162842 
619603158933450 984.202393 
619603198938294 984.255615 
619603238912721 984.290527 
619603278933867 984.305420 
619603318935221 984.335693 
619603358927252 984.362793 
619603398927773 984.373047 
619603438932565 984.356445 
619603478934388 984.328857 
619603518926263 984.315430 
619603558933711 984.305664 
619603598933867 984.317871 
619603638973294 984.297363 
619603678941054 984.292236 
619603718933919 984.304932 
619603758933190 984.329102 
619603798933554 984.363525 
619603838930586 984.479492 
619603878933606 984.515137 
619603918934961 984.435303 
619603958926002 984.547852 
619603998927877 984.525391 
619604038934075 984.465820 
619604078934023 984.429932 
619604118925429 984.376709 
619604158933658 984.270264 
619604198933763 984.247314 
619604238935013 984.246338 
619604278978138 984.239502 
619604318933971 984.224121 
619604358934023 984.207031 
619604398935117 984.181396 
619604438930846 984.186035 
619604478934075 984.173340 
619604518934908 984.137451 
619604558925742 984.131592 
619604598928502 984.138184 
619604638932877 984.078857 
619604678935169 984.072510 
619604718925481 984.066650 
619604758933919 984.068359 
619604798933867 984.065674 
619604838934804 984.065918 
619604878926523 984.095215 
619604918911627 984.109131 
619604958933606 984.115723 
619604998933658 984.104980 
619605038927461 984.085205 
619605078933971 984.089355 
619605118935586 984.105713 
619605158925742 984.141113 
619605198982981 984.166016 
619605238933346 984.171875 
619605278933919 984.207275 
619605318925742 984.216309 
619605358934336 984.217529 
619605398933606 984.194580 
619605438935221 984.172607 
619605478912617 984.158203 
619605518933867 984.154297 
619605558933711 984.130615 
619605598933658 984.125488 
619605638926627 984.170166 
619605678933763 984.190186 
619605718934336 984.210449 
619605758925429 984.231445 
619605798930533 984.238525 
619605838935898 984.249023 
619605878934544 984.258301 
619605918927825 984.302979 
619605958933190 984.378174 
619605998933919 984.500732 
619606038934961 984.654785 
619606078911888 984.781006 
619606118927461 984.839111 
619606158933711 984.869385 
619606198934752 984.880859 
619606238927252 984.958984 
619606278933658 985.091309 
619606318935013 985.136963 
619606358932721 985.098145 
619606398928242 984.930420 
619606438933606 984.693604 
619606478934752 984.503174 
619606518925221 984.369385 
619606558933606 984.286377 
619606598933606 984.236816 
619606638935273 984.221191 
619606678925742 984.186523 
619606718927200 984.093018 
619606758933711 983.959961 
619606798934700 983.736328 
619606838928138 983.551758 
619606878934440 983.470703 
619606918934023 983.437256 
619606958935013 983.454834 
619606998927408 983.503174 
619607038933919 983.577881 
619607078934908 983.651123 
619607118925690 983.728027 
619607158933815 983.795410 
619607198933867 983.853027 
619607238935273 983.895996 
619607278928815 983.943115 
619607318934179 983.985840 
619607358933138 984.020020 
619607398933763 984.050781 
619607438926836 984.075684 
619607478975013 984.088867 
619607518933971 984.104004 
619607558934544 984.117188 
619607598928711 984.142334 
