# Created at Thu Mar 27 09:19:44 GMT+01:00 2025 in Burnaby Canada 
1891383783873 999.140137 
1891483772106 999.144287 
1891583760306 999.140137 
1891683748506 999.140137 
1891783736606 999.135986 
1891883724472 999.123047 
1891983712338 999.127197 
1892083700538 999.128662 
1892183688738 999.136719 
1892283676904 999.136719 
1892383665070 999.134277 
1892483653236 999.132813 
1892583641436 999.138184 
1892683629602 999.145752 
1892783617768 999.143311 
1892883605801 999.155029 
1892983593667 999.156006 
1893083581533 999.153809 
1893183569533 999.158691 
1893283557533 999.167725 
1893383545499 999.164795 
1893483533465 999.161865 
1893583521465 999.167725 
1893683509465 999.165039 
1893783497431 999.163086 
1893883485397 999.156494 
1893983473330 999.151367 
1894083461196 999.155518 
1894183449262 999.159668 
1894283437462 999.157471 
1894383425628 999.156982 
1894483413794 999.153076 
1894583401960 999.157715 
1894683390160 999.150879 
1894783378326 999.149414 
1894883366492 999.151855 
1894983354658 999.155762 
1895083342524 999.154297 
1895183330390 999.159180 
1895283318390 999.162354 
1895383306390 999.160400 
1895483294390 999.149658 
1895583282356 999.156982 
1895683270356 999.161133 
1895783258356 999.157471 
1895883246356 999.163818 
1895983234322 999.161133 
1896083222322 999.167969 
1896183210188 999.175293 
1896283198088 999.175293 
1896383186321 999.179199 
1896483174554 999.184814 
1896583162754 999.174805 
1896683150954 999.176270 
1896783139187 999.176270 
1896883127420 999.178955 
1896983115620 999.180908 
1897083103820 999.179932 
1897183091853 999.174805 
1897283079753 999.184814 
1897383067686 999.178955 
1897483055919 999.175537 
1897583044152 999.172852 
1897683032352 999.177490 
1897783020618 999.177979 
1897883008851 999.171143 
1897982997084 999.169922 
1898082985284 999.171875 
1898182973484 999.170654 
1898282961650 999.174072 
1898382949750 999.175049 
1898482937883 999.175049 
1898582926116 999.179443 
1898682914316 999.183105 
1898782902582 999.185547 
1898882890782 999.191162 
1898982879015 999.188232 
1899082867215 999.190186 
1899182855415 999.187988 
1899282843648 999.189941 
1899382831514 999.196533 
1899482819380 999.191895 
1899582807513 999.184082 
1899682795746 999.181885 
1899782784012 999.178955 
1899882772212 999.174316 
1899982760445 999.169189 
1900082748678 999.181396 
1900182736878 999.193115 
1900282725144 999.197998 
1900382713344 999.193115 
1900482701244 999.191162 
1900582689144 999.197754 
1900682677310 999.196289 
1900782665543 999.200684 
1900882653743 999.200928 
1900982641943 999.200195 
1901082630176 999.195313 
1901182618409 999.197021 
1901282606609 999.206299 
1901382594809 999.197998 
1901482582975 999.200195 
1901582571075 999.201172 
1901682559175 999.203613 
1901782547408 999.192871 
1901882535641 999.186279 
1901982523841 999.185547 
1902082512041 999.177734 
1902182500274 999.179688 
1902282488507 999.180908 
1902382476707 999.185303 
1902482464907 999.190186 
1902582452873 999.203613 
1902682440739 999.203369 
1902782428739 999.206543 
1902882416939 999.201660 
1902982405105 999.196777 
1903082393271 999.201172 
1903182381437 999.208008 
1903282369637 999.197998 
1903382357803 999.191406 
1903482345969 999.196533 
1903582334135 999.205078 
1903682322068 999.204834 
1903782309934 999.206543 
1903882297934 999.208496 
1903982285934 999.209717 
1904082273900 999.210693 
1904182261866 999.206543 
1904282249866 999.206787 
1904382237866 999.205566 
1904482225866 999.204346 
1904582213866 999.198730 
1904682201866 999.198730 
1904782189732 999.196045 
1904882177598 999.197998 
1904982165764 999.194580 
1905082153997 999.198486 
1905182142197 999.191895 
1905282130397 999.192871 
1905382118630 999.201660 
1905482106863 999.207031 
1905582095063 999.206787 
1905682083263 999.200195 
1905782071363 999.205566 
1905882059263 999.208496 
1905982047163 999.216309 
1906082035396 999.209717 
1906182023629 999.205811 
1906282011829 999.208008 
1906382000029 999.201416 
1906481988262 999.195801 
1906581976495 999.199219 
1906681964695 999.195313 
1906781952895 999.197266 
1906881940995 999.202148 
1906981929095 999.204102 
1907081917228 999.200195 
1907181905461 999.205322 
1907281893661 999.195068 
1907381881861 999.199219 
1907481870061 999.198975 
1907581858261 999.204102 
1907681846461 999.201660 
1907781834661 999.198730 
1907881822861 999.195068 
1907981810794 999.198975 
1908081798660 999.194580 
1908181786760 999.200684 
1908281774960 999.194580 
1908381763126 999.194336 
1908481751292 999.196289 
1908581739458 999.206787 
1908681727658 999.208008 
1908781715824 999.204102 
1908881703990 999.199951 
1908981692156 999.205322 
1909081680022 999.206299 
1909181667888 999.199463 
1909281655888 999.199219 
1909381643888 999.204346 
1909481631854 999.207764 
1909581619820 999.215332 
1909681607820 999.222900 
1909781595820 999.207520 
1909881583786 999.204346 
1909981571752 999.207764 
1910081559718 999.203369 
1910181547584 999.206299 
1910281535484 999.209473 
1910381523717 999.210693 
1910481511950 999.215576 
1910581500150 999.218262 
1910681488350 999.223145 
1910781476583 999.223633 
1910881464816 999.211670 
1910981453016 999.205811 
1911081441216 999.207520 
1911181429216 999.203369 
1911281417116 999.206299 
1911381405149 999.204590 
1911481393382 999.209717 
1911581381615 999.206299 
1911681369815 999.204102 
1911781358015 999.204346 
1911881346248 999.209229 
1911981334481 999.214111 
1912081322681 999.212402 
1912181310881 999.208984 
1912281298981 999.202148 
1912381287081 999.207275 
1912481275247 999.213623 
1912581263480 999.209473 
1912681251680 999.216064 
1912781239880 999.225098 
1912881228113 999.224121 
1912981216346 999.229004 
1913081204546 999.228027 
1913181192746 999.225830 
1913281180946 999.222168 
1913381168812 999.224121 
1913481156678 999.210693 
1913581144878 999.210205 
1913681133078 999.208008 
1913781121244 999.202148 
1913881109410 999.212402 
1913981097576 999.215820 
1914081085776 999.218018 
1914181073942 999.215820 
1914281062108 999.216309 
1914381050141 999.211182 
1914481038007 999.213135 
1914581025873 999.203369 
1914681013873 999.201172 
1914781001873 999.209229 
1914880989839 999.202881 
1914980977805 999.199219 
1915080965805 999.197266 
1915180953805 999.204590 
1915280941771 999.200439 
1915380929737 999.200439 
1915480917670 999.207275 
1915580905536 999.207031 
1915680893602 999.205566 
1915780881835 999.210938 
1915880870035 999.205566 
1915980858235 999.215088 
1916080846468 999.215088 
1916180834701 999.206299 
1916280822901 999.206299 
1916380811101 999.211182 
1916480799301 999.214600 
1916580787201 999.208008 
1916680775101 999.199463 
1916780763201 999.201172 
1916880751434 999.204590 
1916980739667 999.202637 
1917080727867 999.203369 
1917180716067 999.199707 
1917280704300 999.203613 
1917380692533 999.204834 
1917480680733 999.205322 
1917580668933 999.207031 
1917680657033 999.218506 
1917780645133 999.216309 
1917880633366 999.206055 
1917980621599 999.217529 
1918080609799 999.218994 
1918180597999 999.219482 
1918280586232 999.214355 
1918380574465 999.212402 
1918480562665 999.207520 
1918580550865 999.208252 
1918680538898 999.208008 
1918780526764 999.213135 
1918880514664 999.216553 
1918980502864 999.210693 
1919080491030 999.201660 
1919180479196 999.203613 
1919280467362 999.200684 
1919380455562 999.203125 
1919480443762 999.203125 
1919580431928 999.214111 
1919680420094 999.213135 
1919780408094 999.203613 
1919880395960 999.213135 
1919980383860 999.212158 
1920080371860 999.213623 
1920180359860 999.202393 
1920280347826 999.206055 
1920380335792 999.211670 
1920480323792 999.204834 
1920580311792 999.208496 
1920680299758 999.216064 
1920780287724 999.212402 
1920880275590 999.213623 
1920980263456 999.205078 
1921080251589 999.207031 
1921180239822 999.205566 
1921280228022 999.207764 
1921380216222 999.204346 
1921480204455 999.201416 
1921580192688 999.206299 
1921680180888 999.207764 
1921780169088 999.209473 
1921880157288 999.213135 
1921980145188 999.214355 
1922080133088 999.213379 
1922180121254 999.215088 
1922280109487 999.222168 
1922380097687 999.223633 
1922480085887 999.231689 
1922580074120 999.221191 
1922680062353 999.216553 
1922780050553 999.212158 
1922880038753 999.209473 
1922980026919 999.216553 
1923080015019 999.213135 
1923180003119 999.211426 
1923279991352 999.203857 
1923379979585 999.196777 
1923479967785 999.196045 
1923579955985 999.199707 
1923679944218 999.201172 
1923779932451 999.206299 
1923879920651 999.208252 
1923979908851 999.208252 
1924079896884 999.204346 
1924179884750 999.203369 
1924279872750 999.209473 
1924379860950 999.210205 
1924479849116 999.211426 
1924579837349 999.214844 
1924679825515 999.217041 
1924779813715 999.210938 
1924879801881 999.212891 
1924979790047 999.224854 
1925079778280 999.222412 
1925179766213 999.225586 
1925279754079 999.223389 
1925379742079 999.216797 
1925479730079 999.216064 
1925579718112 999.217041 
1925679706078 999.221191 
1925779694078 999.213623 
1925879682078 999.220215 
1925979670078 999.221924 
1926079658111 999.221924 
1926179646111 999.222168 
1926279633977 999.211182 
1926379621843 999.214111 
1926479610009 999.220459 
1926579598309 999.223145 
1926679586509 999.220947 
1926779574709 999.214600 
1926879562942 999.214111 
1926979551175 999.210449 
1927079539375 999.209229 
1927179527575 999.210205 
1927279515675 999.218506 
1927379503575 999.228027 
1927479491475 999.222412 
1927579479708 999.217529 
1927679467941 999.220703 
1927779456141 999.221924 
1927879444341 999.223389 
1927979432574 999.221191 
1928079420807 999.221924 
1928179409007 999.229736 
1928279397207 999.229980 
1928379385307 999.225830 
1928479373407 999.226318 
1928579361507 999.223633 
1928679349740 999.224365 
1928779337940 999.226563 
1928879326140 999.225342 
1928979314340 999.219727 
1929079302573 999.218018 
1929179290773 999.222412 
1929279278973 999.224121 
1929379267173 999.219971 
1929479255106 999.231201 
1929579242972 999.219971 
1929679231072 999.213135 
1929779219272 999.219727 
1929879207438 999.213135 
1929979195604 999.210693 
1930079183770 999.209229 
1930179171970 999.213867 
1930279160136 999.216064 
1930379148302 999.204102 
1930479136468 999.205078 
1930579124334 999.204590 
1930679112200 999.208740 
1930779100200 999.214844 
1930879088200 999.210693 
1930979076166 999.207520 
1931079064132 999.209961 
1931179052132 999.215576 
1931279040132 999.214111 
1931379028098 999.220947 
1931478287661 999.227051 
1931578275661 999.221436 
1931678263527 999.217041 
1931778251427 999.213379 
1931878239660 999.221436 
1931978227893 999.220459 
1932078216093 999.217041 
1932178204293 999.215820 
1932278192526 999.206055 
1932378180759 999.214111 
1932478168959 999.216064 
1932578157159 999.214355 
1932678145159 999.210938 
1932778133059 999.215332 
1932878121092 999.223389 
1932978109325 999.219727 
1933078097558 999.221191 
1933178085758 999.218262 
1933278073958 999.225830 
1933378062191 999.230713 
1933478050424 999.223877 
1933578038624 999.219971 
1933678026824 999.216797 
1933778014924 999.217773 
1933878003024 999.213135 
1933977991190 999.219971 
1934077979423 999.214600 
1934177967623 999.209229 
1934277955823 999.213623 
1934377944056 999.221924 
1934477932289 999.220703 
1934577920489 999.218506 
1934677908689 999.211182 
1934777896889 999.219238 
1934877884755 999.221924 
1934977872621 999.215576 
1935077860754 999.220703 
1935177848954 999.219727 
1935277837120 999.224854 
1935377825286 999.225830 
1935477813452 999.219727 
1935577801652 999.214111 
1935677789818 999.216797 
1935777777984 999.221191 
1935877766017 999.219971 
1935977753883 999.218994 
1936077741749 999.222168 
1936177729749 999.216553 
1936277717749 999.215820 
1936377705715 999.209961 
1936477693681 999.213379 
1936577681681 999.214111 
1936677669681 999.211182 
1936777657647 999.207764 
1936877645613 999.216553 
1936977633546 999.214600 
1937077621412 999.213379 
1937177609478 999.205078 
1937277597711 999.209717 
1937377585911 999.205078 
1937477574111 999.204102 
1937577562311 999.206055 
1937677550544 999.213867 
1937777538744 999.212891 
1937877526944 999.212158 
1937977515144 999.219971 
1938077503110 999.213867 
1938177491010 999.214844 
1938277479110 999.210449 
1938377467343 999.206055 
1938477455576 999.206787 
1938577443776 999.200195 
1938677431976 999.199463 
1938777420209 999.211670 
1938877408442 999.199707 
1938977396642 999.198486 
1939077384842 999.188721 
1939177372942 999.198242 
1939277361042 999.196533 
1939377349275 999.197021 
1939477337508 999.206299 
1939577325708 999.199707 
1939677313908 999.205566 
1939777302141 999.210449 
1939877290374 999.210938 
1939977278574 999.214844 
1940077266774 999.215820 
1940177254807 999.213623 
1940277242673 999.216064 
1940377230573 999.219482 
1940477218773 999.218018 
1940577206973 999.217773 
1940677195139 999.208984 
1940777183305 999.210938 
1940877171505 999.213867 
1940977159705 999.209473 
1941077147871 999.218262 
1941177136037 999.216309 
1941277124037 999.214355 
1941377111903 999.211914 
1941477099803 999.212891 
1941577087803 999.207031 
1941677075803 999.208496 
1941777063769 999.208740 
1941877051735 999.208740 
1941977039735 999.210449 
1942077027735 999.217285 
1942177015701 999.211914 
1942277003667 999.214355 
1942376991533 999.216797 
1942476979399 999.222656 
1942576967499 999.231201 
1942676955732 999.229980 
1942776943932 999.230713 
1942876932132 999.229492 
1942976920365 999.224609 
1943076908598 999.216309 
1943176896798 999.213135 
1943276884998 999.218506 
1943376873198 999.222168 
1943476861098 999.222168 
1943576848998 999.210449 
1943676837164 999.209961 
1943776825397 999.211914 
1943876813597 999.211914 
1943976801797 999.205322 
1944076789997 999.206787 
1944176778230 999.202148 
1944276766430 999.189697 
1944376754630 999.192139 
1944476742796 999.196289 
1944576730896 999.201660 
1944676718996 999.207275 
1944776707229 999.201904 
1944876695462 999.203613 
1944976683662 999.200684 
1945076671862 999.201172 
1945176660095 999.198975 
1945276648328 999.204346 
1945376636528 999.210938 
1945476624728 999.209717 
1945576612728 999.215576 
1945676600594 999.218750 
1945776588594 999.221680 
1945876576794 999.220947 
1945976564960 999.214111 
1946076553126 999.213379 
1946176541292 999.216797 
1946276529492 999.209473 
1946376517658 999.208740 
1946476505824 999.209473 
1946576493990 999.205078 
1946676481923 999.205811 
1946776469789 999.208984 
1946876457789 999.214355 
1946976445789 999.212402 
1947076433789 999.210938 
1947176421755 999.204346 
1947276409755 999.202148 
1947376397755 999.198486 
1947476385755 999.200195 
1947576373721 999.199463 
1947676361721 999.196777 
1947776349587 999.197754 
1947876337453 999.205811 
1947976325619 999.212402 
1948076313852 999.211182 
1948176302052 999.211914 
1948276290252 999.210693 
1948376278485 999.210938 
1948476266718 999.204102 
1948576254918 999.208008 
1948676243118 999.214111 
1948776231218 999.208496 
1948876219118 999.199707 
1948976207018 999.203125 
1949076195251 999.201660 
1949176183484 999.203857 
1949276171684 999.202393 
1949376159884 999.206299 
1949476148117 999.210693 
1949576136350 999.211426 
1949676124550 999.215820 
1949776112750 999.218750 
1949876100850 999.216797 
1949976088950 999.215088 
1950076077050 999.212646 
1950176065283 999.207275 
1950276053483 999.210938 
1950376041749 999.197021 
1950476029949 999.190186 
1950576018182 999.194580 
1950676006382 999.191162 
1950775994582 999.195801 
1950875982848 999.201416 
1950975970781 999.202637 
1951075958647 999.211182 
1951175946747 999.206055 
1951275934947 999.208496 
1951375923180 999.198730 
1951475911346 999.204590 
1951575899512 999.201904 
1951675887712 999.197510 
1951775875878 999.196533 
1951875864111 999.196777 
1951975852277 999.206055 
1952075840143 999.213135 
1952175828009 999.213379 
1952275816009 999.209229 
1952375804075 999.199951 
1952475792041 999.206299 
1952575780007 999.202393 
1952675768007 999.202148 
1952775756007 999.189697 
1952875744040 999.204590 
1952975732006 999.204590 
1953075720006 999.207520 
1953175707872 999.210938 
1953275695772 999.208740 
1953375684005 999.203613 
1953475672238 999.211426 
1953575660438 999.203369 
1953675648638 999.202637 
1953775636871 999.205566 
1953875625104 999.210449 
1953975613304 999.206055 
1954075601504 999.203857 
1954175589504 999.203613 
1954275577404 999.204102 
1954375565337 999.203369 
1954475553570 999.199219 
1954575541803 999.199951 
1954675530003 999.204834 
1954775518203 999.200195 
1954875506436 999.200195 
1954975494669 999.191162 
1955075482869 999.187744 
1955175471069 999.190674 
1955275459169 999.180176 
1955375447269 999.187744 
1955475435435 999.194580 
1955575423668 999.189941 
1955675411868 999.187256 
1955775400068 999.186768 
1955875388301 999.187988 
1955975376534 999.183350 
1956075364734 999.190186 
1956175352934 999.190430 
1956275341134 999.191162 
1956375329000 999.194824 
1956475316866 999.191406 
1956575304999 999.194824 
1956675293199 999.196533 
1956775281365 999.194336 
1956875269531 999.197998 
1956975257697 999.197998 
1957075245897 999.200439 
1957175234063 999.200439 
1957275222229 999.201660 
1957375210362 999.208252 
1957475198228 999.205322 
1957575186094 999.198486 
1957675174094 999.201904 
1957775162094 999.199951 
1957875150060 999.201416 
1957975138026 999.201416 
1958075126026 999.201416 
1958175114026 999.205811 
1958275101992 999.202637 
1958375089958 999.204590 
1958475077891 999.196289 
1958575065757 999.196045 
1958675053823 999.196533 
1958775042056 999.193115 
1958875030256 999.190918 
1958975018456 999.186768 
1959075006656 999.184326 
1959174994889 999.195068 
1959274983089 999.197998 
1959374971289 999.202393 
1959474959489 999.198242 
1959574947455 999.197021 
1959674935355 999.199219 
1959774923455 999.200684 
1959874911688 999.206055 
1959974899921 999.212646 
1960074888121 999.209717 
1960174876321 999.213623 
1960274864554 999.212402 
1960374852787 999.208984 
1960474840987 999.214111 
1960574829187 999.211426 
1960674817287 999.215332 
1960774805387 999.209473 
1960874793620 999.202393 
1960974781853 999.199219 
1961074770053 999.191650 
1961174758253 999.193848 
1961274746486 999.199951 
1961374734719 999.198730 
1961474722919 999.206543 
1961574711119 999.209961 
1961674699152 999.213379 
1961774687018 999.204346 
1961874674884 999.208740 
1961974663084 999.209717 
1962074651284 999.207520 
1962174639450 999.206299 
1962274627616 999.201172 
1962374615816 999.198242 
1962474604016 999.202881 
1962574592182 999.200928 
1962674580348 999.197266 
1962774568348 999.198730 
1962874556214 999.209717 
1962974544114 999.210449 
1963074532114 999.208740 
1963174520114 999.206055 
1963274508080 999.205078 
1963374496046 999.210449 
1963474484046 999.210693 
1963574472046 999.210693 
1963674460012 999.210693 
1963774447978 999.210938 
1963874435844 999.215576 
1963974423710 999.216309 
1964074411810 999.222412 
1964174400043 999.226318 
1964274388243 999.218994 
1964374376443 999.215820 
1964474364676 999.201904 
1964574352909 999.210693 
1964674341109 999.208496 
1964774329309 999.204346 
1964874317542 999.210693 
1964974305442 999.207764 
1965074293342 999.210938 
1965174281508 999.222412 
1965274269741 999.222168 
1965374257941 999.217529 
1965474246141 999.219482 
1965574234374 999.219971 
1965674222607 999.214844 
1965774210807 999.222168 
1965874199007 999.221191 
1965974187173 999.224609 
1966074175273 999.214600 
1966174163373 999.219482 
1966274151606 999.213867 
1966374139839 999.214111 
1966474128039 999.213867 
1966574116239 999.219238 
1966674104472 999.216064 
1966774092705 999.204102 
1966874080905 999.195313 
1966974069105 999.196289 
1967074057105 999.199219 
1967174044971 999.200928 
1967274032971 999.206299 
1967374021171 999.212891 
1967474009337 999.219727 
1967573997503 999.215820 
1967673985669 999.218018 
1967773973869 999.208008 
1967873962035 999.204834 
1967973950201 999.208984 
1968073938367 999.213623 
1968173926300 999.218506 
1968273914166 999.221924 
1968373902099 999.218750 
1968473890099 999.222656 
1968573878065 999.218506 
1968673866031 999.215820 
1968773854031 999.215820 
1968873842031 999.208740 
1968973830031 999.212891 
1969073817997 999.213867 
1969173805997 999.210693 
1969273793863 999.209229 
1969373781729 999.209229 
1969473769895 999.207764 
1969573758128 999.206055 
1969673746328 999.205322 
1969773734528 999.213623 
1969873722761 999.219482 
1969973710994 999.232422 
1970073699194 999.231689 
1970173687394 999.229736 
1970273675494 999.227539 
1970373663394 999.232910 
1970473651294 999.237305 
1970573639527 999.233887 
1970673627760 999.229004 
1970773615960 999.222900 
1970873604160 999.220703 
1970973592393 999.218750 
1971073580626 999.216797 
1971173568826 999.218262 
1971273557026 999.221436 
1971373545192 999.203613 
1971473533292 999.218750 
1971573521392 999.229492 
1971673509625 999.219727 
1971773497825 999.223877 
1971873486025 999.224121 
1971973474225 999.222656 
1972073462458 999.220215 
1972173450658 999.222656 
1972273438858 999.221191 
1972373427058 999.224365 
1972473414991 999.226318 
1972573402857 999.218750 
1972673390957 999.215820 
1972773379157 999.226074 
1972873367323 999.223877 
1972973355489 999.220215 
1973073343655 999.218994 
1973173331855 999.222168 
1973273320021 999.216309 
1973373308187 999.219727 
1973473296353 999.224365 
1973573284219 999.232178 
1973673272085 999.229980 
1973773260085 999.230225 
1973873248085 999.225830 
1973973236051 999.220947 
1974073224017 999.233154 
1974173212017 999.244629 
1974273200017 999.249023 
1974373187983 999.250244 
1974473175949 999.245850 
1974573163949 999.241211 
1974673151815 999.237793 
1974773139715 999.234375 
1974873127948 999.232666 
1974973116181 999.233398 
1975073104381 999.230225 
1975173092581 999.234131 
1975273080814 999.225830 
1975373069047 999.229736 
1975473057247 999.224609 
1975573045447 999.219482 
1975673033447 999.216553 
1975773021347 999.218262 
1975873009280 999.227783 
1975972997513 999.227051 
1976072985746 999.231445 
1976172973946 999.221680 
1976272962146 999.216553 
1976372950379 999.215820 
1976472938612 999.212158 
1976572926812 999.223877 
1976672915078 999.224121 
1976772903178 999.216064 
1976872891278 999.219482 
1976972879444 999.227783 
1977072867677 999.229248 
1977172855943 999.225342 
1977272844143 999.221191 
1977372832376 999.226074 
1977472820609 999.229492 
1977572808809 999.226563 
1977672797075 999.228516 
1977772785275 999.227295 
1977872773141 999.231689 
1977972761007 999.239746 
1978072749140 999.244385 
1978172737406 999.243652 
1978272725572 999.244141 
1978372713738 999.239014 
1978472701904 999.233643 
1978572690104 999.237305 
1978672678337 999.236328 
1978772666503 999.239990 
1978872654636 999.242432 
1978972642502 999.239990 
1979072630368 999.247070 
1979172618434 999.241943 
1979272606434 999.253662 
1979372594400 999.253906 
1979472582366 999.248047 
1979572570366 999.246094 
1979672558366 999.253418 
1979772546332 999.254883 
1979872534298 999.251709 
1979972522231 999.249512 
1980072510097 999.239502 
1980172498097 999.232422 
1980272486330 999.227783 
1980372474530 999.210938 
1980472462730 999.206055 
1980572450930 999.197266 
1980672439163 999.191895 
1980772427363 999.193115 
1980872415563 999.189697 
1980972403763 999.187500 
1981072391729 999.183350 
1981172379629 999.177734 
1981272367729 999.183350 
1981372355962 999.170654 
1981472344195 999.166992 
1981572332395 999.168213 
1981672320595 999.167480 
1981772308828 999.157227 
1981872297061 999.157715 
1981972285261 999.164551 
1982072273461 999.161621 
1982172261561 999.163818 
