# Created at Fri Mar 14 11:20:57 GMT+01:00 2025 in Burnaby Canada 
620478878933129 984.218994 
620478918934587 984.219727 
620478958928233 984.198242 
620478998934847 984.196045 
620479038933910 984.191895 
620479078934327 984.188965 
620479118928285 984.193848 
620479158932660 984.203125 
620479198927660 984.194580 
620479238925160 984.195068 
620479278933910 984.206299 
620479318933493 984.212891 
620479358934952 984.216309 
620479398923702 984.209717 
620479438930785 984.210938 
620479478933754 984.213623 
620479518933597 984.205566 
620479558913077 984.203613 
620479598929691 984.205811 
620479638932920 984.210938 
620479678934691 984.234131 
620479718927712 984.259277 
620479758932868 984.263916 
620479798934014 984.310791 
620479838925681 984.308350 
620479878997295 984.254883 
620479918933754 984.249268 
620479958934847 984.252930 
620479998924483 984.250000 
620480038933441 984.255859 
620480078926306 984.250732 
620480118934952 984.256592 
620480158925733 984.260986 
620480198933962 984.274414 
620480238933650 984.266602 
620480278927087 984.263916 
620480318927347 984.270752 
620480358933806 984.289795 
620480398933702 984.356689 
620480438935264 984.386475 
620480478927556 984.394287 
620480518933910 984.456299 
620480558935264 984.437500 
620480598924483 984.443359 
620480638933754 984.426270 
620480678926097 984.400391 
620480718933754 984.580322 
620480758925733 984.536865 
620480798934014 984.458984 
620480838933806 984.502930 
620480878929222 984.426514 
620480919014847 984.259033 
620480958933493 984.199707 
620480998933702 984.234619 
620481038933702 984.223633 
620481078930212 984.179443 
620481118933962 984.130127 
620481158935212 984.117676 
620481198926202 984.121338 
620481238926150 984.148926 
620481278932504 984.190186 
620481318933806 984.228271 
620481358924691 984.241455 
620481398929170 984.260010 
620481438933858 984.329590 
620481478912556 984.370850 
620481518915681 984.334717 
620481558930993 984.260986 
620481598933493 984.212646 
620481638934795 984.175781 
620481678927400 984.150635 
620481718934170 984.146729 
620481758934639 984.156006 
620481798923962 984.165771 
620481838925316 984.220703 
620481878933389 984.264648 
620481918933545 984.322998 
620481958925681 984.357666 
620481998933650 984.381836 
620482038933389 984.425049 
620482078915212 984.398926 
620482118911306 984.379395 
620482158938337 984.373535 
620482198933441 984.365234 
620482238934847 984.358643 
620482278926722 984.317627 
620482318933806 984.266113 
620482358933754 984.249268 
620482398939118 984.300781 
620482438927764 984.370117 
620482478933545 984.424805 
620482518933493 984.475342 
620482558925993 984.524658 
620482598933858 984.578613 
620482638933910 984.602539 
620482678934691 984.558350 
620482718925577 984.506836 
620482758933754 984.485596 
620482798933337 984.421875 
620482838935264 984.430908 
620482878927400 984.344482 
620482918933858 984.232666 
620482958928545 984.044678 
620482998935212 984.012695 
620483038927139 984.073975 
620483078933650 984.091064 
620483118933702 984.121094 
620483158924691 984.137451 
620483198933962 984.171875 
620483238934014 984.262939 
620483278933806 984.277832 
620483318924222 984.325928 
620483358927295 984.216797 
620483398930472 984.128906 
620483438934743 984.117920 
620483478928441 984.214844 
620483518933702 984.269043 
620483558934014 984.289307 
620483598927243 984.310303 
620483638929639 984.348633 
620483678932920 984.413086 
620483718933754 984.513916 
620483758931983 984.563721 
620483798930681 984.588379 
620483838933493 984.596680 
620483878933441 984.580078 
620483918924170 984.577148 
620483958927504 984.362793 
620483998927608 984.172119 
620484038934431 984.041260 
620484078913233 984.034668 
620484118933754 984.055664 
620484158927712 984.060547 
620484198972972 984.072266 
620484238928545 984.079102 
620484278933233 984.133789 
620484318933702 984.179199 
620484358925681 984.183594 
620484398933806 984.258789 
620484438933650 984.250244 
620484478935004 984.175781 
620484518925420 984.159912 
620484558930681 984.209717 
620484598933285 984.233398 
620484638934691 984.271484 
620484678926462 984.309082 
620484718933858 984.338135 
620484758933597 984.402832 
620484798972764 984.497070 
620484838931202 984.574951 
620484878933233 984.607666 
620484918932816 984.599365 
620484958935108 984.599854 
620484998912764 984.615967 
620485038933858 984.555176 
620485078934847 984.357910 
620485118925212 984.106934 
620485158928493 983.976807 
620485198932868 984.012939 
620485238934952 984.024414 
620485278925681 984.013916 
620485318932972 984.080322 
620485358933702 984.137695 
620485398934847 984.174805 
620485439050368 984.214844 
620485478933754 984.209717 
620485518933702 984.238770 
620485558935264 984.226318 
620485598930368 984.167480 
620485638934066 984.148438 
620485678934379 984.231934 
620485718925681 984.278564 
620485758912556 984.306396 
620485798933806 984.307129 
620485838935264 984.327393 
620485878925160 984.389648 
620485918933962 984.488525 
620485958933806 984.588379 
620485998935212 984.579346 
620486038912139 984.579102 
620486078933597 984.575195 
620486118933754 984.710205 
620486158934014 984.538574 
620486198927452 984.332031 
620486238933962 984.102539 
620486278934118 984.068359 
620486318925420 984.066895 
620486358930629 984.059082 
620486398933493 984.036621 
620486438934795 984.052979 
620486478925212 984.098633 
620486518933389 984.163086 
620486558933806 984.212891 
620486598934691 984.256104 
620486638911931 984.298340 
620486678933389 984.228027 
620486718933806 984.155762 
620486758934795 984.119385 
620486798927452 984.172607 
620486838934014 984.244873 
620486878934795 984.292480 
620486918937400 984.324219 
620486958929952 984.388184 
620486998933181 984.483643 
620487038935733 984.620361 
620487078927035 984.630127 
620487118933389 984.637939 
620487158933233 984.756104 
620487198935004 984.609863 
620487238928077 984.419922 
620487278926514 984.139648 
620487318934483 984.048340 
620487358934691 984.040283 
620487398926254 984.033203 
620487438933441 984.046387 
620487478932920 984.083984 
620487518934327 984.084229 
620487558927295 984.154053 
620487598933597 984.227539 
620487638934379 984.261963 
620487678925472 984.300049 
620487718935785 984.288330 
620487758933597 984.183594 
620487798934743 984.107910 
620487838925993 984.110596 
620487878932660 984.170654 
620487918933597 984.193604 
620487958934847 984.250732 
620487998914327 984.280029 
620488038934275 984.325928 
620488078933702 984.392822 
620488118935212 984.494141 
620488158929795 984.621582 
620488198933493 984.619141 
620488238934118 984.628174 
620488278925472 984.630615 
620488318933389 984.597168 
620488358934066 984.366455 
620488398934431 984.119385 
620488438925212 983.954590 
620488478933650 983.992920 
620488518933910 984.027588 
620488558934795 984.036133 
620488598912243 984.087402 
620488638933910 984.093994 
620488678933650 984.157715 
620488718972712 984.204590 
620488758927191 984.218994 
620488798933910 984.285156 
620488838933181 984.245850 
620488878925733 984.167236 
620488918911983 984.128906 
620488958934014 984.151123 
620488998927347 984.169189 
620489038925420 984.170898 
620489078927295 984.253174 
620489118933389 984.307373 
620489158935629 984.374512 
620489198929639 984.470459 
620489238933597 984.604492 
620489278932764 984.644287 
620489318934743 984.622070 
620489358928441 984.614258 
620489398933754 984.704590 
620489438933650 984.538086 
620489478934691 984.323486 
620489518930577 984.077881 
620489558933962 984.041260 
620489598935056 984.052734 
620489638925212 984.030518 
620489678933702 984.064209 
620489718933702 984.082031 
620489758935212 984.087402 
620489798925212 984.178223 
620489838933806 984.202148 
620489878933910 984.254883 
620489918935004 984.218262 
620489958929795 984.138672 
620489998933702 984.045166 
620490038933962 984.100830 
620490078935160 984.153320 
620490118929900 984.202148 
620490158934170 984.251709 
620490198935629 984.306152 
620490238925681 984.387939 
620490278932452 984.641357 
620490318933962 984.738281 
620490358935368 984.760742 
620490398925733 984.683594 
620490438934275 984.728516 
620490478933910 984.459473 
620490518934952 984.229248 
620490558920785 983.972168 
620490598933650 983.934570 
620490638933285 983.971924 
620490678934118 983.984131 
620490718927920 984.013672 
620490758933858 984.027344 
620490798935264 984.061035 
620490838925472 984.177734 
620490878927764 984.177002 
620490918933650 984.216064 
620490958933337 984.262939 
620490998925733 984.146729 
620491038933597 984.046143 
620491078933597 984.044189 
620491118935004 984.120117 
620491158913025 984.136719 
620491198933597 984.206543 
620491238933441 984.287109 
620491278935056 984.353516 
620491318927764 984.474365 
620491358933181 984.618408 
620491398932868 984.679688 
620491438935108 984.699951 
620491478930889 984.643311 
620491518933806 984.625977 
620491558933754 984.374512 
620491598925733 984.143799 
620491638933650 983.959229 
620491678932816 983.959961 
620491718934535 983.990479 
620491758926254 984.021484 
620491798933910 984.087158 
620491838933181 984.101318 
620491878934847 984.163086 
620491918928285 984.215820 
620491958933702 984.252441 
620491998933702 984.298584 
620492038934743 984.259521 
620492078927400 984.156006 
620492118933025 984.095459 
620492158934795 984.152832 
620492198925212 984.172607 
620492238933025 984.198486 
620492278933025 984.222656 
620492318934379 984.262451 
620492358925733 984.359131 
620492398927972 984.487305 
620492438933337 984.606201 
620492478935004 984.621582 
620492518928389 984.618896 
620492558933858 984.624023 
620492598933962 984.644531 
620492638934952 984.460449 
620492678926983 984.231445 
620492718933181 984.059814 
620492758933858 984.067383 
620492798926202 984.064209 
620492838933962 984.031250 
620492878932920 984.057373 
620492918935316 984.052979 
620492958924900 984.112793 
620492998932243 984.177246 
620493038933493 984.212402 
620493078934379 984.259277 
620493118910681 984.237061 
620493158933493 984.138428 
620493198934431 984.057129 
620493238972504 984.038818 
620493278927920 984.129150 
620493318933285 984.177979 
620493358933650 984.277588 
620493398925212 984.342773 
620493438913210 984.408447 
620493478933626 984.518799 
620493518935241 984.738037 
620493558926439 984.808350 
620493598932064 984.668945 
620493638933939 984.632324 
620493678935710 984.533203 
620493718926491 984.084229 
620493758934772 983.998047 
620493798934512 984.046387 
620493838936230 984.035889 
620493878928574 984.054199 
620493918933730 984.057129 
620493958933626 984.070068 
620493998935189 984.172119 
620494038931022 984.180420 
620494078934824 984.272217 
620494118936230 984.242676 
620494158926491 984.163574 
620494198934199 984.064941 
620494238933626 984.014893 
620494278935137 984.085938 
620494318926491 984.142334 
620494358934772 984.196045 
620494398934512 984.251465 
620494438936074 984.309814 
620494479075918 984.375244 
620494518934460 984.447998 
620494558934772 984.579590 
620494598935345 984.617920 
620494638927845 984.661133 
620494678934355 984.692383 
620494718935605 984.676514 
620494758926491 984.451172 
620494798928418 984.198242 
620494838934043 983.999512 
620494878935762 983.977783 
620494918926491 983.975342 
620494958934668 983.990967 
620494998933939 984.024902 
620495038935710 983.995361 
620495078914408 984.075684 
620495118932012 984.164795 
620495158934251 984.142578 
620495198935814 984.210449 
620495238925710 984.219482 
620495278934564 984.108887 
620495318935397 984.058838 
620495358926751 984.108643 
620495398931439 984.139893 
620495438934668 984.156006 
620495478933678 984.239746 
620495518926491 984.300781 
620495558934720 984.393311 
620495598934460 984.535645 
620495638935814 984.658691 
620495678922272 984.704590 
620495718928105 984.696777 
620495758934668 984.660889 
620495798935293 984.713623 
620495838928522 984.447510 
620495878934668 984.204834 
620495918934668 984.012939 
620495958935137 983.979736 
620495998928574 983.973389 
620496038934147 983.972412 
620496078934199 983.989502 
620496118926230 984.015869 
620496158934616 984.077881 
620496198933939 984.170166 
620496238935710 984.223389 
620496278925449 984.269531 
620496318926439 984.237549 
620496358934408 984.126465 
620496398935814 984.044434 
620496438930345 984.075439 
620496478934043 984.128174 
620496518933366 984.146973 
620496558928887 984.202881 
620496598929043 984.250244 
620496638933626 984.321289 
620496678933783 984.423096 
620496718925970 984.588379 
620496758934772 984.654053 
620496798934772 984.623047 
620496838935970 984.635254 
620496878924720 984.662842 
620496918929147 984.454834 
620496958933991 984.239990 
620496998934408 984.038574 
620497038926074 983.991455 
620497078934772 983.979004 
620497118934199 983.973633 
620497158935241 984.023682 
620497198928783 984.025879 
620497238933991 984.095947 
620497278935658 984.173584 
620497318925970 984.213867 
620497358999720 984.271240 
620497398934460 984.259521 
620497438935970 984.159424 
620497478925970 984.079834 
620497518938053 984.086914 
620497558934616 984.145752 
620497598935710 984.171875 
620497638912741 984.242432 
620497678928939 984.308594 
620497718934564 984.377197 
620497758973470 984.468750 
620497798928730 984.619141 
620497838934772 984.677002 
620497878934303 984.693848 
620497918932220 984.787842 
620497958913105 984.639648 
620497998934980 984.416992 
620498038935449 984.186768 
620498078926178 984.051270 
620498118931543 984.011230 
620498158928522 983.980469 
620498198935658 983.972900 
620498238925918 984.006104 
620498278934355 984.009766 
620498318934772 984.034668 
620498358935449 984.156006 
620498398930449 984.161621 
620498438934668 984.233398 
620498478930553 984.245605 
620498518934824 984.161377 
620498558930241 984.077881 
620498598934460 984.033447 
620498638935762 984.115234 
620498678925970 984.157227 
620498718927793 984.217285 
620498758933105 984.274414 
620498798935762 984.334717 
620498838925658 984.409912 
620498878934668 984.491943 
620498918934147 984.651611 
620498958928418 984.695068 
620498998930605 984.706787 
620499038933887 984.634766 
620499078933730 984.659424 
620499118935449 984.386719 
620499158928105 984.137451 
620499198934460 983.949951 
620499238935970 983.957764 
620499278926439 983.959717 
620499318928626 983.952393 
620499358933991 983.991943 
620499398934876 983.990723 
620499438927012 984.059570 
620499478934303 984.164795 
620499518934408 984.174316 
620499558935658 984.226318 
620499598913835 984.224609 
620499638935449 984.125000 
620499678934043 984.044922 
620499718935033 984.007568 
620499758925189 984.079346 
620499798934251 984.108887 
620499838935710 984.175049 
620499878926960 984.238770 
620499918932897 984.335938 
620499958934928 984.450928 
620499998935449 984.568115 
620500038925970 984.629883 
620500078934512 984.619385 
620500118934512 984.649658 
620500158935553 984.701416 
620500198926699 984.446777 
620500238935189 984.189941 
620500278934147 984.019043 
620500318935501 984.041504 
620500358929251 984.042969 
620500398934668 984.013916 
620500438934199 984.045166 
620500478935553 984.053955 
620500518929355 984.085693 
620500558933887 984.168213 
620500598936022 984.229980 
620500638926439 984.248047 
620500678934720 984.162354 
620500718933887 984.079590 
620500758935710 984.060791 
620500798926751 984.166260 
620500838934199 984.200439 
620500878934147 984.301514 
620500918935189 984.342285 
620500958941803 984.382080 
620500998934772 984.440430 
620501038934512 984.555176 
620501078935501 984.675049 
620501118928210 984.741455 
620501158933991 984.753174 
620501198935137 984.738281 
620501238926230 984.482422 
620501278934772 984.217773 
620501318934772 984.022949 
620501358936335 983.969727 
620501398926751 983.962402 
620501438934564 983.971191 
620501478933887 983.989990 
620501518935658 983.991699 
620501558913366 984.005371 
620501598934408 984.141846 
620501638934564 984.147949 
620501678935658 984.204102 
620501718927897 984.221436 
620501758934199 984.144043 
620501798935814 984.082764 
620501838926491 984.057129 
620501878934720 984.127930 
620501918935033 984.165771 
620501958935553 984.229248 
620501998925710 984.263428 
620502038931335 984.314697 
620502078933053 984.389893 
620502118934460 984.487061 
620502158913991 984.635498 
620502198934460 984.654541 
620502238934199 984.678955 
620502278972949 984.616455 
620502318928418 984.642090 
620502358934564 984.403076 
620502398934512 984.173340 
620502438934303 983.983643 
620502478913470 983.989258 
620502518934668 984.010010 
620502558936439 984.006836 
620502598926491 984.038330 
620502638934564 984.036865 
620502678935033 984.079102 
620502718936022 984.204834 
620502758926439 984.211914 
620502798934408 984.255127 
620502838934720 984.234863 
620502878973574 984.115967 
620502918973366 984.041748 
620502958934460 984.062256 
620502998933991 984.137451 
620503038934928 984.148926 
620503078930189 984.212646 
620503118935033 984.251465 
620503158935918 984.322021 
620503198926491 984.409424 
620503238925241 984.515137 
620503278933626 984.566406 
620503318935918 984.612061 
620503358926491 984.584473 
620503398934720 984.579102 
620503438934512 984.384277 
620503478935918 984.175049 
620503518928991 983.963135 
620503558933887 983.954346 
620503598934408 983.958496 
620503638935189 983.970459 
620503678928053 984.049316 
620503718934095 984.063721 
620503758935814 984.135742 
620503798926699 984.218750 
620503838927897 984.239502 
620503878933939 984.293945 
620503918935710 984.246582 
620503958925918 984.140381 
620503998935033 984.061523 
620504038934564 984.148682 
620504078935449 984.177002 
620504118911803 984.237305 
620504158933574 984.283936 
620504198934512 984.362549 
620504238935658 984.478516 
620504278926803 984.639404 
620504318934980 984.680664 
620504358935970 984.679688 
620504398926491 984.632080 
620504438928314 984.643311 
620504478934043 984.375244 
620504518934460 984.112793 
620504558926439 983.939941 
620504598934616 983.961426 
620504638934199 983.994141 
620504678935189 983.992676 
620504718930658 984.023438 
620504758934824 984.033691 
620504798934095 984.138184 
620504838935710 984.174316 
620504878928001 984.223877 
620504918934772 984.247803 
620504958934512 984.153076 
620504998936491 984.079590 
620505038928001 984.099609 
620505078934460 984.146484 
620505118934303 984.133057 
620505158926230 984.177490 
620505198935293 984.240967 
620505238934616 984.332764 
620505278935449 984.467529 
620505318925710 984.643799 
620505358933939 984.732178 
620505398934199 984.777588 
620505438935710 984.656738 
620505478934668 984.695068 
620505518973470 984.466064 
620505558930814 984.261230 
620505598935137 984.024902 
620505638934772 983.992432 
620505678926960 984.024414 
620505718913105 984.024902 
620505758934251 984.043945 
620505798935605 984.058105 
620505838926699 984.137207 
620505878927897 984.200928 
620505918934147 984.256836 
620505958935814 984.283936 
620505998926491 984.215576 
620506038934772 984.103271 
620506078934668 984.033691 
620506118973991 984.053711 
620506158934720 984.105225 
620506198933991 984.135498 
620506238933991 984.233398 
620506278935397 984.312988 
620506318931595 984.395508 
620506358934720 984.509277 
620506398936022 984.588379 
620506438925970 984.589844 
620506478934460 984.641113 
620506518928470 984.637939 
620506558935658 984.616455 
620506598926439 984.413818 
620506638934980 984.149170 
620506678934564 983.997803 
620506718935658 984.000977 
620506758914199 983.999756 
620506798934512 983.982910 
620506838931126 984.031006 
620506878935918 984.052979 
620506918931126 984.188477 
620506958934772 984.223145 
620506998934928 984.270020 
620507038926960 984.290039 
620507078927116 984.165283 
620507118933262 984.082520 
620507158934303 984.072998 
620507198926439 984.143311 
620507238934928 984.145020 
620507278934460 984.264648 
620507318935449 984.350342 
620507358913053 984.430664 
620507398934147 984.547363 
620507438933991 984.666016 
620507478934928 984.689209 
620507518928470 984.612549 
620507558934460 984.558594 
620507598936335 984.394775 
620507638926283 984.144775 
620507678931491 983.969727 
620507718934147 983.987061 
620507758934928 984.010986 
620507798925970 984.031738 
620507838934408 984.040527 
620507878934147 984.043213 
620507918935970 984.207275 
620507958913991 984.238281 
620507998933991 984.263428 
620508038934251 984.238525 
620508078934980 984.130127 
620508118929876 984.049316 
620508158934668 984.051514 
620508198933678 984.120361 
620508238935970 984.134766 
620508278928001 984.213135 
620508318934980 984.274902 
620508358935658 984.354736 
620508398926751 984.445313 
620508438934303 984.603271 
620508478934980 984.687744 
620508518935553 984.694824 
620508558926439 984.675049 
620508598933887 984.509033 
620508638933626 984.544678 
620508678935710 984.342041 
620508718940449 984.131592 
620508758934668 983.993164 
620508798934564 984.028320 
620508838935814 984.023193 
620508878930033 984.045898 
620508918934199 984.070801 
620508958934564 984.042725 
620508998926960 984.203125 
620509038934512 984.255371 
620509078934460 984.299805 
620509118935814 984.257324 
620509158926230 984.129150 
620509198913418 984.078613 
620509238926699 984.112305 
620509278935345 984.180176 
620509318913939 984.196289 
620509358934564 984.247803 
620509398935033 984.296387 
620509438935501 984.410645 
620509478927012 984.576172 
620509518934043 984.758789 
620509558934303 984.749756 
620509598929095 984.724121 
620509638934512 984.611084 
620509678935033 984.604980 
620509718936022 984.350830 
620509758926491 984.119873 
620509798933366 983.960449 
620509838933366 983.998047 
620509878935918 984.015137 
620509918913210 984.001221 
620509958934251 984.062500 
620509998934980 984.113770 
620510038973314 984.221191 
620510078927585 984.261963 
620510118933991 984.316162 
620510158934512 984.309814 
620510198926960 984.171875 
620510238913522 984.087646 
620510278934668 984.086914 
620510318935710 984.154053 
620510358926439 984.145508 
620510398934512 984.217285 
620510438934043 984.280273 
620510478934928 984.372803 
620510518926283 984.529297 
620510558935033 984.713135 
620510598934928 984.726563 
620510638973470 984.694580 
620510678934772 984.561523 
620510718935449 984.494629 
620510758928574 984.332275 
620510798934564 984.109131 
620510838934460 983.961426 
620510878926491 984.013428 
620510918934564 984.043701 
620510958934460 984.072021 
620510998934564 984.101807 
620511038925710 984.252441 
620511078931803 984.260742 
620511118933991 984.307861 
620511158935189 984.280029 
620511198912376 984.132813 
620511238934199 984.053711 
620511278934876 984.038330 
620511318973730 984.132813 
620511358927324 984.155518 
620511398933418 984.240723 
620511438933887 984.310791 
620511478938835 984.391602 
620511518928366 984.514404 
620511558934616 984.638916 
620511598935866 984.685059 
620511638926439 984.710449 
620511678928522 984.562500 
620511718934095 984.625000 
620511758934772 984.346191 
620511798925970 984.065186 
620511838935189 983.885254 
620511878934824 983.954590 
620511918935762 984.038818 
620511958989095 984.045654 
620511998934147 984.079102 
620512038934460 984.068848 
620512078934303 984.158447 
620512118931074 984.160645 
620512158934199 984.183838 
620512198935918 984.231934 
620512238926491 984.185547 
620512278926439 984.083984 
620512318933939 984.056641 
620512358935710 984.096436 
620512398926439 984.147217 
620512438934824 984.172363 
620512478934460 984.247070 
620512518935918 984.320313 
620512558914824 984.444092 
620512598933730 984.561035 
620512638933262 984.664795 
620512678934668 984.649170 
620512718928210 984.639893 
620512758934616 984.510986 
620512798935658 984.583252 
620512838926178 984.366943 
620512878926855 984.138428 
620512918934147 983.966797 
620512958935189 984.012451 
620512998926230 984.008057 
620513038933314 984.048828 
620513078934460 984.081787 
620513118935085 984.072266 
620513158916491 984.219971 
620513198934043 984.263916 
620513238934147 984.341064 
620513278936230 984.306152 
620513318925605 984.168213 
620513358935033 984.107910 
620513398935918 984.130859 
620513438925658 984.144775 
620513478928939 984.153320 
620513518934251 984.210693 
620513558935501 984.264893 
620513598926230 984.340088 
620513638934720 984.448242 
620513678934824 984.604980 
620513718935553 984.652100 
620513758930605 984.659180 
620513798935189 984.638428 
620513838934251 984.581299 
620513878935033 984.484375 
620513918929251 984.275879 
620513958934460 984.043701 
620513998934512 983.939209 
620514038935449 983.970459 
620514078928314 983.987549 
620514118934772 984.002930 
620514158934460 984.037354 
620514198925397 984.062744 
620514238934408 984.183105 
620514278933678 984.225830 
620514318935658 984.279297 
620514358925918 984.296631 
620514398935033 984.085449 
620514438933626 984.043457 
620514478935553 984.149414 
620514518986543 984.174805 
620514558934668 984.237793 
620514598934460 984.255127 
620514638935501 984.303711 
620514678926751 984.416748 
620514718934303 984.561523 
620514758933626 984.676025 
620514798926230 984.659668 
620514838935085 984.688232 
620514878934408 984.582764 
620514918934564 984.638672 
620514958926491 984.409424 
620514998934355 984.185791 
620515038934408 984.010986 
620515078935710 983.994873 
620515118913991 984.037598 
620515158934668 984.025146 
620515198934512 984.052734 
620515238936230 984.055908 
620515278927376 984.116211 
620515318934668 984.201416 
620515358933626 984.236816 
620515398925970 984.263428 
620515438934824 984.204834 
620515478934460 984.085938 
620515518936022 984.035645 
620515558925970 984.086182 
620515598928418 984.158447 
620515638934772 984.168213 
620515678935449 984.239746 
620515718929824 984.293213 
620515758934824 984.379883 
620515798934564 984.494873 
620515838936126 984.639893 
620515878929564 984.641113 
620515918934512 984.645508 
620515958933939 984.600342 
620515998929616 984.531494 
620516038913314 984.343262 
620516078934512 984.157715 
620516118936335 983.971191 
620516158926751 983.958740 
620516198929876 983.979004 
620516238934147 983.995117 
620516278937845 984.040039 
620516318926543 984.052734 
620516358934512 984.093262 
620516398934668 984.210693 
620516438935189 984.226318 
620516478958522 984.276855 
620516518934668 984.212646 
620516558934147 984.123047 
620516598936178 984.069336 
620516638930918 984.130615 
620516678934668 984.166504 
620516718935918 984.209473 
620516758925658 984.271973 
620516799054095 984.332520 
620516838933887 984.427734 
620516878934616 984.578613 
620516918926230 984.761963 
620516958934720 984.790283 
620516998918001 984.714111 
620517038935033 984.767822 
620517078933678 984.487305 
620517118934251 984.212158 
620517158929824 984.043945 
620517198934564 984.026367 
620517238934408 984.020508 
620517278935501 984.028809 
620517318928626 984.048828 
620517358934303 984.021973 
620517398934720 984.054443 
620517438925501 984.183350 
620517478934460 984.212402 
620517518934095 984.242432 
620517558935658 984.228271 
620517598928105 984.130371 
620517638933887 984.062256 
620517678934460 984.072266 
620517718935710 984.156250 
620517758959043 984.187500 
620517798933678 984.249756 
620517838934355 984.382813 
620517878935814 984.458008 
620517918928887 984.603760 
620517958934564 984.675537 
620517998933939 984.733643 
620518038925918 984.764160 
620518078933626 984.750977 
620518118934616 984.476807 
620518158935918 984.182129 
620518198926074 983.986816 
620518238913158 983.974365 
620518278934147 983.987793 
620518318935918 983.988525 
620518358912845 984.016113 
620518398928210 984.060059 
620518438934460 984.080811 
620518478935918 984.163330 
620518518927012 984.174805 
620518558933730 984.198486 
620518598933887 984.244873 
620518638926491 984.175537 
620518678935553 984.075439 
620518718934408 984.051514 
620518758935762 984.123291 
620518798926543 984.141846 
620518838934043 984.195068 
620518878934720 984.250732 
620518918934980 984.319824 
620518958913314 984.433350 
620518998934460 984.607178 
620519038933991 984.670654 
620519078973730 984.680176 
620519118927585 984.728516 
620519158934616 984.726807 
620519198940710 984.572754 
620519238931908 984.303223 
620519278928366 984.063232 
620519318934512 983.963379 
620519358935658 983.984619 
620519398925918 983.986084 
620519438929668 983.978027 
620519478933887 984.033691 
620519518935397 984.075928 
620519558928835 984.183838 
620519598934668 984.224854 
620519638934668 984.286133 
620519678935241 984.275146 
620519719022585 984.147461 
620519758931647 984.074463 
620519798934512 984.069580 
620519838936178 984.144287 
620519878931491 984.152588 
620519918934460 984.216553 
620519958935658 984.273682 
620519998926230 984.342773 
620520038927845 984.440674 
620520078934772 984.649414 
620520118935970 984.728516 
620520158926230 984.804443 
620520198934460 984.755127 
620520238933939 984.761230 
620520278936074 984.498779 
620520318926855 984.240234 
620520358933105 984.047119 
620520398934303 983.988525 
620520438936543 983.976563 
620520478928001 983.972656 
620520518928678 984.008057 
620520558935710 983.991211 
620520598926491 983.994385 
620520639043730 984.166260 
620520678934199 984.167725 
620520718935710 984.219727 
620520758925241 984.223389 
620520798934095 984.100098 
620520838934460 984.035156 
620520878935501 984.050537 
620520918913887 984.141357 
620520958930918 984.162354 
620520998934460 984.230225 
620521038935866 984.291504 
620521078926595 984.374023 
620521118934824 984.492188 
620521158935033 984.650879 
620521198926595 984.728516 
620521238929095 984.803711 
620521278933678 984.849121 
620521318934147 984.390625 
620521358926647 984.134033 
620521398933678 984.018066 
620521438933991 984.002197 
620521478935866 983.978516 
620521518920501 983.967285 
620521558933730 983.980469 
620521598933939 984.030518 
620521638935658 984.148682 
620521678928262 984.197266 
620521718934512 984.238281 
620521758934043 984.212646 
620521798935553 984.100830 
620521838927741 984.028564 
620521878934720 984.058594 
620521918936022 984.138916 
620521958926491 984.174561 
620521998933105 984.246826 
620522038934408 984.305176 
620522078934824 984.408691 
620522118926491 984.530762 
620522158928210 984.676270 
620522198933574 984.743164 
620522238934824 984.772705 
620522278965866 984.635010 
620522318936230 984.627197 
620522358927168 984.345215 
620522398934772 984.089355 
620522438935710 983.903076 
620522478925658 983.920410 
620522518932012 983.948242 
620522558933887 983.968750 
620522598934928 983.987549 
620522638926543 983.989258 
620522678934564 984.118896 
620522718933939 984.170898 
620522758934876 984.213623 
620522798927793 984.248779 
620522838928522 984.154541 
620522878934355 984.051025 
620522918934928 984.030518 
620522958927741 984.121826 
620522998934668 984.140625 
620523038933626 984.185059 
620523078935397 984.250000 
620523118927637 984.326172 
620523158933730 984.438477 
620523198935970 984.618164 
620523238926178 984.703369 
620523278934043 984.733398 
620523318933678 984.712891 
620523358936439 984.659912 
620523398925970 984.502441 
620523438933939 984.301758 
620523478934772 984.073975 
620523518935710 983.970215 
620523558979928 983.984863 
620523598933887 983.991699 
620523638934251 983.999512 
620523678935501 984.000732 
620523718927116 983.995605 
620523758934980 984.162842 
620523798936283 984.197510 
620523838926439 984.243896 
620523878934772 984.207764 
620523918934147 984.079834 
620523958935918 984.021729 
620523998926178 984.066162 
620524038929199 984.135498 
620524078934199 984.141846 
620524118934980 984.243408 
620524158913366 984.320313 
620524198933678 984.426025 
620524238934512 984.575195 
620524278935501 984.700195 
620524318928053 984.773193 
620524358933991 984.687988 
620524398933418 984.839844 
620524438925605 984.555908 
620524478934720 984.318604 
620524518934460 984.063965 
620524558935970 983.974854 
620524598926439 984.025146 
620524638932689 984.015137 
620524678933939 984.030273 
620524718935241 984.016357 
620524758913158 984.145752 
620524798934355 984.176514 
620524838934772 984.195801 
620524878973210 984.198242 
620524918928158 984.111084 
620524958934772 984.022461 
620524998934668 984.019043 
620525038937012 984.096191 
620525078913210 984.136963 
620525118934512 984.212158 
620525158936022 984.255615 
620525198926230 984.320313 
620525238929147 984.412842 
620525278933158 984.516846 
620525318935814 984.594971 
620525358926230 984.648682 
620525398934460 984.667969 
620525438934408 984.604980 
620525478935293 984.501709 
620525518996387 984.275146 
620525558934824 984.057129 
620525598934095 983.962646 
620525638936022 983.999023 
620525678931439 984.007813 
620525718934564 984.001221 
620525758934876 984.025879 
620525798926491 984.031982 
620525838927741 984.160156 
620525878934147 984.191650 
620525918936022 984.231689 
620525958925970 984.221924 
620525998935293 984.112305 
620526038933991 984.054443 
620526078935710 984.088623 
620526118914408 984.153076 
620526158934095 984.154541 
620526198934512 984.208740 
620526238935449 984.249023 
620526278928001 984.334473 
620526318934408 984.481689 
620526358935970 984.650146 
620526398926439 984.688965 
620526438994460 984.739258 
620526478933522 984.718262 
620526518935710 984.752197 
620526558926699 984.520264 
620526598934772 984.253662 
620526638934720 984.029053 
620526678936283 983.972412 
620526718914303 983.982910 
620526758972949 983.975098 
620526798934147 983.995605 
620526838935345 984.000732 
620526878927845 984.062500 
620526918934408 984.135742 
620526958934564 984.174316 
620526998925918 984.207764 
620527038928522 984.145996 
620527078929043 984.074707 
620527118935293 984.035645 
620527158926230 984.117432 
620527198934303 984.135742 
620527238935033 984.134766 
620527278935501 984.184814 
620527318926439 984.246338 
620527358928210 984.341064 
620527398934251 984.495605 
620527438934460 984.691895 
620527478927533 984.740234 
620527518934720 984.785400 
620527558934303 984.801758 
620527598935605 984.603271 
620527638929303 984.317383 
620527678934199 984.084473 
620527718933835 983.956055 
620527758925449 983.934082 
620527798934616 983.956787 
620527838934355 983.989502 
620527878936022 984.002686 
620527918926178 984.012939 
620527958934355 984.136475 
620527998934460 984.171631 
620528038935501 984.234863 
620528078952845 984.278320 
620528118934408 984.196289 
620528158933626 984.077881 
620528198934668 984.037354 
620528238927845 984.091797 
620528278932585 984.122070 
620528318933887 984.193115 
620528358925918 984.257568 
620528398934408 984.353271 
620528438934980 984.513184 
620528478935710 984.599854 
620528518926491 984.633301 
620528558933835 984.659668 
620528598934043 984.620605 
620528638935345 984.601318 
620528678913783 984.375000 
620528718935345 984.142334 
620528758934460 983.976318 
620528798934408 983.985352 
620528838928053 984.022217 
620528878934980 984.021729 
620528918934512 984.047363 
620528958925397 984.056396 
620528998933574 984.172607 
620529038934355 984.221436 
620529078935658 984.265869 
620529118925970 984.288818 
620529158931647 984.198975 
620529198934303 984.089111 
620529238935658 984.071533 
620529278911855 984.142822 
620529318934355 984.151367 
620529358934720 984.203369 
620529398973522 984.267090 
620529438930085 984.337402 
620529478934460 984.442627 
620529518934199 984.609131 
620529558940501 984.705566 
620529598913262 984.737793 
620529638934199 984.689697 
620529678935449 984.753418 
620529718926960 984.490723 
620529758928626 984.248291 
620529798934147 984.059814 
620529838935241 984.038330 
620529878925970 984.016846 
620529918934668 984.019043 
620529958934720 984.066650 
620529998935814 984.055420 
620530038979408 984.059570 
620530078934512 984.174072 
620530118935241 984.174561 
620530158934720 984.224121 
620530198931126 984.250244 
620530238934408 984.245117 
620530278934876 984.146240 
620530318926491 984.063721 
620530358927116 984.078369 
620530398933783 984.154297 
620530438935710 984.166504 
620530478926178 984.237793 
620530518934460 984.282715 
620530558934668 984.349121 
620530598935658 984.438232 
620530638929303 984.570313 
620530678933470 984.649658 
620530718933783 984.643066 
620530758935814 984.680420 
620530798928158 984.485596 
620530838934720 984.560303 
620530878935710 984.353027 
620530918926699 984.163330 
620530959005814 983.970459 
620530998933626 983.958252 
620531038935658 984.004639 
620531078926751 984.032471 
620531118933678 984.019043 
620531158934720 984.012695 
620531198935762 984.114990 
620531238914043 984.196533 
620531278928001 984.237305 
620531318934147 984.263672 
620531358935658 984.161377 
620531398926908 984.067627 
620531438933730 984.035645 
620531478934928 984.116943 
620531518926960 984.156494 
620531559009512 984.204834 
620531598934512 984.239746 
620531638934199 984.293457 
620531678925449 984.382568 
620531718934147 984.581543 
620531758934720 984.588867 
620531798936022 984.629639 
620531838929303 984.562500 
620531878934199 984.576904 
620531918934147 984.394775 
620531958935397 984.210693 
620531998929616 984.036133 
620532038934408 984.057129 
620532078933574 984.053955 
620532118935658 984.035156 
620532158928262 984.079590 
620532198934251 984.094238 
620532238934460 984.171631 
620532278926439 984.202637 
620532318934980 984.253418 
620532358934980 984.273926 
620532398935501 984.171387 
620532438926178 984.079346 
620532478930189 984.045166 
620532518934408 984.123779 
620532558935762 984.142578 
620532599008730 984.198486 
620532638934512 984.235840 
620532678934980 984.287598 
620532718936543 984.400879 
620532758929355 984.589355 
620532798934460 984.690186 
620532838933991 984.662109 
620532878926960 984.652832 
620532918934772 984.540527 
620532958934147 984.608887 
620532998935762 984.387207 
620533038925397 984.158203 
620533079021699 983.987793 
620533118934408 984.002686 
620533158935918 984.021729 
620533198913522 984.014648 
620533238934408 984.047607 
620533278934772 984.043945 
620533318935449 984.166260 
620533358929720 984.195557 
620533398934303 984.226074 
620533438935137 984.270508 
620533478925970 984.169922 
620533518934408 984.082031 
620533558934460 984.046387 
620533598936230 984.114990 
620533638925970 984.144287 
620533678931230 984.179443 
620533718934460 984.248291 
620533758935397 984.312012 
620533798914043 984.411621 
620533838934720 984.554443 
620533878934199 984.623047 
620533918972637 984.690186 
620533958927949 984.720947 
620533998934095 984.762939 
620534038934043 984.578613 
620534078935085 984.350586 
620534118934408 984.107422 
620534158934668 983.961426 
620534198936022 983.976318 
620534238925970 984.000000 
620534278928105 983.990967 
620534318933991 984.015625 
620534358935710 984.037354 
620534398926751 984.109375 
620534438934408 984.153320 
620534478934512 984.198975 
620534518935553 984.241455 
620534558942741 984.233154 
620534598934928 984.116455 
620534638934512 984.065918 
620534678935710 984.076660 
620534718931335 984.150635 
620534758933939 984.157227 
620534798936022 984.260498 
620534838926230 984.322510 
620534878927116 984.398193 
620534918934355 984.496826 
620534958935970 984.637451 
620534998926230 984.646729 
620535038933991 984.660645 
620535078934668 984.597168 
620535118935605 984.632568 
620535158930866 984.162354 
620535198927793 983.961670 
620535238933470 983.938721 
620535278935397 983.965088 
620535318927324 983.979004 
620535358934772 984.003174 
620535398935918 983.996338 
620535438925918 984.050781 
620535479031439 984.157959 
620535518934460 984.187500 
620535558935137 984.221924 
620535598925397 984.198975 
620535638934355 984.098145 
620535678934095 984.046143 
620535718935710 984.061768 
620535758912689 984.150635 
620535798931439 984.159668 
620535838934355 984.220215 
620535878935397 984.258789 
620535918925293 984.327881 
620535958934303 984.447266 
620535998936126 984.617920 
620536038927116 984.681885 
620536078928678 984.719482 
620536118934251 984.691895 
620536158934564 984.725342 
620536198925970 984.472656 
620536238934251 984.219727 
620536278934147 984.009766 
620536318936178 983.974854 
620536358917480 983.979248 
620536398934772 983.991211 
620536438934303 984.012939 
620536478935449 984.012451 
620536518929251 984.029053 
620536558934460 984.187256 
620536598934460 984.190674 
620536638936022 984.233887 
620536678929095 984.248291 
620536718933105 984.144531 
620536758934408 984.068115 
620536798926439 984.041260 
620536838934720 984.105957 
620536878934460 984.130371 
620536918935137 984.151367 
620536958925658 984.199951 
620536998964355 984.260742 
620537038933783 984.374023 
620537078934928 984.524170 
620537118928418 984.642578 
620537158933783 984.664551 
620537198933626 984.670166 
620537238934147 984.620117 
620537278927845 984.555176 
620537318933730 984.324219 
620537358933574 984.080811 
620537398925710 983.951660 
620537438933991 983.987793 
620537478934303 984.017090 
620537518934668 984.033203 
620537558925449 984.067139 
620537598933626 984.083984 
620537638933887 984.168213 
620537678935189 984.230713 
620537718935137 984.275146 
620537758933574 984.293457 
620537798933939 984.222412 
620537838934564 984.121094 
620537878927480 984.050781 
620537918934408 984.102051 
620537958934355 984.153564 
620537998926387 984.206787 
620538038934408 984.261963 
620538078934720 984.306641 
620538118935658 984.375732 
620538158925918 984.461670 
620538198931230 984.598633 
620538238934355 984.638916 
620538278935189 984.682129 
620538318912533 984.679688 
620538358933887 984.709473 
620538398933887 984.450195 
620538438973574 984.228027 
620538478926751 984.062744 
620538518928210 984.018555 
620538558934199 983.994629 
620538598926699 984.007813 
620538638934668 984.025146 
620538678934512 984.005615 
620538718936022 984.106201 
620538758926439 984.159668 
620538798931126 984.175049 
620538838934668 984.225830 
620538878935449 984.197021 
620538918926230 984.121094 
620538958934199 984.058594 
620538998934355 984.094971 
620539038935189 984.152832 
620539078930189 984.152588 
620539118934303 984.182129 
620539158934876 984.194336 
620539198935658 984.242920 
620539238928783 984.332764 
620539278934303 984.425537 
620539318935970 984.497070 
620539358926439 984.492188 
620539398928470 984.509766 
620539438933678 984.593018 
620539478934980 984.480225 
620539518926491 984.345459 
620539558934303 984.204590 
620539598934616 984.211426 
620539638936074 984.140137 
620539678932220 984.091309 
620539718934408 984.080566 
620539758933783 984.078369 
620539798934824 984.073975 
620539838931230 984.105957 
620539878935033 984.128174 
620539918936283 984.135254 
620539958926699 984.180908 
620539998936595 984.211182 
620540038933991 984.204834 
620540078934980 984.221436 
620540118926960 984.206543 
620540158934512 984.211426 
620540198934668 984.239502 
620540238935866 984.244629 
620540278914980 984.220703 
620540318933887 984.209961 
620540358934251 984.221191 
620540398935762 984.234863 
620540438928366 984.218018 
620540478934251 984.218994 
620540518936230 984.265137 
620540558925970 984.237061 
620540599022324 984.217529 
620540638933574 984.182373 
620540678935605 984.199463 
620540718926491 984.230713 
620540758935189 984.221680 
620540798934251 984.216797 
620540838936126 984.212402 
620540878912741 984.211182 
620540918931960 984.232666 
620540958933366 984.271240 
620540998934876 984.323242 
620541038929720 984.453125 
620541078934251 984.437500 
620541118934824 984.465332 
620541158936126 984.474609 
620541198928366 984.461426 
620541238934460 984.428223 
620541278934720 984.385498 
620541318926543 984.353271 
620541358933939 984.373535 
620541398934668 984.311279 
620541438935710 984.300537 
620541478925449 984.221191 
620541518928730 984.165039 
620541558933418 984.132080 
620541598933939 984.135010 
620541638929668 984.146973 
620541678933730 984.160400 
620541718933678 984.165771 
620541758935449 984.199463 
620541798929147 984.232910 
620541838934147 984.239990 
620541878934408 984.220947 
620541918925970 984.225830 
620541958927689 984.229736 
620541998934876 984.243164 
620542038935814 984.256104 
620542078926491 984.254883 
620542118913262 984.243408 
620542158934095 984.250732 
620542198935605 984.271973 
620542238927220 984.248291 
620542278934720 984.222900 
620542318934564 984.222656 
620542358935710 984.223633 
620542398929460 984.213623 
620542438933262 984.189941 
620542478933574 984.168457 
620542518926491 984.183105 
620542558934355 984.236572 
620542598934095 984.296143 
620542638934460 984.317139 
620542678926178 984.303955 
620542718928262 984.268555 
620542758934147 984.252441 
620542798935710 984.224121 
620542838915137 984.186768 
620542878934616 984.150635 
620542918934720 984.153320 
620542958972845 984.166748 
620542998927689 984.187988 
620543038933053 984.193848 
620543078934564 984.167480 
620543118925449 984.178955 
620543158912689 984.194092 
620543198933626 984.171143 
620543238934720 984.195801 
620543278925918 984.206055 
620543318928262 984.180664 
620543358934980 984.140137 
620543398935501 984.119385 
620543438930397 984.113525 
620543478934408 984.128418 
620543518934668 984.137451 
620543558935605 984.161865 
620543598928470 984.181152 
620543638934199 984.193359 
620543678934668 984.191895 
620543718935814 984.190674 
620543758929928 984.198730 
620543798935085 984.220459 
620543838935918 984.233643 
620543878926178 984.225830 
620543918928470 984.212891 
620543958933418 984.216309 
620543998935449 984.215088 
620544038925918 984.213867 
620544078933626 984.223877 
620544118933626 984.222412 
620544158935970 984.256836 
620544199043314 984.264648 
620544238934147 984.260254 
620544278934199 984.264160 
620544318935345 984.291748 
620544358930501 984.313965 
620544398933626 984.326904 
620544438935345 984.347168 
620544478927012 984.342773 
620544518927480 984.336914 
620544558934408 984.301514 
620544598935658 984.285400 
620544638926491 984.298828 
620544678934408 984.317627 
620544718934512 984.317139 
620544758935814 984.319824 
620544798913105 984.243408 
620544838934303 984.188232 
620544878934460 984.160889 
620544918935345 984.150391 
620544958928262 984.154785 
620544998934720 984.165283 
620545038935970 984.174561 
620545078926178 984.177734 
620545118972116 984.192871 
620545158933835 984.186035 
620545198933991 984.186279 
620545238925397 984.183350 
620545278934772 984.175293 
620545318933835 984.183838 
620545358935710 984.183594 
620545398912689 984.181152 
620545438931335 984.190918 
620545478934147 984.195068 
620545518935501 984.190918 
620545558928939 984.197266 
620545598934564 984.195313 
620545638934512 984.194092 
620545678932220 984.193604 
620545718928262 984.187256 
620545758934147 984.187744 
620545798934824 984.181152 
620545838926491 984.183105 
620545878933783 984.182861 
620545918926491 984.185791 
620545958935605 984.179932 
620545998928783 984.183594 
620546038934303 984.181396 
620546078933887 984.188965 
620546118934408 984.184326 
620546158934355 984.182373 
620546198933470 984.182129 
620546238935189 984.185303 
620546278935762 984.178955 
620546318928835 984.185791 
620546358934408 984.191895 
620546398926699 984.187988 
620546438925501 984.177979 
620546478934564 984.185791 
620546518950033 984.189453 
